           1   9.4444444444444445E-003
           2   6.6666666666666671E-003
           3   4.5555555555555557E-002
           4   9.3888888888888883E-002
           5   9.9444444444444446E-002
           6   6.4444444444444443E-002
           7  0.10166666666666667     
           8   1.7222222222222222E-002
           9  0.11055555555555556     
          10   0.0000000000000000     
          11   5.3888888888888889E-002
          12   5.5555555555555556E-004
          13   9.5000000000000001E-002
          14   4.5555555555555557E-002
          15   5.1111111111111114E-002
          16  0.17055555555555554     
          17   4.6111111111111110E-002
          18   5.2777777777777778E-002
          19  0.17499999999999999     
          20   2.2222222222222223E-002
          21   7.2222222222222219E-003
          22  0.15777777777777777     
          23   5.3888888888888889E-002
          24   3.4444444444444444E-002
          25   2.0555555555555556E-002
          26   4.3888888888888887E-002
          27   1.6666666666666668E-003
          28   3.7222222222222219E-002
          29   2.3333333333333334E-002
          30  0.12111111111111111     
          31   2.9999999999999999E-002
          32   1.1111111111111112E-002
          33   2.2222222222222222E-003
          34   1.7222222222222222E-002
          35   4.6111111111111110E-002
          36   1.5555555555555555E-002
          37   8.6666666666666670E-002
          38   1.6666666666666668E-003
          39   4.4999999999999998E-002
          40   5.3333333333333337E-002
          41   2.2222222222222223E-002
          42   1.1666666666666667E-002
          43   1.3888888888888888E-002
          44  0.12666666666666668     
          45   8.3888888888888888E-002
          46   8.9444444444444438E-002
          47  0.18555555555555556     
          48  0.10277777777777777     
          49  0.18944444444444444     
          50   6.2777777777777780E-002
          51   1.0555555555555556E-002
          52   1.5555555555555555E-002
          53   1.4444444444444444E-002
          54   4.9444444444444444E-002
          55  0.20666666666666667     
          56   1.0000000000000000E-002
          57   4.3888888888888887E-002
          58   5.2222222222222225E-002
          59   0.0000000000000000     
          60   1.3333333333333334E-002
          61   5.5555555555555558E-003
          62   4.3333333333333335E-002
          63   9.3333333333333338E-002
          64   1.8888888888888889E-002
          65   7.7777777777777776E-003
          66   8.0555555555555561E-002
          67   8.0555555555555561E-002
          68  0.11944444444444445     
          69   2.0555555555555556E-002
          70   3.0555555555555555E-002
          71  0.16277777777777777     
          72   2.8333333333333332E-002
          73  0.10333333333333333     
          74   4.8333333333333332E-002
          75   4.1666666666666664E-002
          76   3.5000000000000003E-002
          77   3.7777777777777778E-002
          78   9.7777777777777783E-002
          79   8.8888888888888889E-003
          80   4.0555555555555553E-002
          81   6.1666666666666668E-002
          82   5.5000000000000000E-002
          83   3.8888888888888888E-003
          84   4.2222222222222223E-002
          85   5.9444444444444446E-002
          86   5.3888888888888889E-002
          87   6.1111111111111109E-002
          88  0.10111111111111111     
          89   9.6111111111111105E-002
          90   1.4444444444444444E-002
          91   2.0000000000000000E-002
          92  0.14611111111111111     
          93   6.6666666666666666E-002
          94   5.7222222222222223E-002
          95   2.5000000000000001E-002
          96   9.1111111111111115E-002
          97   3.8888888888888888E-003
          98  0.13833333333333334     
          99   6.3888888888888884E-002
         100   5.6111111111111112E-002
         101   3.5000000000000003E-002
         102  0.10611111111111111     
         103   6.4444444444444443E-002
         104   7.2777777777777775E-002
         105   6.4444444444444443E-002
         106   5.4444444444444441E-002
         107   5.0000000000000001E-003
         108   2.2777777777777779E-002
         109   6.1111111111111109E-002
         110   2.1111111111111112E-002
         111   8.8888888888888892E-002
         112   1.3333333333333334E-002
         113   6.1666666666666668E-002
         114   8.3333333333333329E-002
         115   2.9999999999999999E-002
         116  0.10166666666666667     
         117   9.1111111111111115E-002
         118   6.1111111111111114E-003
         119  0.10388888888888889     
         120   7.3888888888888893E-002
         121   4.8333333333333332E-002
         122   9.4444444444444445E-003
         123  0.13111111111111112     
         124   5.8888888888888886E-002
         125   2.7777777777777779E-003
         126   6.1111111111111114E-003
         127   5.0000000000000001E-003
         128  0.12333333333333334     
         129   8.3333333333333329E-002
         130   5.1666666666666666E-002
         131   4.0000000000000001E-002
         132   6.6111111111111107E-002
         133   2.4444444444444446E-002
         134   7.6111111111111115E-002
         135   8.6666666666666670E-002
         136   7.2222222222222219E-003
         137   8.3333333333333332E-003
         138  0.15388888888888888     
         139  0.13277777777777777     
         140   8.4444444444444447E-002
         141  0.18777777777777777     
         142  0.10000000000000001     
         143   8.3333333333333332E-003
         144   2.7777777777777779E-003
         145   3.2222222222222222E-002
         146   3.6111111111111108E-002
         147   6.2777777777777780E-002
         148   1.6666666666666668E-003
         149   1.1666666666666667E-002
         150   4.1666666666666664E-002
         151   2.9444444444444443E-002
         152   5.3333333333333337E-002
         153   5.0555555555555555E-002
         154   1.2777777777777779E-002
         155   3.8888888888888888E-003
         156  0.10000000000000001     
         157   8.9444444444444438E-002
         158   2.1666666666666667E-002
         159   8.2777777777777783E-002
         160  0.16777777777777778     
         161  0.13388888888888889     
         162  0.14222222222222222     
         163  0.11388888888888889     
         164   6.1111111111111114E-003
         165   8.4444444444444447E-002
         166   7.6111111111111115E-002
         167   7.8333333333333338E-002
         168   5.8333333333333334E-002
         169  0.12333333333333334     
         170   6.6666666666666671E-003
         171   5.0000000000000003E-002
         172  0.12277777777777778     
         173   6.6666666666666666E-002
         174   9.6111111111111105E-002
         175   1.4999999999999999E-002
         176   3.8333333333333330E-002
         177  0.13000000000000000     
         178   3.8333333333333330E-002
         179   4.0000000000000001E-002
         180   8.2777777777777783E-002
         181   9.7222222222222224E-002
         182   7.3888888888888893E-002
         183   9.8888888888888887E-002
         184   7.3888888888888893E-002
         185   3.2222222222222222E-002
         186   4.4444444444444444E-003
         187   3.3888888888888892E-002
         188  0.18777777777777777     
         189   4.3888888888888887E-002
         190   7.2222222222222219E-003
         191   3.2222222222222222E-002
         192   4.1111111111111112E-002
         193   4.1666666666666664E-002
         194   2.4444444444444446E-002
         195   3.5555555555555556E-002
         196   7.0555555555555552E-002
         197   9.8888888888888887E-002
         198   2.0555555555555556E-002
         199   9.6666666666666665E-002
         200  0.12111111111111111     
         201   6.1111111111111114E-003
         202  0.10500000000000000     
         203   1.2777777777777779E-002
         204   3.0555555555555555E-002
         205   2.7222222222222221E-002
         206   4.6666666666666669E-002
         207   5.7777777777777775E-002
         208  0.13444444444444445     
         209   2.3888888888888890E-002
         210   5.5555555555555556E-004
         211   1.0000000000000000E-002
         212   6.5555555555555561E-002
         213   7.1111111111111111E-002
         214   3.7777777777777778E-002
         215   6.7222222222222225E-002
         216  0.10277777777777777     
         217  0.14000000000000001     
         218   2.0555555555555556E-002
         219   4.7777777777777780E-002
         220   2.8333333333333332E-002
         221   2.5555555555555557E-002
         222  0.10777777777777778     
         223   2.8888888888888888E-002
         224   8.5000000000000006E-002
         225   2.1666666666666667E-002
         226   8.8888888888888889E-003
         227   2.3888888888888890E-002
         228   3.7777777777777778E-002
         229  0.12611111111111112     
         230  0.10166666666666667     
         231   7.3888888888888893E-002
         232   6.8888888888888888E-002
         233  0.13500000000000001     
         234   2.7222222222222221E-002
         235  0.16333333333333333     
         236   6.5555555555555561E-002
         237   6.1111111111111114E-003
         238   5.7222222222222223E-002
         239   2.4444444444444446E-002
         240   8.5555555555555551E-002
         241   5.1111111111111114E-002
         242   1.7777777777777778E-002
         243   6.2222222222222220E-002
         244   3.6111111111111108E-002
         245   3.1666666666666669E-002
         246  0.14333333333333334     
         247  0.12611111111111112     
         248  0.12611111111111112     
         249   2.6666666666666668E-002
         250   3.7777777777777778E-002
         251   9.1666666666666660E-002
         252  0.14166666666666666     
         253   3.8333333333333330E-002
         254   8.8333333333333333E-002
         255   8.5555555555555551E-002
         256  0.15500000000000000     
         257   6.3333333333333339E-002
         258   5.0555555555555555E-002
         259   2.6111111111111113E-002
         260   6.7222222222222225E-002
         261   8.7222222222222229E-002
         262   7.0555555555555552E-002
         263   4.7777777777777780E-002
         264   7.4999999999999997E-002
         265   1.1111111111111111E-003
         266   2.9999999999999999E-002
         267   1.6666666666666668E-003
         268   3.9444444444444442E-002
         269   5.6111111111111112E-002
         270   7.7777777777777776E-003
         271   5.3888888888888889E-002
         272   8.7222222222222229E-002
         273   3.3333333333333335E-003
         274  0.13000000000000000     
         275   2.1666666666666667E-002
         276   4.1666666666666664E-002
         277   2.9444444444444443E-002
         278   3.6111111111111108E-002
         279   2.2222222222222222E-003
         280   9.5555555555555560E-002
         281   4.8333333333333332E-002
         282   3.2222222222222222E-002
         283  0.10555555555555556     
         284   6.3333333333333339E-002
         285   9.2222222222222219E-002
         286  0.10944444444444444     
         287   3.7777777777777778E-002
         288   3.8888888888888890E-002
         289   9.9444444444444446E-002
         290  0.13555555555555557     
         291   6.4444444444444443E-002
         292   8.2222222222222224E-002
         293   4.0000000000000001E-002
         294  0.13388888888888889     
         295   1.1666666666666667E-002
         296   8.1666666666666665E-002
         297   6.6666666666666666E-002
         298   3.1111111111111110E-002
         299   1.8333333333333333E-002
         300   9.5555555555555560E-002
         301   4.6666666666666669E-002
         302   2.7777777777777779E-003
         303  0.11611111111111111     
         304   3.0555555555555555E-002
         305   5.8888888888888886E-002
         306   8.8888888888888892E-002
         307   8.6111111111111110E-002
         308   2.8333333333333332E-002
         309   6.6111111111111107E-002
         310   3.1666666666666669E-002
         311  0.12833333333333333     
         312   1.4444444444444444E-002
         313  0.10444444444444445     
         314   4.4999999999999998E-002
         315   5.5555555555555558E-003
         316   8.5000000000000006E-002
         317   3.8888888888888890E-002
         318   1.4444444444444444E-002
         319   4.2777777777777776E-002
         320   3.3333333333333335E-003
         321   4.2777777777777776E-002
         322   5.8333333333333334E-002
         323   8.8888888888888892E-002
         324   2.1111111111111112E-002
         325   7.2222222222222219E-003
         326   3.7222222222222219E-002
         327  0.12333333333333334     
         328   1.7222222222222222E-002
         329  0.23999999999999999     
         330  0.10222222222222223     
         331   4.2777777777777776E-002
         332   5.7222222222222223E-002
         333  0.10833333333333334     
         334   6.2777777777777780E-002
         335   1.7222222222222222E-002
         336   1.6666666666666668E-003
         337   3.6111111111111108E-002
         338   9.6111111111111105E-002
         339   5.4444444444444441E-002
         340   1.3333333333333334E-002
         341  0.11222222222222222     
         342  0.11222222222222222     
         343   5.0000000000000003E-002
         344  0.11055555555555556     
         345   2.4444444444444446E-002
         346   4.2222222222222223E-002
         347   2.3888888888888890E-002
         348   5.6111111111111112E-002
         349   2.2222222222222223E-002
         350  0.12000000000000000     
         351   7.4444444444444438E-002
         352   7.9444444444444443E-002
         353   3.4444444444444444E-002
         354  0.12666666666666668     
         355   4.1666666666666664E-002
         356  0.13611111111111110     
         357   2.9999999999999999E-002
         358   3.2222222222222222E-002
         359   1.1666666666666667E-002
         360   8.0555555555555561E-002
         361   1.0000000000000000E-002
         362   5.3333333333333337E-002
         363   6.3888888888888884E-002
         364   1.7222222222222222E-002
         365  0.10500000000000000     
         366   3.2777777777777781E-002
         367   8.5555555555555551E-002
         368   5.8888888888888886E-002
         369   9.4444444444444445E-003
         370   4.9444444444444444E-002
         371  0.15222222222222223     
         372   5.5000000000000000E-002
         373  0.10944444444444444     
         374   8.5555555555555551E-002
         375   1.6666666666666668E-003
         376   2.3888888888888890E-002
         377   5.2777777777777778E-002
         378   3.9444444444444442E-002
         379   1.4999999999999999E-002
         380   7.2222222222222219E-003
         381   4.1111111111111112E-002
         382   8.6666666666666670E-002
         383   1.3333333333333334E-002
         384   5.5555555555555556E-004
         385  0.10833333333333334     
         386   2.3888888888888890E-002
         387  0.11111111111111110     
         388   3.7222222222222219E-002
         389  0.13500000000000001     
         390   4.6111111111111110E-002
         391   9.1111111111111115E-002
         392   3.0555555555555555E-002
         393   7.7222222222222220E-002
         394   8.2222222222222224E-002
         395   5.6666666666666664E-002
         396   5.0555555555555555E-002
         397   7.2222222222222219E-003
         398   7.4444444444444438E-002
         399   5.3888888888888889E-002
         400   2.3333333333333334E-002
         401   8.7222222222222229E-002
         402   9.5555555555555560E-002
         403  0.11166666666666666     
         404   5.2777777777777778E-002
         405   2.1111111111111112E-002
         406   4.4999999999999998E-002
         407  0.12555555555555556     
         408   3.4444444444444444E-002
         409   3.3333333333333333E-002
         410   5.5000000000000000E-002
         411  0.10166666666666667     
         412   6.5555555555555561E-002
         413   1.2222222222222223E-002
         414   8.9999999999999997E-002
         415  0.10722222222222222     
         416   5.0555555555555555E-002
         417   4.2222222222222223E-002
         418   8.0555555555555561E-002
         419   8.2777777777777783E-002
         420  0.10833333333333334     
         421   3.8888888888888890E-002
         422   5.6666666666666664E-002
         423   9.7222222222222224E-002
         424   1.7222222222222222E-002
         425   4.6666666666666669E-002
         426   1.6666666666666668E-003
         427   3.1111111111111110E-002
         428  0.16666666666666666     
         429  0.12388888888888890     
         430   6.7222222222222225E-002
         431   2.8888888888888888E-002
         432   3.2222222222222222E-002
         433   6.1666666666666668E-002
         434   3.8888888888888890E-002
         435   1.0000000000000000E-002
         436   4.0000000000000001E-002
         437   7.7777777777777779E-002
         438  0.14555555555555555     
         439   1.8333333333333333E-002
         440   4.3333333333333335E-002
         441   3.2777777777777781E-002
         442   7.7777777777777776E-003
         443  0.11666666666666667     
         444   5.8333333333333334E-002
         445   3.8888888888888888E-003
         446   6.3888888888888884E-002
         447   6.6111111111111107E-002
         448  0.10111111111111111     
         449   6.6666666666666666E-002
         450   2.2777777777777779E-002
         451   3.2777777777777781E-002
         452  0.10555555555555556     
         453   8.1111111111111106E-002
         454   1.6111111111111111E-002
         455  0.16555555555555557     
         456   9.4444444444444445E-003
         457   5.4444444444444441E-002
         458  0.13611111111111110     
         459   7.5555555555555556E-002
         460   5.4444444444444441E-002
         461   5.6666666666666664E-002
         462   6.0555555555555557E-002
         463   0.0000000000000000     
         464   3.2222222222222222E-002
         465   8.0555555555555561E-002
         466   8.3333333333333329E-002
         467   2.2222222222222223E-002
         468   9.3333333333333338E-002
         469   4.6666666666666669E-002
         470   5.5555555555555552E-002
         471   2.9444444444444443E-002
         472   1.4444444444444444E-002
         473   1.0000000000000000E-002
         474   4.0555555555555553E-002
         475  0.14888888888888888     
         476  0.12444444444444444     
         477   7.1666666666666670E-002
         478   8.6111111111111110E-002
         479   4.6111111111111110E-002
         480   6.0555555555555557E-002
         481   9.3888888888888883E-002
         482   8.5555555555555551E-002
         483   5.5555555555555558E-003
         484   4.4444444444444444E-003
         485  0.13388888888888889     
         486   5.2777777777777778E-002
         487   3.6111111111111108E-002
         488   4.7222222222222221E-002
         489   5.8333333333333334E-002
         490   4.2777777777777776E-002
         491   1.0000000000000000E-002
         492   3.7777777777777778E-002
         493   6.2222222222222220E-002
         494   3.1111111111111110E-002
         495   2.2222222222222223E-002
         496   6.0555555555555557E-002
         497   7.7222222222222220E-002
         498   4.5555555555555557E-002
         499   7.8888888888888883E-002
         500   5.9444444444444446E-002
         501   1.1666666666666667E-002
         502   5.5555555555555558E-003
         503   7.2777777777777775E-002
         504   9.4444444444444445E-003
         505   3.7222222222222219E-002
         506   5.5555555555555558E-003
         507   1.6111111111111111E-002
         508   6.5000000000000002E-002
         509   5.8888888888888886E-002
         510   1.1666666666666667E-002
         511   9.1111111111111115E-002
         512   6.6666666666666671E-003
         513   6.5000000000000002E-002
         514   1.4999999999999999E-002
         515   9.3888888888888883E-002
         516   2.2222222222222222E-003
         517   4.0000000000000001E-002
         518   5.8333333333333334E-002
         519   5.6111111111111112E-002
         520   4.5555555555555557E-002
         521   1.6666666666666668E-003
         522   3.2222222222222222E-002
         523   7.7777777777777776E-003
         524   7.0000000000000007E-002
         525   2.2222222222222223E-002
         526   6.1111111111111109E-002
         527   3.2222222222222222E-002
         528   3.5555555555555556E-002
         529   2.2222222222222222E-003
         530   2.7777777777777776E-002
         531   6.0555555555555557E-002
         532   6.2222222222222220E-002
         533  0.12277777777777778     
         534   4.6666666666666669E-002
         535  0.13277777777777777     
         536   8.5555555555555551E-002
         537   6.1111111111111114E-003
         538   1.0555555555555556E-002
         539  0.10444444444444445     
         540   2.8333333333333332E-002
         541   7.7777777777777776E-003
         542  0.20888888888888890     
         543   1.7222222222222222E-002
         544   6.9444444444444448E-002
         545   1.1111111111111111E-003
         546   2.9999999999999999E-002
         547  0.10833333333333334     
         548   6.1111111111111114E-003
         549   4.8333333333333332E-002
         550   5.0555555555555555E-002
         551   2.7777777777777776E-002
         552   3.2777777777777781E-002
         553   6.6111111111111107E-002
         554   5.8333333333333334E-002
         555   5.2777777777777778E-002
         556   2.2222222222222222E-003
         557  0.17333333333333334     
         558   5.6666666666666664E-002
         559   1.1111111111111111E-003
         560  0.11333333333333333     
         561   2.5555555555555557E-002
         562   7.1666666666666670E-002
         563   7.9444444444444443E-002
         564   6.6666666666666666E-002
         565   1.6666666666666666E-002
         566   7.7222222222222220E-002
         567   5.0555555555555555E-002
         568  0.10777777777777778     
         569   3.5000000000000003E-002
         570   2.4444444444444446E-002
         571   1.7222222222222222E-002
         572   8.3333333333333332E-003
         573   3.6666666666666667E-002
         574   5.3333333333333337E-002
         575   4.2777777777777776E-002
         576   5.4444444444444441E-002
         577   9.0555555555555556E-002
         578   2.4444444444444446E-002
         579  0.14000000000000001     
         580   1.2222222222222223E-002
         581   6.3333333333333339E-002
         582  0.14000000000000001     
         583   6.3888888888888884E-002
         584   5.1111111111111114E-002
         585  0.14722222222222223     
         586   3.6666666666666667E-002
         587   9.6666666666666665E-002
         588   2.5000000000000001E-002
         589   3.5555555555555556E-002
         590   7.3888888888888893E-002
         591  0.10388888888888889     
         592   3.5000000000000003E-002
         593   9.5555555555555560E-002
         594   2.1666666666666667E-002
         595   2.9999999999999999E-002
         596   3.0555555555555555E-002
         597   3.1111111111111110E-002
         598   1.0555555555555556E-002
         599   5.0000000000000001E-003
         600   3.1666666666666669E-002
         601  0.11555555555555555     
         602   2.8333333333333332E-002
         603   5.8333333333333334E-002
         604   4.3333333333333335E-002
         605   5.7777777777777775E-002
         606  0.15055555555555555     
         607   5.0000000000000003E-002
         608   2.5000000000000001E-002
         609   2.5000000000000001E-002
         610   5.2777777777777778E-002
         611   2.7777777777777779E-003
         612  0.20999999999999999     
         613   2.7222222222222221E-002
         614   6.3333333333333339E-002
         615   1.5555555555555555E-002
         616   2.2222222222222223E-002
         617   7.8333333333333338E-002
         618   9.5555555555555560E-002
         619   6.5555555555555561E-002
         620   5.8333333333333334E-002
         621   3.4444444444444444E-002
         622   8.6666666666666670E-002
         623   2.6111111111111113E-002
         624   1.8333333333333333E-002
         625   1.7777777777777778E-002
         626   6.4444444444444443E-002
         627   1.4999999999999999E-002
         628   2.6111111111111113E-002
         629   1.6111111111111111E-002
         630   6.1111111111111114E-003
         631   4.6111111111111110E-002
         632  0.10944444444444444     
         633  0.11111111111111110     
         634   1.1111111111111112E-002
         635   1.4999999999999999E-002
         636   3.9444444444444442E-002
         637   2.1111111111111112E-002
         638   8.0555555555555561E-002
         639   5.0000000000000001E-003
         640   6.7777777777777784E-002
         641   5.2777777777777778E-002
         642   6.4444444444444443E-002
         643   1.4999999999999999E-002
         644   4.8333333333333332E-002
         645  0.12222222222222222     
         646   5.6111111111111112E-002
         647   4.0555555555555553E-002
         648  0.10555555555555556     
         649   3.6111111111111108E-002
         650   6.1111111111111109E-002
         651   2.6111111111111113E-002
         652   8.3333333333333332E-003
         653   3.6666666666666667E-002
         654  0.15277777777777779     
         655   5.0555555555555555E-002
         656   2.2222222222222222E-003
         657   5.0000000000000001E-003
         658   5.2777777777777778E-002
         659   5.4444444444444441E-002
         660   5.1666666666666666E-002
         661   2.2222222222222222E-003
         662   1.2222222222222223E-002
         663   9.1666666666666660E-002
         664   2.4444444444444446E-002
         665  0.11611111111111111     
         666   9.7222222222222224E-002
         667  0.15222222222222223     
         668  0.17611111111111111     
         669  0.15777777777777777     
         670  0.11666666666666667     
         671   2.7222222222222221E-002
         672   4.6666666666666669E-002
         673   3.7222222222222219E-002
         674   3.7222222222222219E-002
         675  0.10388888888888889     
         676   3.2777777777777781E-002
         677   6.5000000000000002E-002
         678   5.0000000000000003E-002
         679   1.1111111111111112E-002
         680   2.5000000000000001E-002
         681   9.4444444444444445E-003
         682   1.5555555555555555E-002
         683  0.11222222222222222     
         684   3.6666666666666667E-002
         685   5.8888888888888886E-002
         686   1.4999999999999999E-002
         687   1.3333333333333334E-002
         688   5.8333333333333334E-002
         689  0.14499999999999999     
         690  0.10277777777777777     
         691   6.7777777777777784E-002
         692  0.17611111111111111     
         693   1.8888888888888889E-002
         694   5.9999999999999998E-002
         695   7.6666666666666661E-002
         696  0.13000000000000000     
         697   4.3333333333333335E-002
         698   6.1666666666666668E-002
         699   6.5000000000000002E-002
         700   3.2777777777777781E-002
         701  0.11444444444444445     
         702   4.1111111111111112E-002
         703   3.8333333333333330E-002
         704   5.5000000000000000E-002
         705   7.8333333333333338E-002
         706   3.1111111111111110E-002
         707   9.7777777777777783E-002
         708   7.1666666666666670E-002
         709   8.3333333333333332E-003
         710   1.9444444444444445E-002
         711   6.9444444444444448E-002
         712   1.0555555555555556E-002
         713  0.14555555555555555     
         714   4.7222222222222221E-002
         715   9.7222222222222224E-002
         716   4.7222222222222221E-002
         717   7.2222222222222219E-003
         718   4.1666666666666664E-002
         719   8.7777777777777774E-002
         720   2.7777777777777776E-002
         721   3.5555555555555556E-002
         722   7.0555555555555552E-002
         723   2.8333333333333332E-002
         724   5.0000000000000001E-003
         725   6.5555555555555561E-002
         726   8.3333333333333332E-003
         727   2.4444444444444446E-002
         728   2.6111111111111113E-002
         729   7.0555555555555552E-002
         730  0.16944444444444445     
         731   0.0000000000000000     
         732  0.10444444444444445     
         733  0.10000000000000001     
         734   6.4444444444444443E-002
         735   8.5000000000000006E-002
         736   5.8888888888888886E-002
         737   6.8333333333333329E-002
         738   2.0555555555555556E-002
         739   2.6666666666666668E-002
         740  0.17944444444444443     
         741   8.1111111111111106E-002
         742   9.4444444444444445E-003
         743   2.6666666666666668E-002
         744   2.5000000000000001E-002
         745   3.5000000000000003E-002
         746   1.3333333333333334E-002
         747   3.5000000000000003E-002
         748   5.5555555555555556E-004
         749  0.13666666666666666     
         750   1.8333333333333333E-002
         751   0.0000000000000000     
         752   1.3333333333333334E-002
         753   4.0555555555555553E-002
         754  0.10055555555555555     
         755   5.3888888888888889E-002
         756   9.9444444444444446E-002
         757   3.8333333333333330E-002
         758   5.2777777777777778E-002
         759   1.0555555555555556E-002
         760   8.8888888888888892E-002
         761  0.12500000000000000     
         762   2.2777777777777779E-002
         763   2.3888888888888890E-002
         764   3.6666666666666667E-002
         765   7.4999999999999997E-002
         766   5.0555555555555555E-002
         767   6.5555555555555561E-002
         768   1.8333333333333333E-002
         769   2.2222222222222222E-003
         770  0.17777777777777778     
         771   8.9999999999999997E-002
         772   5.3333333333333337E-002
         773   4.7777777777777780E-002
         774   5.3888888888888889E-002
         775   5.0000000000000003E-002
         776   6.1111111111111114E-003
         777   6.5555555555555561E-002
         778   5.5555555555555556E-004
         779   7.8888888888888883E-002
         780   1.1666666666666667E-002
         781   4.4444444444444446E-002
         782   2.4444444444444446E-002
         783  0.10333333333333333     
         784   9.8333333333333328E-002
         785   5.5555555555555556E-004
         786   5.3888888888888889E-002
         787  0.15333333333333332     
         788   7.1111111111111111E-002
         789  0.17833333333333334     
         790   4.4444444444444444E-003
         791   8.0000000000000002E-002
         792   7.8888888888888883E-002
         793   5.4444444444444441E-002
         794   5.5555555555555558E-003
         795   4.4444444444444446E-002
         796   1.6666666666666668E-003
         797   5.0000000000000001E-003
         798   2.5000000000000001E-002
         799  0.13777777777777778     
         800   8.6666666666666670E-002
         801   8.9444444444444438E-002
         802   1.1666666666666667E-002
         803   5.1666666666666666E-002
         804   3.5000000000000003E-002
         805   7.8888888888888883E-002
         806   4.1666666666666664E-002
         807   7.8888888888888883E-002
         808   1.9444444444444445E-002
         809   7.0000000000000007E-002
         810  0.16666666666666666     
         811   6.7222222222222225E-002
         812   3.5555555555555556E-002
         813   8.3888888888888888E-002
         814   4.4999999999999998E-002
         815   7.8333333333333338E-002
         816   3.5555555555555556E-002
         817   8.5000000000000006E-002
         818   4.3333333333333335E-002
         819   2.7777777777777779E-003
         820   4.0000000000000001E-002
         821  0.12666666666666668     
         822   6.2222222222222220E-002
         823   7.0000000000000007E-002
         824   1.1666666666666667E-002
         825   4.9444444444444444E-002
         826   3.8888888888888890E-002
         827   8.3888888888888888E-002
         828   3.8333333333333330E-002
         829  0.14000000000000001     
         830  0.10444444444444445     
         831   6.5555555555555561E-002
         832   2.7777777777777779E-003
         833  0.13166666666666665     
         834  0.16000000000000000     
         835  0.17111111111111110     
         836   5.0555555555555555E-002
         837   2.8333333333333332E-002
         838   8.5555555555555551E-002
         839   1.3333333333333334E-002
         840   4.4444444444444446E-002
         841  0.12666666666666668     
         842   4.4999999999999998E-002
         843   2.1666666666666667E-002
         844   2.1666666666666667E-002
         845   2.7777777777777779E-003
         846   4.0000000000000001E-002
         847  0.12500000000000000     
         848   8.8333333333333333E-002
         849  0.10722222222222222     
         850   3.0555555555555555E-002
         851   1.2777777777777779E-002
         852  0.10833333333333334     
         853   5.8888888888888886E-002
         854   6.7777777777777784E-002
         855   5.2222222222222225E-002
         856   2.7777777777777776E-002
         857   6.6666666666666671E-003
         858   6.2222222222222220E-002
         859  0.18833333333333332     
         860   4.7777777777777780E-002
         861  0.11944444444444445     
         862   1.7777777777777778E-002
         863   2.3333333333333334E-002
         864   2.7222222222222221E-002
         865  0.14055555555555554     
         866  0.10777777777777778     
         867   3.3888888888888892E-002
         868   7.1111111111111111E-002
         869  0.14888888888888888     
         870   2.0555555555555556E-002
         871   6.5000000000000002E-002
         872   7.3333333333333334E-002
         873   3.3333333333333335E-003
         874   6.9444444444444448E-002
         875  0.10055555555555555     
         876   7.6111111111111115E-002
         877   8.3888888888888888E-002
         878  0.10944444444444444     
         879   4.2777777777777776E-002
         880  0.11111111111111110     
         881   3.7222222222222219E-002
         882  0.10166666666666667     
         883   9.6111111111111105E-002
         884   2.2222222222222223E-002
         885   8.0555555555555561E-002
         886   3.4444444444444444E-002
         887   4.2222222222222223E-002
         888   5.8888888888888886E-002
         889   5.7222222222222223E-002
         890   1.7777777777777778E-002
         891   2.5000000000000001E-002
         892   4.1111111111111112E-002
         893   1.1111111111111112E-002
         894   2.7222222222222221E-002
         895  0.13055555555555556     
         896   2.2777777777777779E-002
         897   7.7222222222222220E-002
         898  0.10555555555555556     
         899   2.2222222222222222E-003
         900  0.13388888888888889     
         901   7.8888888888888883E-002
         902  0.10555555555555556     
         903   5.6111111111111112E-002
         904   7.9444444444444443E-002
         905  0.11444444444444445     
         906   4.5555555555555557E-002
         907  0.11111111111111110     
         908   6.6666666666666671E-003
         909   9.3333333333333338E-002
         910   8.0555555555555561E-002
         911   5.0555555555555555E-002
         912   2.5000000000000001E-002
         913   4.8333333333333332E-002
         914  0.19333333333333333     
         915  0.14277777777777778     
         916   6.3888888888888884E-002
         917   1.7222222222222222E-002
         918   8.1666666666666665E-002
         919   9.7222222222222224E-002
         920   8.8888888888888892E-002
         921   2.9999999999999999E-002
         922   2.2777777777777779E-002
         923   6.5000000000000002E-002
         924   2.7222222222222221E-002
         925   2.7777777777777776E-002
         926   6.3888888888888884E-002
         927   5.2777777777777778E-002
         928   5.8333333333333334E-002
         929   6.7777777777777784E-002
         930   8.7222222222222229E-002
         931   2.2222222222222222E-003
         932   4.6111111111111110E-002
         933  0.10666666666666667     
         934   4.5555555555555557E-002
         935  0.12111111111111111     
         936  0.16277777777777777     
         937   1.5555555555555555E-002
         938  0.17000000000000001     
         939   2.9444444444444443E-002
         940   8.1111111111111106E-002
         941   4.4444444444444446E-002
         942   3.3333333333333335E-003
         943  0.13888888888888890     
         944   1.0000000000000000E-002
         945   5.9999999999999998E-002
         946   2.8888888888888888E-002
         947   2.7777777777777779E-003
         948  0.13166666666666665     
         949  0.11555555555555555     
         950   9.6111111111111105E-002
         951   2.0000000000000000E-002
         952   7.5555555555555556E-002
         953   2.1111111111111112E-002
         954   8.6111111111111110E-002
         955   7.2222222222222219E-003
         956   7.2222222222222215E-002
         957   2.5000000000000001E-002
         958   6.7222222222222225E-002
         959  0.10611111111111111     
         960   4.6666666666666669E-002
         961   7.0000000000000007E-002
         962   2.7777777777777779E-003
         963   4.1666666666666664E-002
         964   7.2222222222222219E-003
         965  0.13333333333333333     
         966   1.1666666666666667E-002
         967   4.8333333333333332E-002
         968   1.4999999999999999E-002
         969   7.0555555555555552E-002
         970  0.10111111111111111     
         971   6.1111111111111114E-003
         972   2.1111111111111112E-002
         973   8.8888888888888889E-003
         974  0.11888888888888889     
         975   8.3333333333333329E-002
         976  0.13111111111111112     
         977   5.8888888888888886E-002
         978  0.18722222222222223     
         979   2.3333333333333334E-002
         980   3.9444444444444442E-002
         981   2.7777777777777779E-003
         982  0.10000000000000001     
         983   6.9444444444444448E-002
         984   4.8888888888888891E-002
         985   8.4444444444444447E-002
         986   3.4444444444444444E-002
         987   4.8333333333333332E-002
         988  0.15500000000000000     
         989   1.6666666666666668E-003
         990   1.3888888888888888E-002
         991   2.3333333333333334E-002
         992   5.0000000000000001E-003
         993   9.6666666666666665E-002
         994   3.5555555555555556E-002
         995   3.8888888888888888E-003
         996  0.10888888888888888     
         997   1.3333333333333334E-002
         998   4.6111111111111110E-002
         999   5.3333333333333337E-002
        1000   3.3333333333333335E-003
        1001   6.8333333333333329E-002
        1002   1.7777777777777778E-002
        1003   5.5000000000000000E-002
        1004   1.8888888888888889E-002
        1005   7.2777777777777775E-002
        1006   2.6666666666666668E-002
        1007  0.13277777777777777     
        1008   5.0555555555555555E-002
        1009   0.0000000000000000     
        1010   9.4444444444444445E-003
        1011   1.1111111111111111E-003
        1012   7.0555555555555552E-002
        1013   3.2222222222222222E-002
        1014   6.6666666666666666E-002
        1015   1.2222222222222223E-002
        1016   1.9444444444444445E-002
        1017   9.9444444444444446E-002
        1018  0.15444444444444444     
        1019   1.9444444444444445E-002
        1020   3.8333333333333330E-002
        1021   3.1666666666666669E-002
        1022   2.5000000000000001E-002
        1023  0.12222222222222222     
        1024  0.14611111111111111     
        1025   4.4444444444444444E-003
        1026   3.3888888888888892E-002
        1027   5.6666666666666664E-002
        1028   4.6666666666666669E-002
        1029  0.10166666666666667     
        1030   3.3333333333333335E-003
        1031  0.11500000000000000     
        1032   2.0000000000000000E-002
        1033   4.7222222222222221E-002
        1034   6.8333333333333329E-002
        1035   0.0000000000000000     
        1036   3.2222222222222222E-002
        1037   2.1666666666666667E-002
        1038  0.11833333333333333     
        1039   7.3888888888888893E-002
        1040   8.2777777777777783E-002
        1041   7.5555555555555556E-002
        1042   9.7777777777777783E-002
        1043   4.8333333333333332E-002
        1044   2.8888888888888888E-002
        1045   3.8888888888888890E-002
        1046   5.5555555555555558E-003
        1047   1.6111111111111111E-002
        1048   4.7777777777777780E-002
        1049   5.8888888888888886E-002
        1050   9.4444444444444445E-003
        1051   7.6666666666666661E-002
        1052   1.7777777777777778E-002
        1053   2.1111111111111112E-002
        1054  0.14722222222222223     
        1055  0.14333333333333334     
        1056   7.8333333333333338E-002
        1057   9.2777777777777778E-002
        1058  0.10388888888888889     
        1059   2.5555555555555557E-002
        1060   4.5555555555555557E-002
        1061   3.5000000000000003E-002
        1062  0.13388888888888889     
        1063   6.9444444444444448E-002
        1064   2.0555555555555556E-002
        1065   1.1111111111111112E-002
        1066  0.13833333333333334     
        1067   2.3888888888888890E-002
        1068  0.18833333333333332     
        1069   7.2222222222222219E-003
        1070   6.3333333333333339E-002
        1071   6.8333333333333329E-002
        1072   8.0000000000000002E-002
        1073   2.3333333333333334E-002
        1074   1.1111111111111111E-003
        1075   2.4444444444444446E-002
        1076   2.8333333333333332E-002
        1077  0.11444444444444445     
        1078   7.8333333333333338E-002
        1079   2.2222222222222223E-002
        1080   9.5000000000000001E-002
        1081   9.2777777777777778E-002
        1082   4.2222222222222223E-002
        1083   2.4444444444444446E-002
        1084   2.3333333333333334E-002
        1085   4.3888888888888887E-002
        1086   4.9444444444444444E-002
        1087   1.0555555555555556E-002
        1088   1.8333333333333333E-002
        1089   6.2222222222222220E-002
        1090  0.10777777777777778     
        1091   1.6111111111111111E-002
        1092   5.1111111111111114E-002
        1093   1.8888888888888889E-002
        1094   2.5000000000000001E-002
        1095   5.9444444444444446E-002
        1096   1.2222222222222223E-002
        1097   7.2222222222222215E-002
        1098   5.1666666666666666E-002
        1099   8.4444444444444447E-002
        1100   1.1666666666666667E-002
        1101  0.20111111111111110     
        1102   5.8888888888888886E-002
        1103   7.2222222222222219E-003
        1104   5.5555555555555556E-004
        1105  0.10166666666666667     
        1106   8.1111111111111106E-002
        1107   8.9444444444444438E-002
        1108   7.4999999999999997E-002
        1109  0.11111111111111110     
        1110  0.12833333333333333     
        1111   9.6111111111111105E-002
        1112   2.8333333333333332E-002
        1113   5.3333333333333337E-002
        1114   6.1111111111111109E-002
        1115   7.7777777777777779E-002
        1116   4.6111111111111110E-002
        1117   3.3333333333333335E-003
        1118   7.1111111111111111E-002
        1119  0.11833333333333333     
        1120   5.6666666666666664E-002
        1121  0.12444444444444444     
        1122   6.7777777777777784E-002
        1123  0.19722222222222222     
        1124   6.5000000000000002E-002
        1125  0.13888888888888890     
        1126  0.10333333333333333     
        1127   3.3888888888888892E-002
        1128   3.7222222222222219E-002
        1129   1.1111111111111112E-002
        1130   3.3333333333333333E-002
        1131   2.3333333333333334E-002
        1132   2.3333333333333334E-002
        1133   4.4999999999999998E-002
        1134   1.6666666666666668E-003
        1135   2.7222222222222221E-002
        1136   4.6666666666666669E-002
        1137   6.6666666666666671E-003
        1138   2.7777777777777779E-003
        1139   4.2222222222222223E-002
        1140   2.7777777777777776E-002
        1141  0.12222222222222222     
        1142   3.3333333333333333E-002
        1143   8.2777777777777783E-002
        1144   5.1666666666666666E-002
        1145   1.6111111111111111E-002
        1146   4.4444444444444446E-002
        1147   3.8888888888888888E-003
        1148   2.7777777777777779E-003
        1149   2.9999999999999999E-002
        1150   7.9444444444444443E-002
        1151   4.7222222222222221E-002
        1152   6.1111111111111109E-002
        1153  0.12111111111111111     
        1154   7.4999999999999997E-002
        1155   7.2222222222222215E-002
        1156   0.0000000000000000     
        1157   5.8888888888888886E-002
        1158   9.5000000000000001E-002
        1159  0.14555555555555555     
        1160   3.6666666666666667E-002
        1161   6.1111111111111114E-003
        1162   1.2777777777777779E-002
        1163   9.4444444444444442E-002
        1164   9.3333333333333338E-002
        1165  0.10944444444444444     
        1166  0.10166666666666667     
        1167   1.3333333333333334E-002
        1168   2.2777777777777779E-002
        1169   1.5555555555555555E-002
        1170   3.9444444444444442E-002
        1171   4.8333333333333332E-002
        1172   5.3888888888888889E-002
        1173   1.6666666666666668E-003
        1174   1.1111111111111112E-002
        1175   7.3333333333333334E-002
        1176   4.3333333333333335E-002
        1177   7.3333333333333334E-002
        1178  0.18333333333333332     
        1179   9.8888888888888887E-002
        1180   4.2222222222222223E-002
        1181   4.1111111111111112E-002
        1182   4.1111111111111112E-002
        1183   7.6666666666666661E-002
        1184   6.7222222222222225E-002
        1185   4.2222222222222223E-002
        1186   2.0555555555555556E-002
        1187  0.14888888888888888     
        1188  0.12833333333333333     
        1189  0.12888888888888889     
        1190  0.19222222222222221     
        1191   9.1666666666666660E-002
        1192   1.5555555555555555E-002
        1193   2.1111111111111112E-002
        1194   2.8333333333333332E-002
        1195   4.9444444444444444E-002
        1196   8.8888888888888889E-003
        1197   2.4444444444444446E-002
        1198   2.7777777777777776E-002
        1199   8.2777777777777783E-002
        1200  0.14944444444444444     
        1201   9.1666666666666660E-002
        1202  0.11611111111111111     
        1203   3.3888888888888892E-002
        1204   6.9444444444444448E-002
        1205   1.7777777777777778E-002
        1206  0.14666666666666667     
        1207   5.0000000000000003E-002
        1208  0.11333333333333333     
        1209   5.9444444444444446E-002
        1210   3.8333333333333330E-002
        1211   9.5555555555555560E-002
        1212   6.8333333333333329E-002
        1213   4.1666666666666664E-002
        1214   6.4444444444444443E-002
        1215   4.6666666666666669E-002
        1216   2.7777777777777776E-002
        1217   9.4444444444444442E-002
        1218  0.10166666666666667     
        1219   7.8888888888888883E-002
        1220  0.15500000000000000     
        1221   9.7222222222222224E-002
        1222   1.4444444444444444E-002
        1223  0.11555555555555555     
        1224  0.12055555555555555     
        1225  0.13055555555555556     
        1226   5.6666666666666664E-002
        1227   2.2222222222222222E-003
        1228   5.2222222222222225E-002
        1229   2.3888888888888890E-002
        1230   2.1666666666666667E-002
        1231  0.13944444444444445     
        1232   9.9444444444444446E-002
        1233   1.2222222222222223E-002
        1234   9.5000000000000001E-002
        1235   8.9444444444444438E-002
        1236   6.2777777777777780E-002
        1237   6.3333333333333339E-002
        1238   2.9999999999999999E-002
        1239  0.10222222222222223     
        1240   3.0555555555555555E-002
        1241   3.8888888888888888E-003
        1242   6.1111111111111114E-003
        1243   3.8888888888888888E-003
        1244   4.1111111111111112E-002
        1245   4.3333333333333335E-002
        1246   2.0555555555555556E-002
        1247   1.0555555555555556E-002
        1248   5.5555555555555552E-002
        1249   6.6111111111111107E-002
        1250   2.8888888888888888E-002
        1251   7.3888888888888893E-002
        1252   8.8888888888888889E-003
        1253   7.4444444444444438E-002
        1254   9.4444444444444442E-002
        1255   3.3333333333333333E-002
        1256   5.1666666666666666E-002
        1257   2.3333333333333334E-002
        1258   3.5555555555555556E-002
        1259   3.7777777777777778E-002
        1260   3.2777777777777781E-002
        1261   3.3333333333333335E-003
        1262   1.7222222222222222E-002
        1263   1.5555555555555555E-002
        1264   2.0555555555555556E-002
        1265   1.1111111111111112E-002
        1266   5.2222222222222225E-002
        1267   8.9444444444444438E-002
        1268   8.6666666666666670E-002
        1269  0.16444444444444445     
        1270   4.0555555555555553E-002
        1271   1.7777777777777778E-002
        1272  0.14444444444444443     
        1273   3.8888888888888888E-003
        1274   6.3888888888888884E-002
        1275   9.2222222222222219E-002
        1276   9.3333333333333338E-002
        1277   5.3333333333333337E-002
        1278   1.8333333333333333E-002
        1279  0.11833333333333333     
        1280   3.3888888888888892E-002
        1281  0.15555555555555556     
        1282   5.2777777777777778E-002
        1283   1.1666666666666667E-002
        1284   1.6666666666666668E-003
        1285   7.2777777777777775E-002
        1286   3.4444444444444444E-002
        1287   5.6666666666666664E-002
        1288   3.3333333333333333E-002
        1289   2.9444444444444443E-002
        1290   4.8888888888888891E-002
        1291  0.10777777777777778     
        1292   8.0555555555555561E-002
        1293   2.6111111111111113E-002
        1294   4.8333333333333332E-002
        1295   6.1666666666666668E-002
        1296  0.15388888888888888     
        1297  0.10888888888888888     
        1298   3.7777777777777778E-002
        1299   4.8333333333333332E-002
        1300   1.2777777777777779E-002
        1301   5.5555555555555558E-003
        1302   6.9444444444444448E-002
        1303   4.2777777777777776E-002
        1304   6.8888888888888888E-002
        1305   4.2777777777777776E-002
        1306   5.5555555555555558E-003
        1307   7.8333333333333338E-002
        1308   2.1666666666666667E-002
        1309   3.8888888888888890E-002
        1310   3.4444444444444444E-002
        1311   9.5000000000000001E-002
        1312  0.10388888888888889     
        1313   8.3333333333333332E-003
        1314   4.3333333333333335E-002
        1315  0.10944444444444444     
        1316   7.2222222222222219E-003
        1317  0.10666666666666667     
        1318   1.2777777777777779E-002
        1319   3.4444444444444444E-002
        1320  0.16722222222222222     
        1321   2.6666666666666668E-002
        1322  0.13166666666666665     
        1323  0.12000000000000000     
        1324  0.11333333333333333     
        1325   5.1111111111111114E-002
        1326   2.3888888888888890E-002
        1327   5.5555555555555552E-002
        1328   4.9444444444444444E-002
        1329   5.7777777777777775E-002
        1330   5.6666666666666664E-002
        1331  0.10777777777777778     
        1332   7.3888888888888893E-002
        1333   7.7777777777777779E-002
        1334   5.2777777777777778E-002
        1335  0.10888888888888888     
        1336   8.8888888888888889E-003
        1337   2.6666666666666668E-002
        1338  0.16166666666666665     
        1339   4.2777777777777776E-002
        1340   3.8888888888888888E-003
        1341   3.0555555555555555E-002
        1342   7.2222222222222215E-002
        1343   2.6666666666666668E-002
        1344   5.8888888888888886E-002
        1345   2.3333333333333334E-002
        1346  0.13833333333333334     
        1347   4.3888888888888887E-002
        1348   3.8888888888888890E-002
        1349   7.8888888888888883E-002
        1350   9.3888888888888883E-002
        1351   5.5000000000000000E-002
        1352   5.2222222222222225E-002
        1353  0.15944444444444444     
        1354   6.7777777777777784E-002
        1355   4.4999999999999998E-002
        1356  0.11388888888888889     
        1357   3.6666666666666667E-002
        1358   1.7222222222222222E-002
        1359  0.11111111111111110     
        1360   9.5555555555555560E-002
        1361   3.2222222222222222E-002
        1362   5.5555555555555556E-004
        1363   7.2777777777777775E-002
        1364   8.3333333333333332E-003
        1365  0.12277777777777778     
        1366  0.21666666666666667     
        1367   7.1666666666666670E-002
        1368   9.1111111111111115E-002
        1369   1.1111111111111111E-003
        1370  0.13000000000000000     
        1371   9.8888888888888887E-002
        1372   7.9444444444444443E-002
        1373   1.1111111111111112E-002
        1374  0.11000000000000000     
        1375   3.1666666666666669E-002
        1376   9.3888888888888883E-002
        1377   5.1666666666666666E-002
        1378   3.3333333333333335E-003
        1379   8.8333333333333333E-002
        1380   7.7777777777777776E-003
        1381   7.5555555555555556E-002
        1382  0.13000000000000000     
        1383   8.7777777777777774E-002
        1384   4.3888888888888887E-002
        1385  0.12722222222222221     
        1386   5.5555555555555556E-004
        1387   2.8333333333333332E-002
        1388   5.6111111111111112E-002
        1389   3.3333333333333333E-002
        1390   3.8888888888888890E-002
        1391   9.1666666666666660E-002
        1392   2.4444444444444446E-002
        1393   3.7222222222222219E-002
        1394  0.10611111111111111     
        1395   1.7222222222222222E-002
        1396   9.0555555555555556E-002
        1397   3.3333333333333333E-002
        1398   2.8333333333333332E-002
        1399  0.10111111111111111     
        1400   2.2777777777777779E-002
        1401   3.6666666666666667E-002
        1402   7.7777777777777776E-003
        1403  0.12722222222222221     
        1404   5.6111111111111112E-002
        1405   5.5555555555555556E-004
        1406   6.6111111111111107E-002
        1407   9.3888888888888883E-002
        1408   1.9444444444444445E-002
        1409   9.1111111111111115E-002
        1410   8.8888888888888889E-003
        1411   4.0000000000000001E-002
        1412   6.3888888888888884E-002
        1413   3.3333333333333333E-002
        1414   8.4444444444444447E-002
        1415   2.4444444444444446E-002
        1416  0.17222222222222222     
        1417   6.2777777777777780E-002
        1418   4.4444444444444444E-003
        1419  0.10611111111111111     
        1420   8.5000000000000006E-002
        1421   7.3888888888888893E-002
        1422   1.8888888888888889E-002
        1423   5.9444444444444446E-002
        1424   8.2777777777777783E-002
        1425  0.13944444444444445     
        1426   8.9999999999999997E-002
        1427  0.17444444444444446     
        1428   5.5555555555555556E-004
        1429   5.5555555555555556E-004
        1430   1.0555555555555556E-002
        1431  0.12888888888888889     
        1432  0.13111111111111112     
        1433   1.4444444444444444E-002
        1434   6.8333333333333329E-002
        1435   7.3333333333333334E-002
        1436  0.18944444444444444     
        1437   5.5000000000000000E-002
        1438   5.5555555555555558E-003
        1439   5.2222222222222225E-002
        1440   1.6111111111111111E-002
        1441   3.6666666666666667E-002
        1442   5.6111111111111112E-002
        1443   5.1666666666666666E-002
        1444   1.4444444444444444E-002
        1445   1.7777777777777778E-002
        1446   7.2222222222222219E-003
        1447   9.6666666666666665E-002
        1448   5.0000000000000001E-003
        1449   2.6666666666666668E-002
        1450   2.5555555555555557E-002
        1451   1.1111111111111111E-003
        1452   2.2222222222222222E-003
        1453  0.17222222222222222     
        1454   6.1111111111111114E-003
        1455   6.2222222222222220E-002
        1456   8.7222222222222229E-002
        1457   6.5555555555555561E-002
        1458   5.2777777777777778E-002
        1459  0.10444444444444445     
        1460   8.3888888888888888E-002
        1461   9.7222222222222224E-002
        1462   6.6666666666666671E-003
        1463  0.17888888888888888     
        1464   4.5555555555555557E-002
        1465   6.3888888888888884E-002
        1466   4.4999999999999998E-002
        1467   8.2222222222222224E-002
        1468   5.0000000000000001E-003
        1469   1.8888888888888889E-002
        1470   5.4444444444444441E-002
        1471   4.8888888888888891E-002
        1472   3.2222222222222222E-002
        1473   6.6111111111111107E-002
        1474   2.8888888888888888E-002
        1475   4.1666666666666664E-002
        1476  0.11722222222222223     
        1477  0.18111111111111111     
        1478   9.4444444444444445E-003
        1479   5.0000000000000001E-003
        1480  0.13000000000000000     
        1481   3.5000000000000003E-002
        1482   4.8333333333333332E-002
        1483   7.2222222222222219E-003
        1484   3.8333333333333330E-002
        1485  0.22500000000000001     
        1486   3.4444444444444444E-002
        1487   9.2777777777777778E-002
        1488   6.5555555555555561E-002
        1489   7.1666666666666670E-002
        1490   3.3888888888888892E-002
        1491   2.0555555555555556E-002
        1492   4.4444444444444444E-003
        1493   9.0555555555555556E-002
        1494   1.1666666666666667E-002
        1495   3.4444444444444444E-002
        1496   4.3888888888888887E-002
        1497   2.7777777777777776E-002
        1498  0.10333333333333333     
        1499  0.10555555555555556     
        1500   2.3333333333333334E-002
        1501   7.7777777777777776E-003
        1502   3.8333333333333330E-002
        1503  0.14555555555555555     
        1504   2.0555555555555556E-002
        1505   7.7222222222222220E-002
        1506   2.6666666666666668E-002
        1507  0.10388888888888889     
        1508   3.2222222222222222E-002
        1509   5.6111111111111112E-002
        1510   2.9999999999999999E-002
        1511   2.3333333333333334E-002
        1512   3.9444444444444442E-002
        1513   3.3888888888888892E-002
        1514   5.2222222222222225E-002
        1515   7.7777777777777776E-003
        1516  0.13777777777777778     
        1517   4.2777777777777776E-002
        1518   5.1111111111111114E-002
        1519   6.2777777777777780E-002
        1520   1.4999999999999999E-002
        1521   2.6111111111111113E-002
        1522   2.6111111111111113E-002
        1523  0.18500000000000000     
        1524   8.6666666666666670E-002
        1525   4.7777777777777780E-002
        1526   1.3333333333333334E-002
        1527   5.9444444444444446E-002
        1528   5.0000000000000001E-003
        1529   2.0555555555555556E-002
        1530   2.9999999999999999E-002
        1531   5.8888888888888886E-002
        1532   4.2777777777777776E-002
        1533   5.8888888888888886E-002
        1534   5.9444444444444446E-002
        1535   8.4444444444444447E-002
        1536   2.7777777777777776E-002
        1537   3.8888888888888888E-003
        1538   4.1666666666666664E-002
        1539   2.9444444444444443E-002
        1540   4.1666666666666664E-002
        1541   1.1111111111111111E-003
        1542  0.11944444444444445     
        1543   5.6666666666666664E-002
        1544   5.3888888888888889E-002
        1545  0.13166666666666665     
        1546   9.4444444444444445E-003
        1547   2.9444444444444443E-002
        1548  0.13055555555555556     
        1549   3.3333333333333335E-003
        1550   2.9999999999999999E-002
        1551   3.9444444444444442E-002
        1552  0.10444444444444445     
        1553  0.13277777777777777     
        1554   2.7777777777777779E-003
        1555   5.7222222222222223E-002
        1556  0.15111111111111111     
        1557   2.1666666666666667E-002
        1558   3.6666666666666667E-002
        1559   4.3888888888888887E-002
        1560   3.7777777777777778E-002
        1561   1.9444444444444445E-002
        1562  0.18777777777777777     
        1563   6.8333333333333329E-002
        1564   7.1111111111111111E-002
        1565   5.8888888888888886E-002
        1566  0.16944444444444445     
        1567   6.1111111111111109E-002
        1568   4.0000000000000001E-002
        1569   4.1111111111111112E-002
        1570   4.7777777777777780E-002
        1571   6.7222222222222225E-002
        1572   7.7222222222222220E-002
        1573   4.9444444444444444E-002
        1574   3.4444444444444444E-002
        1575   4.0000000000000001E-002
        1576   2.3888888888888890E-002
        1577   2.3888888888888890E-002
        1578   5.5555555555555556E-004
        1579   7.0000000000000007E-002
        1580  0.12111111111111111     
        1581   1.1666666666666667E-002
        1582   2.7222222222222221E-002
        1583  0.15166666666666667     
        1584   1.0555555555555556E-002
        1585   5.3888888888888889E-002
        1586   7.5555555555555556E-002
        1587  0.17277777777777778     
        1588  0.16722222222222222     
        1589   3.7222222222222219E-002
        1590   4.8333333333333332E-002
        1591   8.7222222222222229E-002
        1592  0.15222222222222223     
        1593   1.7777777777777778E-002
        1594  0.11555555555555555     
        1595  0.15222222222222223     
        1596   5.9444444444444446E-002
        1597   0.0000000000000000     
        1598   9.8888888888888887E-002
        1599   9.2222222222222219E-002
        1600  0.11333333333333333     
        1601  0.10444444444444445     
        1602   6.6666666666666671E-003
        1603   7.6111111111111115E-002
        1604  0.12388888888888890     
        1605   1.9444444444444445E-002
        1606   6.6111111111111107E-002
        1607   3.9444444444444442E-002
        1608   4.5555555555555557E-002
        1609   5.7777777777777775E-002
        1610  0.11666666666666667     
        1611   1.6666666666666668E-003
        1612   5.8333333333333334E-002
        1613   3.0555555555555555E-002
        1614   1.8888888888888889E-002
        1615   4.0555555555555553E-002
        1616   8.0555555555555561E-002
        1617   4.1111111111111112E-002
        1618   2.2222222222222223E-002
        1619   6.6666666666666671E-003
        1620   9.4444444444444442E-002
        1621   2.0000000000000000E-002
        1622   1.6111111111111111E-002
        1623   1.6111111111111111E-002
        1624   8.0000000000000002E-002
        1625  0.15777777777777777     
        1626  0.16444444444444445     
        1627   6.5000000000000002E-002
        1628   5.5555555555555558E-003
        1629   1.5555555555555555E-002
        1630   1.4444444444444444E-002
        1631  0.14722222222222223     
        1632  0.18888888888888888     
        1633   7.4999999999999997E-002
        1634  0.16777777777777778     
        1635   5.3333333333333337E-002
        1636   2.7222222222222221E-002
        1637   8.8888888888888889E-003
        1638   7.8333333333333338E-002
        1639   2.1666666666666667E-002
        1640   8.3333333333333329E-002
        1641  0.12944444444444445     
        1642   6.3333333333333339E-002
        1643   1.7222222222222222E-002
        1644   2.3888888888888890E-002
        1645   9.5555555555555560E-002
        1646  0.15222222222222223     
        1647   3.9444444444444442E-002
        1648   1.0000000000000000E-002
        1649   5.1666666666666666E-002
        1650   5.3888888888888889E-002
        1651   3.8333333333333330E-002
        1652   4.2222222222222223E-002
        1653   1.0000000000000000E-002
        1654   7.1111111111111111E-002
        1655   8.2222222222222224E-002
        1656  0.14722222222222223     
        1657   8.3333333333333332E-003
        1658  0.10444444444444445     
        1659  0.11333333333333333     
        1660   7.6666666666666661E-002
        1661  0.10055555555555555     
        1662   2.1111111111111112E-002
        1663   2.9444444444444443E-002
        1664   8.7777777777777774E-002
        1665   4.1666666666666664E-002
        1666   8.3888888888888888E-002
        1667   2.0000000000000000E-002
        1668  0.10555555555555556     
        1669   6.2222222222222220E-002
        1670   2.9999999999999999E-002
        1671   3.5000000000000003E-002
        1672   9.4444444444444442E-002
        1673   6.6666666666666666E-002
        1674   2.8333333333333332E-002
        1675   9.7777777777777783E-002
        1676   5.5555555555555558E-003
        1677   2.0000000000000000E-002
        1678   3.3888888888888892E-002
        1679   6.6666666666666671E-003
        1680   5.9999999999999998E-002
        1681  0.10611111111111111     
        1682   2.2222222222222222E-003
        1683   7.9444444444444443E-002
        1684   1.1666666666666667E-002
        1685  0.10388888888888889     
        1686  0.11944444444444445     
        1687   4.2777777777777776E-002
        1688   1.3888888888888888E-002
        1689   6.8888888888888888E-002
        1690  0.10444444444444445     
        1691   5.2777777777777778E-002
        1692   7.6111111111111115E-002
        1693   6.2222222222222220E-002
        1694   5.9999999999999998E-002
        1695   4.6111111111111110E-002
        1696  0.13388888888888889     
        1697  0.16222222222222221     
        1698   4.7777777777777780E-002
        1699  0.11166666666666666     
        1700   6.8333333333333329E-002
        1701   9.5555555555555560E-002
        1702   5.0000000000000003E-002
        1703   5.8333333333333334E-002
        1704   6.2222222222222220E-002
        1705   5.7777777777777775E-002
        1706   6.3333333333333339E-002
        1707   5.2222222222222225E-002
        1708   8.1666666666666665E-002
        1709   1.8888888888888889E-002
        1710  0.11111111111111110     
        1711  0.18611111111111112     
        1712   9.5000000000000001E-002
        1713   4.6111111111111110E-002
        1714   5.4444444444444441E-002
        1715   9.4444444444444445E-003
        1716   7.8888888888888883E-002
        1717   4.7222222222222221E-002
        1718   6.8888888888888888E-002
        1719  0.10111111111111111     
        1720   1.6111111111111111E-002
        1721   2.5555555555555557E-002
        1722   2.0000000000000000E-002
        1723   3.2222222222222222E-002
        1724   4.5555555555555557E-002
        1725   9.9444444444444446E-002
        1726   1.6666666666666668E-003
        1727   7.7777777777777779E-002
        1728   4.4444444444444446E-002
        1729   7.5555555555555556E-002
        1730  0.11555555555555555     
        1731   2.8333333333333332E-002
        1732   9.3888888888888883E-002
        1733   6.4444444444444443E-002
        1734   1.1111111111111112E-002
        1735   3.2222222222222222E-002
        1736  0.13388888888888889     
        1737   4.1111111111111112E-002
        1738  0.10555555555555556     
        1739   1.2777777777777779E-002
        1740   8.3333333333333329E-002
        1741  0.11611111111111111     
        1742   6.6666666666666671E-003
        1743   8.8888888888888889E-003
        1744  0.15500000000000000     
        1745   2.9444444444444443E-002
        1746  0.14611111111111111     
        1747  0.15833333333333333     
        1748   2.7222222222222221E-002
        1749   2.6111111111111113E-002
        1750   7.8333333333333338E-002
        1751   4.3888888888888887E-002
        1752  0.15833333333333333     
        1753  0.14277777777777778     
        1754  0.18111111111111111     
        1755   2.8888888888888888E-002
        1756   1.1111111111111111E-003
        1757   5.4444444444444441E-002
        1758   1.2222222222222223E-002
        1759   2.4444444444444446E-002
        1760   2.5000000000000001E-002
        1761   1.1111111111111112E-002
        1762   7.8888888888888883E-002
        1763   6.6666666666666671E-003
        1764   1.7777777777777778E-002
        1765   6.1111111111111114E-003
        1766  0.20888888888888890     
        1767   8.0000000000000002E-002
        1768   2.7777777777777779E-003
        1769   8.8333333333333333E-002
        1770   1.4444444444444444E-002
        1771   7.9444444444444443E-002
        1772   5.2222222222222225E-002
        1773   4.5555555555555557E-002
        1774   4.3888888888888887E-002
        1775   4.7777777777777780E-002
        1776   6.2222222222222220E-002
        1777   6.1111111111111109E-002
        1778   2.7777777777777779E-003
        1779   3.1666666666666669E-002
        1780   4.0000000000000001E-002
        1781   3.5000000000000003E-002
        1782   9.6666666666666665E-002
        1783  0.21500000000000000     
        1784  0.11555555555555555     
        1785   5.6111111111111112E-002
        1786  0.10722222222222222     
        1787   5.2777777777777778E-002
        1788   7.8888888888888883E-002
        1789   9.0555555555555556E-002
        1790   7.2777777777777775E-002
        1791  0.11222222222222222     
        1792   8.7777777777777774E-002
        1793  0.14999999999999999     
        1794   2.2222222222222223E-002
        1795  0.11500000000000000     
        1796   8.1111111111111106E-002
        1797   8.0555555555555561E-002
        1798   2.6666666666666668E-002
        1799   2.2222222222222222E-003
        1800   4.7777777777777780E-002
        1801   7.7222222222222220E-002
        1802   6.0555555555555557E-002
        1803   4.5555555555555557E-002
        1804   5.0000000000000003E-002
        1805   4.1111111111111112E-002
        1806   6.6666666666666666E-002
        1807   1.4999999999999999E-002
        1808   2.4444444444444446E-002
        1809   4.1666666666666664E-002
        1810  0.11944444444444445     
        1811   6.1666666666666668E-002
        1812   4.6111111111111110E-002
        1813  0.14166666666666666     
        1814   7.4999999999999997E-002
        1815   9.1666666666666660E-002
        1816   3.6666666666666667E-002
        1817   3.3333333333333333E-002
        1818   6.8333333333333329E-002
        1819   2.1666666666666667E-002
        1820   7.2222222222222219E-003
        1821   1.9444444444444445E-002
        1822  0.11500000000000000     
        1823   1.6666666666666668E-003
        1824   8.2222222222222224E-002
        1825  0.11166666666666666     
        1826  0.11333333333333333     
        1827   5.4444444444444441E-002
        1828   1.6666666666666668E-003
        1829   7.7777777777777776E-003
        1830  0.12500000000000000     
        1831   5.6111111111111112E-002
        1832  0.11944444444444445     
        1833   4.2777777777777776E-002
        1834  0.10055555555555555     
        1835   2.0000000000000000E-002
        1836  0.17055555555555554     
        1837   6.1666666666666668E-002
        1838   7.2222222222222215E-002
        1839   3.8333333333333330E-002
        1840   6.0555555555555557E-002
        1841   3.4444444444444444E-002
        1842   8.2777777777777783E-002
        1843   2.5555555555555557E-002
        1844   6.8888888888888888E-002
        1845   1.1666666666666667E-002
        1846   6.7222222222222225E-002
        1847  0.10888888888888888     
        1848   1.1666666666666667E-002
        1849   9.5000000000000001E-002
        1850   1.7222222222222222E-002
        1851   3.7222222222222219E-002
        1852   8.6666666666666670E-002
        1853  0.11444444444444445     
        1854   2.2777777777777779E-002
        1855   5.1666666666666666E-002
        1856   3.2777777777777781E-002
        1857   5.7777777777777775E-002
        1858   3.2777777777777781E-002
        1859   5.2222222222222225E-002
        1860  0.11666666666666667     
        1861   7.7222222222222220E-002
        1862   4.1111111111111112E-002
        1863  0.11500000000000000     
        1864   3.2222222222222222E-002
        1865   2.8888888888888888E-002
        1866   5.5555555555555556E-004
        1867   6.3333333333333339E-002
        1868   3.7777777777777778E-002
        1869   1.1666666666666667E-002
        1870  0.15722222222222224     
        1871   1.8333333333333333E-002
        1872   4.8888888888888891E-002
        1873  0.15277777777777779     
        1874  0.10333333333333333     
        1875   2.2222222222222223E-002
        1876   4.3888888888888887E-002
        1877   6.2222222222222220E-002
        1878   2.3888888888888890E-002
        1879   7.2222222222222219E-003
        1880   1.2777777777777779E-002
        1881   6.4444444444444443E-002
        1882  0.12388888888888890     
        1883  0.12666666666666668     
        1884  0.14111111111111110     
        1885   9.1666666666666660E-002
        1886   6.3333333333333339E-002
        1887   6.5555555555555561E-002
        1888   2.9999999999999999E-002
        1889   1.2777777777777779E-002
        1890   5.9999999999999998E-002
        1891  0.13555555555555557     
        1892   8.8888888888888892E-002
        1893   3.2777777777777781E-002
        1894  0.13944444444444445     
        1895   9.4444444444444445E-003
        1896  0.10944444444444444     
        1897   2.8333333333333332E-002
        1898   8.1111111111111106E-002
        1899   4.3888888888888887E-002
        1900   8.1666666666666665E-002
        1901   3.5555555555555556E-002
        1902   8.3333333333333332E-003
        1903   3.5555555555555556E-002
        1904   8.8888888888888889E-003
        1905   8.5000000000000006E-002
        1906   2.2222222222222222E-003
        1907  0.12555555555555556     
        1908   9.8888888888888887E-002
        1909   9.4444444444444445E-003
        1910   3.8333333333333330E-002
        1911   5.2222222222222225E-002
        1912   1.4999999999999999E-002
        1913   1.5555555555555555E-002
        1914   5.6666666666666664E-002
        1915   1.7222222222222222E-002
        1916   1.0000000000000000E-002
        1917  0.12055555555555555     
        1918   6.0555555555555557E-002
        1919   5.4444444444444441E-002
        1920   6.0555555555555557E-002
        1921   1.6666666666666668E-003
        1922  0.11333333333333333     
        1923   3.2222222222222222E-002
        1924   7.6666666666666661E-002
        1925   1.7222222222222222E-002
        1926   7.0555555555555552E-002
        1927   9.1111111111111115E-002
        1928   5.5000000000000000E-002
        1929   3.3333333333333335E-003
        1930   1.3888888888888888E-002
        1931   4.1666666666666664E-002
        1932   2.2222222222222222E-003
        1933   2.6111111111111113E-002
        1934   7.2222222222222219E-003
        1935   6.8888888888888888E-002
        1936   2.7777777777777776E-002
        1937   7.0000000000000007E-002
        1938   9.4444444444444445E-003
        1939   3.3333333333333333E-002
        1940   3.5555555555555556E-002
        1941   2.5555555555555557E-002
        1942   4.4999999999999998E-002
        1943   8.6111111111111110E-002
        1944  0.15722222222222224     
        1945  0.17777777777777778     
        1946   8.8888888888888889E-003
        1947   5.7777777777777775E-002
        1948   2.2222222222222222E-003
        1949   2.3333333333333334E-002
        1950   4.4444444444444444E-003
        1951  0.10555555555555556     
        1952  0.12111111111111111     
        1953   5.5555555555555558E-003
        1954   3.7777777777777778E-002
        1955   2.0000000000000000E-002
        1956   2.3888888888888890E-002
        1957   1.6666666666666668E-003
        1958   1.2222222222222223E-002
        1959   6.3333333333333339E-002
        1960   6.5000000000000002E-002
        1961   3.8888888888888890E-002
        1962   7.2777777777777775E-002
        1963   5.5555555555555558E-003
        1964   2.7777777777777779E-003
        1965   6.3333333333333339E-002
        1966   2.3333333333333334E-002
        1967   4.4444444444444444E-003
        1968   6.6666666666666671E-003
        1969   2.2222222222222223E-002
        1970  0.12222222222222222     
        1971   4.3333333333333335E-002
        1972   2.8333333333333332E-002
        1973   1.1111111111111111E-003
        1974   6.8888888888888888E-002
        1975   1.2777777777777779E-002
        1976   5.9999999999999998E-002
        1977   2.1666666666666667E-002
        1978   6.5555555555555561E-002
        1979   0.0000000000000000     
        1980  0.11611111111111111     
        1981   7.7777777777777779E-002
        1982   6.6111111111111107E-002
        1983   5.3888888888888889E-002
        1984  0.11111111111111110     
        1985   7.7777777777777779E-002
        1986  0.18388888888888888     
        1987   3.8888888888888888E-003
        1988   3.6666666666666667E-002
        1989  0.10055555555555555     
        1990   3.4444444444444444E-002
        1991   2.7777777777777779E-003
        1992   5.5555555555555556E-004
        1993   6.6666666666666666E-002
        1994   7.8888888888888883E-002
        1995   1.1111111111111111E-003
        1996  0.12666666666666668     
        1997   4.6666666666666669E-002
        1998   1.4999999999999999E-002
        1999   2.5555555555555557E-002
        2000   7.9444444444444443E-002
