           1   1.8333333333333333E-002
           2  0.26333333333333331     
           3  0.51166666666666671     
           4  0.28166666666666668     
           5   1.3333333333333334E-002
           6   4.7222222222222221E-002
           7  0.33500000000000002     
           8   2.5000000000000001E-002
           9   7.4444444444444438E-002
          10   3.1111111111111110E-002
          11   6.8888888888888888E-002
          12  0.10500000000000000     
          13  0.38944444444444443     
          14   6.0555555555555557E-002
          15  0.18944444444444444     
          16  0.13722222222222222     
          17  0.33277777777777778     
          18   6.1111111111111109E-002
          19  0.16277777777777777     
          20  0.26611111111111113     
          21   3.9444444444444442E-002
          22  0.44277777777777777     
          23  0.11833333333333333     
          24  0.21833333333333332     
          25  0.14166666666666666     
          26  0.16555555555555557     
          27  0.43944444444444447     
          28  0.11333333333333333     
          29  0.19222222222222221     
          30  0.20166666666666666     
          31  0.11944444444444445     
          32  0.33111111111111113     
          33  0.18777777777777777     
          34  0.26944444444444443     
          35  0.24777777777777779     
          36   3.1111111111111110E-002
          37  0.22000000000000000     
          38  0.28055555555555556     
          39  0.44444444444444442     
          40   1.1111111111111111E-003
          41   5.9444444444444446E-002
          42  0.12166666666666667     
          43  0.24166666666666667     
          44   3.6111111111111108E-002
          45   5.0000000000000001E-003
          46  0.22500000000000001     
          47  0.11111111111111110     
          48  0.24333333333333335     
          49  0.47333333333333333     
          50   4.4444444444444446E-002
          51  0.18555555555555556     
          52  0.15277777777777779     
          53  0.17777777777777778     
          54  0.17722222222222223     
          55  0.39944444444444444     
          56  0.20055555555555554     
          57  0.13722222222222222     
          58   8.1666666666666665E-002
          59  0.15833333333333333     
          60  0.21055555555555555     
          61  0.45166666666666666     
          62  0.23777777777777778     
          63  0.22555555555555556     
          64  0.46000000000000002     
          65  0.26500000000000001     
          66  0.23111111111111110     
          67  0.14722222222222223     
          68   5.1666666666666666E-002
          69  0.24611111111111111     
          70  0.31944444444444442     
          71  0.15888888888888889     
          72  0.20888888888888890     
          73  0.33222222222222220     
          74  0.27555555555555555     
          75  0.25111111111111112     
          76  0.13388888888888889     
          77   1.3333333333333334E-002
          78  0.35499999999999998     
          79  0.15444444444444444     
          80  0.29833333333333334     
          81  0.17555555555555555     
          82   3.0555555555555555E-002
          83  0.37444444444444447     
          84  0.10833333333333334     
          85  0.17888888888888888     
          86  0.17388888888888890     
          87   8.2777777777777783E-002
          88   4.4999999999999998E-002
          89   1.4444444444444444E-002
          90  0.12000000000000000     
          91   2.7222222222222221E-002
          92  0.22277777777777777     
          93  0.13333333333333333     
          94   4.8333333333333332E-002
          95  0.47999999999999998     
          96  0.18111111111111111     
          97   9.1111111111111115E-002
          98   8.5555555555555551E-002
          99  0.31666666666666665     
         100  0.12500000000000000     
         101   3.1111111111111110E-002
         102  0.50277777777777777     
         103  0.34833333333333333     
         104  0.11500000000000000     
         105   4.1111111111111112E-002
         106  0.44833333333333331     
         107  0.46388888888888891     
         108  0.17666666666666667     
         109   3.8888888888888890E-002
         110  0.31000000000000000     
         111  0.26722222222222225     
         112  0.12222222222222222     
         113  0.10277777777777777     
         114   1.6111111111111111E-002
         115  0.18111111111111111     
         116  0.24944444444444444     
         117  0.54500000000000004     
         118   7.4444444444444438E-002
         119   7.8333333333333338E-002
         120  0.45722222222222220     
         121  0.11555555555555555     
         122  0.11944444444444445     
         123   5.1111111111111114E-002
         124  0.28722222222222221     
         125   7.2222222222222215E-002
         126   9.6666666666666665E-002
         127   4.8333333333333332E-002
         128  0.24944444444444444     
         129  0.20888888888888890     
         130  0.19000000000000000     
         131  0.18722222222222223     
         132  0.12666666666666668     
         133   5.5000000000000000E-002
         134   9.5555555555555560E-002
         135  0.11888888888888889     
         136  0.50277777777777777     
         137  0.29611111111111110     
         138  0.33777777777777779     
         139   3.1111111111111110E-002
         140  0.19000000000000000     
         141  0.11722222222222223     
         142  0.11055555555555556     
         143  0.11388888888888889     
         144  0.12944444444444445     
         145  0.22500000000000001     
         146  0.54111111111111110     
         147   4.2777777777777776E-002
         148   8.7777777777777774E-002
         149  0.19444444444444445     
         150   4.3333333333333335E-002
         151  0.22944444444444445     
         152   9.2777777777777778E-002
         153  0.25611111111111112     
         154  0.44111111111111112     
         155  0.13722222222222222     
         156   7.2222222222222219E-003
         157  0.41277777777777780     
         158  0.29833333333333334     
         159  0.12111111111111111     
         160  0.24333333333333335     
         161  0.10111111111111111     
         162   5.5555555555555558E-003
         163  0.17611111111111111     
         164  0.14777777777777779     
         165  0.18666666666666668     
         166  0.14277777777777778     
         167  0.38388888888888889     
         168  0.21555555555555556     
         169   7.2222222222222215E-002
         170  0.14333333333333334     
         171   1.6666666666666668E-003
         172  0.30388888888888888     
         173   9.2222222222222219E-002
         174  0.62888888888888894     
         175  0.47833333333333333     
         176  0.18555555555555556     
         177   1.3333333333333334E-002
         178  0.20666666666666667     
         179   2.2222222222222222E-003
         180   9.5000000000000001E-002
         181   8.1666666666666665E-002
         182  0.23333333333333334     
         183  0.23222222222222222     
         184  0.31111111111111112     
         185  0.14055555555555554     
         186  0.14611111111111111     
         187  0.13888888888888890     
         188  0.33388888888888890     
         189  0.32444444444444442     
         190   5.5000000000000000E-002
         191  0.15777777777777777     
         192  0.62277777777777776     
         193  0.23222222222222222     
         194  0.10555555555555556     
         195  0.28444444444444444     
         196   7.3888888888888893E-002
         197  0.50555555555555554     
         198  0.21111111111111111     
         199  0.10777777777777778     
         200  0.21444444444444444     
         201  0.11944444444444445     
         202  0.30222222222222223     
         203  0.15111111111111111     
         204  0.48944444444444446     
         205  0.28277777777777779     
         206  0.20277777777777778     
         207  0.31944444444444442     
         208  0.12000000000000000     
         209  0.23611111111111110     
         210  0.13222222222222221     
         211  0.19833333333333333     
         212  0.16111111111111112     
         213   7.7222222222222220E-002
         214   3.7222222222222219E-002
         215   3.3333333333333335E-003
         216  0.62222222222222223     
         217  0.34555555555555556     
         218   5.3333333333333337E-002
         219   6.2777777777777780E-002
         220   3.7777777777777778E-002
         221   9.4444444444444445E-003
         222  0.34611111111111109     
         223  0.11722222222222223     
         224  0.28611111111111109     
         225  0.28222222222222221     
         226  0.12611111111111112     
         227   3.9444444444444442E-002
         228  0.18055555555555555     
         229  0.11166666666666666     
         230   3.0555555555555555E-002
         231  0.24333333333333335     
         232  0.21833333333333332     
         233   6.6111111111111107E-002
         234   5.8333333333333334E-002
         235   5.5000000000000000E-002
         236   4.1111111111111112E-002
         237  0.10555555555555556     
         238   8.8888888888888889E-003
         239  0.25166666666666665     
         240  0.41222222222222221     
         241  0.13222222222222221     
         242  0.12000000000000000     
         243   8.7777777777777774E-002
         244  0.11277777777777778     
         245  0.32666666666666666     
         246  0.23611111111111110     
         247  0.16111111111111112     
         248   1.1111111111111112E-002
         249  0.24555555555555555     
         250  0.23055555555555557     
         251  0.36833333333333335     
         252  0.30222222222222223     
         253  0.13333333333333333     
         254  0.14333333333333334     
         255  0.18888888888888888     
         256  0.22833333333333333     
         257   3.8888888888888888E-003
         258  0.17499999999999999     
         259   1.9444444444444445E-002
         260  0.13722222222222222     
         261   5.5555555555555552E-002
         262  0.14777777777777779     
         263  0.12555555555555556     
         264   3.0555555555555555E-002
         265  0.31111111111111112     
         266  0.19777777777777777     
         267  0.20611111111111111     
         268   3.8333333333333330E-002
         269  0.26611111111111113     
         270  0.23055555555555557     
         271  0.26555555555555554     
         272   6.7777777777777784E-002
         273  0.47833333333333333     
         274  0.11444444444444445     
         275   3.0555555555555555E-002
         276   9.7777777777777783E-002
         277   7.7777777777777779E-002
         278  0.16222222222222221     
         279   4.4444444444444444E-003
         280  0.24333333333333335     
         281  0.37388888888888888     
         282  0.21777777777777776     
         283   8.7222222222222229E-002
         284  0.38388888888888889     
         285  0.22111111111111112     
         286  0.42444444444444446     
         287  0.28277777777777779     
         288  0.29833333333333334     
         289  0.30333333333333334     
         290   4.7222222222222221E-002
         291   1.7777777777777778E-002
         292  0.20555555555555555     
         293  0.25111111111111112     
         294  0.15611111111111112     
         295  0.12888888888888889     
         296  0.19500000000000001     
         297   6.5555555555555561E-002
         298  0.15333333333333332     
         299  0.10277777777777777     
         300   9.6111111111111105E-002
         301  0.24611111111111111     
         302  0.19833333333333333     
         303  0.48055555555555557     
         304  0.34055555555555556     
         305  0.29222222222222222     
         306   3.2777777777777781E-002
         307  0.36055555555555557     
         308  0.23222222222222222     
         309  0.32833333333333331     
         310   1.3333333333333334E-002
         311  0.12611111111111112     
         312   4.1666666666666664E-002
         313  0.23277777777777778     
         314  0.18222222222222223     
         315  0.30888888888888888     
         316  0.24111111111111111     
         317  0.45000000000000001     
         318   8.7777777777777774E-002
         319  0.31944444444444442     
         320  0.17055555555555554     
         321   9.5000000000000001E-002
         322   8.6666666666666670E-002
         323  0.57333333333333336     
         324  0.14055555555555554     
         325   5.0000000000000001E-003
         326   3.7777777777777778E-002
         327  0.20277777777777778     
         328  0.16222222222222221     
         329  0.17277777777777778     
         330   6.3888888888888884E-002
         331  0.34388888888888891     
         332  0.23222222222222222     
         333  0.34666666666666668     
         334  0.28111111111111109     
         335   6.7777777777777784E-002
         336  0.15111111111111111     
         337  0.11277777777777778     
         338  0.29722222222222222     
         339   1.9444444444444445E-002
         340  0.13555555555555557     
         341  0.32055555555555554     
         342  0.44555555555555554     
         343  0.17166666666666666     
         344  0.18888888888888888     
         345  0.10500000000000000     
         346   8.1111111111111106E-002
         347  0.38722222222222225     
         348  0.20999999999999999     
         349  0.11722222222222223     
         350   3.4444444444444444E-002
         351  0.11277777777777778     
         352   8.9999999999999997E-002
         353   3.3333333333333335E-003
         354  0.20333333333333334     
         355   9.7777777777777783E-002
         356  0.37444444444444447     
         357   6.1111111111111114E-003
         358  0.34222222222222221     
         359  0.27333333333333332     
         360  0.15444444444444444     
         361  0.16277777777777777     
         362  0.32500000000000001     
         363  0.24888888888888888     
         364  0.21500000000000000     
         365   7.2222222222222219E-003
         366  0.10000000000000001     
         367   8.3333333333333332E-003
         368  0.19888888888888889     
         369   6.2222222222222220E-002
         370   2.6666666666666668E-002
         371   9.2222222222222219E-002
         372  0.11555555555555555     
         373   5.7777777777777775E-002
         374  0.18166666666666667     
         375  0.22666666666666666     
         376  0.46500000000000002     
         377  0.21666666666666667     
         378   2.0000000000000000E-002
         379  0.29111111111111110     
         380  0.26722222222222225     
         381   6.5555555555555561E-002
         382  0.22944444444444445     
         383  0.41333333333333333     
         384  0.22722222222222221     
         385  0.25555555555555554     
         386  0.54500000000000004     
         387   7.2222222222222215E-002
         388  0.12277777777777778     
         389  0.25611111111111112     
         390  0.20000000000000001     
         391  0.19777777777777777     
         392  0.23166666666666666     
         393   8.2222222222222224E-002
         394  0.11666666666666667     
         395  0.41611111111111110     
         396   4.3888888888888887E-002
         397   3.9444444444444442E-002
         398  0.12444444444444444     
         399  0.32000000000000001     
         400  0.38166666666666665     
         401   5.5555555555555556E-004
         402  0.38333333333333336     
         403  0.18777777777777777     
         404   1.3333333333333334E-002
         405  0.10055555555555555     
         406  0.18888888888888888     
         407  0.34722222222222221     
         408   7.0555555555555552E-002
         409   1.2222222222222223E-002
         410  0.16666666666666666     
         411   7.0555555555555552E-002
         412  0.25722222222222224     
         413  0.29055555555555557     
         414  0.25222222222222224     
         415  0.22444444444444445     
         416   4.4444444444444444E-003
         417  0.10000000000000001     
         418   1.0555555555555556E-002
         419   3.9444444444444442E-002
         420   7.8333333333333338E-002
         421  0.21111111111111111     
         422  0.13555555555555557     
         423  0.11888888888888889     
         424  0.50166666666666671     
         425  0.21222222222222223     
         426  0.37111111111111111     
         427  0.38888888888888890     
         428  0.12777777777777777     
         429   3.7222222222222219E-002
         430  0.10722222222222222     
         431   5.9999999999999998E-002
         432   1.1666666666666667E-002
         433   4.0000000000000001E-002
         434   6.2777777777777780E-002
         435   4.1666666666666664E-002
         436  0.24055555555555555     
         437   6.6666666666666671E-003
         438  0.24333333333333335     
         439  0.26722222222222225     
         440  0.46999999999999997     
         441  0.23833333333333334     
         442  0.13111111111111112     
         443  0.10611111111111111     
         444  0.32444444444444442     
         445  0.28611111111111109     
         446  0.29611111111111110     
         447  0.18444444444444444     
         448   4.2222222222222223E-002
         449  0.11944444444444445     
         450  0.18777777777777777     
         451   1.2777777777777779E-002
         452   7.3888888888888893E-002
         453  0.32555555555555554     
         454   1.1111111111111112E-002
         455   2.8888888888888888E-002
         456  0.17166666666666666     
         457  0.55111111111111111     
         458  0.37388888888888888     
         459  0.23388888888888890     
         460   8.2777777777777783E-002
         461  0.37333333333333335     
         462  0.15166666666666667     
         463  0.25277777777777777     
         464  0.44555555555555554     
         465  0.18722222222222223     
         466   2.4444444444444446E-002
         467   8.0555555555555561E-002
         468  0.28944444444444445     
         469   2.7222222222222221E-002
         470   5.6111111111111112E-002
         471  0.42499999999999999     
         472  0.39944444444444444     
         473   7.4444444444444438E-002
         474  0.29222222222222222     
         475  0.42722222222222223     
         476  0.14277777777777778     
         477  0.42499999999999999     
         478  0.36055555555555557     
         479   4.0000000000000001E-002
         480   2.6111111111111113E-002
         481  0.23222222222222222     
         482  0.22333333333333333     
         483  0.47722222222222221     
         484  0.13055555555555556     
         485  0.47611111111111110     
         486  0.18333333333333332     
         487  0.31166666666666665     
         488  0.12611111111111112     
         489  0.36777777777777776     
         490   9.6666666666666665E-002
         491   8.2222222222222224E-002
         492   9.1111111111111115E-002
         493  0.33166666666666667     
         494   6.1111111111111114E-003
         495  0.28277777777777779     
         496  0.15777777777777777     
         497   4.0000000000000001E-002
         498  0.31666666666666665     
         499   2.9444444444444443E-002
         500  0.16388888888888889     
         501  0.26277777777777778     
         502  0.27611111111111108     
         503   1.6666666666666668E-003
         504  0.13888888888888890     
         505  0.10611111111111111     
         506  0.27055555555555555     
         507  0.25333333333333335     
         508  0.37055555555555558     
         509  0.19222222222222221     
         510  0.42388888888888887     
         511  0.11611111111111111     
         512   7.5555555555555556E-002
         513   1.7222222222222222E-002
         514  0.35999999999999999     
         515   9.7222222222222224E-002
         516  0.20666666666666667     
         517  0.37000000000000000     
         518  0.19222222222222221     
         519   2.7777777777777776E-002
         520  0.13388888888888889     
         521  0.18666666666666668     
         522  0.21611111111111111     
         523   2.6666666666666668E-002
         524  0.20666666666666667     
         525  0.27555555555555555     
         526  0.36611111111111111     
         527  0.14666666666666667     
         528  0.28222222222222221     
         529   2.8333333333333332E-002
         530  0.37111111111111111     
         531  0.12833333333333333     
         532  0.30722222222222223     
         533  0.27777777777777779     
         534  0.11111111111111110     
         535  0.27166666666666667     
         536  0.23277777777777778     
         537  0.20944444444444443     
         538  0.31611111111111112     
         539  0.28722222222222221     
         540  0.23055555555555557     
         541  0.28388888888888891     
         542  0.52444444444444449     
         543  0.27388888888888890     
         544   5.6111111111111112E-002
         545   9.2777777777777778E-002
         546  0.12611111111111112     
         547  0.38000000000000000     
         548   1.1111111111111112E-002
         549  0.16888888888888889     
         550   6.8333333333333329E-002
         551  0.41444444444444445     
         552  0.45888888888888890     
         553  0.20611111111111111     
         554  0.16444444444444445     
         555   6.1111111111111109E-002
         556  0.23388888888888890     
         557   2.9444444444444443E-002
         558  0.36333333333333334     
         559  0.14222222222222222     
         560  0.10111111111111111     
         561  0.12222222222222222     
         562  0.27777777777777779     
         563  0.10833333333333334     
         564   1.6111111111111111E-002
         565  0.13500000000000001     
         566  0.11500000000000000     
         567  0.11888888888888889     
         568  0.11333333333333333     
         569  0.44555555555555554     
         570   8.6666666666666670E-002
         571   7.3888888888888893E-002
         572  0.58444444444444443     
         573  0.16000000000000000     
         574   1.6666666666666668E-003
         575  0.34277777777777779     
         576   2.7222222222222221E-002
         577   9.3888888888888883E-002
         578  0.33944444444444444     
         579  0.17999999999999999     
         580   5.7222222222222223E-002
         581   2.4444444444444446E-002
         582  0.11944444444444445     
         583   6.2777777777777780E-002
         584   9.8333333333333328E-002
         585  0.16222222222222221     
         586  0.28444444444444444     
         587  0.20222222222222222     
         588  0.21666666666666667     
         589  0.44833333333333331     
         590  0.16833333333333333     
         591   7.7222222222222220E-002
         592  0.40444444444444444     
         593  0.18555555555555556     
         594  0.54333333333333333     
         595  0.34666666666666668     
         596  0.11500000000000000     
         597  0.18888888888888888     
         598  0.12166666666666667     
         599  0.41055555555555556     
         600   9.8888888888888887E-002
         601  0.14333333333333334     
         602  0.26666666666666666     
         603   8.1111111111111106E-002
         604   3.8333333333333330E-002
         605  0.12777777777777777     
         606   1.1111111111111111E-003
         607  0.46611111111111109     
         608   6.3888888888888884E-002
         609  0.11944444444444445     
         610  0.16500000000000001     
         611   3.0555555555555555E-002
         612  0.14333333333333334     
         613  0.12666666666666668     
         614  0.13944444444444445     
         615  0.17333333333333334     
         616   5.5555555555555556E-004
         617   4.0555555555555553E-002
         618  0.11722222222222223     
         619   7.7777777777777776E-003
         620   7.6111111111111115E-002
         621  0.43166666666666664     
         622  0.22666666666666666     
         623  0.46777777777777779     
         624  0.14555555555555555     
         625  0.28722222222222221     
         626  0.35166666666666668     
         627  0.25444444444444442     
         628  0.37611111111111112     
         629  0.24333333333333335     
         630   2.1666666666666667E-002
         631   4.8888888888888891E-002
         632  0.16888888888888889     
         633  0.15777777777777777     
         634  0.28999999999999998     
         635  0.14888888888888888     
         636  0.35111111111111110     
         637  0.12555555555555556     
         638  0.23722222222222222     
         639  0.19222222222222221     
         640   9.5555555555555560E-002
         641  0.11666666666666667     
         642  0.30055555555555558     
         643   4.3888888888888887E-002
         644   1.2222222222222223E-002
         645  0.18500000000000000     
         646  0.51000000000000001     
         647  0.42777777777777776     
         648  0.22777777777777777     
         649  0.28333333333333333     
         650  0.19000000000000000     
         651   4.6111111111111110E-002
         652  0.31611111111111112     
         653  0.27222222222222220     
         654  0.19111111111111112     
         655   2.8333333333333332E-002
         656  0.10833333333333334     
         657  0.25944444444444442     
         658   1.0000000000000000E-002
         659  0.17166666666666666     
         660  0.20833333333333334     
         661   6.7777777777777784E-002
         662  0.13444444444444445     
         663   1.3333333333333334E-002
         664  0.52722222222222226     
         665   5.7222222222222223E-002
         666  0.23722222222222222     
         667  0.34555555555555556     
         668  0.34666666666666668     
         669  0.20999999999999999     
         670   8.6666666666666670E-002
         671  0.43888888888888888     
         672  0.20499999999999999     
         673   7.2777777777777775E-002
         674   5.1666666666666666E-002
         675  0.10833333333333334     
         676  0.11777777777777777     
         677   8.7777777777777774E-002
         678  0.10111111111111111     
         679  0.14999999999999999     
         680  0.39166666666666666     
         681  0.17444444444444446     
         682  0.36166666666666669     
         683  0.21611111111111111     
         684  0.22000000000000000     
         685  0.15333333333333332     
         686  0.17666666666666667     
         687  0.21166666666666667     
         688   4.1666666666666664E-002
         689   6.2777777777777780E-002
         690   3.3333333333333335E-003
         691   0.0000000000000000     
         692  0.17222222222222222     
         693  0.27444444444444444     
         694  0.13000000000000000     
         695  0.34888888888888892     
         696   2.1666666666666667E-002
         697  0.14666666666666667     
         698  0.16388888888888889     
         699  0.25388888888888889     
         700  0.25333333333333335     
         701  0.36055555555555557     
         702  0.17888888888888888     
         703  0.13444444444444445     
         704  0.28000000000000003     
         705  0.20999999999999999     
         706  0.23888888888888890     
         707  0.27277777777777779     
         708   1.0555555555555556E-002
         709  0.13166666666666665     
         710  0.19111111111111112     
         711  0.11000000000000000     
         712  0.58111111111111113     
         713   7.5555555555555556E-002
         714  0.40722222222222221     
         715  0.13722222222222222     
         716  0.24777777777777779     
         717  0.27777777777777779     
         718  0.25000000000000000     
         719  0.14666666666666667     
         720   9.3888888888888883E-002
         721  0.19388888888888889     
         722   7.2222222222222215E-002
         723  0.46611111111111109     
         724  0.37777777777777777     
         725  0.18777777777777777     
         726  0.38944444444444443     
         727  0.13500000000000001     
         728   8.4444444444444447E-002
         729  0.26833333333333331     
         730  0.23277777777777778     
         731  0.25500000000000000     
         732   5.6666666666666664E-002
         733  0.15500000000000000     
         734  0.48555555555555557     
         735  0.17833333333333334     
         736   2.1666666666666667E-002
         737   9.9444444444444446E-002
         738  0.12555555555555556     
         739  0.26166666666666666     
         740  0.50166666666666671     
         741  0.15666666666666668     
         742   4.2222222222222223E-002
         743  0.16055555555555556     
         744  0.17722222222222223     
         745  0.37333333333333335     
         746   6.2222222222222220E-002
         747  0.18388888888888888     
         748   8.0000000000000002E-002
         749  0.15555555555555556     
         750  0.19388888888888889     
         751  0.15555555555555556     
         752  0.14777777777777779     
         753  0.28277777777777779     
         754  0.51888888888888884     
         755  0.14722222222222223     
         756   2.7222222222222221E-002
         757  0.13833333333333334     
         758  0.46444444444444444     
         759  0.14444444444444443     
         760  0.18611111111111112     
         761   1.4999999999999999E-002
         762  0.24722222222222223     
         763  0.19111111111111112     
         764  0.14000000000000001     
         765  0.37722222222222224     
         766  0.51444444444444448     
         767   4.1666666666666664E-002
         768  0.41666666666666669     
         769  0.31833333333333336     
         770  0.12444444444444444     
         771  0.53000000000000003     
         772  0.25777777777777777     
         773   9.5000000000000001E-002
         774  0.10388888888888889     
         775   7.2777777777777775E-002
         776   5.7222222222222223E-002
         777   6.1111111111111114E-003
         778  0.42944444444444446     
         779  0.12555555555555556     
         780  0.29555555555555557     
         781   4.6666666666666669E-002
         782  0.45944444444444443     
         783   8.6666666666666670E-002
         784  0.11277777777777778     
         785  0.17777777777777778     
         786  0.18666666666666668     
         787   1.1111111111111111E-003
         788  0.12444444444444444     
         789   1.9444444444444445E-002
         790  0.27944444444444444     
         791   8.5555555555555551E-002
         792  0.38722222222222225     
         793  0.20555555555555555     
         794  0.35944444444444446     
         795  0.46277777777777779     
         796  0.24055555555555555     
         797  0.11888888888888889     
         798  0.20999999999999999     
         799   8.7222222222222229E-002
         800   7.4444444444444438E-002
         801  0.17611111111111111     
         802  0.13888888888888890     
         803  0.27277777777777779     
         804  0.10555555555555556     
         805   5.1666666666666666E-002
         806   8.7222222222222229E-002
         807  0.37888888888888889     
         808  0.18333333333333332     
         809   4.7777777777777780E-002
         810  0.38555555555555554     
         811   4.4999999999999998E-002
         812  0.17111111111111110     
         813  0.10500000000000000     
         814  0.20722222222222222     
         815  0.26222222222222225     
         816  0.13277777777777777     
         817  0.25611111111111112     
         818   2.7777777777777776E-002
         819  0.10611111111111111     
         820   3.3333333333333333E-002
         821   6.9444444444444448E-002
         822  0.19000000000000000     
         823  0.18333333333333332     
         824  0.28000000000000003     
         825   7.9444444444444443E-002
         826  0.57777777777777772     
         827  0.31555555555555553     
         828   2.7222222222222221E-002
         829   6.7222222222222225E-002
         830   2.8888888888888888E-002
         831  0.23055555555555557     
         832  0.34111111111111109     
         833  0.20777777777777778     
         834  0.20833333333333334     
         835  0.22500000000000001     
         836   2.7222222222222221E-002
         837  0.16277777777777777     
         838  0.30777777777777776     
         839  0.33000000000000002     
         840  0.21111111111111111     
         841  0.14777777777777779     
         842  0.45222222222222225     
         843   2.9444444444444443E-002
         844  0.27611111111111108     
         845  0.30277777777777776     
         846  0.35666666666666669     
         847  0.12722222222222221     
         848   6.4444444444444443E-002
         849  0.42499999999999999     
         850  0.25555555555555554     
         851   5.2777777777777778E-002
         852  0.15722222222222224     
         853   6.2777777777777780E-002
         854  0.10555555555555556     
         855  0.45388888888888890     
         856  0.29833333333333334     
         857  0.33500000000000002     
         858  0.18388888888888888     
         859   4.2222222222222223E-002
         860   1.8888888888888889E-002
         861  0.36888888888888888     
         862   4.0555555555555553E-002
         863   1.3333333333333334E-002
         864  0.53222222222222226     
         865   5.1111111111111114E-002
         866  0.16944444444444445     
         867  0.14000000000000001     
         868  0.50166666666666671     
         869   7.3888888888888893E-002
         870  0.15222222222222223     
         871   9.5555555555555560E-002
         872  0.25444444444444442     
         873  0.53500000000000003     
         874   2.8888888888888888E-002
         875   6.7777777777777784E-002
         876  0.20333333333333334     
         877   3.1111111111111110E-002
         878  0.16000000000000000     
         879   8.8888888888888892E-002
         880  0.23944444444444443     
         881  0.11000000000000000     
         882  0.37500000000000000     
         883   6.6111111111111107E-002
         884  0.42833333333333334     
         885  0.21777777777777776     
         886  0.12055555555555555     
         887  0.27055555555555555     
         888  0.20999999999999999     
         889  0.19888888888888889     
         890  0.34555555555555556     
         891  0.38333333333333336     
         892  0.30166666666666669     
         893  0.32000000000000001     
         894   2.0555555555555556E-002
         895   4.8333333333333332E-002
         896   9.7222222222222224E-002
         897   7.2222222222222215E-002
         898  0.43111111111111111     
         899  0.24222222222222223     
         900  0.23111111111111110     
         901  0.40444444444444444     
         902  0.18388888888888888     
         903   6.7777777777777784E-002
         904  0.43055555555555558     
         905  0.54388888888888887     
         906  0.12333333333333334     
         907  0.13555555555555557     
         908  0.44777777777777777     
         909  0.19777777777777777     
         910   9.4444444444444442E-002
         911  0.50444444444444447     
         912   8.3888888888888888E-002
         913  0.20944444444444443     
         914  0.24777777777777779     
         915  0.10388888888888889     
         916  0.10388888888888889     
         917  0.22111111111111112     
         918   3.2777777777777781E-002
         919  0.30833333333333335     
         920   1.2777777777777779E-002
         921   2.3888888888888890E-002
         922   2.0000000000000000E-002
         923  0.21166666666666667     
         924  0.27333333333333332     
         925  0.15111111111111111     
         926  0.48666666666666669     
         927  0.15888888888888889     
         928  0.10111111111111111     
         929  0.33722222222222220     
         930   5.4444444444444441E-002
         931   9.2777777777777778E-002
         932  0.46333333333333332     
         933  0.52277777777777779     
         934  0.29388888888888887     
         935   7.0000000000000007E-002
         936  0.20333333333333334     
         937  0.20666666666666667     
         938  0.29944444444444446     
         939  0.39944444444444444     
         940   8.7222222222222229E-002
         941   7.0555555555555552E-002
         942  0.24500000000000000     
         943  0.23611111111111110     
         944  0.18666666666666668     
         945   5.3888888888888889E-002
         946  0.50777777777777777     
         947  0.12444444444444444     
         948  0.24611111111111111     
         949  0.23000000000000001     
         950   8.1111111111111106E-002
         951  0.11722222222222223     
         952  0.29999999999999999     
         953  0.23277777777777778     
         954  0.11388888888888889     
         955  0.14166666666666666     
         956  0.11777777777777777     
         957  0.13444444444444445     
         958  0.12944444444444445     
         959   8.5555555555555551E-002
         960  0.10722222222222222     
         961   2.1666666666666667E-002
         962   4.4999999999999998E-002
         963   4.3888888888888887E-002
         964  0.33888888888888891     
         965   8.1666666666666665E-002
         966   1.6111111111111111E-002
         967  0.35555555555555557     
         968  0.44500000000000001     
         969   8.9444444444444438E-002
         970  0.16666666666666666     
         971   9.0555555555555556E-002
         972  0.12666666666666668     
         973   2.5555555555555557E-002
         974  0.33277777777777778     
         975  0.20444444444444446     
         976  0.12222222222222222     
         977  0.17722222222222223     
         978  0.14888888888888888     
         979   9.7777777777777783E-002
         980  0.29944444444444446     
         981  0.21111111111111111     
         982   1.3888888888888888E-002
         983   4.6666666666666669E-002
         984  0.22888888888888889     
         985  0.40055555555555555     
         986  0.32000000000000001     
         987   7.6111111111111115E-002
         988  0.25944444444444442     
         989  0.48111111111111110     
         990  0.12888888888888889     
         991  0.28166666666666668     
         992  0.24111111111111111     
         993   1.6666666666666666E-002
         994  0.28111111111111109     
         995  0.20111111111111110     
         996   1.4444444444444444E-002
         997   8.3888888888888888E-002
         998  0.18222222222222223     
         999   3.5555555555555556E-002
        1000   1.6666666666666668E-003
        1001   8.0555555555555561E-002
        1002  0.13000000000000000     
        1003  0.31055555555555553     
        1004  0.11333333333333333     
        1005  0.13777777777777778     
        1006   8.8888888888888889E-003
        1007  0.11722222222222223     
        1008   3.2222222222222222E-002
        1009  0.12611111111111112     
        1010  0.33611111111111114     
        1011  0.35722222222222222     
        1012  0.35999999999999999     
        1013   2.6666666666666668E-002
        1014  0.32888888888888890     
        1015  0.51111111111111107     
        1016  0.35222222222222221     
        1017  0.17277777777777778     
        1018   5.4444444444444441E-002
        1019  0.19833333333333333     
        1020  0.16888888888888889     
        1021  0.29833333333333334     
        1022  0.45500000000000002     
        1023  0.14111111111111110     
        1024   4.6666666666666669E-002
        1025  0.21944444444444444     
        1026   2.3333333333333334E-002
        1027  0.18277777777777779     
        1028  0.19500000000000001     
        1029  0.11222222222222222     
        1030   8.3333333333333332E-003
        1031  0.32777777777777778     
        1032  0.48722222222222222     
        1033   6.6111111111111107E-002
        1034  0.21444444444444444     
        1035   6.6111111111111107E-002
        1036  0.17000000000000001     
        1037   4.6666666666666669E-002
        1038  0.18888888888888888     
        1039   2.7777777777777779E-003
        1040   1.4999999999999999E-002
        1041  0.10166666666666667     
        1042  0.56888888888888889     
        1043   7.1111111111111111E-002
        1044  0.42888888888888888     
        1045  0.38111111111111112     
        1046  0.25222222222222224     
        1047  0.20555555555555555     
        1048   9.2777777777777778E-002
        1049   2.2222222222222222E-003
        1050  0.22833333333333333     
        1051  0.18388888888888888     
        1052   8.8888888888888892E-002
        1053  0.22722222222222221     
        1054   1.1111111111111112E-002
        1055  0.22611111111111112     
        1056  0.20111111111111110     
        1057   3.8888888888888890E-002
        1058  0.20333333333333334     
        1059  0.18722222222222223     
        1060  0.15500000000000000     
        1061  0.21277777777777779     
        1062  0.33944444444444444     
        1063  0.20944444444444443     
        1064  0.18166666666666667     
        1065  0.16500000000000001     
        1066  0.34555555555555556     
        1067  0.20722222222222222     
        1068  0.41055555555555556     
        1069  0.16722222222222222     
        1070  0.23166666666666666     
        1071   5.9999999999999998E-002
        1072  0.44722222222222224     
        1073  0.17277777777777778     
        1074  0.21111111111111111     
        1075   8.7222222222222229E-002
        1076  0.30555555555555558     
        1077  0.13666666666666666     
        1078  0.16277777777777777     
        1079  0.52333333333333332     
        1080  0.40666666666666668     
        1081  0.10944444444444444     
        1082   4.4444444444444444E-003
        1083  0.28722222222222221     
        1084  0.15888888888888889     
        1085  0.12222222222222222     
        1086  0.33500000000000002     
        1087   2.3333333333333334E-002
        1088  0.16277777777777777     
        1089  0.10055555555555555     
        1090  0.45111111111111113     
        1091   3.3333333333333335E-003
        1092   1.0555555555555556E-002
        1093  0.19611111111111112     
        1094  0.21277777777777779     
        1095   9.7777777777777783E-002
        1096  0.30777777777777776     
        1097  0.26333333333333331     
        1098   6.4444444444444443E-002
        1099   2.9444444444444443E-002
        1100  0.26833333333333331     
        1101   5.0000000000000001E-003
        1102  0.14055555555555554     
        1103  0.27777777777777779     
        1104  0.10444444444444445     
        1105  0.38611111111111113     
        1106  0.10611111111111111     
        1107  0.20277777777777778     
        1108  0.11333333333333333     
        1109   6.4444444444444443E-002
        1110  0.34499999999999997     
        1111  0.13000000000000000     
        1112  0.55222222222222217     
        1113  0.11444444444444445     
        1114  0.18222222222222223     
        1115  0.20833333333333334     
        1116   7.1111111111111111E-002
        1117  0.18222222222222223     
        1118  0.13888888888888890     
        1119  0.40055555555555555     
        1120   2.5555555555555557E-002
        1121   3.6111111111111108E-002
        1122  0.14555555555555555     
        1123  0.24055555555555555     
        1124  0.31944444444444442     
        1125   2.6111111111111113E-002
        1126  0.28055555555555556     
        1127   5.9444444444444446E-002
        1128  0.24944444444444444     
        1129  0.21166666666666667     
        1130  0.33500000000000002     
        1131   7.6111111111111115E-002
        1132  0.19555555555555557     
        1133  0.20666666666666667     
        1134   2.7777777777777779E-003
        1135  0.33111111111111113     
        1136  0.26277777777777778     
        1137  0.32555555555555554     
        1138   1.7777777777777778E-002
        1139  0.49722222222222223     
        1140  0.18333333333333332     
        1141  0.35055555555555556     
        1142  0.16000000000000000     
        1143  0.17222222222222222     
        1144  0.46277777777777779     
        1145   1.5555555555555555E-002
        1146  0.32500000000000001     
        1147  0.16055555555555556     
        1148  0.20499999999999999     
        1149  0.18277777777777779     
        1150  0.27833333333333332     
        1151  0.22444444444444445     
        1152  0.28222222222222221     
        1153  0.17999999999999999     
        1154  0.44555555555555554     
        1155   8.6666666666666670E-002
        1156   9.8888888888888887E-002
        1157   3.5000000000000003E-002
        1158  0.21444444444444444     
        1159   3.8888888888888890E-002
        1160  0.21388888888888888     
        1161   3.7777777777777778E-002
        1162  0.10833333333333334     
        1163  0.11222222222222222     
        1164  0.18055555555555555     
        1165  0.40888888888888891     
        1166   3.8888888888888888E-003
        1167   3.1666666666666669E-002
        1168  0.15166666666666667     
        1169   6.2222222222222220E-002
        1170  0.16777777777777778     
        1171   5.1666666666666666E-002
        1172   1.5555555555555555E-002
        1173  0.34166666666666667     
        1174  0.33777777777777779     
        1175  0.17999999999999999     
        1176  0.49500000000000000     
        1177  0.43888888888888888     
        1178  0.32500000000000001     
        1179   1.0000000000000000E-002
        1180   1.9444444444444445E-002
        1181  0.14722222222222223     
        1182  0.11277777777777778     
        1183  0.40111111111111108     
        1184   2.4444444444444446E-002
        1185  0.35499999999999998     
        1186  0.33888888888888891     
        1187  0.21722222222222223     
        1188  0.34222222222222221     
        1189  0.28388888888888891     
        1190  0.31333333333333335     
        1191   3.2777777777777781E-002
        1192   1.1111111111111111E-003
        1193  0.13388888888888889     
        1194   5.3333333333333337E-002
        1195  0.40666666666666668     
        1196  0.14333333333333334     
        1197  0.23999999999999999     
        1198   3.8333333333333330E-002
        1199  0.17666666666666667     
        1200   7.2222222222222219E-003
        1201  0.18055555555555555     
        1202  0.16500000000000001     
        1203   1.1111111111111112E-002
        1204  0.23000000000000001     
        1205  0.41888888888888887     
        1206  0.19277777777777777     
        1207  0.20722222222222222     
        1208  0.18222222222222223     
        1209  0.42111111111111110     
        1210  0.20888888888888890     
        1211  0.24833333333333332     
        1212  0.37166666666666665     
        1213  0.33722222222222220     
        1214  0.35333333333333333     
        1215  0.48111111111111110     
        1216  0.10277777777777777     
        1217  0.16611111111111110     
        1218  0.26666666666666666     
        1219  0.33111111111111113     
        1220  0.10555555555555556     
        1221   8.8888888888888892E-002
        1222  0.35055555555555556     
        1223   4.9444444444444444E-002
        1224  0.14944444444444444     
        1225  0.12500000000000000     
        1226  0.36111111111111110     
        1227  0.54888888888888887     
        1228  0.43500000000000000     
        1229  0.35777777777777775     
        1230   1.6666666666666668E-003
        1231  0.18333333333333332     
        1232  0.18555555555555556     
        1233   9.2222222222222219E-002
        1234  0.23499999999999999     
        1235  0.38222222222222224     
        1236  0.14833333333333334     
        1237  0.40444444444444444     
        1238  0.17055555555555554     
        1239   5.6111111111111112E-002
        1240  0.10833333333333334     
        1241  0.59333333333333338     
        1242  0.15722222222222224     
        1243   9.7777777777777783E-002
        1244  0.36555555555555558     
        1245  0.17777777777777778     
        1246  0.32722222222222225     
        1247   1.6666666666666666E-002
        1248  0.17333333333333334     
        1249   6.3333333333333339E-002
        1250  0.32388888888888889     
        1251  0.31944444444444442     
        1252   6.7777777777777784E-002
        1253  0.47777777777777780     
        1254  0.13666666666666666     
        1255  0.10611111111111111     
        1256   9.1666666666666660E-002
        1257  0.11555555555555555     
        1258   7.7777777777777779E-002
        1259  0.39277777777777778     
        1260  0.36055555555555557     
        1261  0.19444444444444445     
        1262  0.12500000000000000     
        1263  0.33722222222222220     
        1264   9.4444444444444445E-003
        1265  0.23555555555555555     
        1266  0.13000000000000000     
        1267  0.39666666666666667     
        1268  0.12777777777777777     
        1269  0.14833333333333334     
        1270  0.21944444444444444     
        1271   7.6111111111111115E-002
        1272  0.32777777777777778     
        1273  0.10833333333333334     
        1274  0.19833333333333333     
        1275  0.23999999999999999     
        1276  0.35833333333333334     
        1277   2.7222222222222221E-002
        1278  0.46444444444444444     
        1279  0.19944444444444445     
        1280   4.8888888888888891E-002
        1281  0.23944444444444443     
        1282   3.3333333333333335E-003
        1283   7.4999999999999997E-002
        1284   2.6111111111111113E-002
        1285  0.37388888888888888     
        1286   7.3888888888888893E-002
        1287   7.8888888888888883E-002
        1288   1.7777777777777778E-002
        1289  0.34444444444444444     
        1290   9.5555555555555560E-002
        1291   8.8888888888888892E-002
        1292   2.5555555555555557E-002
        1293  0.15555555555555556     
        1294  0.24500000000000000     
        1295  0.11166666666666666     
        1296  0.24888888888888888     
        1297   2.0000000000000000E-002
        1298   2.0555555555555556E-002
        1299  0.17611111111111111     
        1300  0.12888888888888889     
        1301  0.28833333333333333     
        1302   2.0555555555555556E-002
        1303  0.54222222222222227     
        1304  0.33333333333333331     
        1305  0.30666666666666664     
        1306   8.6666666666666670E-002
        1307   7.5555555555555556E-002
        1308   9.4444444444444442E-002
        1309  0.19333333333333333     
        1310   2.1666666666666667E-002
        1311  0.19055555555555556     
        1312  0.14000000000000001     
        1313  0.21555555555555556     
        1314   1.0000000000000000E-002
        1315  0.15666666666666668     
        1316  0.31111111111111112     
        1317  0.20111111111111110     
        1318  0.44166666666666665     
        1319  0.19444444444444445     
        1320  0.37333333333333335     
        1321  0.29277777777777780     
        1322  0.34055555555555556     
        1323  0.12777777777777777     
        1324  0.23388888888888890     
        1325  0.16222222222222221     
        1326  0.20388888888888890     
        1327  0.22777777777777777     
        1328   5.9444444444444446E-002
        1329  0.21666666666666667     
        1330  0.34111111111111109     
        1331  0.16666666666666666     
        1332  0.15888888888888889     
        1333  0.28666666666666668     
        1334  0.16722222222222222     
        1335  0.11833333333333333     
        1336   1.0555555555555556E-002
        1337  0.23611111111111110     
        1338  0.53388888888888886     
        1339  0.19333333333333333     
        1340   5.1666666666666666E-002
        1341  0.26944444444444443     
        1342   4.9444444444444444E-002
        1343  0.24111111111111111     
        1344  0.14555555555555555     
        1345  0.28055555555555556     
        1346  0.13111111111111112     
        1347  0.29888888888888887     
        1348  0.34000000000000002     
        1349  0.34666666666666668     
        1350   4.9444444444444444E-002
        1351  0.13666666666666666     
        1352   7.0555555555555552E-002
        1353  0.33777777777777779     
        1354  0.41666666666666669     
        1355  0.24388888888888888     
        1356  0.11777777777777777     
        1357  0.43333333333333335     
        1358   4.0555555555555553E-002
        1359  0.40722222222222221     
        1360  0.12055555555555555     
        1361  0.11333333333333333     
        1362   1.2222222222222223E-002
        1363   8.8888888888888892E-002
        1364  0.13833333333333334     
        1365  0.40333333333333332     
        1366  0.19055555555555556     
        1367   7.3333333333333334E-002
        1368  0.23611111111111110     
        1369  0.39944444444444444     
        1370   1.6666666666666666E-002
        1371  0.28499999999999998     
        1372  0.27833333333333332     
        1373   4.9444444444444444E-002
        1374  0.18222222222222223     
        1375  0.19111111111111112     
        1376  0.45833333333333331     
        1377  0.29555555555555557     
        1378  0.26500000000000001     
        1379  0.24722222222222223     
        1380  0.36111111111111110     
        1381  0.36888888888888888     
        1382  0.30111111111111111     
        1383   1.3333333333333334E-002
        1384   1.0000000000000000E-002
        1385   4.4999999999999998E-002
        1386  0.13166666666666665     
        1387  0.40611111111111109     
        1388  0.37222222222222223     
        1389  0.15222222222222223     
        1390   2.5555555555555557E-002
        1391   1.4999999999999999E-002
        1392   9.8333333333333328E-002
        1393  0.18611111111111112     
        1394   1.4999999999999999E-002
        1395  0.31888888888888889     
        1396   3.1666666666666669E-002
        1397  0.16444444444444445     
        1398  0.30833333333333335     
        1399  0.21388888888888888     
        1400   2.9444444444444443E-002
        1401   5.1111111111111114E-002
        1402   5.2777777777777778E-002
        1403   9.6111111111111105E-002
        1404  0.32777777777777778     
        1405   9.4444444444444445E-003
        1406  0.27166666666666667     
        1407  0.13388888888888889     
        1408   3.5000000000000003E-002
        1409  0.34277777777777779     
        1410  0.31888888888888889     
        1411   3.8888888888888890E-002
        1412   3.2777777777777781E-002
        1413  0.32055555555555554     
        1414  0.29111111111111110     
        1415   6.1111111111111109E-002
        1416  0.15111111111111111     
        1417  0.21666666666666667     
        1418  0.25722222222222224     
        1419   5.0555555555555555E-002
        1420  0.10277777777777777     
        1421  0.29277777777777780     
        1422  0.19611111111111112     
        1423   7.4444444444444438E-002
        1424  0.45777777777777778     
        1425  0.24666666666666667     
        1426  0.26666666666666666     
        1427  0.10222222222222223     
        1428  0.23499999999999999     
        1429   2.8888888888888888E-002
        1430  0.14333333333333334     
        1431  0.14722222222222223     
        1432  0.38500000000000001     
        1433   2.9444444444444443E-002
        1434   2.1111111111111112E-002
        1435   6.5000000000000002E-002
        1436  0.27444444444444444     
        1437   8.3333333333333332E-003
        1438  0.21777777777777776     
        1439  0.18444444444444444     
        1440  0.23000000000000001     
        1441  0.15388888888888888     
        1442   8.1666666666666665E-002
        1443  0.19111111111111112     
        1444  0.10666666666666667     
        1445   7.3888888888888893E-002
        1446  0.24222222222222223     
        1447  0.32722222222222225     
        1448  0.49611111111111111     
        1449  0.46500000000000002     
        1450   4.4444444444444444E-003
        1451  0.15722222222222224     
        1452  0.22888888888888889     
        1453  0.17444444444444446     
        1454  0.17555555555555555     
        1455  0.14555555555555555     
        1456  0.26944444444444443     
        1457   5.4444444444444441E-002
        1458   8.3888888888888888E-002
        1459  0.21222222222222223     
        1460  0.42277777777777775     
        1461   7.4444444444444438E-002
        1462  0.28499999999999998     
        1463  0.16388888888888889     
        1464  0.33611111111111114     
        1465  0.24777777777777779     
        1466  0.17611111111111111     
        1467  0.25500000000000000     
        1468  0.10666666666666667     
        1469   8.5000000000000006E-002
        1470   1.8333333333333333E-002
        1471  0.30777777777777776     
        1472  0.23333333333333334     
        1473  0.24611111111111111     
        1474  0.20000000000000001     
        1475  0.28055555555555556     
        1476  0.12611111111111112     
        1477  0.13277777777777777     
        1478  0.10833333333333334     
        1479  0.25944444444444442     
        1480  0.21166666666666667     
        1481   7.2777777777777775E-002
        1482  0.14555555555555555     
        1483  0.20999999999999999     
        1484  0.18944444444444444     
        1485  0.24555555555555555     
        1486  0.19388888888888889     
        1487  0.62388888888888894     
        1488   7.8333333333333338E-002
        1489  0.19611111111111112     
        1490  0.30111111111111111     
        1491   7.3888888888888893E-002
        1492  0.31500000000000000     
        1493   1.1666666666666667E-002
        1494  0.19055555555555556     
        1495   2.8888888888888888E-002
        1496   9.7222222222222224E-002
        1497   2.5555555555555557E-002
        1498  0.22722222222222221     
        1499  0.22277777777777777     
        1500   8.8888888888888892E-002
        1501  0.31555555555555553     
        1502  0.10333333333333333     
        1503  0.17999999999999999     
        1504   6.3888888888888884E-002
        1505  0.39277777777777778     
        1506   8.5000000000000006E-002
        1507  0.17055555555555554     
        1508  0.34555555555555556     
        1509  0.14777777777777779     
        1510  0.30055555555555558     
        1511  0.38555555555555554     
        1512  0.34555555555555556     
        1513  0.24333333333333335     
        1514   9.1666666666666660E-002
        1515  0.38555555555555554     
        1516   7.2222222222222215E-002
        1517  0.41111111111111109     
        1518  0.47333333333333333     
        1519   4.0555555555555553E-002
        1520  0.20944444444444443     
        1521  0.32333333333333331     
        1522  0.20999999999999999     
        1523  0.35333333333333333     
        1524  0.39111111111111113     
        1525  0.23055555555555557     
        1526  0.32222222222222224     
        1527   3.1666666666666669E-002
        1528   9.8888888888888887E-002
        1529  0.27222222222222220     
        1530  0.17166666666666666     
        1531   6.3888888888888884E-002
        1532   7.4444444444444438E-002
        1533   2.1111111111111112E-002
        1534  0.14166666666666666     
        1535   9.6111111111111105E-002
        1536  0.18777777777777777     
        1537   2.2222222222222222E-003
        1538  0.11611111111111111     
        1539  0.15777777777777777     
        1540  0.19777777777777777     
        1541   7.9444444444444443E-002
        1542  0.11111111111111110     
        1543   6.6111111111111107E-002
        1544  0.42055555555555557     
        1545   8.3333333333333332E-003
        1546  0.34166666666666667     
        1547  0.47277777777777780     
        1548  0.32722222222222225     
        1549   9.6111111111111105E-002
        1550  0.26666666666666666     
        1551  0.22611111111111112     
        1552  0.12166666666666667     
        1553  0.20444444444444446     
        1554   8.9444444444444438E-002
        1555  0.25555555555555554     
        1556   6.2777777777777780E-002
        1557  0.46333333333333332     
        1558  0.16277777777777777     
        1559   9.1111111111111115E-002
        1560   9.3333333333333338E-002
        1561  0.35999999999999999     
        1562  0.11000000000000000     
        1563  0.13888888888888890     
        1564   5.7777777777777775E-002
        1565  0.19277777777777777     
        1566  0.26888888888888890     
        1567   4.4444444444444444E-003
        1568  0.31222222222222223     
        1569   2.0000000000000000E-002
        1570   3.8888888888888888E-003
        1571  0.18111111111111111     
        1572  0.14666666666666667     
        1573  0.21777777777777776     
        1574   3.5555555555555556E-002
        1575   6.7777777777777784E-002
        1576  0.15777777777777777     
        1577   7.6666666666666661E-002
        1578   5.5000000000000000E-002
        1579  0.11555555555555555     
        1580  0.19722222222222222     
        1581   2.2222222222222223E-002
        1582   9.4444444444444445E-003
        1583   3.7777777777777778E-002
        1584  0.34444444444444444     
        1585  0.43666666666666665     
        1586  0.15333333333333332     
        1587  0.18277777777777779     
        1588  0.33611111111111114     
        1589  0.11888888888888889     
        1590  0.16944444444444445     
        1591  0.43444444444444447     
        1592   4.6666666666666669E-002
        1593   2.8333333333333332E-002
        1594  0.31333333333333335     
        1595  0.10388888888888889     
        1596  0.38055555555555554     
        1597  0.21833333333333332     
        1598  0.28388888888888891     
        1599   6.9444444444444448E-002
        1600   7.2222222222222219E-003
        1601  0.10166666666666667     
        1602  0.19944444444444445     
        1603  0.11888888888888889     
        1604   9.3888888888888883E-002
        1605  0.13944444444444445     
        1606  0.10000000000000001     
        1607   9.6111111111111105E-002
        1608  0.15722222222222224     
        1609  0.25833333333333336     
        1610  0.14055555555555554     
        1611  0.32666666666666666     
        1612   9.0555555555555556E-002
        1613  0.20999999999999999     
        1614  0.19000000000000000     
        1615   2.3888888888888890E-002
        1616   5.7777777777777775E-002
        1617  0.12388888888888890     
        1618  0.34333333333333332     
        1619  0.12333333333333334     
        1620  0.23888888888888890     
        1621  0.36555555555555558     
        1622  0.35499999999999998     
        1623  0.10666666666666667     
        1624  0.18444444444444444     
        1625  0.16833333333333333     
        1626   8.8333333333333333E-002
        1627  0.13944444444444445     
        1628  0.24333333333333335     
        1629  0.30499999999999999     
        1630  0.32722222222222225     
        1631   2.0555555555555556E-002
        1632  0.15555555555555556     
        1633  0.10166666666666667     
        1634  0.22055555555555556     
        1635  0.17388888888888890     
        1636   9.9444444444444446E-002
        1637   2.5000000000000001E-002
        1638   7.8888888888888883E-002
        1639  0.20388888888888890     
        1640  0.28166666666666668     
        1641  0.19888888888888889     
        1642  0.42222222222222222     
        1643   9.8888888888888887E-002
        1644  0.27500000000000002     
        1645  0.30166666666666669     
        1646  0.11388888888888889     
        1647  0.27222222222222220     
        1648  0.31555555555555553     
        1649  0.34111111111111109     
        1650  0.38277777777777777     
        1651  0.16388888888888889     
        1652   7.8888888888888883E-002
        1653   2.2777777777777779E-002
        1654  0.10166666666666667     
        1655   7.6666666666666661E-002
        1656  0.41888888888888887     
        1657  0.35111111111111110     
        1658  0.36277777777777775     
        1659  0.58611111111111114     
        1660  0.40888888888888891     
        1661  0.20999999999999999     
        1662  0.45777777777777778     
        1663  0.14333333333333334     
        1664  0.13000000000000000     
        1665  0.17222222222222222     
        1666  0.23666666666666666     
        1667  0.21722222222222223     
        1668   7.2222222222222219E-003
        1669  0.10166666666666667     
        1670   2.6666666666666668E-002
        1671  0.41277777777777780     
        1672   8.1111111111111106E-002
        1673  0.14833333333333334     
        1674   3.2777777777777781E-002
        1675   2.5555555555555557E-002
        1676  0.33611111111111114     
        1677   9.1666666666666660E-002
        1678  0.21166666666666667     
        1679  0.31555555555555553     
        1680   2.0000000000000000E-002
        1681  0.28499999999999998     
        1682  0.15388888888888888     
        1683   6.3888888888888884E-002
        1684   1.6666666666666668E-003
        1685  0.14277777777777778     
        1686  0.14555555555555555     
        1687  0.18944444444444444     
        1688  0.38166666666666665     
        1689   2.1111111111111112E-002
        1690  0.27611111111111108     
        1691  0.23277777777777778     
        1692  0.37611111111111112     
        1693   6.4444444444444443E-002
        1694   2.9444444444444443E-002
        1695  0.26777777777777778     
        1696  0.26166666666666666     
        1697  0.10055555555555555     
        1698  0.24500000000000000     
        1699   7.0000000000000007E-002
        1700  0.16666666666666666     
        1701  0.11277777777777778     
        1702  0.55111111111111111     
        1703   1.1666666666666667E-002
        1704  0.23000000000000001     
        1705  0.12222222222222222     
        1706  0.24277777777777779     
        1707  0.22000000000000000     
        1708  0.12500000000000000     
        1709  0.12111111111111111     
        1710  0.24888888888888888     
        1711   9.7222222222222224E-002
        1712   1.1666666666666667E-002
        1713   4.1666666666666664E-002
        1714  0.18222222222222223     
        1715  0.12722222222222221     
        1716  0.14277777777777778     
        1717   3.4444444444444444E-002
        1718  0.15388888888888888     
        1719  0.53222222222222226     
        1720   5.9999999999999998E-002
        1721   3.9444444444444442E-002
        1722   7.9444444444444443E-002
        1723   7.7222222222222220E-002
        1724  0.24111111111111111     
        1725   7.1666666666666670E-002
        1726  0.26944444444444443     
        1727   9.6666666666666665E-002
        1728   7.0000000000000007E-002
        1729  0.23888888888888890     
        1730  0.26277777777777778     
        1731   4.6666666666666669E-002
        1732  0.30388888888888888     
        1733  0.24611111111111111     
        1734  0.16166666666666665     
        1735  0.41499999999999998     
        1736  0.32666666666666666     
        1737  0.23111111111111110     
        1738   8.3888888888888888E-002
        1739   1.8888888888888889E-002
        1740  0.30666666666666664     
        1741  0.23277777777777778     
        1742  0.22500000000000001     
        1743  0.22111111111111112     
        1744  0.52666666666666662     
        1745   4.7222222222222221E-002
        1746  0.34499999999999997     
        1747  0.33555555555555555     
        1748  0.38388888888888889     
        1749   8.6111111111111110E-002
        1750  0.39111111111111113     
        1751  0.35333333333333333     
        1752   4.5555555555555557E-002
        1753  0.16833333333333333     
        1754  0.33333333333333331     
        1755   5.9999999999999998E-002
        1756  0.12833333333333333     
        1757  0.14555555555555555     
        1758  0.44388888888888889     
        1759   7.3333333333333334E-002
        1760   9.1666666666666660E-002
        1761  0.11666666666666667     
        1762  0.35388888888888886     
        1763  0.23166666666666666     
        1764  0.36111111111111110     
        1765   9.6111111111111105E-002
        1766  0.28944444444444445     
        1767  0.28944444444444445     
        1768   9.1666666666666660E-002
        1769   6.1666666666666668E-002
        1770  0.15611111111111112     
        1771   1.7222222222222222E-002
        1772  0.32944444444444443     
        1773   4.0000000000000001E-002
        1774  0.15722222222222224     
        1775  0.25722222222222224     
        1776   5.5000000000000000E-002
        1777   3.2777777777777781E-002
        1778   1.1666666666666667E-002
        1779  0.29388888888888887     
        1780  0.13888888888888890     
        1781  0.16277777777777777     
        1782   6.3333333333333339E-002
        1783   5.7777777777777775E-002
        1784   7.3333333333333334E-002
        1785  0.14999999999999999     
        1786  0.32833333333333331     
        1787  0.14611111111111111     
        1788  0.24722222222222223     
        1789   3.6666666666666667E-002
        1790  0.28055555555555556     
        1791  0.13777777777777778     
        1792  0.18333333333333332     
        1793  0.47722222222222221     
        1794   3.2777777777777781E-002
        1795  0.11111111111111110     
        1796  0.32333333333333331     
        1797  0.17499999999999999     
        1798   3.3888888888888892E-002
        1799  0.40666666666666668     
        1800  0.28111111111111109     
        1801   1.4999999999999999E-002
        1802   1.1111111111111111E-003
        1803   5.5000000000000000E-002
        1804   1.4444444444444444E-002
        1805  0.42722222222222223     
        1806  0.16777777777777778     
        1807  0.18833333333333332     
        1808  0.22000000000000000     
        1809   9.3888888888888883E-002
        1810   6.6111111111111107E-002
        1811   2.4444444444444446E-002
        1812  0.27111111111111114     
        1813   7.3888888888888893E-002
        1814   5.5000000000000000E-002
        1815   4.9444444444444444E-002
        1816  0.36222222222222222     
        1817  0.29777777777777775     
        1818  0.34999999999999998     
        1819  0.21611111111111111     
        1820  0.35722222222222222     
        1821  0.13111111111111112     
        1822  0.39444444444444443     
        1823  0.25944444444444442     
        1824  0.18277777777777779     
        1825  0.28166666666666668     
        1826   3.3333333333333335E-003
        1827   7.5555555555555556E-002
        1828  0.23777777777777778     
        1829  0.26111111111111113     
        1830  0.15944444444444444     
        1831  0.22777777777777777     
        1832   7.1111111111111111E-002
        1833  0.18888888888888888     
        1834  0.20833333333333334     
        1835  0.23722222222222222     
        1836   2.7777777777777776E-002
        1837  0.19944444444444445     
        1838  0.23611111111111110     
        1839   8.9444444444444438E-002
        1840  0.11444444444444445     
        1841   6.2222222222222220E-002
        1842   1.4999999999999999E-002
        1843   2.8333333333333332E-002
        1844  0.10222222222222223     
        1845  0.16722222222222222     
        1846  0.29499999999999998     
        1847   5.0555555555555555E-002
        1848  0.35555555555555557     
        1849  0.12555555555555556     
        1850  0.17611111111111111     
        1851  0.37500000000000000     
        1852   8.8888888888888889E-003
        1853  0.14277777777777778     
        1854   2.1666666666666667E-002
        1855  0.23222222222222222     
        1856  0.22833333333333333     
        1857   5.9999999999999998E-002
        1858  0.11055555555555556     
        1859   4.9444444444444444E-002
        1860  0.30333333333333334     
        1861  0.25222222222222224     
        1862  0.37055555555555558     
        1863  0.36222222222222222     
        1864  0.30388888888888888     
        1865   7.8888888888888883E-002
        1866  0.44888888888888889     
        1867  0.37777777777777777     
        1868   7.1666666666666670E-002
        1869  0.13222222222222221     
        1870  0.20611111111111111     
        1871   1.1666666666666667E-002
        1872   1.5555555555555555E-002
        1873   8.0555555555555561E-002
        1874  0.46111111111111114     
        1875  0.21833333333333332     
        1876   5.8888888888888886E-002
        1877  0.14111111111111110     
        1878  0.33388888888888890     
        1879  0.21277777777777779     
        1880   2.3333333333333334E-002
        1881  0.23388888888888890     
        1882   1.5555555555555555E-002
        1883  0.43722222222222223     
        1884  0.11000000000000000     
        1885   7.6111111111111115E-002
        1886   4.4444444444444446E-002
        1887  0.17555555555555555     
        1888  0.34388888888888891     
        1889  0.16777777777777778     
        1890   8.1666666666666665E-002
        1891  0.17888888888888888     
        1892   1.7222222222222222E-002
        1893  0.21944444444444444     
        1894   5.7777777777777775E-002
        1895  0.28222222222222221     
        1896  0.35333333333333333     
        1897   5.9999999999999998E-002
        1898  0.23166666666666666     
        1899  0.49777777777777776     
        1900  0.29888888888888887     
        1901  0.40500000000000003     
        1902   2.2222222222222222E-003
        1903   7.7777777777777779E-002
        1904  0.22055555555555556     
        1905  0.25388888888888889     
        1906   6.7777777777777784E-002
        1907  0.22388888888888889     
        1908  0.30222222222222223     
        1909  0.10277777777777777     
        1910   3.5000000000000003E-002
        1911   1.1111111111111112E-002
        1912  0.23277777777777778     
        1913  0.12944444444444445     
        1914  0.28833333333333333     
        1915  0.15388888888888888     
        1916  0.22222222222222221     
        1917  0.39888888888888890     
        1918  0.10666666666666667     
        1919   5.5555555555555552E-002
        1920  0.36722222222222223     
        1921  0.14888888888888888     
        1922  0.19055555555555556     
        1923  0.12611111111111112     
        1924  0.19944444444444445     
        1925  0.14222222222222222     
        1926  0.53055555555555556     
        1927   1.0555555555555556E-002
        1928  0.27888888888888891     
        1929   6.7222222222222225E-002
        1930   9.4444444444444442E-002
        1931  0.35388888888888886     
        1932  0.24277777777777779     
        1933  0.21388888888888888     
        1934  0.33500000000000002     
        1935   7.5555555555555556E-002
        1936   8.3333333333333329E-002
        1937  0.15722222222222224     
        1938   3.2222222222222222E-002
        1939  0.25888888888888889     
        1940  0.20166666666666666     
        1941  0.19222222222222221     
        1942  0.12055555555555555     
        1943  0.19722222222222222     
        1944  0.42333333333333334     
        1945  0.15888888888888889     
        1946  0.24055555555555555     
        1947   8.3333333333333332E-003
        1948   4.1666666666666664E-002
        1949  0.30944444444444447     
        1950   3.7222222222222219E-002
        1951   9.8333333333333328E-002
        1952  0.15833333333333333     
        1953   7.2222222222222215E-002
        1954  0.16888888888888889     
        1955  0.17888888888888888     
        1956  0.23888888888888890     
        1957  0.16555555555555557     
        1958  0.17388888888888890     
        1959  0.17000000000000001     
        1960  0.14111111111111110     
        1961   3.3333333333333333E-002
        1962   8.8888888888888892E-002
        1963   3.6666666666666667E-002
        1964  0.51555555555555554     
        1965  0.12000000000000000     
        1966  0.10166666666666667     
        1967  0.10888888888888888     
        1968  0.20888888888888890     
        1969   9.5555555555555560E-002
        1970   8.3333333333333332E-003
        1971  0.47333333333333333     
        1972  0.63666666666666671     
        1973   9.4444444444444445E-003
        1974  0.15277777777777779     
        1975  0.12500000000000000     
        1976  0.11388888888888889     
        1977  0.18388888888888888     
        1978  0.16222222222222221     
        1979  0.17277777777777778     
        1980  0.35166666666666668     
        1981  0.18333333333333332     
        1982  0.24722222222222223     
        1983  0.16388888888888889     
        1984  0.12666666666666668     
        1985  0.32944444444444443     
        1986  0.47666666666666668     
        1987   1.7777777777777778E-002
        1988  0.41555555555555557     
        1989  0.16388888888888889     
        1990  0.15722222222222224     
        1991   1.0000000000000000E-002
        1992  0.40444444444444444     
        1993  0.22666666666666666     
        1994   5.6666666666666664E-002
        1995  0.38111111111111112     
        1996   2.3333333333333334E-002
        1997   1.0555555555555556E-002
        1998   8.5000000000000006E-002
        1999  0.29888888888888887     
        2000  0.21500000000000000     
