           1   2.5000000000000001E-002
           2   1.4999999999999999E-002
           3   5.1666666666666666E-002
           4   4.1111111111111112E-002
           5   8.3333333333333332E-003
           6   2.5000000000000001E-002
           7   8.1111111111111106E-002
           8   1.4444444444444444E-002
           9   4.3333333333333335E-002
          10   4.5555555555555557E-002
          11   3.2777777777777781E-002
          12   2.7222222222222221E-002
          13   7.7777777777777779E-002
          14   5.5555555555555556E-004
          15   6.1111111111111114E-003
          16   1.7222222222222222E-002
          17   4.4444444444444446E-002
          18   4.0000000000000001E-002
          19   4.7777777777777780E-002
          20   7.2222222222222219E-003
          21   5.8333333333333334E-002
          22   1.4999999999999999E-002
          23   2.9444444444444443E-002
          24   3.6666666666666667E-002
          25   7.2222222222222215E-002
          26  0.11333333333333333     
          27   1.2222222222222223E-002
          28   3.2777777777777781E-002
          29   8.2222222222222224E-002
          30   1.8333333333333333E-002
          31   6.1111111111111114E-003
          32   2.8888888888888888E-002
          33   1.8888888888888889E-002
          34   5.5555555555555552E-002
          35   1.0555555555555556E-002
          36   6.6666666666666666E-002
          37   2.7777777777777779E-003
          38   5.8333333333333334E-002
          39   2.8333333333333332E-002
          40   6.1111111111111114E-003
          41   2.5555555555555557E-002
          42   3.6666666666666667E-002
          43   4.9444444444444444E-002
          44   7.2222222222222215E-002
          45   2.4444444444444446E-002
          46   4.4444444444444444E-003
          47   1.0555555555555556E-002
          48  0.12111111111111111     
          49   1.4999999999999999E-002
          50   4.2222222222222223E-002
          51   8.8888888888888889E-003
          52   1.1666666666666667E-002
          53   8.8888888888888889E-003
          54   3.6111111111111108E-002
          55   4.8333333333333332E-002
          56   4.5555555555555557E-002
          57   1.1111111111111112E-002
          58   3.9444444444444442E-002
          59   1.8888888888888889E-002
          60   5.1666666666666666E-002
          61   9.1111111111111115E-002
          62   3.3333333333333333E-002
          63   4.4444444444444446E-002
          64   5.8888888888888886E-002
          65   4.4444444444444444E-003
          66   1.1666666666666667E-002
          67   5.1111111111111114E-002
          68   2.3888888888888890E-002
          69   1.2222222222222223E-002
          70   5.1111111111111114E-002
          71   3.6111111111111108E-002
          72   1.6666666666666666E-002
          73   6.6666666666666671E-003
          74   5.7222222222222223E-002
          75   4.5555555555555557E-002
          76   6.1111111111111114E-003
          77   4.8333333333333332E-002
          78   2.0555555555555556E-002
          79  0.10888888888888888     
          80  0.10333333333333333     
          81   6.7222222222222225E-002
          82   3.1111111111111110E-002
          83   1.3888888888888888E-002
          84   1.6666666666666666E-002
          85   1.4444444444444444E-002
          86   7.3333333333333334E-002
          87   5.5555555555555556E-004
          88   1.9444444444444445E-002
          89   1.4444444444444444E-002
          90   4.3888888888888887E-002
          91   6.2777777777777780E-002
          92   1.9444444444444445E-002
          93   2.2777777777777779E-002
          94   8.9444444444444438E-002
          95   3.8888888888888890E-002
          96   8.5555555555555551E-002
          97   1.3888888888888888E-002
          98   5.5555555555555558E-003
          99   1.1666666666666667E-002
         100   2.8333333333333332E-002
         101   5.9444444444444446E-002
         102   1.1111111111111111E-003
         103   7.3333333333333334E-002
         104   2.9999999999999999E-002
         105   2.2222222222222223E-002
         106   1.4999999999999999E-002
         107   3.0555555555555555E-002
         108   1.2777777777777779E-002
         109   2.5000000000000001E-002
         110   3.6111111111111108E-002
         111   1.0000000000000000E-002
         112   2.3888888888888890E-002
         113   4.2777777777777776E-002
         114   2.5000000000000001E-002
         115   5.6111111111111112E-002
         116   4.9444444444444444E-002
         117   2.6666666666666668E-002
         118   5.0000000000000003E-002
         119   4.9444444444444444E-002
         120   2.5555555555555557E-002
         121   6.6111111111111107E-002
         122   2.5555555555555557E-002
         123   9.4444444444444445E-003
         124   3.5555555555555556E-002
         125   1.4999999999999999E-002
         126   6.1111111111111109E-002
         127   6.1111111111111114E-003
         128   8.1666666666666665E-002
         129   1.1111111111111111E-003
         130   9.3888888888888883E-002
         131   1.0000000000000000E-002
         132   2.9999999999999999E-002
         133   1.8333333333333333E-002
         134   2.0555555555555556E-002
         135   3.8888888888888888E-003
         136   2.5000000000000001E-002
         137   7.6111111111111115E-002
         138   1.6666666666666666E-002
         139   5.6666666666666664E-002
         140   5.5555555555555558E-003
         141   2.9444444444444443E-002
         142   3.8888888888888888E-003
         143   2.5555555555555557E-002
         144   1.3333333333333334E-002
         145   1.8333333333333333E-002
         146   2.0555555555555556E-002
         147   5.0555555555555555E-002
         148   5.2777777777777778E-002
         149   3.8333333333333330E-002
         150   1.4444444444444444E-002
         151   4.4999999999999998E-002
         152   3.4444444444444444E-002
         153   1.7222222222222222E-002
         154   6.2777777777777780E-002
         155   2.7222222222222221E-002
         156   2.8333333333333332E-002
         157   2.5555555555555557E-002
         158   3.9444444444444442E-002
         159  0.12833333333333333     
         160   7.4444444444444438E-002
         161   3.0555555555555555E-002
         162   5.0000000000000003E-002
         163   2.7777777777777776E-002
         164   8.6666666666666670E-002
         165   6.2222222222222220E-002
         166   7.8888888888888883E-002
         167   1.2222222222222223E-002
         168   9.5555555555555560E-002
         169   7.2222222222222215E-002
         170  0.12833333333333333     
         171   3.3333333333333333E-002
         172   9.4444444444444442E-002
         173   8.8888888888888889E-003
         174   5.2777777777777778E-002
         175   2.3888888888888890E-002
         176   7.2222222222222219E-003
         177   5.9999999999999998E-002
         178   1.0555555555555556E-002
         179   9.1111111111111115E-002
         180  0.10777777777777778     
         181   5.5555555555555558E-003
         182   1.0555555555555556E-002
         183   3.8888888888888890E-002
         184  0.13000000000000000     
         185  0.10333333333333333     
         186   1.7777777777777778E-002
         187   2.6111111111111113E-002
         188   6.8333333333333329E-002
         189   2.1111111111111112E-002
         190   2.1111111111111112E-002
         191   5.2222222222222225E-002
         192   5.7777777777777775E-002
         193   7.3333333333333334E-002
         194   8.8888888888888889E-003
         195   9.4444444444444445E-003
         196   1.8888888888888889E-002
         197   4.6111111111111110E-002
         198   5.6666666666666664E-002
         199   1.8333333333333333E-002
         200   2.2777777777777779E-002
         201   2.2222222222222223E-002
         202   3.2777777777777781E-002
         203   4.9444444444444444E-002
         204   2.4444444444444446E-002
         205   9.6111111111111105E-002
         206   7.2222222222222215E-002
         207   7.2777777777777775E-002
         208   7.0555555555555552E-002
         209   9.1111111111111115E-002
         210   8.8888888888888892E-002
         211   7.3888888888888893E-002
         212   4.0000000000000001E-002
         213   6.6111111111111107E-002
         214   1.2777777777777779E-002
         215   2.6111111111111113E-002
         216   0.0000000000000000     
         217   3.3888888888888892E-002
         218  0.10500000000000000     
         219  0.11500000000000000     
         220   7.8888888888888883E-002
         221   7.2222222222222215E-002
         222   6.1111111111111114E-003
         223   2.1666666666666667E-002
         224   1.5555555555555555E-002
         225   6.3888888888888884E-002
         226   3.8888888888888890E-002
         227   3.8888888888888890E-002
         228   6.4444444444444443E-002
         229   8.7777777777777774E-002
         230   6.1111111111111109E-002
         231   7.1111111111111111E-002
         232   3.1111111111111110E-002
         233   7.8888888888888883E-002
         234   6.7777777777777784E-002
         235  0.13833333333333334     
         236  0.10277777777777777     
         237   3.2222222222222222E-002
         238   4.0000000000000001E-002
         239   2.8333333333333332E-002
         240   3.3333333333333333E-002
         241   3.3888888888888892E-002
         242   1.2222222222222223E-002
         243   2.9999999999999999E-002
         244   7.7777777777777776E-003
         245   5.0000000000000001E-003
         246   9.5000000000000001E-002
         247   1.3888888888888888E-002
         248   5.8888888888888886E-002
         249   4.8333333333333332E-002
         250  0.10833333333333334     
         251   8.8888888888888889E-003
         252   1.7222222222222222E-002
         253   6.6666666666666666E-002
         254   4.1666666666666664E-002
         255   5.3333333333333337E-002
         256   5.1111111111111114E-002
         257   6.8333333333333329E-002
         258   1.7222222222222222E-002
         259   1.5555555555555555E-002
         260   8.8888888888888889E-003
         261   1.6111111111111111E-002
         262   4.7777777777777780E-002
         263   2.8333333333333332E-002
         264   8.8888888888888889E-003
         265   8.8888888888888889E-003
         266   1.6111111111111111E-002
         267   5.5555555555555558E-003
         268   6.6666666666666671E-003
         269   2.2222222222222222E-003
         270   3.7222222222222219E-002
         271   6.6666666666666671E-003
         272   5.5555555555555556E-004
         273   8.8888888888888889E-003
         274   3.8333333333333330E-002
         275   1.1666666666666667E-002
         276   8.3333333333333332E-003
         277   6.8888888888888888E-002
         278   5.0000000000000001E-003
         279   6.6666666666666666E-002
         280   4.4444444444444444E-003
         281  0.10222222222222223     
         282   2.6111111111111113E-002
         283   3.3333333333333333E-002
         284   2.9444444444444443E-002
         285   2.5555555555555557E-002
         286   2.0000000000000000E-002
         287   5.3333333333333337E-002
         288   5.4444444444444441E-002
         289   5.5000000000000000E-002
         290   4.1111111111111112E-002
         291   7.2222222222222219E-003
         292   3.3888888888888892E-002
         293   2.0555555555555556E-002
         294   1.4999999999999999E-002
         295   1.1666666666666667E-002
         296   4.4444444444444444E-003
         297   2.2777777777777779E-002
         298   4.2222222222222223E-002
         299   1.6666666666666666E-002
         300   2.7777777777777779E-003
         301   3.5000000000000003E-002
         302   1.7222222222222222E-002
         303   8.3333333333333332E-003
         304   1.6111111111111111E-002
         305   5.5555555555555556E-004
         306   4.2222222222222223E-002
         307   5.2777777777777778E-002
         308   2.7222222222222221E-002
         309   4.1111111111111112E-002
         310   4.1666666666666664E-002
         311   4.5555555555555557E-002
         312   4.0555555555555553E-002
         313   1.6666666666666668E-003
         314   5.0000000000000003E-002
         315   3.3888888888888892E-002
         316   4.2777777777777776E-002
         317   9.3888888888888883E-002
         318  0.12333333333333334     
         319   1.4444444444444444E-002
         320   9.1666666666666660E-002
         321   2.3333333333333334E-002
         322   8.6111111111111110E-002
         323   5.6111111111111112E-002
         324   5.9999999999999998E-002
         325   9.4444444444444445E-003
         326   4.1666666666666664E-002
         327   7.1666666666666670E-002
         328   6.2777777777777780E-002
         329   7.3888888888888893E-002
         330   2.8333333333333332E-002
         331   1.0555555555555556E-002
         332   3.0555555555555555E-002
         333  0.15222222222222223     
         334   7.4999999999999997E-002
         335   7.7222222222222220E-002
         336   8.2222222222222224E-002
         337   4.4444444444444444E-003
         338   2.3333333333333334E-002
         339   1.1111111111111112E-002
         340   1.6666666666666668E-003
         341   3.8888888888888888E-003
         342   3.8333333333333330E-002
         343   2.9999999999999999E-002
         344   5.1666666666666666E-002
         345   7.7777777777777776E-003
         346   1.0000000000000000E-002
         347   2.5555555555555557E-002
         348   5.8333333333333334E-002
         349   4.3888888888888887E-002
         350   2.0000000000000000E-002
         351   1.6666666666666666E-002
         352   1.2222222222222223E-002
         353   7.6666666666666661E-002
         354   4.6666666666666669E-002
         355   5.5555555555555558E-003
         356   5.5555555555555552E-002
         357   7.2777777777777775E-002
         358   1.8333333333333333E-002
         359   2.7222222222222221E-002
         360   4.2777777777777776E-002
         361   2.2222222222222222E-003
         362   2.8333333333333332E-002
         363   5.8888888888888886E-002
         364   5.1111111111111114E-002
         365   5.9444444444444446E-002
         366   2.5000000000000001E-002
         367   1.2222222222222223E-002
         368   7.6666666666666661E-002
         369   3.7777777777777778E-002
         370   8.0000000000000002E-002
         371  0.14000000000000001     
         372   5.5000000000000000E-002
         373  0.10833333333333334     
         374   4.4999999999999998E-002
         375   4.7222222222222221E-002
         376   3.3888888888888892E-002
         377   7.2222222222222215E-002
         378   1.8333333333333333E-002
         379   2.6111111111111113E-002
         380   5.9444444444444446E-002
         381   6.8888888888888888E-002
         382   2.5000000000000001E-002
         383   2.7777777777777779E-003
         384   3.8888888888888888E-003
         385   9.2222222222222219E-002
         386   8.9444444444444438E-002
         387   2.3888888888888890E-002
         388   3.1666666666666669E-002
         389   2.3333333333333334E-002
         390   6.3333333333333339E-002
         391   1.7777777777777778E-002
         392   4.1111111111111112E-002
         393   9.4444444444444445E-003
         394   6.1666666666666668E-002
         395   4.1111111111111112E-002
         396  0.10444444444444445     
         397   4.9444444444444444E-002
         398   4.1111111111111112E-002
         399   3.7777777777777778E-002
         400   7.1111111111111111E-002
         401   4.0555555555555553E-002
         402  0.10888888888888888     
         403   9.6666666666666665E-002
         404   1.8333333333333333E-002
         405   5.1111111111111114E-002
         406   7.8333333333333338E-002
         407   2.1666666666666667E-002
         408   8.4444444444444447E-002
         409  0.10277777777777777     
         410   7.2222222222222219E-003
         411   3.2222222222222222E-002
         412   2.9999999999999999E-002
         413   3.3333333333333335E-003
         414   2.3888888888888890E-002
         415   2.3888888888888890E-002
         416   1.4444444444444444E-002
         417   3.4444444444444444E-002
         418   4.2777777777777776E-002
         419   1.6111111111111111E-002
         420   4.6111111111111110E-002
         421   5.1666666666666666E-002
         422   2.8333333333333332E-002
         423   3.1111111111111110E-002
         424   3.3333333333333335E-003
         425   2.7777777777777776E-002
         426   5.0555555555555555E-002
         427   5.3888888888888889E-002
         428   3.2222222222222222E-002
         429   8.8888888888888889E-003
         430   1.2222222222222223E-002
         431   5.5555555555555552E-002
         432   4.6666666666666669E-002
         433   2.3333333333333334E-002
         434   1.8333333333333333E-002
         435   5.7777777777777775E-002
         436   5.1111111111111114E-002
         437  0.16777777777777778     
         438   7.1666666666666670E-002
         439   3.0555555555555555E-002
         440   4.4444444444444444E-003
         441   6.3333333333333339E-002
         442   5.9999999999999998E-002
         443   5.5555555555555552E-002
         444   5.6666666666666664E-002
         445   3.8888888888888888E-003
         446   6.0555555555555557E-002
         447   1.4444444444444444E-002
         448   6.6111111111111107E-002
         449   2.7222222222222221E-002
         450   4.7222222222222221E-002
         451   2.6666666666666668E-002
         452   2.4444444444444446E-002
         453   1.7777777777777778E-002
         454   3.1666666666666669E-002
         455   9.4444444444444445E-003
         456   1.0000000000000000E-002
         457   6.7777777777777784E-002
         458  0.11222222222222222     
         459   8.6111111111111110E-002
         460   1.8333333333333333E-002
         461   9.6111111111111105E-002
         462   7.7222222222222220E-002
         463   6.3333333333333339E-002
         464   6.8888888888888888E-002
         465   5.2777777777777778E-002
         466   1.7777777777777778E-002
         467   2.0555555555555556E-002
         468   3.7222222222222219E-002
         469   1.1111111111111112E-002
         470   1.6666666666666668E-003
         471   2.9999999999999999E-002
         472   3.9444444444444442E-002
         473   5.8888888888888886E-002
         474  0.12666666666666668     
         475  0.10277777777777777     
         476   1.3333333333333334E-002
         477   9.4444444444444445E-003
         478   5.7777777777777775E-002
         479   5.7777777777777775E-002
         480   7.7222222222222220E-002
         481   5.8888888888888886E-002
         482   1.3888888888888888E-002
         483   2.7777777777777779E-003
         484   2.2222222222222223E-002
         485   3.2222222222222222E-002
         486   3.2222222222222222E-002
         487   5.3888888888888889E-002
         488   8.8333333333333333E-002
         489   7.9444444444444443E-002
         490   9.5000000000000001E-002
         491   3.7222222222222219E-002
         492   5.7777777777777775E-002
         493   3.8333333333333330E-002
         494   8.5000000000000006E-002
         495   6.6666666666666671E-003
         496   1.3333333333333334E-002
         497   2.7222222222222221E-002
         498   7.2222222222222215E-002
         499  0.10222222222222223     
         500   3.6111111111111108E-002
         501  0.12222222222222222     
         502   6.7222222222222225E-002
         503   1.4444444444444444E-002
         504   2.1666666666666667E-002
         505   9.6666666666666665E-002
         506   4.6111111111111110E-002
         507   1.1666666666666667E-002
         508   5.2222222222222225E-002
         509   1.7777777777777778E-002
         510   4.4999999999999998E-002
         511   4.7777777777777780E-002
         512   2.5555555555555557E-002
         513   4.7777777777777780E-002
         514   1.3888888888888888E-002
         515   9.5000000000000001E-002
         516  0.10333333333333333     
         517   5.0000000000000001E-003
         518   3.6666666666666667E-002
         519   1.6111111111111111E-002
         520   4.7222222222222221E-002
         521   1.3888888888888888E-002
         522   0.0000000000000000     
         523   1.6666666666666666E-002
         524   2.8333333333333332E-002
         525   3.6111111111111108E-002
         526   1.6666666666666666E-002
         527   3.7222222222222219E-002
         528   2.9999999999999999E-002
         529   5.8333333333333334E-002
         530   5.6111111111111112E-002
         531   6.6111111111111107E-002
         532   5.3333333333333337E-002
         533   1.3333333333333334E-002
         534   2.7222222222222221E-002
         535   8.5555555555555551E-002
         536  0.12888888888888889     
         537   2.9444444444444443E-002
         538   2.7777777777777779E-003
         539   4.6111111111111110E-002
         540   8.0555555555555561E-002
         541   1.2777777777777779E-002
         542   3.4444444444444444E-002
         543   4.4444444444444446E-002
         544   8.8888888888888889E-003
         545   6.7777777777777784E-002
         546   4.1666666666666664E-002
         547   4.7222222222222221E-002
         548   7.7777777777777776E-003
         549   5.7222222222222223E-002
         550   7.5555555555555556E-002
         551   2.8333333333333332E-002
         552   1.3333333333333334E-002
         553   1.1666666666666667E-002
         554   9.4444444444444445E-003
         555   4.0555555555555553E-002
         556   5.0000000000000003E-002
         557   3.2222222222222222E-002
         558   1.6111111111111111E-002
         559   5.0000000000000001E-003
         560   4.3333333333333335E-002
         561   2.6111111111111113E-002
         562   3.0555555555555555E-002
         563   1.9444444444444445E-002
         564   2.6666666666666668E-002
         565   3.7777777777777778E-002
         566   8.4444444444444447E-002
         567   1.4444444444444444E-002
         568   1.0555555555555556E-002
         569  0.12722222222222221     
         570   5.0555555555555555E-002
         571   9.7777777777777783E-002
         572   1.1666666666666667E-002
         573   1.6666666666666666E-002
         574   5.8333333333333334E-002
         575   1.8333333333333333E-002
         576   4.6111111111111110E-002
         577   6.0555555555555557E-002
         578   4.8888888888888891E-002
         579  0.12277777777777778     
         580   9.0555555555555556E-002
         581   8.0555555555555561E-002
         582   4.4444444444444444E-003
         583   2.1111111111111112E-002
         584   1.1111111111111111E-003
         585   5.6111111111111112E-002
         586   2.5555555555555557E-002
         587  0.10277777777777777     
         588   4.1111111111111112E-002
         589   2.2777777777777779E-002
         590   5.5555555555555558E-003
         591   5.0000000000000001E-003
         592   3.7777777777777778E-002
         593   3.0555555555555555E-002
         594   4.9444444444444444E-002
         595   2.7777777777777779E-003
         596   2.3888888888888890E-002
         597   7.9444444444444443E-002
         598  0.10333333333333333     
         599   8.6666666666666670E-002
         600   4.4444444444444444E-003
         601   5.0000000000000001E-003
         602   1.0555555555555556E-002
         603   5.1111111111111114E-002
         604   2.2222222222222222E-003
         605   4.3888888888888887E-002
         606   3.9444444444444442E-002
         607   3.3333333333333333E-002
         608   8.8888888888888889E-003
         609   1.0000000000000000E-002
         610   6.2222222222222220E-002
         611   1.8888888888888889E-002
         612   7.0555555555555552E-002
         613   7.5555555555555556E-002
         614   8.3888888888888888E-002
         615   5.5555555555555558E-003
         616   3.4444444444444444E-002
         617   3.9444444444444442E-002
         618   3.5000000000000003E-002
         619   5.8888888888888886E-002
         620   6.8333333333333329E-002
         621   1.4999999999999999E-002
         622   2.7777777777777779E-003
         623   6.1666666666666668E-002
         624   1.1111111111111111E-003
         625   8.1111111111111106E-002
         626  0.11722222222222223     
         627   9.9444444444444446E-002
         628   1.3888888888888888E-002
         629   4.1666666666666664E-002
         630   6.3888888888888884E-002
         631   3.3333333333333335E-003
         632   5.6111111111111112E-002
         633   1.8333333333333333E-002
         634   4.0000000000000001E-002
         635   9.7222222222222224E-002
         636   1.4999999999999999E-002
         637   4.1666666666666664E-002
         638   1.0555555555555556E-002
         639   1.2222222222222223E-002
         640   2.6666666666666668E-002
         641   1.2777777777777779E-002
         642   2.7777777777777779E-003
         643   3.3888888888888892E-002
         644   1.4444444444444444E-002
         645   3.2777777777777781E-002
         646   8.8888888888888889E-003
         647   2.6111111111111113E-002
         648   3.0555555555555555E-002
         649   4.2777777777777776E-002
         650   5.2777777777777778E-002
         651   2.1111111111111112E-002
         652   9.8888888888888887E-002
         653   1.4444444444444444E-002
         654   3.2777777777777781E-002
         655   9.5555555555555560E-002
         656   4.9444444444444444E-002
         657   2.7777777777777779E-003
         658   4.5555555555555557E-002
         659   1.3333333333333334E-002
         660   2.7777777777777776E-002
         661   3.6666666666666667E-002
         662   9.6666666666666665E-002
         663   2.5000000000000001E-002
         664   8.3333333333333332E-003
         665   1.8333333333333333E-002
         666   5.0000000000000001E-003
         667   5.6111111111111112E-002
         668   3.6666666666666667E-002
         669   3.5000000000000003E-002
         670  0.11611111111111111     
         671   5.6111111111111112E-002
         672   2.3333333333333334E-002
         673   2.9999999999999999E-002
         674   2.0555555555555556E-002
         675   4.3888888888888887E-002
         676   3.6666666666666667E-002
         677   2.2777777777777779E-002
         678   9.5000000000000001E-002
         679   5.0000000000000003E-002
         680   5.9999999999999998E-002
         681   1.2777777777777779E-002
         682   8.3333333333333332E-003
         683   6.7222222222222225E-002
         684   9.1111111111111115E-002
         685   4.1111111111111112E-002
         686   4.4999999999999998E-002
         687   3.9444444444444442E-002
         688   3.5000000000000003E-002
         689   4.4444444444444444E-003
         690   3.2222222222222222E-002
         691   8.1111111111111106E-002
         692   3.3333333333333333E-002
         693   8.2777777777777783E-002
         694   1.7777777777777778E-002
         695   6.9444444444444448E-002
         696   3.8888888888888888E-003
         697   3.6666666666666667E-002
         698   2.7777777777777776E-002
         699   5.5555555555555556E-004
         700   4.0555555555555553E-002
         701   1.5555555555555555E-002
         702   5.6666666666666664E-002
         703   5.3888888888888889E-002
         704   2.0555555555555556E-002
         705   3.3888888888888892E-002
         706   6.1666666666666668E-002
         707   6.9444444444444448E-002
         708   3.1666666666666669E-002
         709   3.1666666666666669E-002
         710   1.2222222222222223E-002
         711   6.3888888888888884E-002
         712   8.1666666666666665E-002
         713   4.3888888888888887E-002
         714   9.7777777777777783E-002
         715   7.4999999999999997E-002
         716   6.7777777777777784E-002
         717   3.5000000000000003E-002
         718   3.3888888888888892E-002
         719   8.3333333333333332E-003
         720   7.8888888888888883E-002
         721   7.3888888888888893E-002
         722  0.10388888888888889     
         723   2.1111111111111112E-002
         724   6.3888888888888884E-002
         725   1.6666666666666666E-002
         726   4.0000000000000001E-002
         727   2.1666666666666667E-002
         728   5.2222222222222225E-002
         729   2.9999999999999999E-002
         730   2.5555555555555557E-002
         731   5.7222222222222223E-002
         732   1.5555555555555555E-002
         733   4.5555555555555557E-002
         734   5.6666666666666664E-002
         735   4.4444444444444446E-002
         736   5.5555555555555558E-003
         737   5.5555555555555556E-004
         738   5.1666666666666666E-002
         739   8.0555555555555561E-002
         740   4.3888888888888887E-002
         741   3.3333333333333335E-003
         742   7.8333333333333338E-002
         743   6.7777777777777784E-002
         744   2.7777777777777776E-002
         745   3.7222222222222219E-002
         746   4.4999999999999998E-002
         747   6.6666666666666671E-003
         748   4.4444444444444446E-002
         749   6.8888888888888888E-002
         750   7.7777777777777776E-003
         751   2.7777777777777779E-003
         752   3.7777777777777778E-002
         753   1.1666666666666667E-002
         754   5.7777777777777775E-002
         755   7.0000000000000007E-002
         756   4.4999999999999998E-002
         757   1.7777777777777778E-002
         758   4.0000000000000001E-002
         759  0.10277777777777777     
         760   6.5555555555555561E-002
         761   4.4444444444444444E-003
         762   2.7777777777777779E-003
         763   4.7222222222222221E-002
         764   5.9444444444444446E-002
         765   5.4444444444444441E-002
         766   3.1111111111111110E-002
         767   3.8333333333333330E-002
         768   1.1111111111111111E-003
         769   5.8888888888888886E-002
         770   6.3888888888888884E-002
         771   2.7777777777777776E-002
         772   1.6111111111111111E-002
         773   1.2777777777777779E-002
         774   5.5000000000000000E-002
         775   2.9999999999999999E-002
         776   7.5555555555555556E-002
         777   4.3333333333333335E-002
         778   3.0555555555555555E-002
         779   1.3333333333333334E-002
         780   1.9444444444444445E-002
         781   8.6111111111111110E-002
         782  0.10166666666666667     
         783   6.5555555555555561E-002
         784   8.2222222222222224E-002
         785   6.6111111111111107E-002
         786   3.6111111111111108E-002
         787   3.7222222222222219E-002
         788   5.8888888888888886E-002
         789   7.5555555555555556E-002
         790   2.5555555555555557E-002
         791   4.4444444444444446E-002
         792   8.4444444444444447E-002
         793   7.5555555555555556E-002
         794   4.3888888888888887E-002
         795   4.1111111111111112E-002
         796   3.1111111111111110E-002
         797   4.3888888888888887E-002
         798   6.5555555555555561E-002
         799   9.4444444444444442E-002
         800   8.8888888888888889E-003
         801   3.3333333333333335E-003
         802   6.6666666666666671E-003
         803   4.0000000000000001E-002
         804   9.6666666666666665E-002
         805   6.4444444444444443E-002
         806   7.7222222222222220E-002
         807   7.0000000000000007E-002
         808   4.5555555555555557E-002
         809   1.6666666666666666E-002
         810   1.6666666666666668E-003
         811  0.11888888888888889     
         812   6.3888888888888884E-002
         813   2.6111111111111113E-002
         814   1.0000000000000000E-002
         815   1.2222222222222223E-002
         816   6.5555555555555561E-002
         817   1.0555555555555556E-002
         818   1.1666666666666667E-002
         819   1.7777777777777778E-002
         820   2.2222222222222222E-003
         821   2.3888888888888890E-002
         822   3.1111111111111110E-002
         823   5.6111111111111112E-002
         824   2.9444444444444443E-002
         825   7.3888888888888893E-002
         826   3.9444444444444442E-002
         827   4.3333333333333335E-002
         828   3.1111111111111110E-002
         829   1.1111111111111111E-003
         830   8.9999999999999997E-002
         831   3.3888888888888892E-002
         832   3.1666666666666669E-002
         833   1.1666666666666667E-002
         834   4.2777777777777776E-002
         835   3.5000000000000003E-002
         836   4.1666666666666664E-002
         837   4.5555555555555557E-002
         838   5.6666666666666664E-002
         839   6.7777777777777784E-002
         840   5.4444444444444441E-002
         841   1.1666666666666667E-002
         842   1.5555555555555555E-002
         843   2.0555555555555556E-002
         844   4.9444444444444444E-002
         845   2.4444444444444446E-002
         846   1.3888888888888888E-002
         847   1.0555555555555556E-002
         848   5.1666666666666666E-002
         849   1.5555555555555555E-002
         850   3.8333333333333330E-002
         851   1.5555555555555555E-002
         852   4.5555555555555557E-002
         853   6.6111111111111107E-002
         854   2.4444444444444446E-002
         855   3.1666666666666669E-002
         856   8.1666666666666665E-002
         857   4.0555555555555553E-002
         858   1.1111111111111111E-003
         859   5.9444444444444446E-002
         860   3.7777777777777778E-002
         861   7.9444444444444443E-002
         862   2.4444444444444446E-002
         863   7.2222222222222219E-003
         864   1.9444444444444445E-002
         865   3.6666666666666667E-002
         866   2.4444444444444446E-002
         867   7.9444444444444443E-002
         868   3.8888888888888888E-003
         869   2.2222222222222223E-002
         870   6.6666666666666671E-003
         871   5.8333333333333334E-002
         872   5.5555555555555558E-003
         873   6.4444444444444443E-002
         874   4.4444444444444446E-002
         875   3.3333333333333335E-003
         876   6.1666666666666668E-002
         877   6.6666666666666666E-002
         878   8.0555555555555561E-002
         879   3.1111111111111110E-002
         880   5.2222222222222225E-002
         881   1.1111111111111111E-003
         882   3.1666666666666669E-002
         883   4.0555555555555553E-002
         884   1.2222222222222223E-002
         885  0.10333333333333333     
         886   4.5555555555555557E-002
         887   5.0000000000000001E-003
         888   3.5000000000000003E-002
         889   1.6666666666666668E-003
         890   4.4999999999999998E-002
         891   5.1666666666666666E-002
         892   5.8333333333333334E-002
         893   6.1111111111111114E-003
         894   4.6666666666666669E-002
         895   2.6111111111111113E-002
         896   1.4444444444444444E-002
         897   2.2222222222222222E-003
         898   7.4444444444444438E-002
         899   1.8888888888888889E-002
         900   3.7777777777777778E-002
         901   9.4444444444444445E-003
         902   4.4444444444444444E-003
         903   1.4444444444444444E-002
         904   2.2222222222222222E-003
         905   9.4444444444444445E-003
         906   2.2222222222222223E-002
         907   3.1666666666666669E-002
         908   3.2777777777777781E-002
         909   5.0555555555555555E-002
         910  0.10166666666666667     
         911   6.7222222222222225E-002
         912   5.4444444444444441E-002
         913   5.8333333333333334E-002
         914   4.4444444444444444E-003
         915   2.7777777777777776E-002
         916   2.6666666666666668E-002
         917   5.5555555555555558E-003
         918   5.1111111111111114E-002
         919   6.8333333333333329E-002
         920   1.4999999999999999E-002
         921   4.4999999999999998E-002
         922   4.7222222222222221E-002
         923   2.4444444444444446E-002
         924   2.2222222222222223E-002
         925   1.1111111111111112E-002
         926   9.7222222222222224E-002
         927   9.4444444444444445E-003
         928   1.6111111111111111E-002
         929   1.0000000000000000E-002
         930   3.9444444444444442E-002
         931   6.9444444444444448E-002
         932   8.3888888888888888E-002
         933   6.7222222222222225E-002
         934   8.3888888888888888E-002
         935   2.3888888888888890E-002
         936   2.0555555555555556E-002
         937   4.4444444444444446E-002
         938   5.4444444444444441E-002
         939   4.1111111111111112E-002
         940   2.2222222222222222E-003
         941   6.7222222222222225E-002
         942   1.4999999999999999E-002
         943   5.0000000000000001E-003
         944   1.1111111111111111E-003
         945   6.6111111111111107E-002
         946   7.3333333333333334E-002
         947   6.5000000000000002E-002
         948   2.0000000000000000E-002
         949   1.0000000000000000E-002
         950   1.1111111111111111E-003
         951   3.5000000000000003E-002
         952   9.1666666666666660E-002
         953   7.6666666666666661E-002
         954   2.5555555555555557E-002
         955   3.7222222222222219E-002
         956   4.8888888888888891E-002
         957   2.6666666666666668E-002
         958   7.0000000000000007E-002
         959   2.8888888888888888E-002
         960   8.6666666666666670E-002
         961   3.6111111111111108E-002
         962   1.7222222222222222E-002
         963   3.5555555555555556E-002
         964   1.8333333333333333E-002
         965   2.0000000000000000E-002
         966   8.8888888888888889E-003
         967   2.1666666666666667E-002
         968   7.2222222222222219E-003
         969   1.3888888888888888E-002
         970   1.4999999999999999E-002
         971   1.1111111111111112E-002
         972   1.6111111111111111E-002
         973   7.2222222222222219E-003
         974   2.2777777777777779E-002
         975   4.0555555555555553E-002
         976   4.5555555555555557E-002
         977   2.2777777777777779E-002
         978   2.0555555555555556E-002
         979   4.4999999999999998E-002
         980   1.7222222222222222E-002
         981   4.4444444444444446E-002
         982  0.12833333333333333     
         983   9.6111111111111105E-002
         984   8.9999999999999997E-002
         985   3.4444444444444444E-002
         986   9.7222222222222224E-002
         987   7.3888888888888893E-002
         988   3.2222222222222222E-002
         989   8.3333333333333332E-003
         990   3.7777777777777778E-002
         991   5.2222222222222225E-002
         992   9.1111111111111115E-002
         993   4.6111111111111110E-002
         994   6.1111111111111109E-002
         995   1.6666666666666668E-003
         996   6.6666666666666666E-002
         997  0.11944444444444445     
         998   5.3333333333333337E-002
         999   7.8333333333333338E-002
        1000   4.8333333333333332E-002
        1001   2.7222222222222221E-002
        1002   1.1111111111111111E-003
        1003   1.0000000000000000E-002
        1004   1.9444444444444445E-002
        1005   7.4999999999999997E-002
        1006   5.9999999999999998E-002
        1007   1.1111111111111111E-003
        1008   2.8888888888888888E-002
        1009   5.4444444444444441E-002
        1010   4.2777777777777776E-002
        1011   9.8333333333333328E-002
        1012   6.2222222222222220E-002
        1013   1.6111111111111111E-002
        1014   6.1111111111111114E-003
        1015   8.3333333333333332E-003
        1016   3.3333333333333335E-003
        1017   7.2222222222222219E-003
        1018   1.8888888888888889E-002
        1019   2.6111111111111113E-002
        1020   7.7777777777777779E-002
        1021   7.0555555555555552E-002
        1022   5.8333333333333334E-002
        1023   8.1111111111111106E-002
        1024   8.7777777777777774E-002
        1025   8.8888888888888889E-003
        1026   1.0000000000000000E-002
        1027   4.4999999999999998E-002
        1028   1.5555555555555555E-002
        1029   2.2777777777777779E-002
        1030   3.9444444444444442E-002
        1031   2.4444444444444446E-002
        1032   1.5555555555555555E-002
        1033   8.2222222222222224E-002
        1034   8.2222222222222224E-002
        1035  0.13611111111111110     
        1036   3.6666666666666667E-002
        1037   4.9444444444444444E-002
        1038   1.7222222222222222E-002
        1039   1.7777777777777778E-002
        1040   6.4444444444444443E-002
        1041   8.3333333333333329E-002
        1042   6.6666666666666671E-003
        1043   7.2222222222222219E-003
        1044   4.4999999999999998E-002
        1045   2.0555555555555556E-002
        1046   4.4444444444444444E-003
        1047   5.6111111111111112E-002
        1048   5.5000000000000000E-002
        1049   5.9444444444444446E-002
        1050   3.8888888888888888E-003
        1051   6.4444444444444443E-002
        1052  0.10388888888888889     
        1053   2.3888888888888890E-002
        1054   3.0555555555555555E-002
        1055   8.1666666666666665E-002
        1056   3.6111111111111108E-002
        1057   5.5555555555555558E-003
        1058   4.4999999999999998E-002
        1059   3.2222222222222222E-002
        1060   5.5555555555555556E-004
        1061   7.0000000000000007E-002
        1062   5.1111111111111114E-002
        1063   8.0555555555555561E-002
        1064   3.2777777777777781E-002
        1065   2.9999999999999999E-002
        1066   2.6666666666666668E-002
        1067   5.7777777777777775E-002
        1068   3.3333333333333333E-002
        1069   2.1111111111111112E-002
        1070   3.5000000000000003E-002
        1071   5.5555555555555556E-004
        1072   1.6111111111111111E-002
        1073   5.8333333333333334E-002
        1074   1.3333333333333334E-002
        1075   3.5555555555555556E-002
        1076   8.9999999999999997E-002
        1077   2.3333333333333334E-002
        1078   7.1666666666666670E-002
        1079  0.10833333333333334     
        1080   4.3888888888888887E-002
        1081   2.2777777777777779E-002
        1082   7.1111111111111111E-002
        1083   4.3888888888888887E-002
        1084  0.11944444444444445     
        1085   7.7777777777777776E-003
        1086   9.4444444444444442E-002
        1087   9.2777777777777778E-002
        1088   4.1111111111111112E-002
        1089   4.3333333333333335E-002
        1090   1.3333333333333334E-002
        1091   8.1111111111111106E-002
        1092   3.2222222222222222E-002
        1093   1.1111111111111112E-002
        1094   4.8888888888888891E-002
        1095   9.3888888888888883E-002
        1096  0.10666666666666667     
        1097   8.6111111111111110E-002
        1098   1.6666666666666668E-003
        1099   1.1111111111111112E-002
        1100   4.0000000000000001E-002
        1101   7.2222222222222215E-002
        1102   3.1111111111111110E-002
        1103  0.15388888888888888     
        1104   2.8888888888888888E-002
        1105   6.6666666666666671E-003
        1106   7.7777777777777776E-003
        1107   2.7777777777777779E-003
        1108   2.4444444444444446E-002
        1109   3.0555555555555555E-002
        1110   3.7777777777777778E-002
        1111   5.5555555555555558E-003
        1112   5.5555555555555558E-003
        1113   2.0000000000000000E-002
        1114   3.7222222222222219E-002
        1115   4.2222222222222223E-002
        1116   4.4444444444444444E-003
        1117   2.7777777777777779E-003
        1118   3.0555555555555555E-002
        1119   1.8333333333333333E-002
        1120   4.0555555555555553E-002
        1121   6.4444444444444443E-002
        1122   3.1666666666666669E-002
        1123   3.8333333333333330E-002
        1124   4.3888888888888887E-002
        1125   1.2222222222222223E-002
        1126   3.6111111111111108E-002
        1127   3.7777777777777778E-002
        1128   6.1111111111111114E-003
        1129   6.3333333333333339E-002
        1130   8.2777777777777783E-002
        1131   3.3333333333333335E-003
        1132   8.5000000000000006E-002
        1133   2.0555555555555556E-002
        1134   3.6111111111111108E-002
        1135   5.0000000000000003E-002
        1136   6.6111111111111107E-002
        1137   8.9999999999999997E-002
        1138   1.6666666666666666E-002
        1139   1.1111111111111112E-002
        1140   1.7777777777777778E-002
        1141  0.13888888888888890     
        1142   2.7222222222222221E-002
        1143   4.8888888888888891E-002
        1144   3.8888888888888890E-002
        1145   7.0000000000000007E-002
        1146   3.7777777777777778E-002
        1147   6.5555555555555561E-002
        1148   1.1111111111111112E-002
        1149  0.11388888888888889     
        1150   2.1666666666666667E-002
        1151   3.3333333333333333E-002
        1152   6.0555555555555557E-002
        1153   1.7222222222222222E-002
        1154   1.2777777777777779E-002
        1155   3.4444444444444444E-002
        1156  0.12055555555555555     
        1157   9.4444444444444445E-003
        1158   5.7222222222222223E-002
        1159   1.1111111111111111E-003
        1160   2.7777777777777779E-003
        1161   5.1111111111111114E-002
        1162   3.6666666666666667E-002
        1163   5.1111111111111114E-002
        1164   7.5555555555555556E-002
        1165   3.6666666666666667E-002
        1166   5.2777777777777778E-002
        1167   6.6666666666666666E-002
        1168   4.4444444444444446E-002
        1169   2.6111111111111113E-002
        1170  0.12111111111111111     
        1171  0.11500000000000000     
        1172   4.4999999999999998E-002
        1173   7.8888888888888883E-002
        1174   5.0000000000000003E-002
        1175   2.3888888888888890E-002
        1176   4.7222222222222221E-002
        1177   3.3888888888888892E-002
        1178   5.7222222222222223E-002
        1179   6.5000000000000002E-002
        1180  0.10833333333333334     
        1181   6.3333333333333339E-002
        1182   1.1666666666666667E-002
        1183   1.6666666666666668E-003
        1184   3.5000000000000003E-002
        1185   3.6111111111111108E-002
        1186   3.8333333333333330E-002
        1187   0.0000000000000000     
        1188   7.2777777777777775E-002
        1189   3.8333333333333330E-002
        1190   2.3888888888888890E-002
        1191   3.5555555555555556E-002
        1192   2.0000000000000000E-002
        1193  0.12000000000000000     
        1194   2.7777777777777779E-003
        1195   4.6666666666666669E-002
        1196   1.1111111111111111E-003
        1197   2.6111111111111113E-002
        1198   3.7777777777777778E-002
        1199   1.7222222222222222E-002
        1200   1.6666666666666666E-002
        1201   5.5555555555555558E-003
        1202   2.7777777777777779E-003
        1203   1.6666666666666668E-003
        1204   1.6666666666666666E-002
        1205   1.4444444444444444E-002
        1206   4.6666666666666669E-002
        1207   3.9444444444444442E-002
        1208   1.0000000000000000E-002
        1209   3.1111111111111110E-002
        1210   1.2777777777777779E-002
        1211   8.8888888888888889E-003
        1212   6.1111111111111114E-003
        1213   1.1111111111111111E-003
        1214   5.2222222222222225E-002
        1215   4.8888888888888891E-002
        1216   3.8888888888888888E-003
        1217   1.1111111111111112E-002
        1218   5.1111111111111114E-002
        1219   5.1111111111111114E-002
        1220   4.1666666666666664E-002
        1221   5.4444444444444441E-002
        1222   8.2777777777777783E-002
        1223   1.1111111111111111E-003
        1224   1.1111111111111112E-002
        1225  0.11444444444444445     
        1226  0.13111111111111112     
        1227   7.8333333333333338E-002
        1228   3.1111111111111110E-002
        1229   5.2222222222222225E-002
        1230  0.10611111111111111     
        1231   2.7777777777777779E-003
        1232   4.7777777777777780E-002
        1233   5.8888888888888886E-002
        1234   6.1666666666666668E-002
        1235   5.8888888888888886E-002
        1236   3.7777777777777778E-002
        1237   5.6111111111111112E-002
        1238   7.6666666666666661E-002
        1239   1.8888888888888889E-002
        1240   4.0000000000000001E-002
        1241   5.3333333333333337E-002
        1242   4.6666666666666669E-002
        1243   3.5000000000000003E-002
        1244   7.2222222222222215E-002
        1245   2.0000000000000000E-002
        1246   9.8333333333333328E-002
        1247   6.3888888888888884E-002
        1248   1.0000000000000000E-002
        1249   6.3888888888888884E-002
        1250   2.2777777777777779E-002
        1251   2.3333333333333334E-002
        1252   8.3333333333333332E-003
        1253   3.2222222222222222E-002
        1254   7.8888888888888883E-002
        1255   2.3333333333333334E-002
        1256   6.7777777777777784E-002
        1257   3.3333333333333333E-002
        1258   5.7777777777777775E-002
        1259   4.3888888888888887E-002
        1260   7.5555555555555556E-002
        1261   7.3333333333333334E-002
        1262   1.0000000000000000E-002
        1263   1.0000000000000000E-002
        1264   7.2222222222222219E-003
        1265   2.1111111111111112E-002
        1266   4.8333333333333332E-002
        1267   3.9444444444444442E-002
        1268   1.4999999999999999E-002
        1269   1.8888888888888889E-002
        1270   1.3333333333333334E-002
        1271   4.0000000000000001E-002
        1272   6.3888888888888884E-002
        1273   8.0555555555555561E-002
        1274   2.0555555555555556E-002
        1275   8.3333333333333332E-003
        1276   2.5000000000000001E-002
        1277   6.1111111111111114E-003
        1278   1.6666666666666666E-002
        1279   1.3888888888888888E-002
        1280   7.2222222222222219E-003
        1281   3.8888888888888890E-002
        1282   1.0000000000000000E-002
        1283   5.2777777777777778E-002
        1284   1.6111111111111111E-002
        1285   1.1111111111111111E-003
        1286   6.4444444444444443E-002
        1287   1.8888888888888889E-002
        1288   7.1111111111111111E-002
        1289   1.0555555555555556E-002
        1290   2.2777777777777779E-002
        1291   6.1111111111111114E-003
        1292   0.0000000000000000     
        1293   9.5555555555555560E-002
        1294   2.7777777777777776E-002
        1295   6.6666666666666666E-002
        1296   3.1111111111111110E-002
        1297   3.0555555555555555E-002
        1298   8.8888888888888889E-003
        1299   9.4444444444444445E-003
        1300  0.10111111111111111     
        1301  0.13222222222222221     
        1302   3.6111111111111108E-002
        1303   5.3333333333333337E-002
        1304   7.2777777777777775E-002
        1305   1.0000000000000000E-002
        1306   5.4444444444444441E-002
        1307   5.7222222222222223E-002
        1308   8.7777777777777774E-002
        1309   4.3333333333333335E-002
        1310   5.6666666666666664E-002
        1311   7.6666666666666661E-002
        1312   7.6666666666666661E-002
        1313   2.8333333333333332E-002
        1314   9.1666666666666660E-002
        1315   8.9999999999999997E-002
        1316   2.2222222222222223E-002
        1317   6.2777777777777780E-002
        1318   5.7222222222222223E-002
        1319   8.1111111111111106E-002
        1320   1.1111111111111111E-003
        1321   5.5555555555555552E-002
        1322   1.8888888888888889E-002
        1323   8.7222222222222229E-002
        1324   3.3333333333333335E-003
        1325   1.8333333333333333E-002
        1326   2.2222222222222223E-002
        1327   4.9444444444444444E-002
        1328   7.2777777777777775E-002
        1329   5.8888888888888886E-002
        1330   1.7777777777777778E-002
        1331   7.6666666666666661E-002
        1332   6.1111111111111114E-003
        1333   4.6666666666666669E-002
        1334   6.6111111111111107E-002
        1335   6.7777777777777784E-002
        1336  0.10611111111111111     
        1337   4.1666666666666664E-002
        1338   4.1111111111111112E-002
        1339   3.3333333333333333E-002
        1340   6.6666666666666671E-003
        1341   7.0000000000000007E-002
        1342   3.3333333333333335E-003
        1343   8.6111111111111110E-002
        1344   3.5555555555555556E-002
        1345   8.3888888888888888E-002
        1346   6.2222222222222220E-002
        1347   6.6666666666666666E-002
        1348   1.5555555555555555E-002
        1349  0.11000000000000000     
        1350   4.8333333333333332E-002
        1351   3.6111111111111108E-002
        1352   1.7222222222222222E-002
        1353   1.5555555555555555E-002
        1354   5.9444444444444446E-002
        1355   5.6111111111111112E-002
        1356   7.0555555555555552E-002
        1357   4.6111111111111110E-002
        1358   5.7777777777777775E-002
        1359   4.1111111111111112E-002
        1360   2.8333333333333332E-002
        1361  0.11444444444444445     
        1362   7.8888888888888883E-002
        1363   1.8333333333333333E-002
        1364   2.0555555555555556E-002
        1365   3.4444444444444444E-002
        1366   5.5555555555555556E-004
        1367   6.5555555555555561E-002
        1368   6.2222222222222220E-002
        1369   4.4444444444444444E-003
        1370   2.1666666666666667E-002
        1371   2.4444444444444446E-002
        1372   1.1111111111111112E-002
        1373   1.2222222222222223E-002
        1374   4.4444444444444446E-002
        1375   5.1666666666666666E-002
        1376   4.4444444444444446E-002
        1377   4.1666666666666664E-002
        1378   9.4444444444444442E-002
        1379   1.6666666666666666E-002
        1380   9.7777777777777783E-002
        1381   6.1111111111111114E-003
        1382   1.8888888888888889E-002
        1383   9.1111111111111115E-002
        1384   3.5555555555555556E-002
        1385   7.2222222222222219E-003
        1386   2.8333333333333332E-002
        1387   1.6111111111111111E-002
        1388   3.6666666666666667E-002
        1389   2.2222222222222223E-002
        1390   1.0555555555555556E-002
        1391   1.6666666666666666E-002
        1392   2.1666666666666667E-002
        1393   9.4444444444444445E-003
        1394   1.9444444444444445E-002
        1395   6.2222222222222220E-002
        1396   8.8888888888888889E-003
        1397   1.1666666666666667E-002
        1398   5.9444444444444446E-002
        1399   9.2222222222222219E-002
        1400   1.2222222222222223E-002
        1401   1.3888888888888888E-002
        1402   4.0000000000000001E-002
        1403   3.2222222222222222E-002
        1404   8.5555555555555551E-002
        1405   8.0000000000000002E-002
        1406   6.3888888888888884E-002
        1407   2.8333333333333332E-002
        1408   2.6666666666666668E-002
        1409   2.3888888888888890E-002
        1410   2.9999999999999999E-002
        1411  0.12222222222222222     
        1412   8.7777777777777774E-002
        1413   5.7222222222222223E-002
        1414   1.4999999999999999E-002
        1415   4.1666666666666664E-002
        1416   1.0555555555555556E-002
        1417   6.6666666666666666E-002
        1418   7.0000000000000007E-002
        1419   3.3888888888888892E-002
        1420   2.0555555555555556E-002
        1421   2.4444444444444446E-002
        1422   7.8888888888888883E-002
        1423  0.11111111111111110     
        1424   4.8888888888888891E-002
        1425   4.5555555555555557E-002
        1426   1.7777777777777778E-002
        1427   4.1111111111111112E-002
        1428   6.6111111111111107E-002
        1429  0.11388888888888889     
        1430   2.1666666666666667E-002
        1431   2.6111111111111113E-002
        1432   3.3888888888888892E-002
        1433   8.7777777777777774E-002
        1434   1.8888888888888889E-002
        1435   5.6666666666666664E-002
        1436   3.1666666666666669E-002
        1437   1.1111111111111111E-003
        1438   3.3333333333333335E-003
        1439   1.7222222222222222E-002
        1440   1.1666666666666667E-002
        1441   3.3333333333333335E-003
        1442   6.5000000000000002E-002
        1443   5.5555555555555558E-003
        1444   3.4444444444444444E-002
        1445   1.6666666666666666E-002
        1446   2.5555555555555557E-002
        1447   3.8888888888888890E-002
        1448   3.7222222222222219E-002
        1449   2.2222222222222222E-003
        1450   5.2777777777777778E-002
        1451   1.0000000000000000E-002
        1452   1.1111111111111112E-002
        1453   8.2222222222222224E-002
        1454   9.2222222222222219E-002
        1455   9.4444444444444445E-003
        1456   1.1111111111111112E-002
        1457   7.0555555555555552E-002
        1458   1.5555555555555555E-002
        1459   2.1666666666666667E-002
        1460   3.1666666666666669E-002
        1461   2.7222222222222221E-002
        1462   1.2777777777777779E-002
        1463   2.8888888888888888E-002
        1464   3.2777777777777781E-002
        1465   2.2222222222222222E-003
        1466   3.7777777777777778E-002
        1467   9.2222222222222219E-002
        1468  0.11888888888888889     
        1469  0.10111111111111111     
        1470   3.8888888888888890E-002
        1471   7.2222222222222219E-003
        1472   3.1666666666666669E-002
        1473   5.6666666666666664E-002
        1474   1.9444444444444445E-002
        1475   3.4444444444444444E-002
        1476   5.8888888888888886E-002
        1477   5.0000000000000001E-003
        1478   2.0555555555555556E-002
        1479   2.6111111111111113E-002
        1480   2.5000000000000001E-002
        1481   2.7222222222222221E-002
        1482   3.0555555555555555E-002
        1483   1.9444444444444445E-002
        1484   8.3333333333333332E-003
        1485   8.5555555555555551E-002
        1486   1.0555555555555556E-002
        1487   7.5555555555555556E-002
        1488   1.9444444444444445E-002
        1489   7.3333333333333334E-002
        1490   5.5000000000000000E-002
        1491   2.7222222222222221E-002
        1492   4.6111111111111110E-002
        1493   5.9999999999999998E-002
        1494   1.2777777777777779E-002
        1495   1.3888888888888888E-002
        1496   2.9444444444444443E-002
        1497   5.5555555555555558E-003
        1498   2.3333333333333334E-002
        1499   3.8888888888888888E-003
        1500   3.5000000000000003E-002
        1501   3.9444444444444442E-002
        1502  0.10944444444444444     
        1503   6.2777777777777780E-002
        1504   8.8888888888888889E-003
        1505   2.7777777777777779E-003
        1506   8.3888888888888888E-002
        1507   3.2222222222222222E-002
        1508   7.2222222222222215E-002
        1509   4.6666666666666669E-002
        1510   5.5555555555555552E-002
        1511   3.2777777777777781E-002
        1512   2.7222222222222221E-002
        1513   2.0555555555555556E-002
        1514   4.6111111111111110E-002
        1515   6.6666666666666666E-002
        1516   2.2222222222222222E-003
        1517   4.4999999999999998E-002
        1518   8.5000000000000006E-002
        1519   7.8333333333333338E-002
        1520   6.2222222222222220E-002
        1521   6.6666666666666671E-003
        1522   3.5555555555555556E-002
        1523   3.8888888888888888E-003
        1524   7.2222222222222215E-002
        1525   2.7777777777777776E-002
        1526   6.5555555555555561E-002
        1527   3.3333333333333333E-002
        1528   5.8888888888888886E-002
        1529   5.9444444444444446E-002
        1530   5.1666666666666666E-002
        1531   3.9444444444444442E-002
        1532   6.0555555555555557E-002
        1533   4.7222222222222221E-002
        1534   3.7777777777777778E-002
        1535   3.4444444444444444E-002
        1536   5.4444444444444441E-002
        1537   9.4444444444444445E-003
        1538   4.9444444444444444E-002
        1539   5.1111111111111114E-002
        1540   6.5555555555555561E-002
        1541   4.7222222222222221E-002
        1542   6.4444444444444443E-002
        1543   7.5555555555555556E-002
        1544   3.8333333333333330E-002
        1545   1.6666666666666666E-002
        1546   7.4444444444444438E-002
        1547   5.7222222222222223E-002
        1548  0.11611111111111111     
        1549   7.2222222222222219E-003
        1550   3.4444444444444444E-002
        1551   7.2222222222222219E-003
        1552   1.1666666666666667E-002
        1553   2.7222222222222221E-002
        1554   1.1666666666666667E-002
        1555   1.4444444444444444E-002
        1556   1.8888888888888889E-002
        1557   2.0000000000000000E-002
        1558   5.0000000000000001E-003
        1559   5.9999999999999998E-002
        1560   3.3333333333333335E-003
        1561   9.8888888888888887E-002
        1562   4.8888888888888891E-002
        1563   8.5000000000000006E-002
        1564   2.2222222222222222E-003
        1565   8.8888888888888889E-003
        1566   5.6666666666666664E-002
        1567   3.7222222222222219E-002
        1568   1.7777777777777778E-002
        1569   4.3888888888888887E-002
        1570   3.6666666666666667E-002
        1571   2.0555555555555556E-002
        1572   3.5555555555555556E-002
        1573   2.4444444444444446E-002
        1574   5.8333333333333334E-002
        1575   2.0000000000000000E-002
        1576   2.7222222222222221E-002
        1577  0.12666666666666668     
        1578   1.5555555555555555E-002
        1579   2.3333333333333334E-002
        1580   2.4444444444444446E-002
        1581   3.2777777777777781E-002
        1582   1.3888888888888888E-002
        1583   4.0555555555555553E-002
        1584   8.8333333333333333E-002
        1585   2.7777777777777776E-002
        1586   8.5000000000000006E-002
        1587   3.9444444444444442E-002
        1588   2.5000000000000001E-002
        1589   4.4444444444444444E-003
        1590   1.7222222222222222E-002
        1591   3.1666666666666669E-002
        1592   3.0555555555555555E-002
        1593   1.5555555555555555E-002
        1594   3.8888888888888890E-002
        1595   6.3333333333333339E-002
        1596   1.4444444444444444E-002
        1597   1.6111111111111111E-002
        1598   1.6111111111111111E-002
        1599   1.5555555555555555E-002
        1600   4.4444444444444444E-003
        1601   3.6111111111111108E-002
        1602  0.12722222222222221     
        1603   6.3333333333333339E-002
        1604   7.8333333333333338E-002
        1605  0.13444444444444445     
        1606   9.0555555555555556E-002
        1607  0.10222222222222223     
        1608   7.3333333333333334E-002
        1609   2.5000000000000001E-002
        1610   4.5555555555555557E-002
        1611   2.3333333333333334E-002
        1612   2.4444444444444446E-002
        1613   3.8888888888888888E-003
        1614   5.0000000000000001E-003
        1615   1.7222222222222222E-002
        1616   1.9444444444444445E-002
        1617   5.5555555555555558E-003
        1618   8.8333333333333333E-002
        1619   2.0000000000000000E-002
        1620   3.8333333333333330E-002
        1621   5.2777777777777778E-002
        1622   5.3888888888888889E-002
        1623   2.9999999999999999E-002
        1624  0.10611111111111111     
        1625   6.6666666666666671E-003
        1626   1.2222222222222223E-002
        1627   6.7777777777777784E-002
        1628   5.7777777777777775E-002
        1629   9.4444444444444442E-002
        1630   3.9444444444444442E-002
        1631   1.8888888888888889E-002
        1632   3.3333333333333335E-003
        1633   9.1666666666666660E-002
        1634   5.4444444444444441E-002
        1635   4.4444444444444444E-003
        1636   4.8888888888888891E-002
        1637   6.8888888888888888E-002
        1638   7.7777777777777776E-003
        1639   3.7777777777777778E-002
        1640   5.5555555555555558E-003
        1641   5.0000000000000001E-003
        1642  0.11500000000000000     
        1643   5.6111111111111112E-002
        1644   8.5000000000000006E-002
        1645   1.2777777777777779E-002
        1646   3.8888888888888888E-003
        1647   5.0000000000000001E-003
        1648   6.2777777777777780E-002
        1649   6.7222222222222225E-002
        1650   1.1111111111111111E-003
        1651   2.1111111111111112E-002
        1652   2.9999999999999999E-002
        1653   7.2222222222222219E-003
        1654   8.3333333333333332E-003
        1655   4.4444444444444446E-002
        1656   1.8333333333333333E-002
        1657   1.6666666666666668E-003
        1658   3.4444444444444444E-002
        1659   5.8333333333333334E-002
        1660   6.3333333333333339E-002
        1661   2.5000000000000001E-002
        1662   1.9444444444444445E-002
        1663   2.2222222222222222E-003
        1664   4.2777777777777776E-002
        1665   1.7222222222222222E-002
        1666   7.7777777777777776E-003
        1667   2.1666666666666667E-002
        1668   2.3333333333333334E-002
        1669   7.3888888888888893E-002
        1670   8.7222222222222229E-002
        1671   6.9444444444444448E-002
        1672   5.5555555555555556E-004
        1673   2.5000000000000001E-002
        1674   6.3333333333333339E-002
        1675   1.3333333333333334E-002
        1676   1.0555555555555556E-002
        1677  0.13388888888888889     
        1678   5.6666666666666664E-002
        1679   7.2222222222222219E-003
        1680   5.2222222222222225E-002
        1681   1.6666666666666666E-002
        1682   3.1666666666666669E-002
        1683   7.2222222222222219E-003
        1684   5.0555555555555555E-002
        1685   5.0000000000000001E-003
        1686   3.7777777777777778E-002
        1687  0.13388888888888889     
        1688   8.6666666666666670E-002
        1689   1.0000000000000000E-002
        1690   1.0555555555555556E-002
        1691   8.9999999999999997E-002
        1692   2.7777777777777779E-003
        1693   4.4999999999999998E-002
        1694   1.3333333333333334E-002
        1695   4.2222222222222223E-002
        1696   5.2777777777777778E-002
        1697   2.9444444444444443E-002
        1698   2.0555555555555556E-002
        1699   1.5555555555555555E-002
        1700   1.3333333333333334E-002
        1701   1.1111111111111112E-002
        1702   5.6666666666666664E-002
        1703   2.5555555555555557E-002
        1704   5.5000000000000000E-002
        1705  0.12833333333333333     
        1706   5.7222222222222223E-002
        1707   5.5000000000000000E-002
        1708   4.2222222222222223E-002
        1709   3.2777777777777781E-002
        1710   1.1111111111111112E-002
        1711   5.0000000000000001E-003
        1712   8.8888888888888889E-003
        1713   7.0555555555555552E-002
        1714   1.4999999999999999E-002
        1715   1.5555555555555555E-002
        1716   4.8333333333333332E-002
        1717   3.2777777777777781E-002
        1718   5.5555555555555558E-003
        1719   8.8888888888888889E-003
        1720   2.9999999999999999E-002
        1721   1.2222222222222223E-002
        1722   3.5000000000000003E-002
        1723   1.1666666666666667E-002
        1724   1.8333333333333333E-002
        1725   8.0000000000000002E-002
        1726   3.8333333333333330E-002
        1727   8.1111111111111106E-002
        1728   5.2777777777777778E-002
        1729   1.2777777777777779E-002
        1730   7.0000000000000007E-002
        1731   4.4444444444444446E-002
        1732   3.2222222222222222E-002
        1733   6.3888888888888884E-002
        1734   3.6111111111111108E-002
        1735   5.6666666666666664E-002
        1736   1.5555555555555555E-002
        1737   2.0000000000000000E-002
        1738   4.5555555555555557E-002
        1739   5.5555555555555556E-004
        1740   4.6111111111111110E-002
        1741   3.3333333333333333E-002
        1742   5.5555555555555556E-004
        1743   1.6666666666666668E-003
        1744   3.0555555555555555E-002
        1745   9.4444444444444445E-003
        1746   5.7777777777777775E-002
        1747  0.11611111111111111     
        1748  0.14444444444444443     
        1749   7.2777777777777775E-002
        1750   5.0555555555555555E-002
        1751   5.2222222222222225E-002
        1752   3.0555555555555555E-002
        1753   2.6666666666666668E-002
        1754   1.1666666666666667E-002
        1755   5.2777777777777778E-002
        1756   6.1111111111111114E-003
        1757   2.8333333333333332E-002
        1758   3.6666666666666667E-002
        1759   1.0000000000000000E-002
        1760   1.3888888888888888E-002
        1761   2.6111111111111113E-002
        1762   1.0555555555555556E-002
        1763   2.7777777777777779E-003
        1764   3.8888888888888890E-002
        1765   3.1666666666666669E-002
        1766   5.4444444444444441E-002
        1767   7.7777777777777776E-003
        1768   3.1666666666666669E-002
        1769   1.3888888888888888E-002
        1770   2.7777777777777779E-003
        1771   1.5555555555555555E-002
        1772   1.7777777777777778E-002
        1773   2.0000000000000000E-002
        1774   4.2222222222222223E-002
        1775  0.11055555555555556     
        1776   7.9444444444444443E-002
        1777   6.5555555555555561E-002
        1778   9.9444444444444446E-002
        1779   2.5000000000000001E-002
        1780   8.3333333333333329E-002
        1781   9.4444444444444445E-003
        1782   1.7222222222222222E-002
        1783   8.5555555555555551E-002
        1784   7.1666666666666670E-002
        1785   8.7777777777777774E-002
        1786   2.3333333333333334E-002
        1787   1.2777777777777779E-002
        1788   3.2222222222222222E-002
        1789   7.6111111111111115E-002
        1790   4.4444444444444444E-003
        1791   3.3333333333333333E-002
        1792   1.4444444444444444E-002
        1793   5.7222222222222223E-002
        1794   6.6111111111111107E-002
        1795   1.1666666666666667E-002
        1796   1.0000000000000000E-002
        1797   1.5555555555555555E-002
        1798   2.2222222222222222E-003
        1799   2.8333333333333332E-002
        1800   2.7777777777777776E-002
        1801   8.7777777777777774E-002
        1802   4.5555555555555557E-002
        1803   5.2222222222222225E-002
        1804   1.4444444444444444E-002
        1805   6.2222222222222220E-002
        1806   6.6666666666666671E-003
        1807   1.6111111111111111E-002
        1808   7.8888888888888883E-002
        1809   1.7222222222222222E-002
        1810   1.1111111111111111E-003
        1811   5.5555555555555556E-004
        1812   2.7777777777777779E-003
        1813  0.10944444444444444     
        1814   8.8888888888888892E-002
        1815   3.2222222222222222E-002
        1816   6.6666666666666666E-002
        1817   2.0000000000000000E-002
        1818   3.1666666666666669E-002
        1819   2.2222222222222222E-003
        1820   6.7777777777777784E-002
        1821  0.11555555555555555     
        1822  0.13222222222222221     
        1823   6.1111111111111114E-003
        1824   5.6111111111111112E-002
        1825   2.9444444444444443E-002
        1826  0.14000000000000001     
        1827   9.6111111111111105E-002
        1828   1.2222222222222223E-002
        1829   5.7777777777777775E-002
        1830   3.1111111111111110E-002
        1831   1.2222222222222223E-002
        1832   2.7777777777777779E-003
        1833   2.8888888888888888E-002
        1834   4.8888888888888891E-002
        1835   2.2777777777777779E-002
        1836   1.1111111111111111E-003
        1837   7.2777777777777775E-002
        1838   1.3333333333333334E-002
        1839   2.3888888888888890E-002
        1840   3.3333333333333335E-003
        1841   6.0555555555555557E-002
        1842   3.6111111111111108E-002
        1843   2.3333333333333334E-002
        1844   1.4444444444444444E-002
        1845   1.8333333333333333E-002
        1846   6.6111111111111107E-002
        1847   7.7222222222222220E-002
        1848   7.7777777777777776E-003
        1849   6.3888888888888884E-002
        1850   4.6111111111111110E-002
        1851   1.2777777777777779E-002
        1852   5.3888888888888889E-002
        1853   3.6111111111111108E-002
        1854   5.2222222222222225E-002
        1855   1.9444444444444445E-002
        1856   5.3333333333333337E-002
        1857   8.6111111111111110E-002
        1858   8.9999999999999997E-002
        1859   5.9999999999999998E-002
        1860   7.0000000000000007E-002
        1861   6.2222222222222220E-002
        1862   3.2777777777777781E-002
        1863   3.8888888888888888E-003
        1864   2.8333333333333332E-002
        1865   2.8333333333333332E-002
        1866   1.0000000000000000E-002
        1867   5.3888888888888889E-002
        1868   1.6666666666666668E-003
        1869   8.9444444444444438E-002
        1870   4.4444444444444446E-002
        1871   1.7222222222222222E-002
        1872   4.6666666666666669E-002
        1873   6.6666666666666671E-003
        1874   6.5000000000000002E-002
        1875  0.11222222222222222     
        1876   6.5555555555555561E-002
        1877   3.8888888888888888E-003
        1878   4.1111111111111112E-002
        1879   5.5000000000000000E-002
        1880   3.0555555555555555E-002
        1881  0.11888888888888889     
        1882  0.10944444444444444     
        1883   2.8888888888888888E-002
        1884   1.7777777777777778E-002
        1885   3.8888888888888888E-003
        1886   4.2222222222222223E-002
        1887   1.3333333333333334E-002
        1888   4.9444444444444444E-002
        1889   4.6111111111111110E-002
        1890   7.9444444444444443E-002
        1891   6.6666666666666671E-003
        1892   4.2777777777777776E-002
        1893   5.7222222222222223E-002
        1894   3.1111111111111110E-002
        1895   3.2777777777777781E-002
        1896   2.2222222222222222E-003
        1897   5.7777777777777775E-002
        1898   6.3333333333333339E-002
        1899  0.10222222222222223     
        1900   8.6666666666666670E-002
        1901   6.6666666666666671E-003
        1902   1.0555555555555556E-002
        1903   4.0555555555555553E-002
        1904   2.6666666666666668E-002
        1905   1.8333333333333333E-002
        1906   4.5555555555555557E-002
        1907   4.7222222222222221E-002
        1908   3.2777777777777781E-002
        1909   2.5000000000000001E-002
        1910   3.8888888888888888E-003
        1911   4.4444444444444444E-003
        1912   4.3888888888888887E-002
        1913   1.4999999999999999E-002
        1914   2.5000000000000001E-002
        1915   1.9444444444444445E-002
        1916   4.8888888888888891E-002
        1917   2.4444444444444446E-002
        1918   3.5000000000000003E-002
        1919   2.6666666666666668E-002
        1920   2.5555555555555557E-002
        1921   1.2777777777777779E-002
        1922   4.1666666666666664E-002
        1923   7.2222222222222219E-003
        1924   4.0555555555555553E-002
        1925   9.3333333333333338E-002
        1926  0.12555555555555556     
        1927   2.3333333333333334E-002
        1928   5.5555555555555558E-003
        1929   4.6666666666666669E-002
        1930   1.6666666666666666E-002
        1931   8.1666666666666665E-002
        1932  0.10000000000000001     
        1933   3.2222222222222222E-002
        1934   3.3888888888888892E-002
        1935   2.6666666666666668E-002
        1936   2.2222222222222223E-002
        1937   3.7222222222222219E-002
        1938   7.7777777777777776E-003
        1939   8.0555555555555561E-002
        1940   7.0000000000000007E-002
        1941   7.0000000000000007E-002
        1942   8.8333333333333333E-002
        1943  0.10222222222222223     
        1944   9.9444444444444446E-002
        1945  0.17944444444444443     
        1946   3.8888888888888888E-003
        1947   1.7222222222222222E-002
        1948   4.2777777777777776E-002
        1949   2.2777777777777779E-002
        1950   3.7777777777777778E-002
        1951   1.7777777777777778E-002
        1952   2.2222222222222223E-002
        1953   1.4444444444444444E-002
        1954   1.6666666666666666E-002
        1955   2.8888888888888888E-002
        1956   1.1111111111111111E-003
        1957   1.1666666666666667E-002
        1958   7.1666666666666670E-002
        1959   8.8333333333333333E-002
        1960   6.6666666666666671E-003
        1961  0.10944444444444444     
        1962   1.3333333333333334E-002
        1963   2.8333333333333332E-002
        1964   1.9444444444444445E-002
        1965   5.5555555555555552E-002
        1966   3.1111111111111110E-002
        1967   2.7777777777777776E-002
        1968   6.5555555555555561E-002
        1969   2.7777777777777779E-003
        1970   5.9444444444444446E-002
        1971   1.0000000000000000E-002
        1972   3.7222222222222219E-002
        1973   1.9444444444444445E-002
        1974   2.6111111111111113E-002
        1975   1.7222222222222222E-002
        1976   3.8888888888888890E-002
        1977   5.5555555555555552E-002
        1978   2.0555555555555556E-002
        1979   3.9444444444444442E-002
        1980   3.1666666666666669E-002
        1981   5.7777777777777775E-002
        1982   1.1111111111111111E-003
        1983   3.7777777777777778E-002
        1984   6.4444444444444443E-002
        1985   2.1666666666666667E-002
        1986   6.8333333333333329E-002
        1987   4.7777777777777780E-002
        1988   4.2222222222222223E-002
        1989   3.3333333333333333E-002
        1990   9.2777777777777778E-002
        1991   2.1111111111111112E-002
        1992   1.1111111111111111E-003
        1993   1.7777777777777778E-002
        1994   7.1666666666666670E-002
        1995   7.2222222222222215E-002
        1996   5.0555555555555555E-002
        1997   8.2777777777777783E-002
        1998   2.8333333333333332E-002
        1999   1.4999999999999999E-002
        2000   3.5555555555555556E-002
