           1   7.3333333333333334E-002
           2   4.4999999999999998E-002
           3   1.9444444444444445E-002
           4   7.5555555555555556E-002
           5   2.8333333333333332E-002
           6   9.5555555555555560E-002
           7   1.0555555555555556E-002
           8   3.1666666666666669E-002
           9   6.4444444444444443E-002
          10   4.1666666666666664E-002
          11   8.3333333333333332E-003
          12   8.1111111111111106E-002
          13   1.5555555555555555E-002
          14   1.1666666666666667E-002
          15  0.10500000000000000     
          16   5.6111111111111112E-002
          17   8.3333333333333332E-003
          18   3.1111111111111110E-002
          19   4.9444444444444444E-002
          20   2.9444444444444443E-002
          21   5.5555555555555558E-003
          22   9.4444444444444445E-003
          23   5.0000000000000003E-002
          24   5.5000000000000000E-002
          25   1.4999999999999999E-002
          26   1.1111111111111111E-003
          27   1.0000000000000000E-002
          28   8.3333333333333332E-003
          29   2.6111111111111113E-002
          30   1.9444444444444445E-002
          31   8.2777777777777783E-002
          32   0.0000000000000000     
          33   2.4444444444444446E-002
          34   3.2777777777777781E-002
          35   5.2222222222222225E-002
          36   5.0000000000000003E-002
          37  0.11000000000000000     
          38   5.0555555555555555E-002
          39   9.4444444444444445E-003
          40   6.8333333333333329E-002
          41   1.4444444444444444E-002
          42   4.8333333333333332E-002
          43   4.6666666666666669E-002
          44   1.6666666666666668E-003
          45   3.5000000000000003E-002
          46   8.2777777777777783E-002
          47   1.7222222222222222E-002
          48   1.3333333333333334E-002
          49   8.1111111111111106E-002
          50   2.6666666666666668E-002
          51   4.0555555555555553E-002
          52   3.7222222222222219E-002
          53  0.14388888888888890     
          54   9.1111111111111115E-002
          55   1.7777777777777778E-002
          56   7.2777777777777775E-002
          57  0.16333333333333333     
          58   9.0555555555555556E-002
          59   4.6111111111111110E-002
          60   3.3333333333333335E-003
          61   6.5000000000000002E-002
          62   4.2777777777777776E-002
          63   2.1111111111111112E-002
          64   7.6666666666666661E-002
          65   3.6111111111111108E-002
          66   4.4444444444444446E-002
          67   3.1666666666666669E-002
          68   4.0555555555555553E-002
          69   8.3888888888888888E-002
          70   6.0555555555555557E-002
          71   5.6666666666666664E-002
          72   5.7222222222222223E-002
          73   3.2222222222222222E-002
          74   5.5555555555555558E-003
          75   3.7777777777777778E-002
          76   5.3333333333333337E-002
          77  0.10611111111111111     
          78   2.3333333333333334E-002
          79   7.1666666666666670E-002
          80   3.7777777777777778E-002
          81   2.9999999999999999E-002
          82   4.5555555555555557E-002
          83   2.3333333333333334E-002
          84   3.0555555555555555E-002
          85   5.9444444444444446E-002
          86  0.13111111111111112     
          87  0.11000000000000000     
          88  0.11111111111111110     
          89   9.2777777777777778E-002
          90   6.2777777777777780E-002
          91   1.3888888888888888E-002
          92   5.5555555555555556E-004
          93   3.7777777777777778E-002
          94   2.7777777777777779E-003
          95   1.6111111111111111E-002
          96   6.1111111111111109E-002
          97  0.10888888888888888     
          98   7.2222222222222215E-002
          99   6.6666666666666666E-002
         100   1.0000000000000000E-002
         101   3.2222222222222222E-002
         102   4.1111111111111112E-002
         103   5.3333333333333337E-002
         104  0.10388888888888889     
         105  0.11388888888888889     
         106   8.7777777777777774E-002
         107   2.0555555555555556E-002
         108   1.6666666666666666E-002
         109   5.3333333333333337E-002
         110   7.5555555555555556E-002
         111   5.7777777777777775E-002
         112   5.3888888888888889E-002
         113   8.8888888888888889E-003
         114   1.8333333333333333E-002
         115   7.2222222222222219E-003
         116   8.3333333333333332E-003
         117   2.3333333333333334E-002
         118   2.5555555555555557E-002
         119   6.6666666666666666E-002
         120   2.1666666666666667E-002
         121   7.0555555555555552E-002
         122   6.1111111111111114E-003
         123   8.8888888888888889E-003
         124   4.0555555555555553E-002
         125   6.7222222222222225E-002
         126   2.2777777777777779E-002
         127   5.5555555555555556E-004
         128   4.6111111111111110E-002
         129   9.4444444444444442E-002
         130   3.8888888888888890E-002
         131   1.1666666666666667E-002
         132   6.0555555555555557E-002
         133   1.2777777777777779E-002
         134   1.6666666666666668E-003
         135   1.6666666666666668E-003
         136  0.12444444444444444     
         137   5.6666666666666664E-002
         138   3.4444444444444444E-002
         139   5.6111111111111112E-002
         140   1.6111111111111111E-002
         141   6.6666666666666666E-002
         142   4.3333333333333335E-002
         143   7.5555555555555556E-002
         144   8.0555555555555561E-002
         145   5.3888888888888889E-002
         146   2.3333333333333334E-002
         147   2.3888888888888890E-002
         148   5.9444444444444446E-002
         149   1.3888888888888888E-002
         150   3.1111111111111110E-002
         151   3.3888888888888892E-002
         152   2.6111111111111113E-002
         153   8.3333333333333332E-003
         154   1.2777777777777779E-002
         155   2.8888888888888888E-002
         156   4.7222222222222221E-002
         157   3.3888888888888892E-002
         158   3.8888888888888890E-002
         159   4.8888888888888891E-002
         160   2.1111111111111112E-002
         161   2.2777777777777779E-002
         162   3.8888888888888888E-003
         163   3.7777777777777778E-002
         164   2.5555555555555557E-002
         165   4.7777777777777780E-002
         166   5.5555555555555552E-002
         167   9.7777777777777783E-002
         168  0.10277777777777777     
         169   8.0555555555555561E-002
         170   1.8888888888888889E-002
         171   2.2222222222222222E-003
         172  0.12666666666666668     
         173   7.8333333333333338E-002
         174   1.2222222222222223E-002
         175   1.3333333333333334E-002
         176   6.6666666666666671E-003
         177   6.3888888888888884E-002
         178   5.7222222222222223E-002
         179   2.2222222222222222E-003
         180   4.0555555555555553E-002
         181   7.0555555555555552E-002
         182   4.5555555555555557E-002
         183   4.3333333333333335E-002
         184   9.2222222222222219E-002
         185   8.2222222222222224E-002
         186   1.7777777777777778E-002
         187   5.5555555555555558E-003
         188   8.0555555555555561E-002
         189   3.2222222222222222E-002
         190   7.0555555555555552E-002
         191  0.11000000000000000     
         192   7.3333333333333334E-002
         193   8.3333333333333332E-003
         194   4.9444444444444444E-002
         195   5.4444444444444441E-002
         196   1.1666666666666667E-002
         197   4.8333333333333332E-002
         198   3.5555555555555556E-002
         199   4.3888888888888887E-002
         200   1.3888888888888888E-002
         201   8.6666666666666670E-002
         202  0.16277777777777777     
         203   1.7222222222222222E-002
         204   4.3333333333333335E-002
         205   5.1666666666666666E-002
         206   5.5555555555555556E-004
         207   2.6111111111111113E-002
         208   6.1111111111111109E-002
         209   6.1111111111111114E-003
         210  0.11500000000000000     
         211   6.5000000000000002E-002
         212   5.3333333333333337E-002
         213   2.3333333333333334E-002
         214   1.4999999999999999E-002
         215   3.5000000000000003E-002
         216   1.7222222222222222E-002
         217   7.0555555555555552E-002
         218   2.1111111111111112E-002
         219   3.1111111111111110E-002
         220   5.0555555555555555E-002
         221   1.5555555555555555E-002
         222   5.6111111111111112E-002
         223   4.3888888888888887E-002
         224   1.4444444444444444E-002
         225   4.8333333333333332E-002
         226   1.8333333333333333E-002
         227   3.8888888888888890E-002
         228   5.7777777777777775E-002
         229   2.9444444444444443E-002
         230   2.3888888888888890E-002
         231   5.9444444444444446E-002
         232   1.2777777777777779E-002
         233  0.11555555555555555     
         234   9.2777777777777778E-002
         235   7.2222222222222215E-002
         236   7.2777777777777775E-002
         237   2.0000000000000000E-002
         238   6.2222222222222220E-002
         239   2.5000000000000001E-002
         240   6.1666666666666668E-002
         241   2.2777777777777779E-002
         242   3.8888888888888888E-003
         243   3.5000000000000003E-002
         244   2.6666666666666668E-002
         245   2.2222222222222223E-002
         246   5.5555555555555558E-003
         247   1.1666666666666667E-002
         248   1.4444444444444444E-002
         249   1.1111111111111112E-002
         250   2.7777777777777776E-002
         251   2.2222222222222223E-002
         252   5.3888888888888889E-002
         253   7.7777777777777776E-003
         254   2.6111111111111113E-002
         255   1.5555555555555555E-002
         256   1.0555555555555556E-002
         257   2.4444444444444446E-002
         258   1.6111111111111111E-002
         259   1.5555555555555555E-002
         260   4.2777777777777776E-002
         261   1.2777777777777779E-002
         262   6.0555555555555557E-002
         263   1.7222222222222222E-002
         264   2.0000000000000000E-002
         265  0.13166666666666665     
         266   2.9999999999999999E-002
         267   5.1666666666666666E-002
         268   5.8333333333333334E-002
         269   8.6111111111111110E-002
         270   6.2222222222222220E-002
         271   5.9444444444444446E-002
         272   2.4444444444444446E-002
         273   3.1666666666666669E-002
         274   2.5555555555555557E-002
         275   4.4999999999999998E-002
         276  0.14555555555555555     
         277   4.2777777777777776E-002
         278   2.7777777777777776E-002
         279   2.9444444444444443E-002
         280   3.3888888888888892E-002
         281   4.5555555555555557E-002
         282   2.0000000000000000E-002
         283   5.5555555555555552E-002
         284   4.2777777777777776E-002
         285   1.2222222222222223E-002
         286   7.3333333333333334E-002
         287   6.8888888888888888E-002
         288   2.9999999999999999E-002
         289   4.6111111111111110E-002
         290   7.7777777777777776E-003
         291   2.0000000000000000E-002
         292   6.1111111111111114E-003
         293   6.7777777777777784E-002
         294   2.8333333333333332E-002
         295   1.4444444444444444E-002
         296   5.9999999999999998E-002
         297   2.8888888888888888E-002
         298   5.1111111111111114E-002
         299   3.1111111111111110E-002
         300   3.4444444444444444E-002
         301   1.2222222222222223E-002
         302   6.0555555555555557E-002
         303   9.1111111111111115E-002
         304   9.7777777777777783E-002
         305   6.7222222222222225E-002
         306   8.3333333333333329E-002
         307   2.2222222222222223E-002
         308   5.0555555555555555E-002
         309   5.8888888888888886E-002
         310   2.2777777777777779E-002
         311   1.7777777777777778E-002
         312   1.3333333333333334E-002
         313   6.1111111111111114E-003
         314   5.0000000000000001E-003
         315   4.3333333333333335E-002
         316   8.1666666666666665E-002
         317   5.6111111111111112E-002
         318   7.9444444444444443E-002
         319   5.3888888888888889E-002
         320   2.0555555555555556E-002
         321   5.1111111111111114E-002
         322   4.0000000000000001E-002
         323   5.8888888888888886E-002
         324   1.3333333333333334E-002
         325   2.3888888888888890E-002
         326   3.4444444444444444E-002
         327   2.1666666666666667E-002
         328   4.7777777777777780E-002
         329   3.5555555555555556E-002
         330   2.7777777777777779E-003
         331   3.1666666666666669E-002
         332   2.1666666666666667E-002
         333   2.0000000000000000E-002
         334   3.7222222222222219E-002
         335   4.7222222222222221E-002
         336   1.3333333333333334E-002
         337   2.3888888888888890E-002
         338   3.8888888888888890E-002
         339   3.8888888888888890E-002
         340   5.8333333333333334E-002
         341   6.5000000000000002E-002
         342   3.3333333333333333E-002
         343   2.3888888888888890E-002
         344   2.6666666666666668E-002
         345   1.9444444444444445E-002
         346   5.0000000000000001E-003
         347   5.0555555555555555E-002
         348   4.3333333333333335E-002
         349   2.0000000000000000E-002
         350   4.4444444444444444E-003
         351   5.6111111111111112E-002
         352   2.9444444444444443E-002
         353   6.8888888888888888E-002
         354   2.8888888888888888E-002
         355  0.11500000000000000     
         356   5.7777777777777775E-002
         357   9.8888888888888887E-002
         358   8.7777777777777774E-002
         359   1.1111111111111111E-003
         360   7.2777777777777775E-002
         361   9.1111111111111115E-002
         362   2.7777777777777776E-002
         363   5.3888888888888889E-002
         364   4.1666666666666664E-002
         365   5.1111111111111114E-002
         366   8.7222222222222229E-002
         367   5.5555555555555556E-004
         368   1.0000000000000000E-002
         369   2.6111111111111113E-002
         370   6.1111111111111109E-002
         371   1.4444444444444444E-002
         372   1.6111111111111111E-002
         373   3.2222222222222222E-002
         374   3.8888888888888888E-003
         375   3.6111111111111108E-002
         376   6.4444444444444443E-002
         377   5.4444444444444441E-002
         378   1.4999999999999999E-002
         379   1.0000000000000000E-002
         380   1.8888888888888889E-002
         381   4.0555555555555553E-002
         382   6.9444444444444448E-002
         383   2.8888888888888888E-002
         384   1.8333333333333333E-002
         385   6.1111111111111114E-003
         386   1.8888888888888889E-002
         387   7.7222222222222220E-002
         388   4.2777777777777776E-002
         389   1.7222222222222222E-002
         390   7.9444444444444443E-002
         391   1.0000000000000000E-002
         392   8.7222222222222229E-002
         393   8.8888888888888889E-003
         394   1.0000000000000000E-002
         395   7.2222222222222215E-002
         396   1.3333333333333334E-002
         397   2.2777777777777779E-002
         398   5.1666666666666666E-002
         399   8.3333333333333332E-003
         400   3.0555555555555555E-002
         401   3.5000000000000003E-002
         402   4.0000000000000001E-002
         403   4.8333333333333332E-002
         404   2.3333333333333334E-002
         405   4.2777777777777776E-002
         406   5.5555555555555556E-004
         407   5.3888888888888889E-002
         408   3.3333333333333335E-003
         409   2.7222222222222221E-002
         410   2.6111111111111113E-002
         411   2.7222222222222221E-002
         412   7.2222222222222219E-003
         413   9.4444444444444445E-003
         414   3.3333333333333335E-003
         415   2.7222222222222221E-002
         416   1.1666666666666667E-002
         417   4.6666666666666669E-002
         418   4.2222222222222223E-002
         419   1.5555555555555555E-002
         420   5.1111111111111114E-002
         421   1.6666666666666666E-002
         422   4.4444444444444444E-003
         423   4.4444444444444444E-003
         424   7.8333333333333338E-002
         425   1.7777777777777778E-002
         426   3.9444444444444442E-002
         427   2.2222222222222223E-002
         428   1.2222222222222223E-002
         429   1.3888888888888888E-002
         430   4.0555555555555553E-002
         431   5.5555555555555552E-002
         432  0.10000000000000001     
         433   1.7222222222222222E-002
         434   2.9444444444444443E-002
         435   2.8888888888888888E-002
         436   4.4444444444444446E-002
         437   5.9999999999999998E-002
         438   2.5000000000000001E-002
         439   6.5555555555555561E-002
         440   4.2222222222222223E-002
         441   2.5555555555555557E-002
         442   1.5555555555555555E-002
         443   3.1111111111111110E-002
         444   1.1111111111111111E-003
         445   1.1111111111111111E-003
         446   2.7222222222222221E-002
         447   4.7222222222222221E-002
         448   6.7222222222222225E-002
         449   6.5555555555555561E-002
         450   5.2777777777777778E-002
         451   1.4444444444444444E-002
         452   4.3888888888888887E-002
         453   4.3888888888888887E-002
         454   5.6666666666666664E-002
         455   2.8888888888888888E-002
         456   2.7222222222222221E-002
         457   1.6666666666666666E-002
         458   3.1666666666666669E-002
         459   3.1666666666666669E-002
         460   7.7222222222222220E-002
         461   8.9444444444444438E-002
         462  0.14444444444444443     
         463   9.1111111111111115E-002
         464   4.3333333333333335E-002
         465  0.13888888888888890     
         466  0.15500000000000000     
         467  0.14277777777777778     
         468   8.7222222222222229E-002
         469  0.10888888888888888     
         470   7.2222222222222215E-002
         471   3.7222222222222219E-002
         472   6.1666666666666668E-002
         473   7.7222222222222220E-002
         474   9.9444444444444446E-002
         475   6.4444444444444443E-002
         476   1.7777777777777778E-002
         477   7.6666666666666661E-002
         478   7.0555555555555552E-002
         479   9.8888888888888887E-002
         480   6.6666666666666666E-002
         481   1.9444444444444445E-002
         482   1.9444444444444445E-002
         483   4.6111111111111110E-002
         484   2.5000000000000001E-002
         485   2.2222222222222223E-002
         486   1.2222222222222223E-002
         487   2.2222222222222223E-002
         488   7.3888888888888893E-002
         489   6.3333333333333339E-002
         490   1.4999999999999999E-002
         491   2.6666666666666668E-002
         492   4.8333333333333332E-002
         493   3.3333333333333335E-003
         494   6.6666666666666671E-003
         495   7.2222222222222219E-003
         496  0.12277777777777778     
         497  0.11444444444444445     
         498   2.1666666666666667E-002
         499   3.3333333333333335E-003
         500   1.0000000000000000E-002
         501   8.0000000000000002E-002
         502   1.1111111111111111E-003
         503   6.8888888888888888E-002
         504   2.2222222222222223E-002
         505   2.0555555555555556E-002
         506   1.0555555555555556E-002
         507   7.2222222222222215E-002
         508   4.6666666666666669E-002
         509   3.3333333333333335E-003
         510   5.5555555555555558E-003
         511   1.4999999999999999E-002
         512   8.0555555555555561E-002
         513   8.9444444444444438E-002
         514   9.0555555555555556E-002
         515   8.3333333333333329E-002
         516   3.8888888888888890E-002
         517   6.2222222222222220E-002
         518   6.2222222222222220E-002
         519   5.1666666666666666E-002
         520   1.6666666666666668E-003
         521   2.3888888888888890E-002
         522   2.1111111111111112E-002
         523   1.0555555555555556E-002
         524   2.9999999999999999E-002
         525   2.9999999999999999E-002
         526   9.0555555555555556E-002
         527  0.11333333333333333     
         528   2.5555555555555557E-002
         529   7.1111111111111111E-002
         530   4.3888888888888887E-002
         531   6.6666666666666671E-003
         532   7.7777777777777776E-003
         533   1.2777777777777779E-002
         534   1.0000000000000000E-002
         535   2.0555555555555556E-002
         536   1.1666666666666667E-002
         537   5.7777777777777775E-002
         538   3.1666666666666669E-002
         539   2.6666666666666668E-002
         540   3.1666666666666669E-002
         541   7.2222222222222219E-003
         542   4.8888888888888891E-002
         543   6.9444444444444448E-002
         544   6.1111111111111114E-003
         545   5.5555555555555556E-004
         546   1.4999999999999999E-002
         547   3.7222222222222219E-002
         548   2.2777777777777779E-002
         549   2.2222222222222223E-002
         550   4.3333333333333335E-002
         551   4.7777777777777780E-002
         552   2.7222222222222221E-002
         553   4.3333333333333335E-002
         554   4.4444444444444444E-003
         555   5.5555555555555556E-004
         556   5.5555555555555556E-004
         557   1.6666666666666668E-003
         558   1.1666666666666667E-002
         559   6.2777777777777780E-002
         560   2.2777777777777779E-002
         561   2.1666666666666667E-002
         562   2.0000000000000000E-002
         563   2.0000000000000000E-002
         564   2.5000000000000001E-002
         565   8.0555555555555561E-002
         566   7.9444444444444443E-002
         567   8.3333333333333332E-003
         568   4.4999999999999998E-002
         569   3.8333333333333330E-002
         570   7.6666666666666661E-002
         571   2.0000000000000000E-002
         572   8.3333333333333332E-003
         573   1.6666666666666666E-002
         574   4.7222222222222221E-002
         575   2.7222222222222221E-002
         576  0.10111111111111111     
         577   1.1666666666666667E-002
         578   1.8888888888888889E-002
         579   1.1666666666666667E-002
         580   6.1666666666666668E-002
         581   1.3888888888888888E-002
         582   9.4444444444444442E-002
         583   7.1666666666666670E-002
         584   7.3888888888888893E-002
         585   8.2777777777777783E-002
         586   4.0555555555555553E-002
         587   1.3888888888888888E-002
         588   1.3888888888888888E-002
         589   6.6666666666666671E-003
         590   1.1666666666666667E-002
         591   6.1111111111111114E-003
         592   3.1666666666666669E-002
         593   9.5000000000000001E-002
         594   5.8888888888888886E-002
         595   5.1111111111111114E-002
         596   2.1111111111111112E-002
         597   2.3333333333333334E-002
         598   4.8333333333333332E-002
         599   8.8888888888888889E-003
         600   5.1111111111111114E-002
         601   6.6666666666666671E-003
         602   1.3888888888888888E-002
         603   2.0555555555555556E-002
         604   5.7222222222222223E-002
         605   3.4444444444444444E-002
         606   7.7777777777777776E-003
         607  0.10444444444444445     
         608   5.0555555555555555E-002
         609   2.0555555555555556E-002
         610   1.3333333333333334E-002
         611   5.6111111111111112E-002
         612   5.5555555555555556E-004
         613   1.1111111111111112E-002
         614   2.5555555555555557E-002
         615   4.3888888888888887E-002
         616   3.8888888888888888E-003
         617   2.7777777777777779E-003
         618   3.3888888888888892E-002
         619   3.2777777777777781E-002
         620   3.1666666666666669E-002
         621   5.7222222222222223E-002
         622   6.6666666666666666E-002
         623   1.0555555555555556E-002
         624   2.7777777777777779E-003
         625   1.4444444444444444E-002
         626   1.3333333333333334E-002
         627   4.6666666666666669E-002
         628   4.2222222222222223E-002
         629   1.8888888888888889E-002
         630   6.5000000000000002E-002
         631   3.3333333333333335E-003
         632   2.2222222222222222E-003
         633   2.2222222222222222E-003
         634   2.6111111111111113E-002
         635   2.8888888888888888E-002
         636   3.8888888888888890E-002
         637   3.5000000000000003E-002
         638   3.3333333333333333E-002
         639   2.2222222222222223E-002
         640   1.6111111111111111E-002
         641   6.6666666666666671E-003
         642   2.7777777777777779E-003
         643   2.5555555555555557E-002
         644   3.8333333333333330E-002
         645   2.2222222222222222E-003
         646   3.7222222222222219E-002
         647   5.7222222222222223E-002
         648   5.9999999999999998E-002
         649   3.4444444444444444E-002
         650   1.7777777777777778E-002
         651   1.6666666666666666E-002
         652   6.6666666666666671E-003
         653   2.9444444444444443E-002
         654   1.0000000000000000E-002
         655   5.1666666666666666E-002
         656   5.2777777777777778E-002
         657   9.4444444444444445E-003
         658   1.2222222222222223E-002
         659   1.4444444444444444E-002
         660   2.1666666666666667E-002
         661   1.6666666666666668E-003
         662   3.7222222222222219E-002
         663  0.10666666666666667     
         664   2.3888888888888890E-002
         665   5.7777777777777775E-002
         666   3.1111111111111110E-002
         667   3.3888888888888892E-002
         668   5.9444444444444446E-002
         669   3.8333333333333330E-002
         670  0.10833333333333334     
         671   8.8888888888888889E-003
         672   5.3888888888888889E-002
         673   1.1111111111111112E-002
         674   1.6666666666666668E-003
         675   8.8888888888888889E-003
         676   3.6111111111111108E-002
         677   7.8333333333333338E-002
         678   4.2222222222222223E-002
         679   6.6111111111111107E-002
         680   2.7777777777777776E-002
         681   7.6111111111111115E-002
         682   7.4999999999999997E-002
         683   6.1111111111111114E-003
         684   2.4444444444444446E-002
         685   5.6111111111111112E-002
         686   5.5000000000000000E-002
         687   8.2777777777777783E-002
         688   7.1111111111111111E-002
         689  0.10000000000000001     
         690  0.11555555555555555     
         691   3.6111111111111108E-002
         692   6.0555555555555557E-002
         693   3.0555555555555555E-002
         694   1.2777777777777779E-002
         695   5.9444444444444446E-002
         696   4.4999999999999998E-002
         697   4.8888888888888891E-002
         698   5.9444444444444446E-002
         699   6.5555555555555561E-002
         700   1.1111111111111111E-003
         701   2.6666666666666668E-002
         702   5.0000000000000001E-003
         703   1.6666666666666666E-002
         704   3.2222222222222222E-002
         705   5.9444444444444446E-002
         706   8.1666666666666665E-002
         707   4.1666666666666664E-002
         708  0.11111111111111110     
         709   2.9444444444444443E-002
         710   3.7777777777777778E-002
         711   4.1111111111111112E-002
         712   4.4444444444444446E-002
         713   2.1111111111111112E-002
         714   1.1666666666666667E-002
         715   1.9444444444444445E-002
         716   1.0000000000000000E-002
         717   1.6666666666666666E-002
         718   3.1666666666666669E-002
         719   3.5555555555555556E-002
         720   2.9444444444444443E-002
         721   7.7777777777777776E-003
         722   2.1666666666666667E-002
         723   2.0000000000000000E-002
         724   2.5000000000000001E-002
         725   7.2222222222222219E-003
         726   3.2777777777777781E-002
         727   7.3888888888888893E-002
         728   8.6111111111111110E-002
         729   8.9444444444444438E-002
         730   6.0555555555555557E-002
         731   4.3333333333333335E-002
         732   8.8888888888888889E-003
         733   6.1666666666666668E-002
         734   1.6666666666666666E-002
         735   4.2777777777777776E-002
         736   1.1111111111111111E-003
         737   3.8333333333333330E-002
         738   7.3888888888888893E-002
         739   1.3333333333333334E-002
         740   3.3333333333333335E-003
         741   4.2222222222222223E-002
         742   2.1666666666666667E-002
         743   2.6111111111111113E-002
         744   3.3333333333333333E-002
         745   8.1666666666666665E-002
         746   3.1111111111111110E-002
         747   1.2222222222222223E-002
         748   8.3333333333333332E-003
         749   2.5000000000000001E-002
         750   6.1666666666666668E-002
         751   7.4999999999999997E-002
         752   6.1111111111111109E-002
         753   7.0555555555555552E-002
         754   1.1666666666666667E-002
         755   6.6111111111111107E-002
         756   3.6666666666666667E-002
         757   2.8333333333333332E-002
         758   1.2777777777777779E-002
         759   2.7777777777777779E-003
         760   3.1666666666666669E-002
         761   9.4444444444444445E-003
         762   9.4444444444444445E-003
         763   1.6666666666666666E-002
         764   2.3333333333333334E-002
         765   2.4444444444444446E-002
         766   6.2222222222222220E-002
         767   7.2777777777777775E-002
         768  0.15555555555555556     
         769  0.11611111111111111     
         770   5.8888888888888886E-002
         771   1.4444444444444444E-002
         772   7.6111111111111115E-002
         773   3.8333333333333330E-002
         774   8.3333333333333332E-003
         775   6.5555555555555561E-002
         776   3.3333333333333335E-003
         777   2.3333333333333334E-002
         778   9.4444444444444445E-003
         779   3.3333333333333335E-003
         780   7.7777777777777776E-003
         781   3.7777777777777778E-002
         782   9.2222222222222219E-002
         783   8.5555555555555551E-002
         784   4.6111111111111110E-002
         785   1.4444444444444444E-002
         786   2.0000000000000000E-002
         787   6.0555555555555557E-002
         788   2.5555555555555557E-002
         789   1.2222222222222223E-002
         790   3.1111111111111110E-002
         791   2.6666666666666668E-002
         792   3.3333333333333335E-003
         793   2.6666666666666668E-002
         794   7.2222222222222219E-003
         795   1.3888888888888888E-002
         796   1.0000000000000000E-002
         797   6.7222222222222225E-002
         798   5.5555555555555558E-003
         799   4.7222222222222221E-002
         800   3.1666666666666669E-002
         801   4.2777777777777776E-002
         802   6.7222222222222225E-002
         803   3.3333333333333335E-003
         804   2.2222222222222222E-003
         805   3.9444444444444442E-002
         806   1.4999999999999999E-002
         807   4.8888888888888891E-002
         808   2.7777777777777776E-002
         809   2.9999999999999999E-002
         810  0.12000000000000000     
         811   5.2222222222222225E-002
         812   6.1666666666666668E-002
         813   2.0000000000000000E-002
         814   8.6111111111111110E-002
         815   3.1111111111111110E-002
         816   2.3888888888888890E-002
         817   3.5555555555555556E-002
         818   1.0000000000000000E-002
         819   3.6666666666666667E-002
         820   2.2222222222222223E-002
         821   5.8333333333333334E-002
         822   6.5000000000000002E-002
         823   6.6666666666666671E-003
         824   5.2222222222222225E-002
         825   2.2777777777777779E-002
         826   2.1111111111111112E-002
         827   6.0555555555555557E-002
         828   5.5555555555555556E-004
         829   4.4444444444444446E-002
         830   4.4444444444444444E-003
         831   4.6666666666666669E-002
         832   4.0000000000000001E-002
         833   2.9444444444444443E-002
         834   1.1111111111111112E-002
         835   6.5000000000000002E-002
         836   5.0000000000000003E-002
         837   9.4444444444444445E-003
         838   2.3333333333333334E-002
         839   6.6666666666666671E-003
         840   6.6666666666666671E-003
         841   1.4444444444444444E-002
         842   5.9444444444444446E-002
         843   1.5555555555555555E-002
         844   3.1111111111111110E-002
         845   2.8888888888888888E-002
         846   9.4444444444444445E-003
         847   1.0555555555555556E-002
         848   2.6111111111111113E-002
         849   2.6111111111111113E-002
         850   3.3333333333333335E-003
         851   7.2222222222222219E-003
         852   1.1111111111111111E-003
         853   5.9999999999999998E-002
         854   2.2777777777777779E-002
         855   1.4999999999999999E-002
         856   4.5555555555555557E-002
         857   2.7222222222222221E-002
         858   8.8888888888888889E-003
         859   2.5000000000000001E-002
         860   4.9444444444444444E-002
         861   5.3333333333333337E-002
         862   4.3333333333333335E-002
         863   5.2777777777777778E-002
         864   2.5555555555555557E-002
         865   1.7777777777777778E-002
         866   0.0000000000000000     
         867   4.0000000000000001E-002
         868   6.7777777777777784E-002
         869  0.10944444444444444     
         870   6.3888888888888884E-002
         871   3.3888888888888892E-002
         872   2.1111111111111112E-002
         873   1.3333333333333334E-002
         874   3.6666666666666667E-002
         875   1.7777777777777778E-002
         876   1.1111111111111112E-002
         877   4.0555555555555553E-002
         878   3.2777777777777781E-002
         879   1.3888888888888888E-002
         880   1.7777777777777778E-002
         881   3.3888888888888892E-002
         882   1.2777777777777779E-002
         883   1.7222222222222222E-002
         884   2.2222222222222223E-002
         885   2.3888888888888890E-002
         886   9.4444444444444445E-003
         887   6.8888888888888888E-002
         888   2.1111111111111112E-002
         889   1.1111111111111112E-002
         890   3.5000000000000003E-002
         891   2.7777777777777776E-002
         892   5.5000000000000000E-002
         893   8.1666666666666665E-002
         894   2.6666666666666668E-002
         895   1.6666666666666668E-003
         896   5.5555555555555556E-004
         897   4.4999999999999998E-002
         898   6.6111111111111107E-002
         899   6.8888888888888888E-002
         900   5.8888888888888886E-002
         901   7.2222222222222219E-003
         902   3.6666666666666667E-002
         903   5.5555555555555556E-004
         904  0.10666666666666667     
         905   3.0555555555555555E-002
         906   3.1666666666666669E-002
         907   8.8888888888888889E-003
         908   4.3333333333333335E-002
         909   6.2222222222222220E-002
         910   3.8888888888888888E-003
         911   6.7777777777777784E-002
         912   8.0555555555555561E-002
         913   1.9444444444444445E-002
         914   2.0555555555555556E-002
         915   2.5000000000000001E-002
         916   3.8888888888888888E-003
         917   2.1111111111111112E-002
         918   6.1111111111111114E-003
         919   1.9444444444444445E-002
         920   9.6666666666666665E-002
         921   4.3888888888888887E-002
         922   6.8888888888888888E-002
         923   7.3888888888888893E-002
         924   1.6666666666666668E-003
         925   6.2777777777777780E-002
         926   4.4999999999999998E-002
         927  0.11111111111111110     
         928   1.3888888888888888E-002
         929   8.3333333333333332E-003
         930   2.3333333333333334E-002
         931   3.3888888888888892E-002
         932   5.0555555555555555E-002
         933   4.0000000000000001E-002
         934   8.0000000000000002E-002
         935  0.11055555555555556     
         936   6.7777777777777784E-002
         937   4.7777777777777780E-002
         938   3.9444444444444442E-002
         939   2.2777777777777779E-002
         940   1.8333333333333333E-002
         941   6.8333333333333329E-002
         942   7.2222222222222219E-003
         943   1.0555555555555556E-002
         944   1.1666666666666667E-002
         945   3.6111111111111108E-002
         946   3.3333333333333333E-002
         947   2.2777777777777779E-002
         948   4.1111111111111112E-002
         949   6.8888888888888888E-002
         950   6.6666666666666666E-002
         951   5.5555555555555552E-002
         952   9.4444444444444445E-003
         953   5.7777777777777775E-002
         954   1.4999999999999999E-002
         955   1.6666666666666668E-003
         956   2.1666666666666667E-002
         957   6.1111111111111109E-002
         958   2.5555555555555557E-002
         959   2.1666666666666667E-002
         960  0.10611111111111111     
         961  0.10666666666666667     
         962  0.10944444444444444     
         963   3.8333333333333330E-002
         964   8.8333333333333333E-002
         965   1.6111111111111111E-002
         966   1.9444444444444445E-002
         967   3.7222222222222219E-002
         968   7.2222222222222219E-003
         969   9.3333333333333338E-002
         970   2.4444444444444446E-002
         971   2.9444444444444443E-002
         972   4.4999999999999998E-002
         973   3.6666666666666667E-002
         974   2.7777777777777779E-003
         975   8.3333333333333332E-003
         976   6.1111111111111114E-003
         977   5.8333333333333334E-002
         978   7.4444444444444438E-002
         979   3.5000000000000003E-002
         980   3.7222222222222219E-002
         981   6.1666666666666668E-002
         982   2.1111111111111112E-002
         983   1.8888888888888889E-002
         984   2.5000000000000001E-002
         985   3.5555555555555556E-002
         986   6.0555555555555557E-002
         987   5.0000000000000001E-003
         988   6.1111111111111114E-003
         989   3.8333333333333330E-002
         990   2.7777777777777776E-002
         991   2.9999999999999999E-002
         992   7.2222222222222219E-003
         993   4.8888888888888891E-002
         994   0.0000000000000000     
         995   2.2777777777777779E-002
         996   8.8888888888888889E-003
         997   7.7777777777777776E-003
         998   3.8888888888888890E-002
         999   2.3333333333333334E-002
        1000   2.1666666666666667E-002
        1001   5.8333333333333334E-002
        1002   8.4444444444444447E-002
        1003   2.4444444444444446E-002
        1004   2.8333333333333332E-002
        1005   2.1666666666666667E-002
        1006   6.7777777777777784E-002
        1007   3.1111111111111110E-002
        1008   7.2222222222222219E-003
        1009   5.9999999999999998E-002
        1010   5.8888888888888886E-002
        1011   9.2777777777777778E-002
        1012  0.11333333333333333     
        1013   2.2777777777777779E-002
        1014   5.5555555555555558E-003
        1015   8.6111111111111110E-002
        1016   8.1111111111111106E-002
        1017   1.3888888888888888E-002
        1018   5.0555555555555555E-002
        1019   4.5555555555555557E-002
        1020   3.6111111111111108E-002
        1021   5.1666666666666666E-002
        1022  0.12222222222222222     
        1023   3.9444444444444442E-002
        1024   1.3333333333333334E-002
        1025   6.0555555555555557E-002
        1026   2.8888888888888888E-002
        1027   2.7777777777777776E-002
        1028   7.7777777777777776E-003
        1029   2.9444444444444443E-002
        1030   5.6666666666666664E-002
        1031   3.8888888888888888E-003
        1032   2.8888888888888888E-002
        1033   2.8888888888888888E-002
        1034   5.2222222222222225E-002
        1035   4.2222222222222223E-002
        1036   1.7777777777777778E-002
        1037   3.0555555555555555E-002
        1038   6.0555555555555557E-002
        1039   5.8888888888888886E-002
        1040   1.4999999999999999E-002
        1041   2.7777777777777779E-003
        1042   1.3888888888888888E-002
        1043   8.2777777777777783E-002
        1044   3.9444444444444442E-002
        1045   1.8333333333333333E-002
        1046   6.6666666666666671E-003
        1047   6.7222222222222225E-002
        1048   9.4444444444444445E-003
        1049   3.6111111111111108E-002
        1050   3.6111111111111108E-002
        1051   1.6666666666666668E-003
        1052   2.1666666666666667E-002
        1053   2.1111111111111112E-002
        1054   2.0000000000000000E-002
        1055   6.6666666666666666E-002
        1056   9.1111111111111115E-002
        1057   4.8333333333333332E-002
        1058   4.4444444444444444E-003
        1059   2.9444444444444443E-002
        1060   1.1666666666666667E-002
        1061   1.9444444444444445E-002
        1062   4.5555555555555557E-002
        1063   4.2222222222222223E-002
        1064   6.1111111111111114E-003
        1065   5.0000000000000001E-003
        1066   3.6666666666666667E-002
        1067   4.4444444444444446E-002
        1068   8.7222222222222229E-002
        1069   2.3333333333333334E-002
        1070   3.2777777777777781E-002
        1071   5.9444444444444446E-002
        1072   5.1111111111111114E-002
        1073   7.6666666666666661E-002
        1074   6.6111111111111107E-002
        1075   1.6111111111111111E-002
        1076   6.1111111111111114E-003
        1077   4.6111111111111110E-002
        1078   2.7222222222222221E-002
        1079   1.5555555555555555E-002
        1080   2.0000000000000000E-002
        1081   5.0555555555555555E-002
        1082   1.0000000000000000E-002
        1083   1.1111111111111112E-002
        1084   1.3888888888888888E-002
        1085   4.0555555555555553E-002
        1086   1.8333333333333333E-002
        1087   2.2222222222222222E-003
        1088   3.2777777777777781E-002
        1089   6.7222222222222225E-002
        1090   2.5555555555555557E-002
        1091   9.6666666666666665E-002
        1092  0.10222222222222223     
        1093   6.8333333333333329E-002
        1094   5.0555555555555555E-002
        1095   2.4444444444444446E-002
        1096   4.1111111111111112E-002
        1097   5.1111111111111114E-002
        1098   2.6666666666666668E-002
        1099   3.8888888888888888E-003
        1100   1.0000000000000000E-002
        1101   1.2222222222222223E-002
        1102   1.4444444444444444E-002
        1103   4.1111111111111112E-002
        1104   5.7777777777777775E-002
        1105   1.2222222222222223E-002
        1106   3.8333333333333330E-002
        1107   1.8888888888888889E-002
        1108   2.7222222222222221E-002
        1109   3.3333333333333333E-002
        1110   1.8333333333333333E-002
        1111   6.3333333333333339E-002
        1112   3.6666666666666667E-002
        1113   2.2222222222222223E-002
        1114   4.6666666666666669E-002
        1115   1.6666666666666668E-003
        1116   3.8888888888888890E-002
        1117   1.1111111111111112E-002
        1118   3.5555555555555556E-002
        1119   0.0000000000000000     
        1120   2.6111111111111113E-002
        1121   1.6666666666666668E-003
        1122   7.8888888888888883E-002
        1123   6.3333333333333339E-002
        1124   6.2777777777777780E-002
        1125   1.5555555555555555E-002
        1126   6.7777777777777784E-002
        1127   9.2222222222222219E-002
        1128   5.5555555555555556E-004
        1129   3.3333333333333333E-002
        1130   9.6111111111111105E-002
        1131   3.8888888888888890E-002
        1132   2.6111111111111113E-002
        1133   6.6666666666666671E-003
        1134   1.6666666666666668E-003
        1135   3.5000000000000003E-002
        1136   4.1666666666666664E-002
        1137   5.0000000000000001E-003
        1138   4.9444444444444444E-002
        1139   4.8888888888888891E-002
        1140   2.2222222222222222E-003
        1141   9.6666666666666665E-002
        1142   4.4444444444444446E-002
        1143   9.4444444444444445E-003
        1144   7.2222222222222219E-003
        1145   7.1666666666666670E-002
        1146   2.1111111111111112E-002
        1147   8.3333333333333332E-003
        1148   6.0555555555555557E-002
        1149   0.0000000000000000     
        1150   3.7777777777777778E-002
        1151   4.4444444444444446E-002
        1152   2.8888888888888888E-002
        1153   3.2222222222222222E-002
        1154   1.6666666666666666E-002
        1155   1.7777777777777778E-002
        1156   2.5000000000000001E-002
        1157   9.4444444444444445E-003
        1158   7.7777777777777776E-003
        1159   1.7222222222222222E-002
        1160   2.3333333333333334E-002
        1161   1.0000000000000000E-002
        1162   6.1111111111111114E-003
        1163   4.6111111111111110E-002
        1164   1.6666666666666666E-002
        1165   7.2222222222222219E-003
        1166   1.1111111111111111E-003
        1167   5.0000000000000003E-002
        1168   2.4444444444444446E-002
        1169   5.5555555555555552E-002
        1170   1.1111111111111111E-003
        1171   2.3333333333333334E-002
        1172   6.1111111111111114E-003
        1173   3.6666666666666667E-002
        1174   8.1111111111111106E-002
        1175   3.8333333333333330E-002
        1176   2.6111111111111113E-002
        1177   6.8888888888888888E-002
        1178   3.3333333333333335E-003
        1179   2.3333333333333334E-002
        1180   3.0555555555555555E-002
        1181   2.1111111111111112E-002
        1182   4.3888888888888887E-002
        1183   5.2777777777777778E-002
        1184   6.9444444444444448E-002
        1185   1.4444444444444444E-002
        1186   2.4444444444444446E-002
        1187   1.2222222222222223E-002
        1188   3.2222222222222222E-002
        1189   6.2222222222222220E-002
        1190   3.7777777777777778E-002
        1191   2.0555555555555556E-002
        1192   1.6666666666666668E-003
        1193   5.0000000000000003E-002
        1194  0.10444444444444445     
        1195   8.8888888888888889E-003
        1196   3.4444444444444444E-002
        1197   7.2222222222222219E-003
        1198   2.8333333333333332E-002
        1199   2.2777777777777779E-002
        1200   9.4444444444444445E-003
        1201   9.4444444444444445E-003
        1202   5.0000000000000003E-002
        1203   5.0000000000000003E-002
        1204   2.6666666666666668E-002
        1205   8.8888888888888889E-003
        1206   2.3888888888888890E-002
        1207   2.7222222222222221E-002
        1208   3.1111111111111110E-002
        1209   2.9999999999999999E-002
        1210   7.6111111111111115E-002
        1211   1.6666666666666668E-003
        1212   4.8888888888888891E-002
        1213   6.1111111111111114E-003
        1214   3.4444444444444444E-002
        1215   2.6666666666666668E-002
        1216   7.2222222222222219E-003
        1217   3.3333333333333335E-003
        1218   2.2222222222222222E-003
        1219   2.9999999999999999E-002
        1220   3.8888888888888890E-002
        1221   3.6666666666666667E-002
        1222   6.5000000000000002E-002
        1223   1.3888888888888888E-002
        1224   6.8888888888888888E-002
        1225   7.4444444444444438E-002
        1226   4.1111111111111112E-002
        1227   1.6111111111111111E-002
        1228   2.2222222222222223E-002
        1229   9.4444444444444442E-002
        1230  0.11444444444444445     
        1231  0.10000000000000001     
        1232   2.4444444444444446E-002
        1233   5.3333333333333337E-002
        1234   1.4999999999999999E-002
        1235   3.8333333333333330E-002
        1236   5.5555555555555556E-004
        1237   2.6666666666666668E-002
        1238   6.7222222222222225E-002
        1239   6.1111111111111114E-003
        1240   3.3333333333333333E-002
        1241   4.6111111111111110E-002
        1242   1.3333333333333334E-002
        1243   3.4444444444444444E-002
        1244   4.1666666666666664E-002
        1245   9.2777777777777778E-002
        1246  0.11055555555555556     
        1247   3.1666666666666669E-002
        1248   1.2222222222222223E-002
        1249   4.3888888888888887E-002
        1250   6.3333333333333339E-002
        1251   3.3333333333333335E-003
        1252   2.1111111111111112E-002
        1253   7.2222222222222219E-003
        1254   6.1666666666666668E-002
        1255   8.8333333333333333E-002
        1256   7.3888888888888893E-002
        1257   2.2777777777777779E-002
        1258   3.8888888888888888E-003
        1259   7.6666666666666661E-002
        1260   1.4444444444444444E-002
        1261   2.0555555555555556E-002
        1262   5.5555555555555552E-002
        1263   6.2222222222222220E-002
        1264   3.5555555555555556E-002
        1265   1.6666666666666668E-003
        1266   4.2222222222222223E-002
        1267   4.3333333333333335E-002
        1268   1.3333333333333334E-002
        1269   9.2777777777777778E-002
        1270   7.6666666666666661E-002
        1271   5.1666666666666666E-002
        1272   3.5000000000000003E-002
        1273   2.0000000000000000E-002
        1274   7.0555555555555552E-002
        1275   4.8888888888888891E-002
        1276   3.2222222222222222E-002
        1277   1.2777777777777779E-002
        1278   4.8333333333333332E-002
        1279   4.1111111111111112E-002
        1280   2.2222222222222223E-002
        1281   2.2777777777777779E-002
        1282   4.7222222222222221E-002
        1283   2.0000000000000000E-002
        1284   1.6111111111111111E-002
        1285   1.7777777777777778E-002
        1286   3.6666666666666667E-002
        1287   1.6111111111111111E-002
        1288   1.6666666666666666E-002
        1289   1.0000000000000000E-002
        1290   6.2222222222222220E-002
        1291   3.1111111111111110E-002
        1292   4.0555555555555553E-002
        1293   1.7777777777777778E-002
        1294   4.2777777777777776E-002
        1295   8.3888888888888888E-002
        1296   8.9999999999999997E-002
        1297   5.1666666666666666E-002
        1298   6.2222222222222220E-002
        1299   2.2777777777777779E-002
        1300   5.5555555555555558E-003
        1301   3.2777777777777781E-002
        1302  0.10444444444444445     
        1303   6.3888888888888884E-002
        1304   7.7222222222222220E-002
        1305   1.8333333333333333E-002
        1306   2.6111111111111113E-002
        1307   5.0000000000000003E-002
        1308  0.10000000000000001     
        1309   8.9444444444444438E-002
        1310   3.7222222222222219E-002
        1311   4.2777777777777776E-002
        1312   2.3888888888888890E-002
        1313   2.0555555555555556E-002
        1314   7.0000000000000007E-002
        1315   9.6111111111111105E-002
        1316   7.0555555555555552E-002
        1317   2.7222222222222221E-002
        1318   1.4999999999999999E-002
        1319   4.2777777777777776E-002
        1320   2.1666666666666667E-002
        1321   3.7222222222222219E-002
        1322   9.0555555555555556E-002
        1323   3.5555555555555556E-002
        1324   8.5555555555555551E-002
        1325   5.5000000000000000E-002
        1326   2.5555555555555557E-002
        1327   1.6666666666666666E-002
        1328   5.0000000000000001E-003
        1329   9.2777777777777778E-002
        1330   2.8333333333333332E-002
        1331   3.0555555555555555E-002
        1332   1.7222222222222222E-002
        1333   5.0000000000000003E-002
        1334   1.1111111111111112E-002
        1335   5.8888888888888886E-002
        1336   7.6111111111111115E-002
        1337   3.6111111111111108E-002
        1338   2.6111111111111113E-002
        1339   8.8888888888888889E-003
        1340   3.7222222222222219E-002
        1341   4.0555555555555553E-002
        1342   4.8333333333333332E-002
        1343   1.4444444444444444E-002
        1344   6.6666666666666671E-003
        1345   3.3888888888888892E-002
        1346  0.11055555555555556     
        1347   3.3333333333333333E-002
        1348   4.2777777777777776E-002
        1349   2.6111111111111113E-002
        1350   5.7222222222222223E-002
        1351   4.0000000000000001E-002
        1352   1.0000000000000000E-002
        1353   2.0000000000000000E-002
        1354   6.7222222222222225E-002
        1355   3.3333333333333335E-003
        1356   1.3888888888888888E-002
        1357   6.5000000000000002E-002
        1358   2.1111111111111112E-002
        1359   2.2777777777777779E-002
        1360   1.4444444444444444E-002
        1361   5.3888888888888889E-002
        1362   5.6666666666666664E-002
        1363   8.9444444444444438E-002
        1364   7.3888888888888893E-002
        1365   1.0000000000000000E-002
        1366   4.4444444444444444E-003
        1367   1.7222222222222222E-002
        1368   4.4444444444444444E-003
        1369   4.5555555555555557E-002
        1370   3.1666666666666669E-002
        1371   1.2222222222222223E-002
        1372   4.2777777777777776E-002
        1373   5.8888888888888886E-002
        1374   3.2222222222222222E-002
        1375   4.3333333333333335E-002
        1376   1.2777777777777779E-002
        1377   1.1111111111111112E-002
        1378   2.6666666666666668E-002
        1379   2.9999999999999999E-002
        1380   1.6666666666666668E-003
        1381   3.5555555555555556E-002
        1382   5.2222222222222225E-002
        1383   3.7222222222222219E-002
        1384   5.2777777777777778E-002
        1385   2.3888888888888890E-002
        1386   1.0555555555555556E-002
        1387   2.8333333333333332E-002
        1388   1.1111111111111112E-002
        1389   4.0000000000000001E-002
        1390   5.0000000000000001E-003
        1391   7.0555555555555552E-002
        1392   5.9999999999999998E-002
        1393   2.8888888888888888E-002
        1394   6.6666666666666671E-003
        1395   1.4999999999999999E-002
        1396   1.2777777777777779E-002
        1397   7.7777777777777776E-003
        1398   7.3333333333333334E-002
        1399   1.4444444444444444E-002
        1400   5.6666666666666664E-002
        1401  0.11222222222222222     
        1402   5.5555555555555552E-002
        1403   5.0555555555555555E-002
        1404   8.6111111111111110E-002
        1405   2.0000000000000000E-002
        1406   1.0000000000000000E-002
        1407   6.3888888888888884E-002
        1408   6.1111111111111109E-002
        1409   4.1666666666666664E-002
        1410   3.8333333333333330E-002
        1411   2.6666666666666668E-002
        1412   2.8888888888888888E-002
        1413   8.6666666666666670E-002
        1414   2.0000000000000000E-002
        1415   4.1666666666666664E-002
        1416   9.1666666666666660E-002
        1417   4.6111111111111110E-002
        1418   4.2777777777777776E-002
        1419   8.7222222222222229E-002
        1420   3.6666666666666667E-002
        1421   2.4444444444444446E-002
        1422   6.4444444444444443E-002
        1423   1.7777777777777778E-002
        1424   7.8888888888888883E-002
        1425   5.2222222222222225E-002
        1426   1.4999999999999999E-002
        1427   3.5000000000000003E-002
        1428   1.8333333333333333E-002
        1429   1.2777777777777779E-002
        1430   2.6111111111111113E-002
        1431   1.6666666666666666E-002
        1432   2.8333333333333332E-002
        1433   9.4444444444444445E-003
        1434   2.8888888888888888E-002
        1435   4.0000000000000001E-002
        1436   1.0000000000000000E-002
        1437   5.0555555555555555E-002
        1438   4.7777777777777780E-002
        1439   1.6666666666666668E-003
        1440   2.2222222222222223E-002
        1441   2.0000000000000000E-002
        1442   3.0555555555555555E-002
        1443   1.8333333333333333E-002
        1444   7.9444444444444443E-002
        1445   1.1111111111111111E-003
        1446   5.9999999999999998E-002
        1447   3.2777777777777781E-002
        1448   2.9999999999999999E-002
        1449   4.8888888888888891E-002
        1450   4.7777777777777780E-002
        1451   9.0555555555555556E-002
        1452   1.6666666666666668E-003
        1453   4.4999999999999998E-002
        1454   3.1666666666666669E-002
        1455   7.6111111111111115E-002
        1456   6.1111111111111109E-002
        1457   7.6111111111111115E-002
        1458   8.8333333333333333E-002
        1459   7.6111111111111115E-002
        1460   3.5555555555555556E-002
        1461   1.8888888888888889E-002
        1462   7.1111111111111111E-002
        1463   3.9444444444444442E-002
        1464  0.14944444444444444     
        1465  0.10277777777777777     
        1466   6.6111111111111107E-002
        1467   6.7777777777777784E-002
        1468   5.7222222222222223E-002
        1469   4.4999999999999998E-002
        1470   4.9444444444444444E-002
        1471   6.9444444444444448E-002
        1472   2.6111111111111113E-002
        1473   1.1111111111111111E-003
        1474   4.5555555555555557E-002
        1475   3.1111111111111110E-002
        1476   2.3333333333333334E-002
        1477   2.7222222222222221E-002
        1478   1.0000000000000000E-002
        1479   1.6666666666666668E-003
        1480   1.8888888888888889E-002
        1481  0.15277777777777779     
        1482   6.7777777777777784E-002
        1483   1.0000000000000000E-002
        1484   1.7777777777777778E-002
        1485   5.0000000000000003E-002
        1486   6.6111111111111107E-002
        1487   2.7777777777777779E-003
        1488   1.7222222222222222E-002
        1489   6.3888888888888884E-002
        1490   6.6111111111111107E-002
        1491   1.6666666666666668E-003
        1492   8.8888888888888892E-002
        1493   7.1666666666666670E-002
        1494   3.2777777777777781E-002
        1495   5.5555555555555558E-003
        1496   1.5555555555555555E-002
        1497   9.4444444444444445E-003
        1498   3.0555555555555555E-002
        1499   2.8888888888888888E-002
        1500   7.7777777777777776E-003
        1501   5.0555555555555555E-002
        1502   3.6666666666666667E-002
        1503   3.5555555555555556E-002
        1504   4.6666666666666669E-002
        1505   7.7777777777777776E-003
        1506   2.9444444444444443E-002
        1507   7.7777777777777779E-002
        1508   1.0000000000000000E-002
        1509   5.0000000000000001E-003
        1510   4.6666666666666669E-002
        1511   1.8333333333333333E-002
        1512   5.4444444444444441E-002
        1513   5.6666666666666664E-002
        1514   5.6666666666666664E-002
        1515   1.7777777777777778E-002
        1516   4.4444444444444444E-003
        1517   4.1111111111111112E-002
        1518   3.1111111111111110E-002
        1519   2.3333333333333334E-002
        1520   8.3333333333333332E-003
        1521   1.1111111111111112E-002
        1522   8.8888888888888889E-003
        1523   4.0555555555555553E-002
        1524   2.2222222222222222E-003
        1525   4.5555555555555557E-002
        1526   1.4444444444444444E-002
        1527   3.9444444444444442E-002
        1528   5.5555555555555556E-004
        1529   2.7222222222222221E-002
        1530   5.9999999999999998E-002
        1531   3.4444444444444444E-002
        1532   2.9999999999999999E-002
        1533   2.7222222222222221E-002
        1534   5.7777777777777775E-002
        1535   2.6111111111111113E-002
        1536   4.3333333333333335E-002
        1537   2.5555555555555557E-002
        1538   4.3888888888888887E-002
        1539   5.5555555555555558E-003
        1540   1.1666666666666667E-002
        1541   5.0000000000000001E-003
        1542   6.6666666666666671E-003
        1543   4.4444444444444444E-003
        1544   4.7222222222222221E-002
        1545   6.1111111111111109E-002
        1546   1.8888888888888889E-002
        1547   2.0555555555555556E-002
        1548   2.2222222222222223E-002
        1549   5.6111111111111112E-002
        1550   3.8888888888888888E-003
        1551   1.0555555555555556E-002
        1552   7.7777777777777776E-003
        1553   7.7777777777777776E-003
        1554   1.7777777777777778E-002
        1555   7.2222222222222219E-003
        1556   1.8333333333333333E-002
        1557   3.6111111111111108E-002
        1558   7.4444444444444438E-002
        1559  0.10166666666666667     
        1560   1.6666666666666666E-002
        1561   2.2777777777777779E-002
        1562   7.4999999999999997E-002
        1563   4.5555555555555557E-002
        1564   8.3888888888888888E-002
        1565  0.10944444444444444     
        1566   1.1111111111111111E-003
        1567   1.5555555555555555E-002
        1568   2.2777777777777779E-002
        1569   1.6666666666666666E-002
        1570   1.0000000000000000E-002
        1571   5.9999999999999998E-002
        1572   2.2222222222222222E-003
        1573   4.4444444444444444E-003
        1574   1.9444444444444445E-002
        1575   4.2222222222222223E-002
        1576   1.6111111111111111E-002
        1577   6.2222222222222220E-002
        1578   2.8333333333333332E-002
        1579   5.5555555555555556E-004
        1580   1.1111111111111112E-002
        1581   3.3888888888888892E-002
        1582   7.7777777777777776E-003
        1583   4.9444444444444444E-002
        1584   9.4444444444444445E-003
        1585   5.5555555555555552E-002
        1586   9.1111111111111115E-002
        1587   6.5555555555555561E-002
        1588   1.7777777777777778E-002
        1589   4.3333333333333335E-002
        1590   9.3888888888888883E-002
        1591   7.6666666666666661E-002
        1592   3.2777777777777781E-002
        1593   2.9999999999999999E-002
        1594   1.2777777777777779E-002
        1595   2.0000000000000000E-002
        1596   1.8333333333333333E-002
        1597   3.5000000000000003E-002
        1598   2.1111111111111112E-002
        1599   5.2222222222222225E-002
        1600   3.5555555555555556E-002
        1601   6.4444444444444443E-002
        1602   8.5000000000000006E-002
        1603   6.6666666666666666E-002
        1604   7.3888888888888893E-002
        1605   7.0000000000000007E-002
        1606   1.4999999999999999E-002
        1607   2.9444444444444443E-002
        1608   3.6666666666666667E-002
        1609   3.2222222222222222E-002
        1610   1.8888888888888889E-002
        1611   2.8333333333333332E-002
        1612   1.3888888888888888E-002
        1613   4.7222222222222221E-002
        1614   8.8888888888888889E-003
        1615   1.7222222222222222E-002
        1616   1.9444444444444445E-002
        1617   3.4444444444444444E-002
        1618   8.7777777777777774E-002
        1619   5.5000000000000000E-002
        1620   0.0000000000000000     
        1621   2.3333333333333334E-002
        1622   3.8888888888888888E-003
        1623   7.8888888888888883E-002
        1624   1.3333333333333334E-002
        1625  0.13444444444444445     
        1626   4.1666666666666664E-002
        1627   4.4999999999999998E-002
        1628   5.5555555555555552E-002
        1629   4.1666666666666664E-002
        1630   1.1111111111111112E-002
        1631   3.8888888888888888E-003
        1632   4.6666666666666669E-002
        1633   3.7777777777777778E-002
        1634  0.13388888888888889     
        1635   4.8888888888888891E-002
        1636   5.6111111111111112E-002
        1637   1.0555555555555556E-002
        1638   5.0555555555555555E-002
        1639   5.3888888888888889E-002
        1640   2.5555555555555557E-002
        1641   3.9444444444444442E-002
        1642   2.5000000000000001E-002
        1643   6.9444444444444448E-002
        1644   2.2777777777777779E-002
        1645   3.7222222222222219E-002
        1646   4.4444444444444444E-003
        1647   3.0555555555555555E-002
        1648   1.2222222222222223E-002
        1649   3.8888888888888890E-002
        1650   7.2222222222222219E-003
        1651   1.1111111111111111E-003
        1652   4.8333333333333332E-002
        1653   1.0555555555555556E-002
        1654   2.6111111111111113E-002
        1655  0.10388888888888889     
        1656   8.6111111111111110E-002
        1657   6.6111111111111107E-002
        1658   7.7777777777777776E-003
        1659   2.2222222222222222E-003
        1660   2.5000000000000001E-002
        1661   2.7777777777777779E-003
        1662   2.6666666666666668E-002
        1663   9.4444444444444445E-003
        1664   7.6666666666666661E-002
        1665   1.5555555555555555E-002
        1666   1.1111111111111112E-002
        1667   2.3888888888888890E-002
        1668   1.0555555555555556E-002
        1669   3.3333333333333335E-003
        1670   1.2222222222222223E-002
        1671   3.1111111111111110E-002
        1672   8.0000000000000002E-002
        1673   6.9444444444444448E-002
        1674   4.2222222222222223E-002
        1675   2.6666666666666668E-002
        1676   7.3888888888888893E-002
        1677   4.8333333333333332E-002
        1678   1.3888888888888888E-002
        1679   1.1111111111111112E-002
        1680   2.7777777777777779E-003
        1681   1.1111111111111111E-003
        1682   4.3888888888888887E-002
        1683   3.5555555555555556E-002
        1684   1.5555555555555555E-002
        1685   4.8333333333333332E-002
        1686   4.2222222222222223E-002
        1687   2.7222222222222221E-002
        1688   5.3333333333333337E-002
        1689   3.3888888888888892E-002
        1690   6.1111111111111114E-003
        1691   3.3333333333333335E-003
        1692   2.5555555555555557E-002
        1693   6.6666666666666671E-003
        1694   1.8333333333333333E-002
        1695   3.5000000000000003E-002
        1696   1.3333333333333334E-002
        1697   3.3333333333333335E-003
        1698   2.0555555555555556E-002
        1699   5.8888888888888886E-002
        1700   1.2777777777777779E-002
        1701   5.5555555555555558E-003
        1702   3.8888888888888890E-002
        1703   4.7222222222222221E-002
        1704   1.3888888888888888E-002
        1705   3.2222222222222222E-002
        1706   1.9444444444444445E-002
        1707   1.8333333333333333E-002
        1708   5.3888888888888889E-002
        1709   6.2777777777777780E-002
        1710   3.5000000000000003E-002
        1711   7.2222222222222219E-003
        1712   3.3333333333333335E-003
        1713   2.0555555555555556E-002
        1714   2.5000000000000001E-002
        1715   5.5555555555555552E-002
        1716   8.3333333333333329E-002
        1717   7.1666666666666670E-002
        1718   7.2222222222222219E-003
        1719   7.2222222222222219E-003
        1720   1.0555555555555556E-002
        1721   6.1666666666666668E-002
        1722   2.6666666666666668E-002
        1723   5.5555555555555556E-004
        1724   3.1666666666666669E-002
        1725   1.6111111111111111E-002
        1726   4.6666666666666669E-002
        1727   3.5555555555555556E-002
        1728   1.2222222222222223E-002
        1729   4.0000000000000001E-002
        1730   6.1111111111111114E-003
        1731   3.9444444444444442E-002
        1732   2.8333333333333332E-002
        1733   7.8333333333333338E-002
        1734   1.5555555555555555E-002
        1735   6.2777777777777780E-002
        1736   4.4444444444444444E-003
        1737   5.1666666666666666E-002
        1738   3.2777777777777781E-002
        1739   6.2777777777777780E-002
        1740   8.2777777777777783E-002
        1741   9.7777777777777783E-002
        1742   2.1111111111111112E-002
        1743   5.9444444444444446E-002
        1744   1.2777777777777779E-002
        1745   4.1111111111111112E-002
        1746   6.8333333333333329E-002
        1747   3.1111111111111110E-002
        1748   4.5555555555555557E-002
        1749   1.3888888888888888E-002
        1750   2.8333333333333332E-002
        1751   2.0000000000000000E-002
        1752   3.3333333333333335E-003
        1753   8.6666666666666670E-002
        1754   2.7777777777777776E-002
        1755   6.1666666666666668E-002
        1756   8.0555555555555561E-002
        1757   5.7777777777777775E-002
        1758   5.0000000000000001E-003
        1759   2.2777777777777779E-002
        1760   2.3333333333333334E-002
        1761   3.8888888888888888E-003
        1762   3.2222222222222222E-002
        1763   3.4444444444444444E-002
        1764   2.2222222222222223E-002
        1765   5.8888888888888886E-002
        1766   5.5555555555555552E-002
        1767   2.1111111111111112E-002
        1768   3.3888888888888892E-002
        1769   4.4444444444444444E-003
        1770   2.2222222222222223E-002
        1771   1.3333333333333334E-002
        1772   2.9999999999999999E-002
        1773   1.3333333333333334E-002
        1774   1.7777777777777778E-002
        1775   3.6111111111111108E-002
        1776   3.8888888888888888E-003
        1777   8.9999999999999997E-002
        1778   7.8888888888888883E-002
        1779   8.3333333333333329E-002
        1780   6.1111111111111114E-003
        1781   1.0555555555555556E-002
        1782   3.2222222222222222E-002
        1783   1.3333333333333334E-002
        1784  0.10388888888888889     
        1785   5.0000000000000001E-003
        1786   1.8888888888888889E-002
        1787   1.4444444444444444E-002
        1788   5.0000000000000001E-003
        1789   1.1111111111111112E-002
        1790   2.7777777777777776E-002
        1791   4.0000000000000001E-002
        1792   4.4444444444444444E-003
        1793   2.2222222222222222E-003
        1794   4.6111111111111110E-002
        1795   3.7222222222222219E-002
        1796   1.2222222222222223E-002
        1797   3.3333333333333333E-002
        1798   9.4444444444444445E-003
        1799   5.2222222222222225E-002
        1800   4.4444444444444444E-003
        1801   9.4444444444444445E-003
        1802   1.8888888888888889E-002
        1803   2.6111111111111113E-002
        1804   3.2777777777777781E-002
        1805   3.6666666666666667E-002
        1806   6.0555555555555557E-002
        1807   6.7222222222222225E-002
        1808   2.6111111111111113E-002
        1809   3.8888888888888888E-003
        1810   5.2777777777777778E-002
        1811   7.3888888888888893E-002
        1812   5.5555555555555558E-003
        1813   2.0555555555555556E-002
        1814   3.3888888888888892E-002
        1815   8.0555555555555561E-002
        1816   5.2222222222222225E-002
        1817   2.3888888888888890E-002
        1818   3.8333333333333330E-002
        1819   0.0000000000000000     
        1820   1.9444444444444445E-002
        1821   4.3333333333333335E-002
        1822   3.8888888888888888E-003
        1823   3.8888888888888890E-002
        1824   0.0000000000000000     
        1825   3.7777777777777778E-002
        1826   3.1666666666666669E-002
        1827   6.4444444444444443E-002
        1828   3.6666666666666667E-002
        1829   7.0000000000000007E-002
        1830   3.1111111111111110E-002
        1831   4.4444444444444444E-003
        1832   7.2222222222222219E-003
        1833   6.3888888888888884E-002
        1834   8.3333333333333332E-003
        1835   6.3333333333333339E-002
        1836   3.3888888888888892E-002
        1837   5.4444444444444441E-002
        1838   5.0000000000000001E-003
        1839   4.2777777777777776E-002
        1840   5.5555555555555558E-003
        1841   1.5555555555555555E-002
        1842   4.4444444444444444E-003
        1843   2.1666666666666667E-002
        1844   6.5000000000000002E-002
        1845   4.0000000000000001E-002
        1846   7.7777777777777776E-003
        1847   1.1111111111111111E-003
        1848   2.3333333333333334E-002
        1849   7.7777777777777776E-003
        1850   9.1111111111111115E-002
        1851   1.3333333333333334E-002
        1852   2.6111111111111113E-002
        1853   2.9444444444444443E-002
        1854   4.8333333333333332E-002
        1855   3.2777777777777781E-002
        1856   2.4444444444444446E-002
        1857   6.6666666666666671E-003
        1858   7.4999999999999997E-002
        1859   8.6666666666666670E-002
        1860   6.6666666666666666E-002
        1861  0.10166666666666667     
        1862  0.10222222222222223     
        1863   8.3333333333333329E-002
        1864   3.7777777777777778E-002
        1865   2.0000000000000000E-002
        1866   4.7222222222222221E-002
        1867   2.0555555555555556E-002
        1868   2.1666666666666667E-002
        1869   3.1111111111111110E-002
        1870   4.1666666666666664E-002
        1871   1.6111111111111111E-002
        1872   3.9444444444444442E-002
        1873   1.4444444444444444E-002
        1874   1.5555555555555555E-002
        1875   7.2222222222222219E-003
        1876   1.5555555555555555E-002
        1877   4.0000000000000001E-002
        1878   2.9999999999999999E-002
        1879   1.1111111111111112E-002
        1880   1.7777777777777778E-002
        1881   2.7777777777777779E-003
        1882   3.8333333333333330E-002
        1883   3.7222222222222219E-002
        1884   7.6111111111111115E-002
        1885   3.7222222222222219E-002
        1886   7.2222222222222219E-003
        1887   9.4444444444444445E-003
        1888   3.2777777777777781E-002
        1889   5.5555555555555552E-002
        1890   4.4999999999999998E-002
        1891   1.4999999999999999E-002
        1892   1.3888888888888888E-002
        1893   3.1111111111111110E-002
        1894   4.3333333333333335E-002
        1895   5.9999999999999998E-002
        1896   6.5555555555555561E-002
        1897   4.2222222222222223E-002
        1898   1.4999999999999999E-002
        1899   2.7777777777777779E-003
        1900   9.3333333333333338E-002
        1901   8.5000000000000006E-002
        1902   8.8888888888888889E-003
        1903   6.4444444444444443E-002
        1904   2.2222222222222223E-002
        1905   2.0000000000000000E-002
        1906   6.2777777777777780E-002
        1907   2.4444444444444446E-002
        1908   2.7777777777777776E-002
        1909   0.0000000000000000     
        1910   2.0000000000000000E-002
        1911   2.1666666666666667E-002
        1912   7.2222222222222219E-003
        1913   8.3333333333333329E-002
        1914   9.7222222222222224E-002
        1915   2.6111111111111113E-002
        1916   3.7777777777777778E-002
        1917   8.3333333333333332E-003
        1918   3.1666666666666669E-002
        1919   4.6111111111111110E-002
        1920   5.3333333333333337E-002
        1921   5.8333333333333334E-002
        1922   8.8888888888888889E-003
        1923   6.6666666666666671E-003
        1924   7.7777777777777776E-003
        1925   1.1111111111111111E-003
        1926   5.5555555555555556E-004
        1927   3.7222222222222219E-002
        1928   4.7222222222222221E-002
        1929   1.5555555555555555E-002
        1930   3.2777777777777781E-002
        1931   7.2222222222222219E-003
        1932   1.9444444444444445E-002
        1933   1.0555555555555556E-002
        1934   4.0000000000000001E-002
        1935   2.2777777777777779E-002
        1936   3.1111111111111110E-002
        1937   1.1111111111111112E-002
        1938   2.1111111111111112E-002
        1939   1.2222222222222223E-002
        1940   3.3888888888888892E-002
        1941   6.4444444444444443E-002
        1942   2.3333333333333334E-002
        1943   3.5555555555555556E-002
        1944   3.7777777777777778E-002
        1945   6.1111111111111114E-003
        1946   2.2777777777777779E-002
        1947   1.0555555555555556E-002
        1948   3.6111111111111108E-002
        1949   6.6666666666666671E-003
        1950   6.6666666666666671E-003
        1951   1.1666666666666667E-002
        1952   2.6111111111111113E-002
        1953   1.6666666666666666E-002
        1954   4.7222222222222221E-002
        1955   5.7777777777777775E-002
        1956   4.0555555555555553E-002
        1957  0.10055555555555555     
        1958   8.9444444444444438E-002
        1959   7.6111111111111115E-002
        1960   7.3888888888888893E-002
        1961   6.5000000000000002E-002
        1962   8.5000000000000006E-002
        1963   1.0000000000000000E-002
        1964   2.8333333333333332E-002
        1965   2.3333333333333334E-002
        1966   7.2222222222222219E-003
        1967   6.1111111111111114E-003
        1968   3.8888888888888890E-002
        1969   6.1111111111111109E-002
        1970  0.10833333333333334     
        1971   8.9444444444444438E-002
        1972   2.7222222222222221E-002
        1973   3.6111111111111108E-002
        1974   4.8888888888888891E-002
        1975   8.6666666666666670E-002
        1976   3.5555555555555556E-002
        1977   5.8333333333333334E-002
        1978   2.0000000000000000E-002
        1979   6.1111111111111114E-003
        1980   5.7222222222222223E-002
        1981   2.9444444444444443E-002
        1982   1.2777777777777779E-002
        1983   5.9999999999999998E-002
        1984   5.9999999999999998E-002
        1985   4.1666666666666664E-002
        1986   3.1111111111111110E-002
        1987   9.3888888888888883E-002
        1988   6.5555555555555561E-002
        1989   4.4999999999999998E-002
        1990   8.8888888888888892E-002
        1991   9.5000000000000001E-002
        1992   1.8888888888888889E-002
        1993   2.0000000000000000E-002
        1994   3.1111111111111110E-002
        1995   8.8888888888888889E-003
        1996   3.8888888888888888E-003
        1997   6.1111111111111114E-003
        1998   5.5000000000000000E-002
        1999   8.8888888888888892E-002
        2000   1.3333333333333334E-002
