           1   5.5555555555555558E-003
           2   1.0000000000000000E-002
           3   2.7777777777777779E-003
           4   2.2222222222222223E-002
           5   1.3888888888888888E-002
           6   1.7222222222222222E-002
           7   5.5555555555555556E-004
           8   2.8333333333333332E-002
           9   8.3333333333333332E-003
          10   4.2777777777777776E-002
          11   7.4444444444444438E-002
          12   6.2777777777777780E-002
          13   7.2777777777777775E-002
          14   2.0000000000000000E-002
          15   2.2777777777777779E-002
          16   4.1111111111111112E-002
          17   2.8888888888888888E-002
          18   1.1111111111111111E-003
          19   2.7777777777777776E-002
          20   3.6666666666666667E-002
          21   5.4444444444444441E-002
          22   4.4999999999999998E-002
          23   5.4444444444444441E-002
          24   9.4444444444444445E-003
          25   1.6111111111111111E-002
          26   2.1666666666666667E-002
          27   2.7777777777777779E-003
          28   1.0555555555555556E-002
          29   2.2222222222222223E-002
          30   1.0000000000000000E-002
          31   1.0000000000000000E-002
          32   3.6111111111111108E-002
          33   8.0555555555555561E-002
          34   7.6666666666666661E-002
          35   3.6666666666666667E-002
          36   3.1111111111111110E-002
          37   4.3333333333333335E-002
          38   3.2777777777777781E-002
          39   2.6666666666666668E-002
          40   2.2222222222222223E-002
          41   2.0555555555555556E-002
          42   2.6111111111111113E-002
          43   4.8888888888888891E-002
          44   5.3888888888888889E-002
          45   4.0000000000000001E-002
          46   6.1666666666666668E-002
          47   7.6666666666666661E-002
          48   8.2777777777777783E-002
          49   5.0555555555555555E-002
          50   4.5555555555555557E-002
          51   5.5555555555555558E-003
          52   7.0555555555555552E-002
          53   1.6666666666666666E-002
          54   1.6666666666666666E-002
          55   2.2222222222222223E-002
          56   1.6666666666666666E-002
          57   1.6666666666666668E-003
          58   1.8333333333333333E-002
          59   2.7222222222222221E-002
          60   2.9999999999999999E-002
          61   7.3333333333333334E-002
          62   2.7777777777777776E-002
          63   6.6666666666666671E-003
          64   4.3888888888888887E-002
          65   9.5000000000000001E-002
          66   8.0555555555555561E-002
          67   5.4444444444444441E-002
          68   5.9999999999999998E-002
          69   7.1666666666666670E-002
          70   3.5555555555555556E-002
          71   7.0000000000000007E-002
          72   1.0555555555555556E-002
          73   3.1666666666666669E-002
          74   1.6666666666666668E-003
          75   5.5555555555555556E-004
          76   1.4444444444444444E-002
          77   1.1111111111111112E-002
          78   1.0000000000000000E-002
          79   5.0000000000000001E-003
          80   1.7222222222222222E-002
          81   1.8888888888888889E-002
          82   1.1666666666666667E-002
          83   1.2777777777777779E-002
          84   1.1111111111111112E-002
          85   5.5555555555555556E-004
          86   1.6666666666666666E-002
          87   2.8333333333333332E-002
          88   2.8333333333333332E-002
          89   2.5555555555555557E-002
          90   1.2777777777777779E-002
          91   1.7222222222222222E-002
          92   6.6666666666666671E-003
          93   0.0000000000000000     
          94   1.1111111111111111E-003
          95   1.0000000000000000E-002
          96   7.2222222222222219E-003
          97   4.2777777777777776E-002
          98   3.8888888888888888E-003
          99   2.9999999999999999E-002
         100   1.7777777777777778E-002
         101   2.1111111111111112E-002
         102   4.4444444444444444E-003
         103   3.3333333333333333E-002
         104   1.2222222222222223E-002
         105   4.3888888888888887E-002
         106   8.1111111111111106E-002
         107   4.5555555555555557E-002
         108   5.8888888888888886E-002
         109   4.6666666666666669E-002
         110   8.6666666666666670E-002
         111   8.3888888888888888E-002
         112  0.10666666666666667     
         113   4.8333333333333332E-002
         114   2.2777777777777779E-002
         115   4.9444444444444444E-002
         116   4.6666666666666669E-002
         117   1.6666666666666668E-003
         118   2.7777777777777776E-002
         119   7.2222222222222219E-003
         120   2.5555555555555557E-002
         121   2.2222222222222222E-003
         122   2.5555555555555557E-002
         123   3.5555555555555556E-002
         124   1.9444444444444445E-002
         125   3.2222222222222222E-002
         126   3.8333333333333330E-002
         127   3.2222222222222222E-002
         128   5.1666666666666666E-002
         129   3.8888888888888888E-003
         130   3.8888888888888890E-002
         131   4.3333333333333335E-002
         132   7.3888888888888893E-002
         133   4.6111111111111110E-002
         134   7.1111111111111111E-002
         135   8.1111111111111106E-002
         136   6.0555555555555557E-002
         137   5.6666666666666664E-002
         138   3.9444444444444442E-002
         139   7.7777777777777776E-003
         140   4.6666666666666669E-002
         141   4.1666666666666664E-002
         142   2.2777777777777779E-002
         143   5.2222222222222225E-002
         144   8.6666666666666670E-002
         145  0.11166666666666666     
         146  0.11500000000000000     
         147  0.10166666666666667     
         148   3.8888888888888890E-002
         149   2.9444444444444443E-002
         150   5.0000000000000001E-003
         151   5.5555555555555552E-002
         152   6.5555555555555561E-002
         153   7.0000000000000007E-002
         154   4.6111111111111110E-002
         155   2.7777777777777779E-003
         156   1.9444444444444445E-002
         157   1.9444444444444445E-002
         158   2.8888888888888888E-002
         159   1.1111111111111112E-002
         160   6.2222222222222220E-002
         161   2.8888888888888888E-002
         162   6.8333333333333329E-002
         163   7.3888888888888893E-002
         164   6.5555555555555561E-002
         165   4.1666666666666664E-002
         166   4.4999999999999998E-002
         167   2.7222222222222221E-002
         168   8.4444444444444447E-002
         169   8.0000000000000002E-002
         170   7.8333333333333338E-002
         171   7.9444444444444443E-002
         172  0.10333333333333333     
         173   8.5000000000000006E-002
         174   9.8888888888888887E-002
         175   5.8888888888888886E-002
         176   2.4444444444444446E-002
         177   9.4444444444444445E-003
         178   2.9444444444444443E-002
         179   1.5555555555555555E-002
         180   4.6666666666666669E-002
         181   6.1111111111111114E-003
         182   5.2777777777777778E-002
         183   6.3333333333333339E-002
         184   9.3888888888888883E-002
         185   3.2222222222222222E-002
         186   2.1666666666666667E-002
         187   2.1111111111111112E-002
         188   2.9999999999999999E-002
         189   3.6666666666666667E-002
         190   5.2222222222222225E-002
         191   2.7777777777777776E-002
         192   2.4444444444444446E-002
         193   2.7777777777777779E-003
         194   5.7777777777777775E-002
         195   5.2777777777777778E-002
         196   3.1111111111111110E-002
         197   1.8333333333333333E-002
         198   3.5000000000000003E-002
         199   2.0000000000000000E-002
         200   2.2222222222222223E-002
         201   6.6666666666666671E-003
         202   1.4999999999999999E-002
         203   2.3888888888888890E-002
         204   3.3333333333333335E-003
         205   2.7777777777777779E-003
         206   6.6666666666666671E-003
         207   8.8888888888888889E-003
         208   7.7777777777777776E-003
         209   2.9999999999999999E-002
         210   5.4444444444444441E-002
         211   3.7222222222222219E-002
         212   6.6666666666666671E-003
         213   6.1111111111111114E-003
         214   5.5000000000000000E-002
         215   3.6666666666666667E-002
         216   3.4444444444444444E-002
         217   7.2222222222222219E-003
         218   5.0555555555555555E-002
         219   3.1666666666666669E-002
         220   3.6666666666666667E-002
         221   4.6111111111111110E-002
         222   5.6111111111111112E-002
         223   3.8888888888888890E-002
         224   3.7777777777777778E-002
         225   3.4444444444444444E-002
         226   5.1111111111111114E-002
         227   2.3888888888888890E-002
         228   1.3888888888888888E-002
         229   2.6666666666666668E-002
         230   1.6666666666666668E-003
         231   3.5555555555555556E-002
         232   2.2777777777777779E-002
         233   6.7222222222222225E-002
         234   7.2222222222222219E-003
         235   3.8888888888888888E-003
         236   5.2777777777777778E-002
         237   3.6111111111111108E-002
         238   1.8888888888888889E-002
         239   5.2777777777777778E-002
         240   3.5000000000000003E-002
         241   7.7777777777777776E-003
         242   3.3333333333333333E-002
         243   3.4444444444444444E-002
         244   3.7222222222222219E-002
         245   2.7222222222222221E-002
         246   9.4444444444444445E-003
         247   1.6666666666666666E-002
         248   3.1666666666666669E-002
         249   3.3333333333333335E-003
         250   1.8333333333333333E-002
         251   5.4444444444444441E-002
         252   5.5555555555555556E-004
         253   1.6666666666666668E-003
         254   3.5555555555555556E-002
         255   3.3333333333333333E-002
         256   4.7222222222222221E-002
         257   6.4444444444444443E-002
         258   2.0555555555555556E-002
         259   2.3888888888888890E-002
         260   2.9999999999999999E-002
         261   2.9444444444444443E-002
         262   3.1666666666666669E-002
         263   4.0000000000000001E-002
         264   3.3888888888888892E-002
         265   4.0000000000000001E-002
         266   1.6666666666666668E-003
         267   7.2222222222222219E-003
         268   1.4999999999999999E-002
         269   2.8333333333333332E-002
         270   1.4444444444444444E-002
         271   2.9999999999999999E-002
         272   2.2777777777777779E-002
         273   3.9444444444444442E-002
         274   5.0555555555555555E-002
         275   2.6111111111111113E-002
         276   1.2222222222222223E-002
         277   1.2777777777777779E-002
         278   4.7222222222222221E-002
         279   1.0000000000000000E-002
         280   1.6666666666666666E-002
         281   0.0000000000000000     
         282   3.4444444444444444E-002
         283   1.1111111111111112E-002
         284   7.7777777777777776E-003
         285   3.8888888888888888E-003
         286   2.2777777777777779E-002
         287   6.6666666666666671E-003
         288   5.0000000000000003E-002
         289   5.6111111111111112E-002
         290   7.2222222222222219E-003
         291   5.6666666666666664E-002
         292   5.2222222222222225E-002
         293   4.4999999999999998E-002
         294   2.2222222222222222E-003
         295   6.6666666666666671E-003
         296   4.6666666666666669E-002
         297   8.2777777777777783E-002
         298   4.2222222222222223E-002
         299   3.3888888888888892E-002
         300   4.3888888888888887E-002
         301   8.3888888888888888E-002
         302   7.4999999999999997E-002
         303   6.8888888888888888E-002
         304   2.3333333333333334E-002
         305   3.2222222222222222E-002
         306   1.6666666666666666E-002
         307   4.6666666666666669E-002
         308   7.9444444444444443E-002
         309   7.2222222222222215E-002
         310   3.2777777777777781E-002
         311   5.7777777777777775E-002
         312   7.7222222222222220E-002
         313   5.9999999999999998E-002
         314   8.8888888888888889E-003
         315   4.7777777777777780E-002
         316   7.4444444444444438E-002
         317   5.5555555555555552E-002
         318   2.2222222222222222E-003
         319   6.1111111111111114E-003
         320   7.7777777777777776E-003
         321   1.3888888888888888E-002
         322   1.3333333333333334E-002
         323   1.0000000000000000E-002
         324   2.6111111111111113E-002
         325   2.0555555555555556E-002
         326   3.8333333333333330E-002
         327   5.5555555555555558E-003
         328   1.7222222222222222E-002
         329   1.1111111111111112E-002
         330   2.7222222222222221E-002
         331   5.2222222222222225E-002
         332   1.2222222222222223E-002
         333   5.5555555555555558E-003
         334   8.3333333333333332E-003
         335   8.3333333333333332E-003
         336   1.5555555555555555E-002
         337   0.0000000000000000     
         338   2.4444444444444446E-002
         339   3.4444444444444444E-002
         340   1.7777777777777778E-002
         341   2.2222222222222222E-003
         342   1.1111111111111112E-002
         343   2.7777777777777779E-003
         344   8.8888888888888889E-003
         345   2.6666666666666668E-002
         346   1.6111111111111111E-002
         347   3.1666666666666669E-002
         348   2.9444444444444443E-002
         349   1.4444444444444444E-002
         350   2.9999999999999999E-002
         351   1.1666666666666667E-002
         352   2.9999999999999999E-002
         353   2.6666666666666668E-002
         354   1.7777777777777778E-002
         355   2.9444444444444443E-002
         356   3.1111111111111110E-002
         357   4.9444444444444444E-002
         358   7.2222222222222219E-003
         359   4.6111111111111110E-002
         360   3.3333333333333335E-003
         361   5.1666666666666666E-002
         362   4.2777777777777776E-002
         363   5.5000000000000000E-002
         364   5.8333333333333334E-002
         365   3.5555555555555556E-002
         366   2.5000000000000001E-002
         367   4.1111111111111112E-002
         368   1.4444444444444444E-002
         369   2.5555555555555557E-002
         370   9.4444444444444445E-003
         371   4.0000000000000001E-002
         372   3.5555555555555556E-002
         373   1.6666666666666666E-002
         374   3.3333333333333333E-002
         375   1.8333333333333333E-002
         376   2.5000000000000001E-002
         377   1.8333333333333333E-002
         378   3.4444444444444444E-002
         379   4.4999999999999998E-002
         380   1.3333333333333334E-002
         381   4.4444444444444446E-002
         382   4.1111111111111112E-002
         383   4.8888888888888891E-002
         384   5.5555555555555552E-002
         385   1.8333333333333333E-002
         386   4.3333333333333335E-002
         387   7.1111111111111111E-002
         388   5.6111111111111112E-002
         389   7.1666666666666670E-002
         390   5.5555555555555556E-004
         391   3.2222222222222222E-002
         392   8.7222222222222229E-002
         393   2.3333333333333334E-002
         394   2.1666666666666667E-002
         395   4.6111111111111110E-002
         396   7.7777777777777779E-002
         397   2.0555555555555556E-002
         398   1.0000000000000000E-002
         399   3.7222222222222219E-002
         400   4.7777777777777780E-002
         401   4.3888888888888887E-002
         402   7.7777777777777779E-002
         403   7.1111111111111111E-002
         404   3.0555555555555555E-002
         405   5.2777777777777778E-002
         406   3.1111111111111110E-002
         407   1.3888888888888888E-002
         408   2.8888888888888888E-002
         409   1.8888888888888889E-002
         410   1.8333333333333333E-002
         411   1.0000000000000000E-002
         412   2.0000000000000000E-002
         413   2.6666666666666668E-002
         414   6.1666666666666668E-002
         415   1.6666666666666666E-002
         416   2.0555555555555556E-002
         417   4.3333333333333335E-002
         418   1.1111111111111111E-003
         419   4.4444444444444444E-003
         420   1.2777777777777779E-002
         421   2.5000000000000001E-002
         422   2.5555555555555557E-002
         423   1.2222222222222223E-002
         424   7.0555555555555552E-002
         425   2.3888888888888890E-002
         426   4.8888888888888891E-002
         427   7.2222222222222215E-002
         428   5.2222222222222225E-002
         429   4.0555555555555553E-002
         430   1.4444444444444444E-002
         431   4.6111111111111110E-002
         432   4.8333333333333332E-002
         433   1.2777777777777779E-002
         434   5.7222222222222223E-002
         435   2.1111111111111112E-002
         436   1.1111111111111111E-003
         437   6.1111111111111114E-003
         438   1.3888888888888888E-002
         439   8.3333333333333332E-003
         440   1.1111111111111112E-002
         441   2.2222222222222223E-002
         442   3.1666666666666669E-002
         443   3.5000000000000003E-002
         444   3.3333333333333333E-002
         445   2.2777777777777779E-002
         446   4.2777777777777776E-002
         447   4.0555555555555553E-002
         448   2.9999999999999999E-002
         449   4.5555555555555557E-002
         450   2.7222222222222221E-002
         451   1.7777777777777778E-002
         452   5.8333333333333334E-002
         453   1.0555555555555556E-002
         454   1.2777777777777779E-002
         455   4.4444444444444446E-002
         456   2.3888888888888890E-002
         457   5.0000000000000001E-003
         458   1.9444444444444445E-002
         459   6.2777777777777780E-002
         460   4.3888888888888887E-002
         461   1.0000000000000000E-002
         462   2.0555555555555556E-002
         463   1.3888888888888888E-002
         464   2.7222222222222221E-002
         465   3.4444444444444444E-002
         466   2.7777777777777779E-003
         467   1.1111111111111111E-003
         468   1.6666666666666668E-003
         469   3.6666666666666667E-002
         470   8.3333333333333332E-003
         471   1.2222222222222223E-002
         472   1.3888888888888888E-002
         473   3.5000000000000003E-002
         474   5.5555555555555552E-002
         475   1.5555555555555555E-002
         476   3.8888888888888890E-002
         477   2.6666666666666668E-002
         478   1.3333333333333334E-002
         479   2.8333333333333332E-002
         480   3.5555555555555556E-002
         481   3.7777777777777778E-002
         482   3.8888888888888888E-003
         483   2.8333333333333332E-002
         484   1.6111111111111111E-002
         485   3.3888888888888892E-002
         486   1.3888888888888888E-002
         487   3.3333333333333333E-002
         488   4.5555555555555557E-002
         489   1.9444444444444445E-002
         490   3.3888888888888892E-002
         491   1.6666666666666668E-003
         492   1.6666666666666668E-003
         493   2.7777777777777776E-002
         494   3.2222222222222222E-002
         495   2.5000000000000001E-002
         496   9.4444444444444445E-003
         497   4.9444444444444444E-002
         498   5.3333333333333337E-002
         499   7.7222222222222220E-002
         500   5.0555555555555555E-002
         501   5.3888888888888889E-002
         502   7.2222222222222215E-002
         503   8.8888888888888892E-002
         504   3.7222222222222219E-002
         505   5.9444444444444446E-002
         506   7.2777777777777775E-002
         507   5.5000000000000000E-002
         508   5.1111111111111114E-002
         509   4.2777777777777776E-002
         510   5.0000000000000001E-003
         511   7.7777777777777776E-003
         512   3.6111111111111108E-002
         513   3.3333333333333333E-002
         514   4.7777777777777780E-002
         515   3.2222222222222222E-002
         516   6.8888888888888888E-002
         517   7.2222222222222215E-002
         518   6.5000000000000002E-002
         519   3.6111111111111108E-002
         520   3.7777777777777778E-002
         521   1.3888888888888888E-002
         522   5.5555555555555558E-003
         523   1.3888888888888888E-002
         524   2.7777777777777779E-003
         525   2.7222222222222221E-002
         526   6.3888888888888884E-002
         527   2.2777777777777779E-002
         528   5.9999999999999998E-002
         529   7.8333333333333338E-002
         530   4.6111111111111110E-002
         531   5.5555555555555556E-004
         532   1.3333333333333334E-002
         533   8.8888888888888889E-003
         534   1.6666666666666668E-003
         535   4.7222222222222221E-002
         536   6.5555555555555561E-002
         537   4.4444444444444444E-003
         538   2.8333333333333332E-002
         539   4.4444444444444444E-003
         540   6.3888888888888884E-002
         541   1.2222222222222223E-002
         542   5.5555555555555556E-004
         543   5.5555555555555556E-004
         544   4.6666666666666669E-002
         545   4.4999999999999998E-002
         546   3.8888888888888888E-003
         547   2.2222222222222222E-003
         548   5.5555555555555558E-003
         549   3.3333333333333335E-003
         550   2.1111111111111112E-002
         551   4.0000000000000001E-002
         552   4.8333333333333332E-002
         553   5.6666666666666664E-002
         554   2.9444444444444443E-002
         555   4.7777777777777780E-002
         556   3.5555555555555556E-002
         557   5.2222222222222225E-002
         558   4.3888888888888887E-002
         559   1.3333333333333334E-002
         560   5.0555555555555555E-002
         561   7.7777777777777779E-002
         562   4.4999999999999998E-002
         563   2.7777777777777779E-003
         564   5.0000000000000001E-003
         565   1.1111111111111111E-003
         566   1.1666666666666667E-002
         567   4.1666666666666664E-002
         568   3.0555555555555555E-002
         569   6.8333333333333329E-002
         570   4.1666666666666664E-002
         571   1.6666666666666668E-003
         572   6.0555555555555557E-002
         573   8.3333333333333329E-002
         574  0.10722222222222222     
         575   5.0000000000000003E-002
         576   7.3333333333333334E-002
         577   4.8333333333333332E-002
         578   5.0555555555555555E-002
         579   3.4444444444444444E-002
         580   3.3888888888888892E-002
         581   7.2222222222222219E-003
         582   3.3333333333333335E-003
         583   1.7222222222222222E-002
         584   7.2222222222222219E-003
         585   1.3333333333333334E-002
         586   2.3333333333333334E-002
         587   2.7777777777777779E-003
         588   4.1666666666666664E-002
         589   2.0555555555555556E-002
         590   4.0000000000000001E-002
         591   3.3333333333333335E-003
         592   5.5555555555555556E-004
         593   3.3333333333333335E-003
         594   5.5555555555555558E-003
         595   1.7777777777777778E-002
         596   1.3888888888888888E-002
         597   1.2222222222222223E-002
         598   7.2222222222222219E-003
         599   3.8333333333333330E-002
         600   3.3333333333333335E-003
         601   2.6111111111111113E-002
         602   4.5555555555555557E-002
         603   2.7777777777777779E-003
         604   2.3333333333333334E-002
         605   3.7777777777777778E-002
         606   1.4444444444444444E-002
         607   7.2222222222222219E-003
         608   3.2777777777777781E-002
         609   7.2222222222222219E-003
         610   4.1666666666666664E-002
         611   4.6666666666666669E-002
         612   5.5000000000000000E-002
         613   5.0000000000000001E-003
         614   4.0555555555555553E-002
         615   3.1111111111111110E-002
         616   3.8888888888888888E-003
         617   1.7222222222222222E-002
         618   1.7222222222222222E-002
         619   1.4999999999999999E-002
         620   4.2777777777777776E-002
         621   4.6666666666666669E-002
         622   2.5555555555555557E-002
         623   4.6666666666666669E-002
         624   3.0555555555555555E-002
         625   1.7777777777777778E-002
         626   3.9444444444444442E-002
         627   5.5555555555555558E-003
         628   1.8888888888888889E-002
         629   4.4444444444444446E-002
         630   1.3333333333333334E-002
         631   2.3333333333333334E-002
         632   4.7777777777777780E-002
         633   2.7222222222222221E-002
         634   1.6666666666666666E-002
         635   9.4444444444444445E-003
         636   1.1111111111111111E-003
         637   6.1666666666666668E-002
         638   3.2222222222222222E-002
         639   4.4444444444444444E-003
         640   3.6111111111111108E-002
         641   5.3888888888888889E-002
         642   5.1111111111111114E-002
         643   6.2222222222222220E-002
         644   1.7777777777777778E-002
         645   1.7777777777777778E-002
         646   3.2222222222222222E-002
         647   5.5555555555555558E-003
         648   2.3888888888888890E-002
         649   8.8888888888888889E-003
         650   1.0000000000000000E-002
         651   1.0000000000000000E-002
         652   3.1666666666666669E-002
         653   5.5555555555555556E-004
         654   2.6111111111111113E-002
         655   2.9999999999999999E-002
         656   5.0555555555555555E-002
         657   4.0555555555555553E-002
         658   1.8333333333333333E-002
         659   1.7777777777777778E-002
         660   1.1111111111111111E-003
         661   3.8333333333333330E-002
         662   3.3888888888888892E-002
         663   1.6666666666666666E-002
         664   3.8888888888888888E-003
         665   1.6666666666666666E-002
         666   3.3888888888888892E-002
         667   2.7222222222222221E-002
         668   5.2222222222222225E-002
         669   4.2222222222222223E-002
         670   6.5555555555555561E-002
         671   8.3333333333333332E-003
         672   5.1666666666666666E-002
         673   4.1666666666666664E-002
         674   6.3888888888888884E-002
         675   4.3888888888888887E-002
         676   1.6666666666666666E-002
         677   3.2777777777777781E-002
         678   6.4444444444444443E-002
         679   5.3333333333333337E-002
         680   3.1111111111111110E-002
         681   4.3333333333333335E-002
         682   3.9444444444444442E-002
         683   7.4999999999999997E-002
         684   4.1666666666666664E-002
         685   6.3888888888888884E-002
         686   4.4444444444444446E-002
         687   5.9444444444444446E-002
         688   5.1111111111111114E-002
         689   3.5000000000000003E-002
         690   3.8888888888888888E-003
         691   2.4444444444444446E-002
         692   1.2777777777777779E-002
         693   1.8888888888888889E-002
         694   1.4444444444444444E-002
         695   4.1666666666666664E-002
         696   1.8333333333333333E-002
         697   4.3333333333333335E-002
         698   2.4444444444444446E-002
         699   9.4444444444444445E-003
         700   3.3333333333333335E-003
         701   1.2222222222222223E-002
         702   2.3888888888888890E-002
         703   1.3888888888888888E-002
         704   7.2222222222222219E-003
         705   3.1111111111111110E-002
         706   2.5000000000000001E-002
         707   5.8333333333333334E-002
         708   2.1666666666666667E-002
         709   5.3888888888888889E-002
         710   1.0000000000000000E-002
         711   1.2222222222222223E-002
         712   5.8333333333333334E-002
         713   6.6666666666666666E-002
         714   4.4999999999999998E-002
         715   5.5555555555555552E-002
         716   7.2777777777777775E-002
         717   9.4444444444444445E-003
         718   1.3888888888888888E-002
         719   6.1666666666666668E-002
         720   1.3888888888888888E-002
         721   5.2222222222222225E-002
         722   2.9444444444444443E-002
         723   1.7222222222222222E-002
         724   1.2222222222222223E-002
         725   7.2222222222222219E-003
         726   2.4444444444444446E-002
         727   2.5555555555555557E-002
         728   2.9999999999999999E-002
         729   6.5555555555555561E-002
         730   6.2777777777777780E-002
         731   7.0000000000000007E-002
         732   7.0000000000000007E-002
         733   1.5555555555555555E-002
         734   2.6111111111111113E-002
         735   8.2777777777777783E-002
         736   6.4444444444444443E-002
         737   4.5555555555555557E-002
         738   5.5555555555555556E-004
         739   1.7777777777777778E-002
         740   1.6111111111111111E-002
         741   6.1111111111111109E-002
         742   4.9444444444444444E-002
         743   5.7222222222222223E-002
         744   3.4444444444444444E-002
         745   1.0555555555555556E-002
         746   5.0000000000000001E-003
         747   2.6111111111111113E-002
         748   6.2222222222222220E-002
         749   1.0555555555555556E-002
         750   1.6111111111111111E-002
         751   5.3888888888888889E-002
         752   4.2222222222222223E-002
         753   2.9999999999999999E-002
         754   3.0555555555555555E-002
         755   7.2222222222222219E-003
         756   3.3888888888888892E-002
         757   5.0000000000000001E-003
         758   2.0000000000000000E-002
         759   6.6666666666666671E-003
         760   5.6111111111111112E-002
         761   3.8888888888888890E-002
         762   3.3333333333333333E-002
         763   2.7777777777777779E-003
         764   2.7777777777777776E-002
         765   1.6111111111111111E-002
         766   4.4444444444444444E-003
         767   8.4444444444444447E-002
         768   9.4444444444444442E-002
         769   6.6666666666666666E-002
         770   6.2222222222222220E-002
         771   1.6666666666666666E-002
         772   2.2222222222222223E-002
         773   5.0000000000000001E-003
         774   1.2777777777777779E-002
         775   7.7777777777777776E-003
         776   1.0000000000000000E-002
         777   2.9999999999999999E-002
         778   4.3888888888888887E-002
         779   2.6111111111111113E-002
         780   4.8888888888888891E-002
         781   1.8888888888888889E-002
         782   2.4444444444444446E-002
         783   4.4444444444444444E-003
         784   4.7222222222222221E-002
         785   5.7777777777777775E-002
         786   3.8333333333333330E-002
         787   1.8333333333333333E-002
         788   3.6666666666666667E-002
         789   1.6666666666666668E-003
         790   2.6666666666666668E-002
         791   8.6666666666666670E-002
         792   2.5000000000000001E-002
         793   4.4444444444444444E-003
         794   6.1111111111111114E-003
         795   1.2777777777777779E-002
         796   1.0555555555555556E-002
         797   1.2222222222222223E-002
         798   6.6666666666666671E-003
         799   7.2222222222222219E-003
         800   4.1666666666666664E-002
         801   4.4999999999999998E-002
         802   1.4999999999999999E-002
         803   1.4444444444444444E-002
         804   3.3333333333333333E-002
         805   4.0555555555555553E-002
         806   1.3333333333333334E-002
         807   2.1111111111111112E-002
         808   2.7777777777777779E-003
         809   3.2222222222222222E-002
         810   6.6111111111111107E-002
         811   1.3888888888888888E-002
         812   5.0000000000000001E-003
         813   3.5555555555555556E-002
         814   3.6666666666666667E-002
         815   4.4444444444444446E-002
         816   3.3333333333333333E-002
         817   3.4444444444444444E-002
         818   4.6666666666666669E-002
         819   1.6666666666666666E-002
         820   2.0000000000000000E-002
         821   1.3333333333333334E-002
         822   0.0000000000000000     
         823   9.3333333333333338E-002
         824   7.3333333333333334E-002
         825   7.0000000000000007E-002
         826   5.2777777777777778E-002
         827   3.2222222222222222E-002
         828   1.2222222222222223E-002
         829   1.7222222222222222E-002
         830   2.9444444444444443E-002
         831   5.8888888888888886E-002
         832   7.2777777777777775E-002
         833   8.1111111111111106E-002
         834   3.5000000000000003E-002
         835   9.4444444444444445E-003
         836   8.3333333333333332E-003
         837   8.5000000000000006E-002
         838   4.3333333333333335E-002
         839   1.5555555555555555E-002
         840   1.1666666666666667E-002
         841   2.2222222222222222E-003
         842   2.9999999999999999E-002
         843   3.5000000000000003E-002
         844   1.8888888888888889E-002
         845   5.5555555555555556E-004
         846   1.4444444444444444E-002
         847   3.8333333333333330E-002
         848   3.2777777777777781E-002
         849   1.8333333333333333E-002
         850   6.5000000000000002E-002
         851   5.0000000000000003E-002
         852   2.6666666666666668E-002
         853   4.3333333333333335E-002
         854   1.3333333333333334E-002
         855   2.2777777777777779E-002
         856   5.7222222222222223E-002
         857   1.1666666666666667E-002
         858   3.5555555555555556E-002
         859   2.0555555555555556E-002
         860   7.7777777777777776E-003
         861   4.5555555555555557E-002
         862   9.2222222222222219E-002
         863   6.6666666666666666E-002
         864   1.6111111111111111E-002
         865   1.4444444444444444E-002
         866   3.6111111111111108E-002
         867   4.4444444444444444E-003
         868   3.5000000000000003E-002
         869   2.5000000000000001E-002
         870   1.8333333333333333E-002
         871   3.6666666666666667E-002
         872   3.7777777777777778E-002
         873   2.6666666666666668E-002
         874   1.6111111111111111E-002
         875   2.8333333333333332E-002
         876   4.4999999999999998E-002
         877   4.6111111111111110E-002
         878   8.2222222222222224E-002
         879   2.2222222222222223E-002
         880   2.6111111111111113E-002
         881   4.2222222222222223E-002
         882   3.8888888888888890E-002
         883   7.2222222222222219E-003
         884   2.7777777777777776E-002
         885   2.5000000000000001E-002
         886   9.4444444444444445E-003
         887   1.2777777777777779E-002
         888   1.6666666666666668E-003
         889   2.6666666666666668E-002
         890   1.4444444444444444E-002
         891   1.0555555555555556E-002
         892   1.0000000000000000E-002
         893   8.3333333333333332E-003
         894   9.4444444444444445E-003
         895   6.2777777777777780E-002
         896   4.5555555555555557E-002
         897   4.1666666666666664E-002
         898   2.2222222222222223E-002
         899   5.9999999999999998E-002
         900  0.10166666666666667     
         901   4.7222222222222221E-002
         902   4.1111111111111112E-002
         903   1.7222222222222222E-002
         904   2.5000000000000001E-002
         905   1.1111111111111111E-003
         906   3.7222222222222219E-002
         907   2.0000000000000000E-002
         908   5.5555555555555556E-004
         909   4.0555555555555553E-002
         910   2.7222222222222221E-002
         911   3.6666666666666667E-002
         912   3.1666666666666669E-002
         913   6.6666666666666671E-003
         914   4.6111111111111110E-002
         915   5.5555555555555556E-004
         916   5.7222222222222223E-002
         917   1.1111111111111112E-002
         918   4.1111111111111112E-002
         919   3.1111111111111110E-002
         920   1.6666666666666666E-002
         921   1.3333333333333334E-002
         922   5.5555555555555558E-003
         923   2.8333333333333332E-002
         924   3.9444444444444442E-002
         925   5.0000000000000003E-002
         926   1.2777777777777779E-002
         927   8.8888888888888889E-003
         928   1.8333333333333333E-002
         929   2.0000000000000000E-002
         930   5.0000000000000001E-003
         931   2.1111111111111112E-002
         932   1.4444444444444444E-002
         933   2.2222222222222222E-003
         934   3.3888888888888892E-002
         935   6.6666666666666671E-003
         936   3.7777777777777778E-002
         937   2.0555555555555556E-002
         938   1.2222222222222223E-002
         939   5.0000000000000001E-003
         940   4.4444444444444444E-003
         941   5.5000000000000000E-002
         942   6.8333333333333329E-002
         943   3.4444444444444444E-002
         944   3.3888888888888892E-002
         945   3.6111111111111108E-002
         946   9.4444444444444445E-003
         947   1.3333333333333334E-002
         948   1.7777777777777778E-002
         949   6.2222222222222220E-002
         950   1.0000000000000000E-002
         951   2.2222222222222223E-002
         952   3.8888888888888888E-003
         953   2.5000000000000001E-002
         954   4.6666666666666669E-002
         955   5.5555555555555556E-004
         956   2.7777777777777779E-003
         957   1.7777777777777778E-002
         958   3.3333333333333335E-003
         959   2.3333333333333334E-002
         960   7.6666666666666661E-002
         961   4.4999999999999998E-002
         962   1.0000000000000000E-002
         963   8.8888888888888889E-003
         964   2.0555555555555556E-002
         965   1.2777777777777779E-002
         966   1.6666666666666668E-003
         967   2.0000000000000000E-002
         968   1.6666666666666668E-003
         969   2.1111111111111112E-002
         970   2.7222222222222221E-002
         971   6.7777777777777784E-002
         972   5.1666666666666666E-002
         973   2.6111111111111113E-002
         974   6.2777777777777780E-002
         975   8.7222222222222229E-002
         976   4.7222222222222221E-002
         977   5.0000000000000003E-002
         978   2.7777777777777779E-003
         979   1.8333333333333333E-002
         980   1.7777777777777778E-002
         981   1.2777777777777779E-002
         982   2.6111111111111113E-002
         983   4.9444444444444444E-002
         984   2.7777777777777779E-003
         985   4.2777777777777776E-002
         986   4.2777777777777776E-002
         987   2.1111111111111112E-002
         988   5.0000000000000003E-002
         989   6.2222222222222220E-002
         990   4.9444444444444444E-002
         991   2.2222222222222222E-003
         992   5.5555555555555556E-004
         993   2.5000000000000001E-002
         994   3.7777777777777778E-002
         995   2.8333333333333332E-002
         996   5.5555555555555558E-003
         997   2.7222222222222221E-002
         998   3.0555555555555555E-002
         999   3.4444444444444444E-002
        1000   3.1111111111111110E-002
        1001   1.1666666666666667E-002
        1002   1.2222222222222223E-002
        1003   3.8888888888888888E-003
        1004   1.6111111111111111E-002
        1005   3.3333333333333333E-002
        1006   5.6666666666666664E-002
        1007   5.6111111111111112E-002
        1008   8.3333333333333332E-003
        1009   5.3333333333333337E-002
        1010   2.2222222222222222E-003
        1011   2.7777777777777779E-003
        1012   3.3333333333333335E-003
        1013   1.5555555555555555E-002
        1014   2.5555555555555557E-002
        1015   2.7777777777777779E-003
        1016   1.7777777777777778E-002
        1017   5.5555555555555556E-004
        1018   1.9444444444444445E-002
        1019   5.0000000000000001E-003
        1020   1.8333333333333333E-002
        1021   1.8333333333333333E-002
        1022   1.3888888888888888E-002
        1023   2.6111111111111113E-002
        1024   1.1111111111111112E-002
        1025   1.6111111111111111E-002
        1026   4.6666666666666669E-002
        1027   4.4444444444444444E-003
        1028   3.9444444444444442E-002
        1029   1.1111111111111112E-002
        1030   1.1111111111111111E-003
        1031   2.7777777777777779E-003
        1032   1.9444444444444445E-002
        1033   6.5555555555555561E-002
        1034   2.2777777777777779E-002
        1035   1.1666666666666667E-002
        1036   1.8888888888888889E-002
        1037   1.1666666666666667E-002
        1038   5.1111111111111114E-002
        1039   2.1666666666666667E-002
        1040   1.0555555555555556E-002
        1041   4.2222222222222223E-002
        1042   4.2777777777777776E-002
        1043   2.0555555555555556E-002
        1044   4.0555555555555553E-002
        1045   4.2777777777777776E-002
        1046   4.0000000000000001E-002
        1047   5.5555555555555556E-004
        1048   2.0000000000000000E-002
        1049   9.4444444444444445E-003
        1050   1.7222222222222222E-002
        1051   1.3888888888888888E-002
        1052   1.1666666666666667E-002
        1053   3.2222222222222222E-002
        1054   1.2777777777777779E-002
        1055   6.1666666666666668E-002
        1056   4.7222222222222221E-002
        1057   2.8888888888888888E-002
        1058   1.4444444444444444E-002
        1059   3.8888888888888888E-003
        1060   1.0555555555555556E-002
        1061   2.6666666666666668E-002
        1062   4.4999999999999998E-002
        1063   2.4444444444444446E-002
        1064   7.6111111111111115E-002
        1065   3.3888888888888892E-002
        1066   2.9999999999999999E-002
        1067   2.9444444444444443E-002
        1068   4.1666666666666664E-002
        1069   5.3888888888888889E-002
        1070   5.8333333333333334E-002
        1071   3.2222222222222222E-002
        1072   2.0555555555555556E-002
        1073   1.3333333333333334E-002
        1074   3.5000000000000003E-002
        1075   3.5000000000000003E-002
        1076   1.4999999999999999E-002
        1077   2.0000000000000000E-002
        1078   7.2222222222222215E-002
        1079   1.1111111111111111E-003
        1080   5.5000000000000000E-002
        1081   5.8888888888888886E-002
        1082   4.9444444444444444E-002
        1083   1.8888888888888889E-002
        1084   1.5555555555555555E-002
        1085   2.7777777777777779E-003
        1086   6.1111111111111114E-003
        1087   2.7777777777777779E-003
        1088   3.8888888888888888E-003
        1089   5.1666666666666666E-002
        1090   6.8888888888888888E-002
        1091   2.8888888888888888E-002
        1092   3.3888888888888892E-002
        1093   6.1111111111111114E-003
        1094   2.7777777777777779E-003
        1095   5.3333333333333337E-002
        1096   5.2777777777777778E-002
        1097   1.8888888888888889E-002
        1098   1.5555555555555555E-002
        1099   3.0555555555555555E-002
        1100   3.7222222222222219E-002
        1101   3.3333333333333335E-003
        1102   1.1111111111111111E-003
        1103   3.6666666666666667E-002
        1104   7.4444444444444438E-002
        1105   6.1111111111111114E-003
        1106   1.0555555555555556E-002
        1107   1.1111111111111111E-003
        1108   3.8888888888888890E-002
        1109   5.8888888888888886E-002
        1110   2.4444444444444446E-002
        1111   7.7777777777777776E-003
        1112   1.2222222222222223E-002
        1113   3.4444444444444444E-002
        1114   8.8888888888888889E-003
        1115   3.7222222222222219E-002
        1116   5.5555555555555552E-002
        1117   4.0000000000000001E-002
        1118   3.4444444444444444E-002
        1119   5.0000000000000001E-003
        1120   3.3333333333333335E-003
        1121   3.1666666666666669E-002
        1122   5.5555555555555556E-004
        1123   5.5555555555555558E-003
        1124   1.5555555555555555E-002
        1125   1.0555555555555556E-002
        1126   7.2222222222222219E-003
        1127   1.2777777777777779E-002
        1128   2.5000000000000001E-002
        1129   7.7777777777777776E-003
        1130   1.6666666666666668E-003
        1131   2.6111111111111113E-002
        1132   6.6666666666666671E-003
        1133   0.0000000000000000     
        1134   1.8333333333333333E-002
        1135   7.2222222222222219E-003
        1136   1.0000000000000000E-002
        1137   5.5555555555555552E-002
        1138   7.0000000000000007E-002
        1139   4.9444444444444444E-002
        1140   6.7777777777777784E-002
        1141   7.1111111111111111E-002
        1142   5.7222222222222223E-002
        1143   1.2777777777777779E-002
        1144   4.5555555555555557E-002
        1145   3.5000000000000003E-002
        1146   4.4444444444444444E-003
        1147   1.6666666666666666E-002
        1148   4.7222222222222221E-002
        1149   8.1666666666666665E-002
        1150   3.9444444444444442E-002
        1151   6.6666666666666671E-003
        1152   9.4444444444444445E-003
        1153   5.2222222222222225E-002
        1154   1.4999999999999999E-002
        1155   4.2777777777777776E-002
        1156   2.0555555555555556E-002
        1157   2.3888888888888890E-002
        1158   2.0555555555555556E-002
        1159   7.2222222222222215E-002
        1160   4.1111111111111112E-002
        1161   1.6666666666666668E-003
        1162   2.2777777777777779E-002
        1163   1.1111111111111112E-002
        1164   3.8333333333333330E-002
        1165   1.8333333333333333E-002
        1166   1.7222222222222222E-002
        1167   7.2222222222222219E-003
        1168   1.3333333333333334E-002
        1169   2.1666666666666667E-002
        1170   5.5555555555555556E-004
        1171   2.7777777777777779E-003
        1172   3.6666666666666667E-002
        1173   4.3333333333333335E-002
        1174   7.2777777777777775E-002
        1175   6.1111111111111114E-003
        1176   5.4444444444444441E-002
        1177   5.7777777777777775E-002
        1178   2.8888888888888888E-002
        1179   2.3333333333333334E-002
        1180   6.7777777777777784E-002
        1181   3.7777777777777778E-002
        1182   2.1666666666666667E-002
        1183   1.2777777777777779E-002
        1184   3.3333333333333335E-003
        1185   9.4444444444444445E-003
        1186   0.0000000000000000     
        1187   1.4999999999999999E-002
        1188   2.5555555555555557E-002
        1189   4.3333333333333335E-002
        1190   1.0000000000000000E-002
        1191   7.2222222222222219E-003
        1192   6.1111111111111114E-003
        1193   4.2777777777777776E-002
        1194   2.8888888888888888E-002
        1195   2.5000000000000001E-002
        1196   4.6666666666666669E-002
        1197   2.7777777777777779E-003
        1198   2.4444444444444446E-002
        1199   4.7222222222222221E-002
        1200   3.2777777777777781E-002
        1201   2.1666666666666667E-002
        1202   1.1111111111111112E-002
        1203   3.6111111111111108E-002
        1204   5.1666666666666666E-002
        1205   2.1666666666666667E-002
        1206   2.0000000000000000E-002
        1207   4.1111111111111112E-002
        1208   4.6666666666666669E-002
        1209   1.6666666666666666E-002
        1210   3.8888888888888890E-002
        1211   5.1666666666666666E-002
        1212   6.2777777777777780E-002
        1213   2.3333333333333334E-002
        1214   5.1111111111111114E-002
        1215   5.3888888888888889E-002
        1216   2.4444444444444446E-002
        1217   3.7222222222222219E-002
        1218   3.5555555555555556E-002
        1219   2.2222222222222222E-003
        1220   3.0555555555555555E-002
        1221   1.6111111111111111E-002
        1222   1.1111111111111111E-003
        1223   3.8888888888888888E-003
        1224   6.6666666666666671E-003
        1225   5.9999999999999998E-002
        1226   7.2222222222222219E-003
        1227   5.0000000000000001E-003
        1228   2.3888888888888890E-002
        1229   1.3888888888888888E-002
        1230   1.0000000000000000E-002
        1231   3.7222222222222219E-002
        1232   4.5555555555555557E-002
        1233   4.4444444444444444E-003
        1234   5.5555555555555552E-002
        1235   5.9444444444444446E-002
        1236   6.4444444444444443E-002
        1237   6.7222222222222225E-002
        1238   2.2777777777777779E-002
        1239   3.1666666666666669E-002
        1240   4.4444444444444444E-003
        1241   2.7777777777777779E-003
        1242   2.5000000000000001E-002
        1243   7.2222222222222219E-003
        1244   2.0000000000000000E-002
        1245   5.0000000000000003E-002
        1246   5.7222222222222223E-002
        1247   1.6666666666666668E-003
        1248   1.2222222222222223E-002
        1249   5.5555555555555556E-004
        1250   1.3888888888888888E-002
        1251   3.3333333333333335E-003
        1252   1.8333333333333333E-002
        1253   3.1666666666666669E-002
        1254   1.3333333333333334E-002
        1255   2.8333333333333332E-002
        1256   1.5555555555555555E-002
        1257   1.2222222222222223E-002
        1258   5.9444444444444446E-002
        1259   5.5555555555555552E-002
        1260   2.8888888888888888E-002
        1261   4.2222222222222223E-002
        1262   7.8888888888888883E-002
        1263   2.2222222222222222E-003
        1264   1.2222222222222223E-002
        1265   2.6111111111111113E-002
        1266   5.3888888888888889E-002
        1267   4.1666666666666664E-002
        1268   1.0000000000000000E-002
        1269   1.3333333333333334E-002
        1270   4.4444444444444444E-003
        1271   2.1111111111111112E-002
        1272   2.6666666666666668E-002
        1273   2.7222222222222221E-002
        1274   5.8888888888888886E-002
        1275   7.0555555555555552E-002
        1276   9.3333333333333338E-002
        1277  0.10555555555555556     
        1278   8.5555555555555551E-002
        1279   3.2222222222222222E-002
        1280   3.8333333333333330E-002
        1281   1.6666666666666668E-003
        1282   2.9444444444444443E-002
        1283   1.0555555555555556E-002
        1284   2.1111111111111112E-002
        1285   3.8888888888888888E-003
        1286   3.8888888888888890E-002
        1287   7.2222222222222219E-003
        1288   5.3888888888888889E-002
        1289   2.1111111111111112E-002
        1290   6.5555555555555561E-002
        1291   6.9444444444444448E-002
        1292   4.1666666666666664E-002
        1293   2.3888888888888890E-002
        1294   1.0555555555555556E-002
        1295   1.0555555555555556E-002
        1296   5.5555555555555556E-004
        1297   2.6666666666666668E-002
        1298   1.2222222222222223E-002
        1299   2.8888888888888888E-002
        1300   2.2777777777777779E-002
        1301   3.3333333333333333E-002
        1302   2.5555555555555557E-002
        1303   2.2777777777777779E-002
        1304   8.3333333333333329E-002
        1305   7.4444444444444438E-002
        1306   1.8333333333333333E-002
        1307   5.5555555555555556E-004
        1308   4.7222222222222221E-002
        1309   2.5555555555555557E-002
        1310   2.0555555555555556E-002
        1311   1.0000000000000000E-002
        1312   2.4444444444444446E-002
        1313   2.5000000000000001E-002
        1314   1.7777777777777778E-002
        1315   0.0000000000000000     
        1316   8.8888888888888889E-003
        1317   2.7222222222222221E-002
        1318   6.1111111111111109E-002
        1319   5.9444444444444446E-002
        1320   4.4999999999999998E-002
        1321   3.7222222222222219E-002
        1322   7.7777777777777776E-003
        1323   7.2222222222222219E-003
        1324   2.3333333333333334E-002
        1325   2.5555555555555557E-002
        1326   1.6111111111111111E-002
        1327   1.1111111111111112E-002
        1328   0.0000000000000000     
        1329   3.2222222222222222E-002
        1330   2.5000000000000001E-002
        1331   2.0000000000000000E-002
        1332   2.9444444444444443E-002
        1333   1.0000000000000000E-002
        1334   3.5000000000000003E-002
        1335   1.1111111111111111E-003
        1336   3.7777777777777778E-002
        1337   1.4999999999999999E-002
        1338   1.1111111111111111E-003
        1339   5.4444444444444441E-002
        1340   6.3333333333333339E-002
        1341   8.1111111111111106E-002
        1342   5.4444444444444441E-002
        1343   6.2777777777777780E-002
        1344   7.2222222222222219E-003
        1345   3.2222222222222222E-002
        1346   4.6666666666666669E-002
        1347   4.4444444444444444E-003
        1348   6.1111111111111114E-003
        1349   3.3333333333333335E-003
        1350   8.8888888888888889E-003
        1351   1.1666666666666667E-002
        1352   1.0555555555555556E-002
        1353   4.3333333333333335E-002
        1354   6.2222222222222220E-002
        1355   8.7222222222222229E-002
        1356   7.7777777777777779E-002
        1357   5.0555555555555555E-002
        1358   8.6666666666666670E-002
        1359   7.7777777777777779E-002
        1360   7.7222222222222220E-002
        1361   2.2777777777777779E-002
        1362   7.7777777777777776E-003
        1363   2.1666666666666667E-002
        1364   5.8333333333333334E-002
        1365   3.3333333333333335E-003
        1366   1.4444444444444444E-002
        1367   2.7777777777777776E-002
        1368   4.4444444444444446E-002
        1369   5.6666666666666664E-002
        1370   2.4444444444444446E-002
        1371   4.5555555555555557E-002
        1372   3.3888888888888892E-002
        1373   1.3888888888888888E-002
        1374   2.2222222222222222E-003
        1375   1.6666666666666666E-002
        1376   1.0555555555555556E-002
        1377   6.1111111111111114E-003
        1378   3.1666666666666669E-002
        1379   1.3333333333333334E-002
        1380   4.2222222222222223E-002
        1381   2.1666666666666667E-002
        1382   4.4444444444444446E-002
        1383   1.8333333333333333E-002
        1384   5.5555555555555558E-003
        1385   6.1111111111111114E-003
        1386   8.3333333333333332E-003
        1387   5.0555555555555555E-002
        1388   1.1111111111111112E-002
        1389   5.5555555555555552E-002
        1390   6.1666666666666668E-002
        1391   8.3888888888888888E-002
        1392   1.5555555555555555E-002
        1393   1.3333333333333334E-002
        1394   1.6666666666666668E-003
        1395   6.9444444444444448E-002
        1396   2.1111111111111112E-002
        1397   7.7777777777777776E-003
        1398   4.7777777777777780E-002
        1399   2.4444444444444446E-002
        1400   6.8888888888888888E-002
        1401   5.1111111111111114E-002
        1402   3.2777777777777781E-002
        1403   4.3888888888888887E-002
        1404   9.2222222222222219E-002
        1405   5.3333333333333337E-002
        1406   4.7222222222222221E-002
        1407   2.7777777777777779E-003
        1408   1.0555555555555556E-002
        1409   1.1666666666666667E-002
        1410   0.0000000000000000     
        1411   2.5555555555555557E-002
        1412   4.3333333333333335E-002
        1413   4.2777777777777776E-002
        1414   5.2777777777777778E-002
        1415   1.2222222222222223E-002
        1416   5.8333333333333334E-002
        1417   2.9444444444444443E-002
        1418   2.2777777777777779E-002
        1419   4.7777777777777780E-002
        1420   3.8333333333333330E-002
        1421   5.1666666666666666E-002
        1422   1.6666666666666668E-003
        1423   3.3333333333333335E-003
        1424   1.1666666666666667E-002
        1425   2.3333333333333334E-002
        1426   6.6666666666666671E-003
        1427   2.8333333333333332E-002
        1428   1.6666666666666668E-003
        1429   1.1666666666666667E-002
        1430   5.0000000000000003E-002
        1431   9.4444444444444445E-003
        1432   1.5555555555555555E-002
        1433   2.4444444444444446E-002
        1434   4.1666666666666664E-002
        1435   2.7222222222222221E-002
        1436   4.2777777777777776E-002
        1437   1.0555555555555556E-002
        1438   2.1666666666666667E-002
        1439   9.4444444444444445E-003
        1440   2.5555555555555557E-002
        1441   2.3333333333333334E-002
        1442   4.7222222222222221E-002
        1443   2.9999999999999999E-002
        1444   2.6111111111111113E-002
        1445   7.7777777777777776E-003
        1446   2.7222222222222221E-002
        1447   1.6666666666666668E-003
        1448   2.7777777777777776E-002
        1449   3.5000000000000003E-002
        1450   5.5000000000000000E-002
        1451   2.6666666666666668E-002
        1452   4.1666666666666664E-002
        1453   2.1111111111111112E-002
        1454   1.0555555555555556E-002
        1455   5.0000000000000003E-002
        1456   7.2222222222222215E-002
        1457   7.4444444444444438E-002
        1458   7.2777777777777775E-002
        1459   1.8333333333333333E-002
        1460   2.9999999999999999E-002
        1461   1.0000000000000000E-002
        1462   4.5555555555555557E-002
        1463   2.7777777777777779E-003
        1464   1.1111111111111111E-003
        1465   4.2222222222222223E-002
        1466   5.7777777777777775E-002
        1467   3.1666666666666669E-002
        1468   1.7777777777777778E-002
        1469   2.0555555555555556E-002
        1470   7.7777777777777776E-003
        1471   5.5555555555555558E-003
        1472   1.4444444444444444E-002
        1473   1.2222222222222223E-002
        1474   9.4444444444444445E-003
        1475   3.2777777777777781E-002
        1476   5.8888888888888886E-002
        1477   2.1111111111111112E-002
        1478   5.2777777777777778E-002
        1479   4.6111111111111110E-002
        1480   3.5000000000000003E-002
        1481   1.0555555555555556E-002
        1482   3.8888888888888890E-002
        1483   4.7222222222222221E-002
        1484   7.7777777777777776E-003
        1485   2.6111111111111113E-002
        1486   3.8333333333333330E-002
        1487   4.0000000000000001E-002
        1488   1.7777777777777778E-002
        1489   8.3333333333333332E-003
        1490   3.5555555555555556E-002
        1491   1.3333333333333334E-002
        1492   3.0555555555555555E-002
        1493   7.2222222222222219E-003
        1494   1.8888888888888889E-002
        1495   1.7222222222222222E-002
        1496   4.4444444444444444E-003
        1497   1.4999999999999999E-002
        1498   5.2222222222222225E-002
        1499   1.3888888888888888E-002
        1500   3.2222222222222222E-002
        1501   2.7222222222222221E-002
        1502   4.5555555555555557E-002
        1503   1.4444444444444444E-002
        1504   3.2777777777777781E-002
        1505   4.8333333333333332E-002
        1506   7.6666666666666661E-002
        1507   3.1666666666666669E-002
        1508   3.6111111111111108E-002
        1509   2.8888888888888888E-002
        1510   6.6111111111111107E-002
        1511   5.2777777777777778E-002
        1512   6.6666666666666671E-003
        1513   1.3888888888888888E-002
        1514   3.5000000000000003E-002
        1515   4.7777777777777780E-002
        1516   4.3888888888888887E-002
        1517   7.3888888888888893E-002
        1518   9.0555555555555556E-002
        1519   6.8333333333333329E-002
        1520   5.9999999999999998E-002
        1521   2.7777777777777779E-003
        1522   3.2777777777777781E-002
        1523   1.1111111111111111E-003
        1524   2.8333333333333332E-002
        1525   2.5555555555555557E-002
        1526   4.2777777777777776E-002
        1527   1.7777777777777778E-002
        1528   4.0555555555555553E-002
        1529   1.6111111111111111E-002
        1530   2.3888888888888890E-002
        1531   1.7222222222222222E-002
        1532   5.4444444444444441E-002
        1533   3.8333333333333330E-002
        1534   2.1111111111111112E-002
        1535   4.3888888888888887E-002
        1536   5.1111111111111114E-002
        1537   5.5555555555555552E-002
        1538   4.7777777777777780E-002
        1539   6.3888888888888884E-002
        1540   2.0000000000000000E-002
        1541   6.1111111111111114E-003
        1542   3.9444444444444442E-002
        1543   2.2222222222222223E-002
        1544   4.0000000000000001E-002
        1545   3.7222222222222219E-002
        1546   3.3333333333333335E-003
        1547   3.5000000000000003E-002
        1548   1.4999999999999999E-002
        1549   4.7777777777777780E-002
        1550   1.4999999999999999E-002
        1551   1.7222222222222222E-002
        1552   1.6666666666666666E-002
        1553   1.4444444444444444E-002
        1554   1.8333333333333333E-002
        1555   3.6111111111111108E-002
        1556   1.0555555555555556E-002
        1557   2.1666666666666667E-002
        1558   3.5555555555555556E-002
        1559   1.7222222222222222E-002
        1560   1.6666666666666666E-002
        1561   5.3333333333333337E-002
        1562   3.0555555555555555E-002
        1563   5.4444444444444441E-002
        1564   2.2222222222222223E-002
        1565   8.3333333333333332E-003
        1566   4.4444444444444444E-003
        1567   1.4999999999999999E-002
        1568   7.7777777777777776E-003
        1569   1.4444444444444444E-002
        1570   5.0000000000000001E-003
        1571   4.6111111111111110E-002
        1572   1.0000000000000000E-002
        1573   7.7777777777777776E-003
        1574   1.8888888888888889E-002
        1575   2.7222222222222221E-002
        1576   3.3888888888888892E-002
        1577   2.9444444444444443E-002
        1578   2.2222222222222223E-002
        1579   3.6111111111111108E-002
        1580   2.9444444444444443E-002
        1581   4.0555555555555553E-002
        1582   5.8333333333333334E-002
        1583   7.3888888888888893E-002
        1584   6.5555555555555561E-002
        1585   3.9444444444444442E-002
        1586   2.3888888888888890E-002
        1587   2.0555555555555556E-002
        1588   3.2777777777777781E-002
        1589   3.3888888888888892E-002
        1590   3.2222222222222222E-002
        1591   3.2222222222222222E-002
        1592   4.4444444444444444E-003
        1593   7.2222222222222219E-003
        1594   3.2222222222222222E-002
        1595   4.6111111111111110E-002
        1596   3.2777777777777781E-002
        1597   1.1666666666666667E-002
        1598   1.0000000000000000E-002
        1599   2.8333333333333332E-002
        1600   6.1111111111111114E-003
        1601   3.2222222222222222E-002
        1602   1.0000000000000000E-002
        1603   2.0000000000000000E-002
        1604   3.3333333333333335E-003
        1605   2.0555555555555556E-002
        1606   5.9444444444444446E-002
        1607   4.2777777777777776E-002
        1608   8.3333333333333332E-003
        1609   8.3333333333333332E-003
        1610   3.5000000000000003E-002
        1611   5.6111111111111112E-002
        1612   3.3333333333333333E-002
        1613   8.8888888888888889E-003
        1614   1.1666666666666667E-002
        1615   2.2222222222222222E-003
        1616   1.6666666666666668E-003
        1617   3.3333333333333335E-003
        1618   9.4444444444444445E-003
        1619   2.1111111111111112E-002
        1620   5.6666666666666664E-002
        1621   4.0000000000000001E-002
        1622   2.4444444444444446E-002
        1623   1.2222222222222223E-002
        1624   4.1666666666666664E-002
        1625   4.1111111111111112E-002
        1626   8.8888888888888889E-003
        1627   2.0555555555555556E-002
        1628   3.8888888888888888E-003
        1629   4.1666666666666664E-002
        1630   5.5555555555555556E-004
        1631   2.1666666666666667E-002
        1632   3.0555555555555555E-002
        1633   6.2777777777777780E-002
        1634   6.2222222222222220E-002
        1635   8.9444444444444438E-002
        1636   7.2777777777777775E-002
        1637   1.6666666666666666E-002
        1638   3.3888888888888892E-002
        1639   3.6666666666666667E-002
        1640   1.3888888888888888E-002
        1641   4.5555555555555557E-002
        1642   2.8888888888888888E-002
        1643   5.0000000000000001E-003
        1644   7.2222222222222219E-003
        1645   0.0000000000000000     
        1646   2.2222222222222222E-003
        1647   2.6666666666666668E-002
        1648   9.4444444444444445E-003
        1649   1.4999999999999999E-002
        1650   1.6666666666666666E-002
        1651   1.0000000000000000E-002
        1652   7.7777777777777776E-003
        1653   6.1111111111111114E-003
        1654   5.5555555555555558E-003
        1655   4.6111111111111110E-002
        1656   3.4444444444444444E-002
        1657   7.7777777777777776E-003
        1658   2.3888888888888890E-002
        1659   1.6111111111111111E-002
        1660   3.1666666666666669E-002
        1661   9.4444444444444445E-003
        1662   2.6666666666666668E-002
        1663   4.4444444444444446E-002
        1664   2.7777777777777776E-002
        1665   5.1666666666666666E-002
        1666   4.4444444444444444E-003
        1667   3.8333333333333330E-002
        1668   2.2222222222222223E-002
        1669   5.6111111111111112E-002
        1670   6.4444444444444443E-002
        1671   5.6666666666666664E-002
        1672   6.8333333333333329E-002
        1673   2.1111111111111112E-002
        1674   6.1111111111111114E-003
        1675   1.5555555555555555E-002
        1676   1.2222222222222223E-002
        1677   4.4444444444444444E-003
        1678   2.8333333333333332E-002
        1679   7.7777777777777776E-003
        1680   1.1111111111111111E-003
        1681   4.3333333333333335E-002
        1682   9.4444444444444445E-003
        1683   3.5000000000000003E-002
        1684   8.3333333333333332E-003
        1685   2.4444444444444446E-002
        1686   1.9444444444444445E-002
        1687   3.0555555555555555E-002
        1688   1.6666666666666666E-002
        1689   1.3888888888888888E-002
        1690   1.4999999999999999E-002
        1691   2.9444444444444443E-002
        1692   2.7777777777777776E-002
        1693   7.7777777777777776E-003
        1694   3.8888888888888888E-003
        1695   7.7777777777777776E-003
        1696   1.2222222222222223E-002
        1697   1.3333333333333334E-002
        1698   2.3333333333333334E-002
        1699   2.9444444444444443E-002
        1700   1.0555555555555556E-002
        1701   1.6111111111111111E-002
        1702   3.6666666666666667E-002
        1703   7.7777777777777776E-003
        1704   4.4444444444444444E-003
        1705   6.3333333333333339E-002
        1706   2.9999999999999999E-002
        1707   2.8888888888888888E-002
        1708   4.6111111111111110E-002
        1709   3.1666666666666669E-002
        1710   2.7222222222222221E-002
        1711   1.4999999999999999E-002
        1712   2.2222222222222222E-003
        1713   2.7777777777777779E-003
        1714   5.2777777777777778E-002
        1715   1.4999999999999999E-002
        1716   6.6666666666666671E-003
        1717   3.0555555555555555E-002
        1718   3.3333333333333335E-003
        1719   4.5555555555555557E-002
        1720   2.6111111111111113E-002
        1721   1.8333333333333333E-002
        1722   3.3333333333333333E-002
        1723   6.1111111111111114E-003
        1724   2.7777777777777779E-003
        1725   2.6666666666666668E-002
        1726   5.8333333333333334E-002
        1727   9.3333333333333338E-002
        1728   8.3333333333333329E-002
        1729   2.2222222222222222E-003
        1730   3.0555555555555555E-002
        1731   3.3333333333333335E-003
        1732   2.5000000000000001E-002
        1733   2.4444444444444446E-002
        1734   2.6666666666666668E-002
        1735   5.3888888888888889E-002
        1736   3.6111111111111108E-002
        1737   2.2777777777777779E-002
        1738   6.5555555555555561E-002
        1739   3.4444444444444444E-002
        1740   2.6666666666666668E-002
        1741   5.5555555555555552E-002
        1742   1.1111111111111111E-003
        1743   2.9999999999999999E-002
        1744   3.2777777777777781E-002
        1745   4.7222222222222221E-002
        1746   8.3333333333333332E-003
        1747   1.3333333333333334E-002
        1748   4.4999999999999998E-002
        1749   8.8888888888888889E-003
        1750   1.1111111111111111E-003
        1751   7.2222222222222219E-003
        1752   2.0555555555555556E-002
        1753   7.2222222222222219E-003
        1754   1.5555555555555555E-002
        1755   3.8333333333333330E-002
        1756   2.4444444444444446E-002
        1757   6.1111111111111114E-003
        1758   4.7222222222222221E-002
        1759   3.7777777777777778E-002
        1760   3.1666666666666669E-002
        1761   2.3333333333333334E-002
        1762   5.5555555555555558E-003
        1763   3.8888888888888888E-003
        1764   3.5000000000000003E-002
        1765   1.3888888888888888E-002
        1766   4.5555555555555557E-002
        1767   3.3888888888888892E-002
        1768   2.2222222222222223E-002
        1769   1.2222222222222223E-002
        1770   1.1111111111111112E-002
        1771   8.3333333333333332E-003
        1772   5.4444444444444441E-002
        1773   3.6666666666666667E-002
        1774   2.8333333333333332E-002
        1775   2.7777777777777776E-002
        1776   1.1111111111111112E-002
        1777   5.1111111111111114E-002
        1778   3.5555555555555556E-002
        1779   8.1111111111111106E-002
        1780   3.6666666666666667E-002
        1781   1.5555555555555555E-002
        1782   7.7777777777777776E-003
        1783   4.8333333333333332E-002
        1784   3.8888888888888888E-003
        1785   1.0000000000000000E-002
        1786   3.2222222222222222E-002
        1787   1.3888888888888888E-002
        1788   3.4444444444444444E-002
        1789   6.3333333333333339E-002
        1790   7.3333333333333334E-002
        1791   6.7777777777777784E-002
        1792   6.6111111111111107E-002
        1793   1.2777777777777779E-002
        1794   1.6666666666666668E-003
        1795   1.7777777777777778E-002
        1796   4.1666666666666664E-002
        1797   0.0000000000000000     
        1798   1.9444444444444445E-002
        1799   5.7777777777777775E-002
        1800   2.4444444444444446E-002
        1801   7.6666666666666661E-002
        1802   4.4444444444444444E-003
        1803   3.4444444444444444E-002
        1804   2.9999999999999999E-002
        1805   2.2222222222222223E-002
        1806   1.7222222222222222E-002
        1807   6.6666666666666671E-003
        1808   1.4999999999999999E-002
        1809   4.3333333333333335E-002
        1810   4.0555555555555553E-002
        1811   3.4444444444444444E-002
        1812   4.8333333333333332E-002
        1813   1.1666666666666667E-002
        1814   1.1111111111111111E-003
        1815   1.2222222222222223E-002
        1816   3.2222222222222222E-002
        1817   1.8333333333333333E-002
        1818   2.7222222222222221E-002
        1819   4.4444444444444444E-003
        1820   2.9999999999999999E-002
        1821   1.6111111111111111E-002
        1822   1.5555555555555555E-002
        1823   5.1666666666666666E-002
        1824   5.1666666666666666E-002
        1825   9.5555555555555560E-002
        1826   6.9444444444444448E-002
        1827  0.10388888888888889     
        1828   9.5000000000000001E-002
        1829   5.0555555555555555E-002
        1830   3.5000000000000003E-002
        1831   5.6666666666666664E-002
        1832   7.4444444444444438E-002
        1833   3.3333333333333333E-002
        1834   3.2777777777777781E-002
        1835   3.6111111111111108E-002
        1836   8.8888888888888889E-003
        1837   6.9444444444444448E-002
        1838   8.1111111111111106E-002
        1839   8.8333333333333333E-002
        1840   7.1666666666666670E-002
        1841   6.2777777777777780E-002
        1842   5.5000000000000000E-002
        1843   7.0000000000000007E-002
        1844   4.8333333333333332E-002
        1845   2.2222222222222223E-002
        1846   3.6111111111111108E-002
        1847   1.2222222222222223E-002
        1848   1.1666666666666667E-002
        1849   2.9999999999999999E-002
        1850   1.3888888888888888E-002
        1851   8.3333333333333332E-003
        1852   2.3888888888888890E-002
        1853   6.1111111111111114E-003
        1854   6.1111111111111114E-003
        1855   8.3333333333333332E-003
        1856   1.1666666666666667E-002
        1857   2.7777777777777779E-003
        1858   3.0555555555555555E-002
        1859   1.1111111111111111E-003
        1860   1.1111111111111111E-003
        1861   5.7222222222222223E-002
        1862   6.6111111111111107E-002
        1863   2.2777777777777779E-002
        1864   5.0000000000000001E-003
        1865   1.4999999999999999E-002
        1866   4.4444444444444444E-003
        1867   8.8888888888888889E-003
        1868   4.6666666666666669E-002
        1869   3.3333333333333335E-003
        1870   1.0000000000000000E-002
        1871   4.3888888888888887E-002
        1872   3.7777777777777778E-002
        1873   1.8333333333333333E-002
        1874   2.8888888888888888E-002
        1875   5.1111111111111114E-002
        1876   9.4444444444444442E-002
        1877   6.2222222222222220E-002
        1878   6.3888888888888884E-002
        1879   3.3333333333333333E-002
        1880   1.6666666666666668E-003
        1881   1.2222222222222223E-002
        1882   5.1111111111111114E-002
        1883   2.7777777777777779E-003
        1884   1.0000000000000000E-002
        1885   2.4444444444444446E-002
        1886   2.9999999999999999E-002
        1887   4.4444444444444444E-003
        1888   3.8888888888888890E-002
        1889   5.5555555555555556E-004
        1890   2.4444444444444446E-002
        1891   4.1111111111111112E-002
        1892   2.9444444444444443E-002
        1893   6.7777777777777784E-002
        1894   1.6666666666666666E-002
        1895   6.2777777777777780E-002
        1896   6.1666666666666668E-002
        1897   3.2777777777777781E-002
        1898   1.5555555555555555E-002
        1899   5.0000000000000001E-003
        1900   1.0555555555555556E-002
        1901   9.4444444444444445E-003
        1902   2.9999999999999999E-002
        1903   5.1111111111111114E-002
        1904   6.7777777777777784E-002
        1905   6.0555555555555557E-002
        1906   3.9444444444444442E-002
        1907   6.1111111111111114E-003
        1908   9.4444444444444445E-003
        1909   3.7222222222222219E-002
        1910   2.3333333333333334E-002
        1911   3.4444444444444444E-002
        1912   2.3888888888888890E-002
        1913   8.8888888888888889E-003
        1914   5.5555555555555552E-002
        1915   3.8888888888888888E-003
        1916   3.3888888888888892E-002
        1917   6.6666666666666671E-003
        1918   1.8333333333333333E-002
        1919   4.3333333333333335E-002
        1920   8.7222222222222229E-002
        1921   6.8888888888888888E-002
        1922   2.0555555555555556E-002
        1923   2.8888888888888888E-002
        1924   2.9444444444444443E-002
        1925   2.9999999999999999E-002
        1926   4.0000000000000001E-002
        1927   2.9444444444444443E-002
        1928   1.2777777777777779E-002
        1929   3.8888888888888890E-002
        1930   5.5000000000000000E-002
        1931   1.2777777777777779E-002
        1932   5.2777777777777778E-002
        1933   1.3333333333333334E-002
        1934   1.8333333333333333E-002
        1935   4.1666666666666664E-002
        1936   4.1666666666666664E-002
        1937   3.0555555555555555E-002
        1938   2.8333333333333332E-002
        1939   8.8888888888888889E-003
        1940   6.2222222222222220E-002
        1941   5.1111111111111114E-002
        1942   2.1111111111111112E-002
        1943   1.0000000000000000E-002
        1944   7.4444444444444438E-002
        1945   4.3888888888888887E-002
        1946   6.7222222222222225E-002
        1947   3.8333333333333330E-002
        1948   4.7777777777777780E-002
        1949   4.4444444444444444E-003
        1950   0.0000000000000000     
        1951   9.4444444444444445E-003
        1952   8.8888888888888889E-003
        1953   1.3333333333333334E-002
        1954   1.6666666666666668E-003
        1955   1.2222222222222223E-002
        1956   8.3333333333333332E-003
        1957   1.8333333333333333E-002
        1958   2.9999999999999999E-002
        1959   4.1111111111111112E-002
        1960   3.8888888888888888E-003
        1961   2.6111111111111113E-002
        1962   5.3333333333333337E-002
        1963   4.8333333333333332E-002
        1964   5.2222222222222225E-002
        1965   3.3888888888888892E-002
        1966   2.2222222222222222E-003
        1967   2.7222222222222221E-002
        1968   3.8333333333333330E-002
        1969   2.2222222222222223E-002
        1970   3.3333333333333335E-003
        1971   3.3333333333333335E-003
        1972   5.1111111111111114E-002
        1973   6.7777777777777784E-002
        1974   3.7222222222222219E-002
        1975   2.2222222222222222E-003
        1976   1.0000000000000000E-002
        1977   1.1666666666666667E-002
        1978   1.3333333333333334E-002
        1979   6.1111111111111114E-003
        1980   4.3333333333333335E-002
        1981   3.3333333333333333E-002
        1982   4.8888888888888891E-002
        1983   4.6111111111111110E-002
        1984   5.5555555555555558E-003
        1985   1.4444444444444444E-002
        1986   2.3888888888888890E-002
        1987   2.1111111111111112E-002
        1988   1.6111111111111111E-002
        1989   4.4444444444444444E-003
        1990   2.0000000000000000E-002
        1991   1.9444444444444445E-002
        1992   3.3888888888888892E-002
        1993   3.8888888888888888E-003
        1994   2.5000000000000001E-002
        1995   4.6666666666666669E-002
        1996   1.7222222222222222E-002
        1997   5.0000000000000003E-002
        1998   2.6111111111111113E-002
        1999   7.2222222222222219E-003
        2000   1.1666666666666667E-002
