           1   2.0555555555555556E-002
           2   2.6666666666666668E-002
           3   1.8888888888888889E-002
           4   5.5555555555555558E-003
           5   1.1666666666666667E-002
           6   4.1111111111111112E-002
           7   2.2777777777777779E-002
           8   2.5000000000000001E-002
           9   3.3333333333333333E-002
          10   3.1666666666666669E-002
          11   1.2777777777777779E-002
          12   1.0555555555555556E-002
          13   6.1111111111111114E-003
          14   1.1666666666666667E-002
          15   1.6111111111111111E-002
          16   2.9444444444444443E-002
          17   3.1111111111111110E-002
          18   2.1111111111111112E-002
          19   8.8888888888888889E-003
          20   2.1111111111111112E-002
          21   1.7777777777777778E-002
          22   5.5555555555555558E-003
          23   5.5555555555555558E-003
          24   6.6666666666666671E-003
          25   8.8888888888888889E-003
          26   1.5555555555555555E-002
          27   1.6666666666666666E-002
          28   8.8888888888888889E-003
          29   7.7777777777777776E-003
          30   9.4444444444444445E-003
          31   2.7777777777777776E-002
          32   4.0555555555555553E-002
          33   3.4444444444444444E-002
          34   2.5555555555555557E-002
          35   8.8888888888888889E-003
          36   1.0000000000000000E-002
          37   2.2222222222222222E-003
          38   3.9444444444444442E-002
          39   1.2222222222222223E-002
          40   8.8888888888888889E-003
          41   2.1111111111111112E-002
          42   1.7777777777777778E-002
          43   8.8888888888888889E-003
          44   1.6666666666666668E-003
          45   5.0000000000000001E-003
          46   2.6111111111111113E-002
          47   2.2222222222222222E-003
          48   5.5555555555555558E-003
          49   1.8888888888888889E-002
          50   3.2777777777777781E-002
          51   3.3333333333333335E-003
          52   2.1666666666666667E-002
          53   1.9444444444444445E-002
          54   1.0000000000000000E-002
          55   3.3888888888888892E-002
          56   2.7777777777777776E-002
          57   1.1111111111111112E-002
          58   2.2222222222222222E-003
          59   2.9444444444444443E-002
          60   1.7777777777777778E-002
          61   5.0000000000000003E-002
          62   2.7222222222222221E-002
          63   2.7777777777777779E-003
          64   1.2777777777777779E-002
          65   1.0000000000000000E-002
          66   2.5000000000000001E-002
          67   1.4444444444444444E-002
          68   8.8888888888888889E-003
          69   6.6666666666666671E-003
          70   8.3333333333333332E-003
          71   1.3333333333333334E-002
          72   5.0000000000000001E-003
          73   2.2222222222222223E-002
          74   2.6666666666666668E-002
          75   2.2222222222222222E-003
          76   5.5555555555555558E-003
          77   2.2777777777777779E-002
          78   5.5555555555555556E-004
          79   1.5555555555555555E-002
          80   4.4444444444444444E-003
          81   2.4444444444444446E-002
          82   7.7777777777777776E-003
          83   1.5555555555555555E-002
          84   1.6666666666666668E-003
          85   1.9444444444444445E-002
          86   1.6666666666666666E-002
          87   1.9444444444444445E-002
          88   5.0000000000000001E-003
          89   1.1666666666666667E-002
          90   1.1111111111111112E-002
          91   1.8333333333333333E-002
          92   2.1666666666666667E-002
          93   4.6111111111111110E-002
          94   4.6666666666666669E-002
          95   2.2777777777777779E-002
          96   1.1111111111111112E-002
          97   2.2777777777777779E-002
          98   6.1111111111111114E-003
          99   1.0000000000000000E-002
         100   7.2222222222222219E-003
         101   1.5555555555555555E-002
         102   5.0000000000000001E-003
         103   1.3333333333333334E-002
         104   1.4444444444444444E-002
         105   2.5555555555555557E-002
         106   3.5000000000000003E-002
         107   5.5555555555555556E-004
         108   8.8888888888888889E-003
         109   3.8888888888888890E-002
         110   2.9444444444444443E-002
         111   3.0555555555555555E-002
         112   2.6666666666666668E-002
         113   9.4444444444444445E-003
         114   1.1666666666666667E-002
         115   3.0555555555555555E-002
         116   5.0000000000000001E-003
         117   8.3333333333333332E-003
         118   4.4444444444444444E-003
         119   1.1111111111111112E-002
         120   5.5555555555555556E-004
         121   1.2777777777777779E-002
         122   6.6666666666666671E-003
         123   6.1111111111111114E-003
         124   5.0000000000000001E-003
         125   3.5555555555555556E-002
         126   2.7222222222222221E-002
         127   1.6111111111111111E-002
         128   1.4999999999999999E-002
         129   2.2222222222222223E-002
         130   3.2222222222222222E-002
         131   1.6666666666666666E-002
         132   2.2222222222222222E-003
         133   7.7777777777777776E-003
         134   5.5555555555555556E-004
         135   6.1111111111111114E-003
         136   2.7222222222222221E-002
         137   1.6666666666666666E-002
         138   7.7777777777777776E-003
         139   5.0000000000000001E-003
         140   1.9444444444444445E-002
         141   1.2222222222222223E-002
         142   3.3333333333333335E-003
         143   2.1111111111111112E-002
         144   1.4999999999999999E-002
         145   1.2777777777777779E-002
         146   2.2222222222222222E-003
         147   2.8888888888888888E-002
         148   1.8333333333333333E-002
         149   1.9444444444444445E-002
         150   1.1666666666666667E-002
         151   1.4999999999999999E-002
         152   3.8888888888888888E-003
         153   1.6111111111111111E-002
         154   1.7777777777777778E-002
         155   1.2222222222222223E-002
         156   3.3333333333333333E-002
         157   2.7222222222222221E-002
         158   2.1666666666666667E-002
         159   1.1111111111111112E-002
         160   8.3333333333333332E-003
         161   3.3333333333333333E-002
         162   3.8888888888888890E-002
         163   2.7222222222222221E-002
         164   4.2777777777777776E-002
         165   4.0555555555555553E-002
         166   1.1111111111111112E-002
         167   1.1111111111111112E-002
         168   2.8333333333333332E-002
         169   5.5555555555555558E-003
         170   2.2222222222222222E-003
         171   1.0555555555555556E-002
         172   2.7777777777777779E-003
         173   1.7222222222222222E-002
         174   4.3888888888888887E-002
         175   4.1111111111111112E-002
         176   3.2777777777777781E-002
         177   4.8333333333333332E-002
         178   6.0555555555555557E-002
         179   4.6111111111111110E-002
         180   4.6666666666666669E-002
         181   1.7777777777777778E-002
         182   4.1666666666666664E-002
         183   3.5000000000000003E-002
         184   6.4444444444444443E-002
         185   4.4999999999999998E-002
         186   6.1111111111111109E-002
         187   5.1666666666666666E-002
         188   5.0555555555555555E-002
         189   6.0555555555555557E-002
         190   5.6666666666666664E-002
         191   7.0555555555555552E-002
         192   3.9444444444444442E-002
         193   2.3333333333333334E-002
         194   3.6111111111111108E-002
         195   5.9999999999999998E-002
         196   7.6666666666666661E-002
         197   8.1111111111111106E-002
         198   7.2222222222222215E-002
         199   5.1666666666666666E-002
         200   2.0000000000000000E-002
         201   8.3333333333333332E-003
         202   5.0000000000000001E-003
         203   1.3333333333333334E-002
         204   1.4999999999999999E-002
         205   6.1111111111111114E-003
         206   2.1666666666666667E-002
         207   1.0000000000000000E-002
         208   8.8888888888888889E-003
         209   7.2222222222222219E-003
         210   1.1666666666666667E-002
         211   1.2222222222222223E-002
         212   2.5555555555555557E-002
         213   2.7777777777777779E-003
         214   1.8333333333333333E-002
         215   2.4444444444444446E-002
         216   1.6666666666666668E-003
         217   4.4444444444444444E-003
         218   3.3333333333333335E-003
         219   1.1111111111111111E-003
         220   2.7777777777777776E-002
         221   5.5555555555555558E-003
         222   3.6666666666666667E-002
         223   3.0555555555555555E-002
         224   6.1111111111111114E-003
         225   7.7777777777777776E-003
         226   1.0000000000000000E-002
         227   6.1111111111111114E-003
         228   3.3333333333333333E-002
         229   4.4444444444444446E-002
         230   4.3333333333333335E-002
         231   3.7222222222222219E-002
         232   4.5555555555555557E-002
         233   3.6666666666666667E-002
         234   3.1111111111111110E-002
         235   4.2222222222222223E-002
         236   1.0000000000000000E-002
         237   2.7222222222222221E-002
         238   3.5555555555555556E-002
         239   7.6666666666666661E-002
         240   6.8333333333333329E-002
         241   3.8888888888888890E-002
         242   2.9999999999999999E-002
         243   4.6111111111111110E-002
         244   5.0555555555555555E-002
         245   5.1111111111111114E-002
         246   2.3888888888888890E-002
         247   2.8333333333333332E-002
         248   2.1666666666666667E-002
         249   3.4444444444444444E-002
         250   2.6666666666666668E-002
         251   5.3333333333333337E-002
         252   1.8888888888888889E-002
         253   6.1111111111111114E-003
         254   1.2222222222222223E-002
         255   8.8888888888888889E-003
         256   1.0000000000000000E-002
         257   6.6666666666666671E-003
         258   2.2222222222222222E-003
         259   7.2222222222222219E-003
         260   2.3888888888888890E-002
         261   2.3333333333333334E-002
         262   1.8888888888888889E-002
         263   2.1111111111111112E-002
         264   2.7222222222222221E-002
         265   2.6111111111111113E-002
         266   1.7777777777777778E-002
         267   5.0000000000000001E-003
         268   1.1111111111111112E-002
         269   2.8888888888888888E-002
         270   1.2222222222222223E-002
         271   1.6666666666666666E-002
         272   2.7777777777777776E-002
         273   6.6666666666666671E-003
         274   1.7222222222222222E-002
         275   1.6666666666666668E-003
         276   1.2222222222222223E-002
         277   3.3333333333333335E-003
         278   6.1111111111111114E-003
         279   7.7777777777777776E-003
         280   1.6666666666666666E-002
         281   2.3888888888888890E-002
         282   1.6666666666666666E-002
         283   3.3333333333333333E-002
         284   5.6666666666666664E-002
         285   2.5000000000000001E-002
         286   9.4444444444444445E-003
         287   2.0555555555555556E-002
         288   3.4444444444444444E-002
         289   8.3333333333333332E-003
         290   1.1111111111111111E-003
         291   2.2222222222222223E-002
         292   1.7222222222222222E-002
         293   2.7777777777777776E-002
         294   2.0000000000000000E-002
         295   2.9444444444444443E-002
         296   1.9444444444444445E-002
         297   2.6666666666666668E-002
         298   2.6666666666666668E-002
         299   3.6111111111111108E-002
         300   3.8333333333333330E-002
         301   4.1111111111111112E-002
         302   4.9444444444444444E-002
         303   4.2777777777777776E-002
         304   2.7777777777777776E-002
         305   1.7222222222222222E-002
         306   1.5555555555555555E-002
         307   2.5000000000000001E-002
         308   1.0000000000000000E-002
         309   3.3888888888888892E-002
         310   2.0000000000000000E-002
         311   3.2777777777777781E-002
         312   4.4444444444444444E-003
         313   5.0000000000000001E-003
         314   1.7222222222222222E-002
         315   2.1666666666666667E-002
         316   2.5000000000000001E-002
         317   3.4444444444444444E-002
         318   2.4444444444444446E-002
         319   9.4444444444444445E-003
         320   1.0555555555555556E-002
         321   1.6666666666666666E-002
         322   5.5555555555555556E-004
         323   2.4444444444444446E-002
         324   3.3333333333333333E-002
         325   1.0555555555555556E-002
         326   0.0000000000000000     
         327   1.3333333333333334E-002
         328   1.0555555555555556E-002
         329   2.8888888888888888E-002
         330   1.3333333333333334E-002
         331   6.6666666666666671E-003
         332   2.6111111111111113E-002
         333   2.0000000000000000E-002
         334   1.2777777777777779E-002
         335   2.7777777777777779E-003
         336   9.4444444444444445E-003
         337   2.7222222222222221E-002
         338   4.7777777777777780E-002
         339   2.7222222222222221E-002
         340   4.0555555555555553E-002
         341   5.5555555555555552E-002
         342   3.5555555555555556E-002
         343   3.4444444444444444E-002
         344   2.7222222222222221E-002
         345   2.2777777777777779E-002
         346   2.1111111111111112E-002
         347   1.7222222222222222E-002
         348   1.1666666666666667E-002
         349   5.0000000000000001E-003
         350   1.4999999999999999E-002
         351   4.6111111111111110E-002
         352   5.1666666666666666E-002
         353   5.9444444444444446E-002
         354   4.9444444444444444E-002
         355   3.7222222222222219E-002
         356   6.8333333333333329E-002
         357   4.8888888888888891E-002
         358   5.9444444444444446E-002
         359   2.8333333333333332E-002
         360   2.6666666666666668E-002
         361   1.0000000000000000E-002
         362   3.8888888888888888E-003
         363   3.8888888888888888E-003
         364   6.1111111111111114E-003
         365   1.0000000000000000E-002
         366   1.3888888888888888E-002
         367   1.1111111111111111E-003
         368   1.6666666666666668E-003
         369   2.6111111111111113E-002
         370   3.3333333333333333E-002
         371   3.2777777777777781E-002
         372   5.5555555555555552E-002
         373   3.7777777777777778E-002
         374   1.6666666666666666E-002
         375   1.7777777777777778E-002
         376   3.0555555555555555E-002
         377   2.5555555555555557E-002
         378   2.9999999999999999E-002
         379   1.9444444444444445E-002
         380   1.7222222222222222E-002
         381   2.8333333333333332E-002
         382   4.3888888888888887E-002
         383   4.8333333333333332E-002
         384   4.2777777777777776E-002
         385   3.8888888888888890E-002
         386   4.2222222222222223E-002
         387   4.6666666666666669E-002
         388   2.2777777777777779E-002
         389   4.0555555555555553E-002
         390   1.3333333333333334E-002
         391   3.6666666666666667E-002
         392   3.7222222222222219E-002
         393   2.1111111111111112E-002
         394   2.8333333333333332E-002
         395   3.6111111111111108E-002
         396   3.6111111111111108E-002
         397   3.6666666666666667E-002
         398   2.6666666666666668E-002
         399   3.5000000000000003E-002
         400   1.7777777777777778E-002
         401   7.2222222222222219E-003
         402   8.8888888888888889E-003
         403   3.3333333333333335E-003
         404   1.3888888888888888E-002
         405   1.3888888888888888E-002
         406   8.8888888888888889E-003
         407   1.2222222222222223E-002
         408   2.7777777777777779E-003
         409   2.2222222222222222E-003
         410   1.9444444444444445E-002
         411   5.5555555555555556E-004
         412   1.0555555555555556E-002
         413   3.3888888888888892E-002
         414   2.8333333333333332E-002
         415   3.6666666666666667E-002
         416   2.4444444444444446E-002
         417   3.8888888888888890E-002
         418   2.9999999999999999E-002
         419   1.6111111111111111E-002
         420   4.0555555555555553E-002
         421   2.0000000000000000E-002
         422   2.1666666666666667E-002
         423   2.7777777777777779E-003
         424   3.0555555555555555E-002
         425   4.1666666666666664E-002
         426   5.8333333333333334E-002
         427   2.5555555555555557E-002
         428   2.5000000000000001E-002
         429   7.7777777777777776E-003
         430   4.6111111111111110E-002
         431   2.5000000000000001E-002
         432   5.5555555555555558E-003
         433   5.0000000000000001E-003
         434   1.6666666666666668E-003
         435   1.2222222222222223E-002
         436   3.6666666666666667E-002
         437   4.8888888888888891E-002
         438   4.4444444444444446E-002
         439   2.9444444444444443E-002
         440   7.2222222222222219E-003
         441   1.0555555555555556E-002
         442   5.0000000000000001E-003
         443   2.7777777777777779E-003
         444   0.0000000000000000     
         445   3.3333333333333335E-003
         446   1.6666666666666668E-003
         447   1.5555555555555555E-002
         448   1.7222222222222222E-002
         449   1.6666666666666668E-003
         450   5.0000000000000001E-003
         451   2.8888888888888888E-002
         452   1.0555555555555556E-002
         453   2.9444444444444443E-002
         454   4.1666666666666664E-002
         455   7.4999999999999997E-002
         456   5.4444444444444441E-002
         457   5.8888888888888886E-002
         458   8.6111111111111110E-002
         459   7.2222222222222215E-002
         460   4.9444444444444444E-002
         461   6.2222222222222220E-002
         462   3.7777777777777778E-002
         463   1.6666666666666666E-002
         464   3.5555555555555556E-002
         465   3.0555555555555555E-002
         466   4.1666666666666664E-002
         467   5.4444444444444441E-002
         468   3.4444444444444444E-002
         469   1.7222222222222222E-002
         470   3.6666666666666667E-002
         471   4.2777777777777776E-002
         472   3.1666666666666669E-002
         473   2.2222222222222222E-003
         474   3.8888888888888888E-003
         475   6.6666666666666671E-003
         476   2.2222222222222223E-002
         477   1.1111111111111112E-002
         478   2.7777777777777779E-003
         479   3.2222222222222222E-002
         480   1.5555555555555555E-002
         481   4.4444444444444446E-002
         482   2.1111111111111112E-002
         483   1.4999999999999999E-002
         484   3.7222222222222219E-002
         485   3.1111111111111110E-002
         486   3.9444444444444442E-002
         487   4.1111111111111112E-002
         488   4.8333333333333332E-002
         489   3.2222222222222222E-002
         490   5.7222222222222223E-002
         491   4.3888888888888887E-002
         492   6.0555555555555557E-002
         493   6.1111111111111109E-002
         494   3.5555555555555556E-002
         495   3.1666666666666669E-002
         496   3.8333333333333330E-002
         497   5.8333333333333334E-002
         498   3.6666666666666667E-002
         499   4.6666666666666669E-002
         500   3.1111111111111110E-002
         501   2.3888888888888890E-002
         502   2.6111111111111113E-002
         503   2.9999999999999999E-002
         504   4.3333333333333335E-002
         505   4.0555555555555553E-002
         506   4.0000000000000001E-002
         507   5.9999999999999998E-002
         508   4.8333333333333332E-002
         509   5.1111111111111114E-002
         510   4.2222222222222223E-002
         511   2.9444444444444443E-002
         512   1.2222222222222223E-002
         513   3.1111111111111110E-002
         514   1.8333333333333333E-002
         515   7.7777777777777776E-003
         516   1.2222222222222223E-002
         517   8.3333333333333332E-003
         518   5.0000000000000001E-003
         519   1.6666666666666668E-003
         520   2.1111111111111112E-002
         521   4.3333333333333335E-002
         522   3.0555555555555555E-002
         523   1.8888888888888889E-002
         524   1.9444444444444445E-002
         525   2.7222222222222221E-002
         526   2.9444444444444443E-002
         527   1.4444444444444444E-002
         528   1.2222222222222223E-002
         529   6.1111111111111114E-003
         530   5.0555555555555555E-002
         531   2.5555555555555557E-002
         532   1.6111111111111111E-002
         533   1.4999999999999999E-002
         534   3.5555555555555556E-002
         535   5.5000000000000000E-002
         536   3.3333333333333333E-002
         537   2.9444444444444443E-002
         538   1.6666666666666666E-002
         539   2.7777777777777779E-003
         540   1.6111111111111111E-002
         541   2.5000000000000001E-002
         542   3.8333333333333330E-002
         543   2.0555555555555556E-002
         544   2.8888888888888888E-002
         545   2.6111111111111113E-002
         546   4.7777777777777780E-002
         547   3.5000000000000003E-002
         548   1.8333333333333333E-002
         549   2.7777777777777779E-003
         550   1.0000000000000000E-002
         551   2.5555555555555557E-002
         552   2.8888888888888888E-002
         553   2.0000000000000000E-002
         554   2.4444444444444446E-002
         555   2.9444444444444443E-002
         556   2.8888888888888888E-002
         557   5.5555555555555556E-004
         558   1.3333333333333334E-002
         559   2.0555555555555556E-002
         560   1.6111111111111111E-002
         561   4.2777777777777776E-002
         562   5.0000000000000003E-002
         563   7.2222222222222215E-002
         564   5.6111111111111112E-002
         565   6.3888888888888884E-002
         566   6.6111111111111107E-002
         567   4.3888888888888887E-002
         568   1.5555555555555555E-002
         569   8.3333333333333332E-003
         570   6.1111111111111114E-003
         571   1.1111111111111111E-003
         572   2.2222222222222222E-003
         573   3.8888888888888888E-003
         574   2.4444444444444446E-002
         575   1.4444444444444444E-002
         576   1.4444444444444444E-002
         577   5.0000000000000001E-003
         578   1.6666666666666668E-003
         579   8.8888888888888889E-003
         580   1.1111111111111112E-002
         581   3.2777777777777781E-002
         582   3.1111111111111110E-002
         583   8.3333333333333332E-003
         584   2.8888888888888888E-002
         585   3.4444444444444444E-002
         586   2.7777777777777779E-003
         587   1.6666666666666668E-003
         588   1.3333333333333334E-002
         589   2.0000000000000000E-002
         590   2.2777777777777779E-002
         591   5.5555555555555558E-003
         592   8.3333333333333332E-003
         593   9.4444444444444445E-003
         594   1.4999999999999999E-002
         595   1.3888888888888888E-002
         596   2.7222222222222221E-002
         597   2.6111111111111113E-002
         598   4.2222222222222223E-002
         599   4.4999999999999998E-002
         600   4.1111111111111112E-002
         601   1.7222222222222222E-002
         602   1.1666666666666667E-002
         603   2.2222222222222222E-003
         604   6.1111111111111114E-003
         605   2.7777777777777779E-003
         606   2.7222222222222221E-002
         607   3.5555555555555556E-002
         608   2.3888888888888890E-002
         609   1.3333333333333334E-002
         610   1.6666666666666668E-003
         611   9.4444444444444445E-003
         612   5.5555555555555558E-003
         613   4.0000000000000001E-002
         614   4.0000000000000001E-002
         615   3.3333333333333333E-002
         616   1.7222222222222222E-002
         617   5.5555555555555558E-003
         618   1.3888888888888888E-002
         619   5.5555555555555556E-004
         620   6.1111111111111114E-003
         621   1.0555555555555556E-002
         622   2.1111111111111112E-002
         623   1.5555555555555555E-002
         624   5.5555555555555556E-004
         625   1.7222222222222222E-002
         626   2.6111111111111113E-002
         627   2.2777777777777779E-002
         628   1.7222222222222222E-002
         629   1.9444444444444445E-002
         630   2.8333333333333332E-002
         631   4.6111111111111110E-002
         632   3.7777777777777778E-002
         633   1.0555555555555556E-002
         634   4.8333333333333332E-002
         635   2.9999999999999999E-002
         636   1.8888888888888889E-002
         637   7.2222222222222219E-003
         638   1.5555555555555555E-002
         639   1.6666666666666666E-002
         640   2.3333333333333334E-002
         641   2.1666666666666667E-002
         642   2.9999999999999999E-002
         643   1.6666666666666666E-002
         644   2.7777777777777776E-002
         645   3.2777777777777781E-002
         646   3.7777777777777778E-002
         647   2.7222222222222221E-002
         648   2.6666666666666668E-002
         649   4.0555555555555553E-002
         650   5.5000000000000000E-002
         651   7.4999999999999997E-002
         652   6.8333333333333329E-002
         653   8.7777777777777774E-002
         654   6.5000000000000002E-002
         655   3.2777777777777781E-002
         656   6.2222222222222220E-002
         657   3.5000000000000003E-002
         658   4.2222222222222223E-002
         659   4.5555555555555557E-002
         660   2.7777777777777776E-002
         661   2.3888888888888890E-002
         662   2.2222222222222223E-002
         663   4.4444444444444446E-002
         664   4.3333333333333335E-002
         665   5.5555555555555552E-002
         666   3.3333333333333333E-002
         667   4.4999999999999998E-002
         668   4.6666666666666669E-002
         669   3.7222222222222219E-002
         670   2.2222222222222223E-002
         671   2.3888888888888890E-002
         672   4.6111111111111110E-002
         673   2.7777777777777776E-002
         674   1.6666666666666668E-003
         675   3.5555555555555556E-002
         676   2.9444444444444443E-002
         677   8.8888888888888889E-003
         678   1.1666666666666667E-002
         679   1.3888888888888888E-002
         680   2.8333333333333332E-002
         681   4.3333333333333335E-002
         682   3.2222222222222222E-002
         683   2.4444444444444446E-002
         684   2.1666666666666667E-002
         685   2.2222222222222222E-003
         686   2.6111111111111113E-002
         687   4.0555555555555553E-002
         688   3.1111111111111110E-002
         689   6.3888888888888884E-002
         690   4.0555555555555553E-002
         691   2.8888888888888888E-002
         692   1.7222222222222222E-002
         693   8.3333333333333332E-003
         694   1.1666666666666667E-002
         695   7.7777777777777776E-003
         696   2.2777777777777779E-002
         697   2.7777777777777776E-002
         698   1.5555555555555555E-002
         699   1.9444444444444445E-002
         700   1.8888888888888889E-002
         701   5.5555555555555558E-003
         702   6.6666666666666671E-003
         703   2.7222222222222221E-002
         704   2.3333333333333334E-002
         705   4.0555555555555553E-002
         706   2.7777777777777776E-002
         707   1.3333333333333334E-002
         708   1.2222222222222223E-002
         709   2.4444444444444446E-002
         710   5.1666666666666666E-002
         711   5.3333333333333337E-002
         712   4.0000000000000001E-002
         713   2.3333333333333334E-002
         714   1.4999999999999999E-002
         715   1.1111111111111111E-003
         716   7.7777777777777776E-003
         717   2.7777777777777779E-003
         718   1.0000000000000000E-002
         719   9.4444444444444445E-003
         720   3.8888888888888888E-003
         721   7.7777777777777776E-003
         722   3.3333333333333333E-002
         723   2.6666666666666668E-002
         724   3.2222222222222222E-002
         725   3.7777777777777778E-002
         726   4.1111111111111112E-002
         727   4.0000000000000001E-002
         728   4.8888888888888891E-002
         729   1.2222222222222223E-002
         730   2.2222222222222222E-003
         731   5.5555555555555556E-004
         732   1.1111111111111112E-002
         733   3.1111111111111110E-002
         734   1.3333333333333334E-002
         735   4.4444444444444444E-003
         736   2.6666666666666668E-002
         737   1.0000000000000000E-002
         738   1.1666666666666667E-002
         739   2.8888888888888888E-002
         740   1.4444444444444444E-002
         741   2.2777777777777779E-002
         742   4.0000000000000001E-002
         743   5.0000000000000001E-003
         744   1.3333333333333334E-002
         745   1.8333333333333333E-002
         746   1.5555555555555555E-002
         747   4.4444444444444444E-003
         748   5.5555555555555556E-004
         749   5.0000000000000001E-003
         750   1.2222222222222223E-002
         751   3.3333333333333335E-003
         752   2.1111111111111112E-002
         753   4.4999999999999998E-002
         754   1.3888888888888888E-002
         755   8.3333333333333332E-003
         756   1.3333333333333334E-002
         757   9.4444444444444445E-003
         758   3.8333333333333330E-002
         759   2.5555555555555557E-002
         760   2.9999999999999999E-002
         761   2.3333333333333334E-002
         762   5.0000000000000001E-003
         763   1.3888888888888888E-002
         764   5.5555555555555556E-004
         765   3.8888888888888888E-003
         766   4.4444444444444444E-003
         767   1.5555555555555555E-002
         768   1.0000000000000000E-002
         769   1.4999999999999999E-002
         770   7.7777777777777776E-003
         771   6.6666666666666671E-003
         772   1.4444444444444444E-002
         773   1.0000000000000000E-002
         774   8.3333333333333332E-003
         775   0.0000000000000000     
         776   1.3888888888888888E-002
         777   8.3333333333333332E-003
         778   5.5555555555555558E-003
         779   2.2222222222222222E-003
         780   1.4444444444444444E-002
         781   1.9444444444444445E-002
         782   2.1666666666666667E-002
         783   2.8333333333333332E-002
         784   3.6666666666666667E-002
         785   6.4444444444444443E-002
         786   3.3888888888888892E-002
         787   3.8333333333333330E-002
         788   2.8888888888888888E-002
         789   6.1111111111111114E-003
         790   2.8888888888888888E-002
         791   1.6666666666666668E-003
         792   2.7777777777777779E-003
         793   2.2222222222222222E-003
         794   3.2222222222222222E-002
         795   3.8333333333333330E-002
         796   4.6666666666666669E-002
         797   5.5000000000000000E-002
         798   5.2777777777777778E-002
         799   4.7222222222222221E-002
         800   4.7777777777777780E-002
         801   4.5555555555555557E-002
         802   3.3333333333333333E-002
         803   3.6666666666666667E-002
         804   1.2777777777777779E-002
         805   1.1111111111111111E-003
         806   3.0555555555555555E-002
         807   1.4444444444444444E-002
         808   3.2777777777777781E-002
         809   4.8333333333333332E-002
         810   3.1111111111111110E-002
         811   2.8333333333333332E-002
         812   8.3333333333333332E-003
         813   7.2222222222222219E-003
         814   2.0000000000000000E-002
         815   6.2777777777777780E-002
         816   2.2777777777777779E-002
         817   2.2777777777777779E-002
         818   3.6666666666666667E-002
         819   2.6111111111111113E-002
         820   9.4444444444444445E-003
         821   2.1111111111111112E-002
         822   2.8888888888888888E-002
         823   3.1111111111111110E-002
         824   2.2222222222222222E-003
         825   1.1666666666666667E-002
         826   1.1111111111111111E-003
         827   6.1111111111111114E-003
         828   1.1666666666666667E-002
         829   2.0555555555555556E-002
         830   5.5555555555555556E-004
         831   1.2777777777777779E-002
         832   4.6111111111111110E-002
         833   2.4444444444444446E-002
         834   8.3333333333333332E-003
         835   1.6111111111111111E-002
         836   6.6666666666666671E-003
         837   8.3333333333333332E-003
         838   3.8888888888888888E-003
         839   5.0000000000000001E-003
         840   3.8888888888888888E-003
         841   1.3333333333333334E-002
         842   7.2222222222222219E-003
         843   7.2222222222222219E-003
         844   3.0555555555555555E-002
         845   8.3333333333333332E-003
         846   8.3333333333333332E-003
         847   1.6666666666666668E-003
         848   2.6111111111111113E-002
         849   4.7777777777777780E-002
         850   2.6666666666666668E-002
         851   4.7222222222222221E-002
         852   2.4444444444444446E-002
         853   1.8333333333333333E-002
         854   4.4999999999999998E-002
         855   3.3888888888888892E-002
         856   1.0000000000000000E-002
         857   1.1111111111111111E-003
         858   2.9444444444444443E-002
         859   3.6666666666666667E-002
         860   3.9444444444444442E-002
         861   0.0000000000000000     
         862   3.6666666666666667E-002
         863   1.5555555555555555E-002
         864   2.9999999999999999E-002
         865   3.9444444444444442E-002
         866   5.4444444444444441E-002
         867   3.8333333333333330E-002
         868   3.7777777777777778E-002
         869   3.2222222222222222E-002
         870   6.6666666666666671E-003
         871   1.7222222222222222E-002
         872   8.3333333333333332E-003
         873   2.0000000000000000E-002
         874   2.3888888888888890E-002
         875   2.3888888888888890E-002
         876   1.4444444444444444E-002
         877   2.2222222222222222E-003
         878   2.2222222222222222E-003
         879   7.7777777777777776E-003
         880   1.6666666666666666E-002
         881   1.9444444444444445E-002
         882   2.0555555555555556E-002
         883   3.3333333333333335E-003
         884   2.0555555555555556E-002
         885   1.2222222222222223E-002
         886   2.9999999999999999E-002
         887   3.5000000000000003E-002
         888   3.7222222222222219E-002
         889   2.4444444444444446E-002
         890   7.7777777777777776E-003
         891   6.6666666666666671E-003
         892   2.0555555555555556E-002
         893   7.2222222222222219E-003
         894   5.5555555555555556E-004
         895   1.6111111111111111E-002
         896   1.6111111111111111E-002
         897   1.1111111111111111E-003
         898   2.4444444444444446E-002
         899   2.1666666666666667E-002
         900   2.9999999999999999E-002
         901   5.5555555555555556E-004
         902   3.3333333333333333E-002
         903   4.2222222222222223E-002
         904   4.3333333333333335E-002
         905   4.4444444444444446E-002
         906   4.1111111111111112E-002
         907   1.3888888888888888E-002
         908   3.6666666666666667E-002
         909   4.3333333333333335E-002
         910   2.5555555555555557E-002
         911   1.8888888888888889E-002
         912   2.0000000000000000E-002
         913   1.1666666666666667E-002
         914   2.3333333333333334E-002
         915   3.3333333333333335E-003
         916   7.2222222222222219E-003
         917   2.9999999999999999E-002
         918   1.6666666666666668E-003
         919   1.1111111111111111E-003
         920   2.7777777777777776E-002
         921   2.5000000000000001E-002
         922   1.0000000000000000E-002
         923   5.0000000000000001E-003
         924   1.6111111111111111E-002
         925   2.5000000000000001E-002
         926   2.2222222222222223E-002
         927   3.5555555555555556E-002
         928   2.3333333333333334E-002
         929   3.3888888888888892E-002
         930   4.8333333333333332E-002
         931   1.0555555555555556E-002
         932   1.6666666666666666E-002
         933   6.6666666666666671E-003
         934   3.3333333333333335E-003
         935   5.5555555555555558E-003
         936   1.2222222222222223E-002
         937   1.4999999999999999E-002
         938   3.6111111111111108E-002
         939   2.5555555555555557E-002
         940   2.9999999999999999E-002
         941   2.8333333333333332E-002
         942   5.2777777777777778E-002
         943   7.3333333333333334E-002
         944   7.0555555555555552E-002
         945   3.6666666666666667E-002
         946   3.1666666666666669E-002
         947   2.6111111111111113E-002
         948   3.6666666666666667E-002
         949   3.1111111111111110E-002
         950   1.3888888888888888E-002
         951   1.2777777777777779E-002
         952   2.5555555555555557E-002
         953   1.0000000000000000E-002
         954   8.3333333333333332E-003
         955   1.2777777777777779E-002
         956   5.5555555555555558E-003
         957   2.2222222222222222E-003
         958   1.3888888888888888E-002
         959   1.3888888888888888E-002
         960   6.7222222222222225E-002
         961   6.2222222222222220E-002
         962   2.8333333333333332E-002
         963   1.7777777777777778E-002
         964   8.8888888888888889E-003
         965   3.6111111111111108E-002
         966   4.3333333333333335E-002
         967   5.7222222222222223E-002
         968   3.7222222222222219E-002
         969   5.5555555555555558E-003
         970   8.8888888888888889E-003
         971   5.5555555555555558E-003
         972   4.3888888888888887E-002
         973   3.6111111111111108E-002
         974   2.9444444444444443E-002
         975   1.3888888888888888E-002
         976   1.7222222222222222E-002
         977   4.7222222222222221E-002
         978   4.4999999999999998E-002
         979   3.9444444444444442E-002
         980   4.7222222222222221E-002
         981   2.1111111111111112E-002
         982   9.4444444444444445E-003
         983   3.9444444444444442E-002
         984   6.6666666666666671E-003
         985   1.2222222222222223E-002
         986   1.4444444444444444E-002
         987   3.3888888888888892E-002
         988   5.6111111111111112E-002
         989   4.7777777777777780E-002
         990   9.1666666666666660E-002
         991  0.10000000000000001     
         992   5.6111111111111112E-002
         993   1.6666666666666666E-002
         994   6.6666666666666671E-003
         995   7.7777777777777776E-003
         996   4.7222222222222221E-002
         997   2.8888888888888888E-002
         998   1.4444444444444444E-002
         999   4.2222222222222223E-002
        1000   5.7222222222222223E-002
        1001   7.2222222222222215E-002
        1002   8.2222222222222224E-002
        1003   5.7777777777777775E-002
        1004   5.6111111111111112E-002
        1005   5.4444444444444441E-002
        1006   7.9444444444444443E-002
        1007   6.6666666666666666E-002
        1008   6.0555555555555557E-002
        1009   3.2777777777777781E-002
        1010   2.0000000000000000E-002
        1011   7.2222222222222219E-003
        1012   9.4444444444444445E-003
        1013   1.2777777777777779E-002
        1014   4.4444444444444444E-003
        1015   1.1111111111111111E-003
        1016   2.2222222222222222E-003
        1017   5.5555555555555556E-004
        1018   6.1111111111111114E-003
        1019   1.7777777777777778E-002
        1020   3.8888888888888888E-003
        1021   7.7777777777777776E-003
        1022   5.5555555555555556E-004
        1023   2.9444444444444443E-002
        1024   2.0000000000000000E-002
        1025   2.7777777777777779E-003
        1026   5.5555555555555558E-003
        1027   4.4444444444444444E-003
        1028   1.6111111111111111E-002
        1029   8.3333333333333332E-003
        1030   2.0555555555555556E-002
        1031   2.0555555555555556E-002
        1032   2.8888888888888888E-002
        1033   2.0555555555555556E-002
        1034   3.7777777777777778E-002
        1035   3.0555555555555555E-002
        1036   3.0555555555555555E-002
        1037   1.6666666666666668E-003
        1038   1.7222222222222222E-002
        1039   2.3888888888888890E-002
        1040   2.9444444444444443E-002
        1041   3.7777777777777778E-002
        1042   4.2222222222222223E-002
        1043   2.3888888888888890E-002
        1044   2.8888888888888888E-002
        1045   1.6111111111111111E-002
        1046   1.4999999999999999E-002
        1047   1.0555555555555556E-002
        1048   1.1111111111111112E-002
        1049   3.8888888888888888E-003
        1050   2.2222222222222222E-003
        1051   2.7777777777777776E-002
        1052   2.6666666666666668E-002
        1053   7.2222222222222219E-003
        1054   1.1111111111111112E-002
        1055   1.4444444444444444E-002
        1056   3.5000000000000003E-002
        1057   4.3888888888888887E-002
        1058   5.2222222222222225E-002
        1059   4.7222222222222221E-002
        1060   2.0000000000000000E-002
        1061   3.1111111111111110E-002
        1062   7.2222222222222219E-003
        1063   8.3333333333333332E-003
        1064   1.0000000000000000E-002
        1065   2.3333333333333334E-002
        1066   2.3888888888888890E-002
        1067   7.0000000000000007E-002
        1068   6.9444444444444448E-002
        1069   4.7222222222222221E-002
        1070   3.7222222222222219E-002
        1071   2.6666666666666668E-002
        1072   3.3333333333333335E-003
        1073   2.3888888888888890E-002
        1074   1.3333333333333334E-002
        1075   1.1111111111111112E-002
        1076   5.0000000000000001E-003
        1077   1.1111111111111111E-003
        1078   1.0000000000000000E-002
        1079   1.3333333333333334E-002
        1080   2.7777777777777776E-002
        1081   2.6666666666666668E-002
        1082   1.3333333333333334E-002
        1083   1.9444444444444445E-002
        1084   1.4999999999999999E-002
        1085   1.6666666666666668E-003
        1086   2.7777777777777779E-003
        1087   1.2777777777777779E-002
        1088   2.1666666666666667E-002
        1089   5.0000000000000001E-003
        1090   1.2777777777777779E-002
        1091   1.8888888888888889E-002
        1092   5.5555555555555558E-003
        1093   9.4444444444444445E-003
        1094   1.0555555555555556E-002
        1095   2.7777777777777779E-003
        1096   8.3333333333333332E-003
        1097   1.6666666666666666E-002
        1098   1.0555555555555556E-002
        1099   1.0000000000000000E-002
        1100   2.1111111111111112E-002
        1101   3.3888888888888892E-002
        1102   5.4444444444444441E-002
        1103   5.5555555555555552E-002
        1104   6.8333333333333329E-002
        1105   2.4444444444444446E-002
        1106   7.2222222222222219E-003
        1107   7.2222222222222219E-003
        1108   2.9999999999999999E-002
        1109   2.5555555555555557E-002
        1110   4.6666666666666669E-002
        1111   4.7777777777777780E-002
        1112   1.3333333333333334E-002
        1113   2.3333333333333334E-002
        1114   1.8333333333333333E-002
        1115   1.3888888888888888E-002
        1116   2.3888888888888890E-002
        1117   4.4444444444444444E-003
        1118   1.3888888888888888E-002
        1119   1.9444444444444445E-002
        1120   3.8333333333333330E-002
        1121   2.4444444444444446E-002
        1122   3.1111111111111110E-002
        1123   1.5555555555555555E-002
        1124   1.6666666666666666E-002
        1125   2.7777777777777776E-002
        1126   3.8333333333333330E-002
        1127   4.1666666666666664E-002
        1128   5.2222222222222225E-002
        1129   5.2777777777777778E-002
        1130   4.2222222222222223E-002
        1131   3.0555555555555555E-002
        1132   3.0555555555555555E-002
        1133   2.2222222222222223E-002
        1134   2.6666666666666668E-002
        1135   3.1666666666666669E-002
        1136   1.3888888888888888E-002
        1137   1.1111111111111111E-003
        1138   1.4999999999999999E-002
        1139   1.1666666666666667E-002
        1140   4.4444444444444444E-003
        1141   1.4999999999999999E-002
        1142   1.0555555555555556E-002
        1143   5.5555555555555556E-004
        1144   2.0555555555555556E-002
        1145   1.6666666666666666E-002
        1146   1.2222222222222223E-002
        1147   1.1111111111111112E-002
        1148   2.8888888888888888E-002
        1149   5.8888888888888886E-002
        1150   3.5555555555555556E-002
        1151   3.1666666666666669E-002
        1152   3.5555555555555556E-002
        1153   3.1666666666666669E-002
        1154   2.6111111111111113E-002
        1155   4.1666666666666664E-002
        1156   3.8888888888888890E-002
        1157   3.3333333333333333E-002
        1158   2.3333333333333334E-002
        1159   3.5000000000000003E-002
        1160   1.8333333333333333E-002
        1161   3.3888888888888892E-002
        1162   3.5555555555555556E-002
        1163   4.3888888888888887E-002
        1164   7.0000000000000007E-002
        1165   7.7777777777777779E-002
        1166   7.5555555555555556E-002
        1167   7.5555555555555556E-002
        1168   4.3888888888888887E-002
        1169   3.1666666666666669E-002
        1170   2.4444444444444446E-002
        1171   2.5555555555555557E-002
        1172   1.6666666666666666E-002
        1173   2.1111111111111112E-002
        1174   5.5555555555555556E-004
        1175   2.5000000000000001E-002
        1176   5.1111111111111114E-002
        1177   2.2222222222222223E-002
        1178   1.4444444444444444E-002
        1179   2.6666666666666668E-002
        1180   1.1666666666666667E-002
        1181   1.3888888888888888E-002
        1182   1.7222222222222222E-002
        1183   7.7777777777777776E-003
        1184   7.2222222222222219E-003
        1185   8.8888888888888889E-003
        1186   6.6666666666666671E-003
        1187   1.6666666666666668E-003
        1188   3.8888888888888888E-003
        1189   7.2222222222222219E-003
        1190   2.5555555555555557E-002
        1191   5.0000000000000003E-002
        1192   4.4999999999999998E-002
        1193   4.2777777777777776E-002
        1194   4.0555555555555553E-002
        1195   6.7222222222222225E-002
        1196   6.6666666666666666E-002
        1197   1.8333333333333333E-002
        1198   1.0555555555555556E-002
        1199   5.0000000000000001E-003
        1200   1.1111111111111111E-003
        1201   5.0000000000000001E-003
        1202   4.2222222222222223E-002
        1203   2.5000000000000001E-002
        1204   3.8888888888888890E-002
        1205   2.3333333333333334E-002
        1206   5.0000000000000001E-003
        1207   2.7777777777777779E-003
        1208   1.7777777777777778E-002
        1209   3.3333333333333333E-002
        1210   2.9444444444444443E-002
        1211   4.3333333333333335E-002
        1212   3.7222222222222219E-002
        1213   3.7777777777777778E-002
        1214   1.9444444444444445E-002
        1215   1.6666666666666668E-003
        1216   8.3333333333333332E-003
        1217   7.2222222222222219E-003
        1218   5.5555555555555556E-004
        1219   2.1111111111111112E-002
        1220   1.7222222222222222E-002
        1221   1.7777777777777778E-002
        1222   1.1666666666666667E-002
        1223   1.7222222222222222E-002
        1224   3.6111111111111108E-002
        1225   5.3333333333333337E-002
        1226   8.0555555555555561E-002
        1227   6.5555555555555561E-002
        1228   1.1111111111111112E-002
        1229   2.4444444444444446E-002
        1230   3.3333333333333335E-003
        1231   1.6111111111111111E-002
        1232   2.6111111111111113E-002
        1233   3.0555555555555555E-002
        1234   4.7222222222222221E-002
        1235   1.8888888888888889E-002
        1236   9.4444444444444445E-003
        1237   1.1111111111111112E-002
        1238   2.6111111111111113E-002
        1239   1.7222222222222222E-002
        1240   5.8333333333333334E-002
        1241   2.9999999999999999E-002
        1242   2.1666666666666667E-002
        1243   3.8888888888888890E-002
        1244   4.3888888888888887E-002
        1245   1.8888888888888889E-002
        1246   6.6666666666666671E-003
        1247   5.5555555555555556E-004
        1248   5.9999999999999998E-002
        1249   4.3888888888888887E-002
        1250   4.4444444444444446E-002
        1251   4.2222222222222223E-002
        1252   5.2777777777777778E-002
        1253   7.1666666666666670E-002
        1254   2.8333333333333332E-002
        1255   2.7777777777777779E-003
        1256   3.8888888888888890E-002
        1257   1.4999999999999999E-002
        1258   5.5555555555555556E-004
        1259   2.3333333333333334E-002
        1260   1.7222222222222222E-002
        1261   5.0000000000000001E-003
        1262   3.3333333333333335E-003
        1263   5.0000000000000001E-003
        1264   4.4444444444444444E-003
        1265   4.4444444444444444E-003
        1266   5.0000000000000001E-003
        1267   2.2222222222222223E-002
        1268   9.4444444444444445E-003
        1269   1.1111111111111111E-003
        1270   2.2222222222222222E-003
        1271   5.5555555555555556E-004
        1272   1.2222222222222223E-002
        1273   1.4999999999999999E-002
        1274   1.3888888888888888E-002
        1275   2.8888888888888888E-002
        1276   9.4444444444444445E-003
        1277   1.8333333333333333E-002
        1278   4.2777777777777776E-002
        1279   6.8888888888888888E-002
        1280   8.9999999999999997E-002
        1281   6.7222222222222225E-002
        1282   5.3888888888888889E-002
        1283   4.2222222222222223E-002
        1284   7.3888888888888893E-002
        1285   8.9999999999999997E-002
        1286   5.6111111111111112E-002
        1287   4.8888888888888891E-002
        1288   6.1666666666666668E-002
        1289   4.3333333333333335E-002
        1290   3.2777777777777781E-002
        1291   3.8888888888888888E-003
        1292   1.2222222222222223E-002
        1293   0.0000000000000000     
        1294   3.8888888888888888E-003
        1295   5.5555555555555556E-004
        1296   1.3888888888888888E-002
        1297   3.1111111111111110E-002
        1298   3.3333333333333333E-002
        1299   2.8333333333333332E-002
        1300   2.7777777777777779E-003
        1301   2.0000000000000000E-002
        1302   2.7777777777777779E-003
        1303   8.3333333333333332E-003
        1304   1.4999999999999999E-002
        1305   1.8333333333333333E-002
        1306   2.3333333333333334E-002
        1307   2.7777777777777776E-002
        1308   5.2222222222222225E-002
        1309   4.6111111111111110E-002
        1310   3.1666666666666669E-002
        1311   1.5555555555555555E-002
        1312   6.1111111111111114E-003
        1313   9.4444444444444445E-003
        1314   7.2222222222222219E-003
        1315   1.1111111111111111E-003
        1316   2.8888888888888888E-002
        1317   1.2222222222222223E-002
        1318   2.0555555555555556E-002
        1319   1.3888888888888888E-002
        1320   1.2777777777777779E-002
        1321   1.2222222222222223E-002
        1322   1.4444444444444444E-002
        1323   1.5555555555555555E-002
        1324   2.8333333333333332E-002
        1325   2.0000000000000000E-002
        1326   6.1111111111111114E-003
        1327   3.8888888888888888E-003
        1328   1.2222222222222223E-002
        1329   3.5000000000000003E-002
        1330   3.6111111111111108E-002
        1331   2.4444444444444446E-002
        1332   1.0555555555555556E-002
        1333   2.3333333333333334E-002
        1334   3.8333333333333330E-002
        1335   4.1666666666666664E-002
        1336   2.3333333333333334E-002
        1337   2.6111111111111113E-002
        1338   3.3333333333333333E-002
        1339   2.1111111111111112E-002
        1340   5.0000000000000001E-003
        1341   1.7222222222222222E-002
        1342   1.3333333333333334E-002
        1343   1.4999999999999999E-002
        1344   6.1111111111111114E-003
        1345   2.3333333333333334E-002
        1346   2.0555555555555556E-002
        1347   2.2222222222222222E-003
        1348   2.5555555555555557E-002
        1349   1.0000000000000000E-002
        1350   7.2222222222222219E-003
        1351   2.6666666666666668E-002
        1352   6.6666666666666671E-003
        1353   1.2222222222222223E-002
        1354   1.1111111111111111E-003
        1355   5.5555555555555556E-004
        1356   2.1111111111111112E-002
        1357   4.4444444444444444E-003
        1358   3.3333333333333335E-003
        1359   2.7777777777777779E-003
        1360   1.2777777777777779E-002
        1361   6.1111111111111114E-003
        1362   3.8888888888888888E-003
        1363   1.1111111111111112E-002
        1364   1.1111111111111111E-003
        1365   4.4444444444444444E-003
        1366   1.3333333333333334E-002
        1367   2.3888888888888890E-002
        1368   1.6666666666666668E-003
        1369   2.9999999999999999E-002
        1370   2.3888888888888890E-002
        1371   5.5555555555555558E-003
        1372   2.3333333333333334E-002
        1373   2.0000000000000000E-002
        1374   2.2222222222222222E-003
        1375   1.8888888888888889E-002
        1376   4.7222222222222221E-002
        1377   4.1111111111111112E-002
        1378   3.9444444444444442E-002
        1379   1.4444444444444444E-002
        1380   4.0000000000000001E-002
        1381   1.0555555555555556E-002
        1382   3.3333333333333333E-002
        1383   2.1111111111111112E-002
        1384   2.7222222222222221E-002
        1385   3.1111111111111110E-002
        1386   3.3333333333333335E-003
        1387   5.0000000000000001E-003
        1388   0.0000000000000000     
        1389   5.5555555555555558E-003
        1390   7.7777777777777776E-003
        1391   8.8888888888888889E-003
        1392   3.1111111111111110E-002
        1393   1.2777777777777779E-002
        1394   1.0555555555555556E-002
        1395   3.8888888888888888E-003
        1396   1.1111111111111111E-003
        1397   3.6666666666666667E-002
        1398   6.6666666666666671E-003
        1399   5.5555555555555558E-003
        1400   1.1666666666666667E-002
        1401   2.0000000000000000E-002
        1402   1.0000000000000000E-002
        1403   2.4444444444444446E-002
        1404   1.8333333333333333E-002
        1405   1.3888888888888888E-002
        1406   1.4999999999999999E-002
        1407   3.8888888888888888E-003
        1408   7.7777777777777776E-003
        1409   1.0000000000000000E-002
        1410   5.5555555555555558E-003
        1411   7.7777777777777776E-003
        1412   5.0000000000000001E-003
        1413   1.9444444444444445E-002
        1414   1.0555555555555556E-002
        1415   2.2777777777777779E-002
        1416   1.4444444444444444E-002
        1417   1.8888888888888889E-002
        1418   3.3333333333333335E-003
        1419   1.4444444444444444E-002
        1420   2.8333333333333332E-002
        1421   2.3333333333333334E-002
        1422   2.9444444444444443E-002
        1423   4.7777777777777780E-002
        1424   4.1666666666666664E-002
        1425   4.1666666666666664E-002
        1426   4.0555555555555553E-002
        1427   5.8888888888888886E-002
        1428   6.7222222222222225E-002
        1429   7.2222222222222215E-002
        1430   7.0555555555555552E-002
        1431   6.1666666666666668E-002
        1432   5.7222222222222223E-002
        1433   4.3333333333333335E-002
        1434   9.4444444444444445E-003
        1435   6.1111111111111114E-003
        1436   6.1111111111111114E-003
        1437   1.4444444444444444E-002
        1438   2.7777777777777776E-002
        1439   1.5555555555555555E-002
        1440   1.2222222222222223E-002
        1441   2.5555555555555557E-002
        1442   2.8888888888888888E-002
        1443   1.2777777777777779E-002
        1444   2.6666666666666668E-002
        1445   1.2222222222222223E-002
        1446   2.0000000000000000E-002
        1447   3.3888888888888892E-002
        1448   1.0555555555555556E-002
        1449   2.5000000000000001E-002
        1450   1.8888888888888889E-002
        1451   1.1666666666666667E-002
        1452   1.7222222222222222E-002
        1453   5.3888888888888889E-002
        1454   1.8333333333333333E-002
        1455   4.4444444444444444E-003
        1456   7.2222222222222219E-003
        1457   8.3333333333333332E-003
        1458   2.5000000000000001E-002
        1459   3.5000000000000003E-002
        1460   1.1666666666666667E-002
        1461   1.3333333333333334E-002
        1462   5.0000000000000001E-003
        1463   2.2222222222222222E-003
        1464   1.2222222222222223E-002
        1465   6.6666666666666671E-003
        1466   2.2777777777777779E-002
        1467   1.7777777777777778E-002
        1468   2.5555555555555557E-002
        1469   7.7777777777777776E-003
        1470   2.0000000000000000E-002
        1471   1.4444444444444444E-002
        1472   3.3888888888888892E-002
        1473   5.0000000000000001E-003
        1474   1.4444444444444444E-002
        1475   3.3888888888888892E-002
        1476   2.6111111111111113E-002
        1477   1.2222222222222223E-002
        1478   1.6666666666666666E-002
        1479   1.9444444444444445E-002
        1480   2.8333333333333332E-002
        1481   8.3333333333333332E-003
        1482   1.6111111111111111E-002
        1483   1.1666666666666667E-002
        1484   7.7777777777777776E-003
        1485   5.5555555555555558E-003
        1486   2.7777777777777776E-002
        1487   5.6111111111111112E-002
        1488   4.4999999999999998E-002
        1489   5.0000000000000001E-003
        1490   3.3333333333333333E-002
        1491   1.1666666666666667E-002
        1492   1.6111111111111111E-002
        1493   8.3333333333333332E-003
        1494   1.6111111111111111E-002
        1495   9.4444444444444445E-003
        1496   1.6666666666666666E-002
        1497   7.2222222222222219E-003
        1498   2.2222222222222223E-002
        1499   1.0555555555555556E-002
        1500   2.7222222222222221E-002
        1501   2.7222222222222221E-002
        1502   1.7777777777777778E-002
        1503   2.9999999999999999E-002
        1504   2.2222222222222222E-003
        1505   7.7777777777777776E-003
        1506   6.1111111111111114E-003
        1507   1.7222222222222222E-002
        1508   2.0555555555555556E-002
        1509   1.4444444444444444E-002
        1510   1.8333333333333333E-002
        1511   5.5555555555555556E-004
        1512   3.3333333333333335E-003
        1513   1.2222222222222223E-002
        1514   2.2777777777777779E-002
        1515   3.8888888888888890E-002
        1516   2.6111111111111113E-002
        1517   1.1111111111111111E-003
        1518   2.2777777777777779E-002
        1519   2.8333333333333332E-002
        1520   4.5555555555555557E-002
        1521   4.8333333333333332E-002
        1522   2.7222222222222221E-002
        1523   1.6111111111111111E-002
        1524   2.7777777777777779E-003
        1525   8.3333333333333332E-003
        1526   6.6666666666666671E-003
        1527   2.2222222222222222E-003
        1528   7.7777777777777776E-003
        1529   3.3333333333333335E-003
        1530   8.8888888888888889E-003
        1531   4.9444444444444444E-002
        1532   4.0555555555555553E-002
        1533   2.7777777777777776E-002
        1534   1.2777777777777779E-002
        1535   1.0555555555555556E-002
        1536   1.0000000000000000E-002
        1537   3.3333333333333335E-003
        1538   2.2222222222222223E-002
        1539   1.4444444444444444E-002
        1540   5.5555555555555558E-003
        1541   6.1111111111111114E-003
        1542   5.0000000000000001E-003
        1543   4.4444444444444444E-003
        1544   1.3888888888888888E-002
        1545   8.8888888888888889E-003
        1546   1.4999999999999999E-002
        1547   8.8888888888888889E-003
        1548   2.2222222222222222E-003
        1549   1.1111111111111111E-003
        1550   8.8888888888888889E-003
        1551   1.8888888888888889E-002
        1552   4.3333333333333335E-002
        1553   4.9444444444444444E-002
        1554   3.7777777777777778E-002
        1555   3.9444444444444442E-002
        1556   3.8333333333333330E-002
        1557   2.0555555555555556E-002
        1558   1.3333333333333334E-002
        1559   1.8888888888888889E-002
        1560   1.4999999999999999E-002
        1561   8.3333333333333332E-003
        1562   1.1666666666666667E-002
        1563   2.0000000000000000E-002
        1564   2.2777777777777779E-002
        1565   6.6666666666666671E-003
        1566   1.1666666666666667E-002
        1567   4.4444444444444444E-003
        1568   7.2222222222222219E-003
        1569   1.5555555555555555E-002
        1570   4.9444444444444444E-002
        1571   4.1666666666666664E-002
        1572   3.7222222222222219E-002
        1573   4.1111111111111112E-002
        1574   0.0000000000000000     
        1575   3.7777777777777778E-002
        1576   2.5000000000000001E-002
        1577   4.4444444444444444E-003
        1578   2.7777777777777779E-003
        1579   1.6666666666666668E-003
        1580   6.1111111111111114E-003
        1581   3.8888888888888888E-003
        1582   2.6111111111111113E-002
        1583   5.9444444444444446E-002
        1584   1.6111111111111111E-002
        1585   1.9444444444444445E-002
        1586   1.8333333333333333E-002
        1587   1.7777777777777778E-002
        1588   1.0555555555555556E-002
        1589   1.9444444444444445E-002
        1590   2.3888888888888890E-002
        1591   3.8888888888888890E-002
        1592   2.7777777777777776E-002
        1593   5.0000000000000001E-003
        1594   2.4444444444444446E-002
        1595   7.7777777777777776E-003
        1596   6.6666666666666671E-003
        1597   1.1666666666666667E-002
        1598   2.5000000000000001E-002
        1599   3.7222222222222219E-002
        1600   3.5000000000000003E-002
        1601   2.1111111111111112E-002
        1602   5.0000000000000001E-003
        1603   5.5555555555555556E-004
        1604   1.5555555555555555E-002
        1605   2.9999999999999999E-002
        1606   1.6111111111111111E-002
        1607   2.0555555555555556E-002
        1608   1.7222222222222222E-002
        1609   3.4444444444444444E-002
        1610   1.7222222222222222E-002
        1611   2.0555555555555556E-002
        1612   1.1111111111111112E-002
        1613   4.4444444444444444E-003
        1614   6.1111111111111114E-003
        1615   0.0000000000000000     
        1616   2.3333333333333334E-002
        1617   1.5555555555555555E-002
        1618   1.3333333333333334E-002
        1619   1.0555555555555556E-002
        1620   1.3888888888888888E-002
        1621   5.5555555555555558E-003
        1622   9.4444444444444445E-003
        1623   1.3888888888888888E-002
        1624   2.8888888888888888E-002
        1625   3.8888888888888888E-003
        1626   1.3333333333333334E-002
        1627   3.1111111111111110E-002
        1628   4.7222222222222221E-002
        1629   5.9999999999999998E-002
        1630   7.8333333333333338E-002
        1631   4.1666666666666664E-002
        1632   3.7222222222222219E-002
        1633   1.8333333333333333E-002
        1634   6.1111111111111114E-003
        1635   2.1111111111111112E-002
        1636   1.2777777777777779E-002
        1637   1.1111111111111111E-003
        1638   1.6111111111111111E-002
        1639   1.1111111111111112E-002
        1640   7.2222222222222219E-003
        1641   1.4999999999999999E-002
        1642   3.1111111111111110E-002
        1643   3.3888888888888892E-002
        1644   1.5555555555555555E-002
        1645   1.7222222222222222E-002
        1646   5.5555555555555558E-003
        1647   1.4999999999999999E-002
        1648   2.9444444444444443E-002
        1649   5.0000000000000001E-003
        1650   5.5555555555555558E-003
        1651   1.4999999999999999E-002
        1652   3.8888888888888890E-002
        1653   3.7222222222222219E-002
        1654   2.1666666666666667E-002
        1655   3.8888888888888890E-002
        1656   2.8333333333333332E-002
        1657   1.9444444444444445E-002
        1658   1.3333333333333334E-002
        1659   2.2777777777777779E-002
        1660   1.2777777777777779E-002
        1661   1.4999999999999999E-002
        1662   2.7222222222222221E-002
        1663   3.6666666666666667E-002
        1664   3.3888888888888892E-002
        1665   3.5555555555555556E-002
        1666   2.4444444444444446E-002
        1667   2.9999999999999999E-002
        1668   2.0000000000000000E-002
        1669   1.4999999999999999E-002
        1670   8.3333333333333332E-003
        1671   1.5555555555555555E-002
        1672   1.3888888888888888E-002
        1673   1.2777777777777779E-002
        1674   8.3333333333333332E-003
        1675   3.8888888888888888E-003
        1676   7.2222222222222219E-003
        1677   5.5555555555555556E-004
        1678   5.0000000000000001E-003
        1679   2.9444444444444443E-002
        1680   6.0555555555555557E-002
        1681   6.5000000000000002E-002
        1682   5.8333333333333334E-002
        1683   5.2777777777777778E-002
        1684   3.9444444444444442E-002
        1685   2.8888888888888888E-002
        1686   5.5555555555555558E-003
        1687   2.5555555555555557E-002
        1688   1.6666666666666666E-002
        1689   2.7222222222222221E-002
        1690   6.1111111111111114E-003
        1691   6.1111111111111114E-003
        1692   4.0555555555555553E-002
        1693   4.5555555555555557E-002
        1694   5.5555555555555552E-002
        1695   1.8888888888888889E-002
        1696   3.6111111111111108E-002
        1697   3.9444444444444442E-002
        1698   3.3333333333333333E-002
        1699   2.0000000000000000E-002
        1700   1.3333333333333334E-002
        1701   3.8888888888888888E-003
        1702   1.4444444444444444E-002
        1703   2.7777777777777776E-002
        1704   4.4444444444444444E-003
        1705   1.0555555555555556E-002
        1706   8.8888888888888889E-003
        1707   2.7777777777777779E-003
        1708   1.0000000000000000E-002
        1709   2.8888888888888888E-002
        1710   4.4999999999999998E-002
        1711   2.6666666666666668E-002
        1712   1.4444444444444444E-002
        1713   1.8333333333333333E-002
        1714   5.0555555555555555E-002
        1715   1.4444444444444444E-002
        1716   2.2222222222222222E-003
        1717   1.4999999999999999E-002
        1718   2.4444444444444446E-002
        1719   1.6666666666666666E-002
        1720   1.1666666666666667E-002
        1721   7.2222222222222219E-003
        1722   2.3888888888888890E-002
        1723   1.8888888888888889E-002
        1724   2.2222222222222223E-002
        1725   8.0000000000000002E-002
        1726   6.8333333333333329E-002
        1727  0.11111111111111110     
        1728   8.0555555555555561E-002
        1729   7.5555555555555556E-002
        1730   3.8333333333333330E-002
        1731   5.6666666666666664E-002
        1732   4.7777777777777780E-002
        1733   4.0555555555555553E-002
        1734   6.3333333333333339E-002
        1735   7.0555555555555552E-002
        1736   5.5555555555555552E-002
        1737   2.9444444444444443E-002
        1738   2.0000000000000000E-002
        1739   2.1666666666666667E-002
        1740   2.2222222222222222E-003
        1741   2.0000000000000000E-002
        1742   7.2222222222222219E-003
        1743   8.3333333333333332E-003
        1744   8.3333333333333332E-003
        1745   1.1666666666666667E-002
        1746   1.4444444444444444E-002
        1747   2.3888888888888890E-002
        1748   2.2777777777777779E-002
        1749   3.8888888888888888E-003
        1750   6.6666666666666671E-003
        1751   3.6111111111111108E-002
        1752   3.7222222222222219E-002
        1753   4.4999999999999998E-002
        1754   4.6666666666666669E-002
        1755   5.0000000000000003E-002
        1756   4.7222222222222221E-002
        1757   5.0555555555555555E-002
        1758   5.7777777777777775E-002
        1759   2.9999999999999999E-002
        1760   2.7777777777777776E-002
        1761   2.5000000000000001E-002
        1762   3.6666666666666667E-002
        1763   3.5000000000000003E-002
        1764   3.8888888888888888E-003
        1765   2.7777777777777779E-003
        1766   1.6666666666666668E-003
        1767   2.2777777777777779E-002
        1768   3.4444444444444444E-002
        1769   2.9444444444444443E-002
        1770   1.6111111111111111E-002
        1771   5.5555555555555556E-004
        1772   7.7777777777777776E-003
        1773   2.6666666666666668E-002
        1774   3.3888888888888892E-002
        1775   3.1111111111111110E-002
        1776   4.4999999999999998E-002
        1777   3.1666666666666669E-002
        1778   2.6666666666666668E-002
        1779   5.0000000000000001E-003
        1780   1.0555555555555556E-002
        1781   6.1111111111111114E-003
        1782   8.8888888888888889E-003
        1783   1.9444444444444445E-002
        1784   1.6111111111111111E-002
        1785   1.6666666666666666E-002
        1786   1.4444444444444444E-002
        1787   1.7222222222222222E-002
        1788   2.7222222222222221E-002
        1789   6.1111111111111114E-003
        1790   6.1111111111111114E-003
        1791   1.7222222222222222E-002
        1792   1.8888888888888889E-002
        1793   3.0555555555555555E-002
        1794   3.5000000000000003E-002
        1795   2.0555555555555556E-002
        1796   1.8333333333333333E-002
        1797   2.1111111111111112E-002
        1798   1.7777777777777778E-002
        1799   9.4444444444444445E-003
        1800   2.7777777777777776E-002
        1801   1.4999999999999999E-002
        1802   5.0000000000000001E-003
        1803   1.1111111111111111E-003
        1804   5.5555555555555556E-004
        1805   4.4444444444444444E-003
        1806   2.2222222222222222E-003
        1807   8.8888888888888889E-003
        1808   3.1111111111111110E-002
        1809   2.4444444444444446E-002
        1810   1.2777777777777779E-002
        1811   3.4444444444444444E-002
        1812   3.5555555555555556E-002
        1813   3.0555555555555555E-002
        1814   1.9444444444444445E-002
        1815   2.3333333333333334E-002
        1816   1.7222222222222222E-002
        1817   7.7777777777777776E-003
        1818   5.5555555555555556E-004
        1819   2.5000000000000001E-002
        1820   4.1111111111111112E-002
        1821   3.6111111111111108E-002
        1822   3.5000000000000003E-002
        1823   3.8888888888888888E-003
        1824   1.4444444444444444E-002
        1825   2.0000000000000000E-002
        1826   2.8333333333333332E-002
        1827   3.3333333333333335E-003
        1828   1.3888888888888888E-002
        1829   2.0000000000000000E-002
        1830   1.3333333333333334E-002
        1831   2.0000000000000000E-002
        1832   5.0000000000000001E-003
        1833   2.3333333333333334E-002
        1834   8.3333333333333332E-003
        1835   3.3333333333333335E-003
        1836   2.5000000000000001E-002
        1837   3.5000000000000003E-002
        1838   3.2222222222222222E-002
        1839   2.2222222222222223E-002
        1840   5.8888888888888886E-002
        1841   1.7222222222222222E-002
        1842   8.8888888888888889E-003
        1843   8.8888888888888889E-003
        1844   2.3333333333333334E-002
        1845   4.1666666666666664E-002
        1846   3.2777777777777781E-002
        1847   3.1666666666666669E-002
        1848   4.4999999999999998E-002
        1849   4.3888888888888887E-002
        1850   6.6111111111111107E-002
        1851   7.1666666666666670E-002
        1852   6.5000000000000002E-002
        1853   4.4444444444444446E-002
        1854   1.1111111111111111E-003
        1855   8.3333333333333332E-003
        1856   1.5555555555555555E-002
        1857   2.7777777777777779E-003
        1858   1.2777777777777779E-002
        1859   3.6666666666666667E-002
        1860   4.3333333333333335E-002
        1861   4.7777777777777780E-002
        1862   4.2777777777777776E-002
        1863   7.1111111111111111E-002
        1864   6.1666666666666668E-002
        1865   5.3888888888888889E-002
        1866   6.7222222222222225E-002
        1867   5.7777777777777775E-002
        1868   2.9999999999999999E-002
        1869   3.7222222222222219E-002
        1870   4.1111111111111112E-002
        1871   1.8333333333333333E-002
        1872   1.1111111111111112E-002
        1873   1.4999999999999999E-002
        1874   1.2222222222222223E-002
        1875   3.0555555555555555E-002
        1876   1.8888888888888889E-002
        1877   1.0555555555555556E-002
        1878   1.7777777777777778E-002
        1879   5.5555555555555558E-003
        1880   5.0000000000000001E-003
        1881   1.3888888888888888E-002
        1882   4.4444444444444444E-003
        1883   4.4444444444444444E-003
        1884   2.1666666666666667E-002
        1885   3.9444444444444442E-002
        1886   4.3888888888888887E-002
        1887   3.1666666666666669E-002
        1888   3.5555555555555556E-002
        1889   1.6666666666666666E-002
        1890   1.6666666666666668E-003
        1891   1.6111111111111111E-002
        1892   1.1111111111111112E-002
        1893   6.6666666666666671E-003
        1894   1.8333333333333333E-002
        1895   2.1666666666666667E-002
        1896   6.1111111111111114E-003
        1897   1.4444444444444444E-002
        1898   9.4444444444444445E-003
        1899   1.6666666666666668E-003
        1900   6.6666666666666671E-003
        1901   4.4444444444444444E-003
        1902   1.6111111111111111E-002
        1903   4.3888888888888887E-002
        1904   5.9444444444444446E-002
        1905   7.6111111111111115E-002
        1906   4.6666666666666669E-002
        1907   2.5555555555555557E-002
        1908   1.1666666666666667E-002
        1909   1.6111111111111111E-002
        1910   1.3888888888888888E-002
        1911   4.4444444444444444E-003
        1912   5.0000000000000001E-003
        1913   2.7222222222222221E-002
        1914   2.7777777777777776E-002
        1915   1.2222222222222223E-002
        1916   2.2777777777777779E-002
        1917   1.0555555555555556E-002
        1918   1.4444444444444444E-002
        1919   2.2222222222222222E-003
        1920   3.1111111111111110E-002
        1921   3.5555555555555556E-002
        1922   1.1666666666666667E-002
        1923   2.0000000000000000E-002
        1924   2.7777777777777776E-002
        1925   1.4444444444444444E-002
        1926   1.0555555555555556E-002
        1927   2.9444444444444443E-002
        1928   3.3888888888888892E-002
        1929   5.3888888888888889E-002
        1930   5.3888888888888889E-002
        1931   4.7777777777777780E-002
        1932   2.6666666666666668E-002
        1933   1.9444444444444445E-002
        1934   4.6111111111111110E-002
        1935   3.1666666666666669E-002
        1936   1.1111111111111111E-003
        1937   1.7777777777777778E-002
        1938   6.1666666666666668E-002
        1939   5.5555555555555552E-002
        1940   2.2222222222222223E-002
        1941   5.5555555555555558E-003
        1942   5.5555555555555558E-003
        1943   1.2777777777777779E-002
        1944   2.2222222222222223E-002
        1945   2.2777777777777779E-002
        1946   4.3888888888888887E-002
        1947   3.7777777777777778E-002
        1948   8.3333333333333332E-003
        1949   1.1111111111111111E-003
        1950   3.3333333333333333E-002
        1951   2.2222222222222222E-003
        1952   3.8888888888888888E-003
        1953   1.2777777777777779E-002
        1954   2.3888888888888890E-002
        1955   2.7222222222222221E-002
        1956   1.1666666666666667E-002
        1957   2.7777777777777776E-002
        1958   1.8333333333333333E-002
        1959   1.8333333333333333E-002
        1960   3.0555555555555555E-002
        1961   1.4444444444444444E-002
        1962   2.6111111111111113E-002
        1963   1.7222222222222222E-002
        1964   2.0000000000000000E-002
        1965   4.7222222222222221E-002
        1966   4.8888888888888891E-002
        1967   5.9444444444444446E-002
        1968   6.4444444444444443E-002
        1969   5.0555555555555555E-002
        1970   2.9444444444444443E-002
        1971   1.7777777777777778E-002
        1972   1.1111111111111112E-002
        1973   1.0000000000000000E-002
        1974   2.2222222222222222E-003
        1975   0.0000000000000000     
        1976   5.5555555555555556E-004
        1977   2.6111111111111113E-002
        1978   3.3333333333333333E-002
        1979   2.0000000000000000E-002
        1980   4.4444444444444444E-003
        1981   1.1666666666666667E-002
        1982   2.9444444444444443E-002
        1983   1.4444444444444444E-002
        1984   1.8333333333333333E-002
        1985   4.3333333333333335E-002
        1986   2.5000000000000001E-002
        1987   1.6111111111111111E-002
        1988   6.0555555555555557E-002
        1989   4.7777777777777780E-002
        1990   3.2222222222222222E-002
        1991   2.7222222222222221E-002
        1992   4.4999999999999998E-002
        1993   3.6666666666666667E-002
        1994   4.1666666666666664E-002
        1995   1.8888888888888889E-002
        1996   3.7222222222222219E-002
        1997   4.9444444444444444E-002
        1998   4.1666666666666664E-002
        1999   5.0000000000000003E-002
        2000   6.0555555555555557E-002
