           1   4.0000000000000001E-002
           2   5.8888888888888886E-002
           3   9.8888888888888887E-002
           4   5.9999999999999998E-002
           5   1.3333333333333334E-002
           6   2.5555555555555557E-002
           7   1.6111111111111111E-002
           8   4.7222222222222221E-002
           9   5.4444444444444441E-002
          10   4.1666666666666664E-002
          11   3.7777777777777778E-002
          12   4.0000000000000001E-002
          13   6.8333333333333329E-002
          14   1.7777777777777778E-002
          15   2.2777777777777779E-002
          16   4.9444444444444444E-002
          17   5.5555555555555552E-002
          18   1.7222222222222222E-002
          19   2.7777777777777776E-002
          20   5.0000000000000001E-003
          21   3.6666666666666667E-002
          22   1.9444444444444445E-002
          23   4.4444444444444444E-003
          24   6.3333333333333339E-002
          25   8.8888888888888889E-003
          26   5.6111111111111112E-002
          27   7.7777777777777779E-002
          28   8.4444444444444447E-002
          29   4.4444444444444446E-002
          30   6.4444444444444443E-002
          31   3.2222222222222222E-002
          32   1.4999999999999999E-002
          33   4.6666666666666669E-002
          34   7.2222222222222219E-003
          35   5.5555555555555558E-003
          36   0.0000000000000000     
          37   4.0555555555555553E-002
          38   4.0000000000000001E-002
          39   3.1111111111111110E-002
          40   2.1666666666666667E-002
          41   5.5555555555555552E-002
          42   8.4444444444444447E-002
          43   7.1666666666666670E-002
          44   8.8888888888888892E-002
          45   1.2222222222222223E-002
          46   4.4444444444444444E-003
          47   3.2777777777777781E-002
          48   3.3888888888888892E-002
          49   1.7222222222222222E-002
          50   4.4444444444444446E-002
          51   1.4999999999999999E-002
          52   1.4444444444444444E-002
          53   9.4444444444444445E-003
          54   4.8333333333333332E-002
          55   5.8888888888888886E-002
          56   7.2222222222222215E-002
          57   1.5555555555555555E-002
          58   7.2222222222222219E-003
          59   4.7777777777777780E-002
          60   7.1666666666666670E-002
          61   6.1111111111111109E-002
          62   1.3333333333333334E-002
          63   1.6666666666666668E-003
          64   1.4999999999999999E-002
          65   5.4444444444444441E-002
          66   5.5555555555555558E-003
          67   3.3888888888888892E-002
          68   2.7222222222222221E-002
          69   2.5555555555555557E-002
          70   5.0000000000000001E-003
          71   2.9999999999999999E-002
          72   2.2222222222222222E-003
          73   6.1111111111111114E-003
          74   7.7777777777777776E-003
          75   8.3333333333333332E-003
          76   2.6111111111111113E-002
          77   3.1111111111111110E-002
          78   3.3333333333333333E-002
          79   1.0000000000000000E-002
          80   2.7777777777777779E-003
          81   2.9444444444444443E-002
          82   3.1666666666666669E-002
          83   1.2222222222222223E-002
          84   1.6666666666666666E-002
          85   4.3888888888888887E-002
          86   2.2777777777777779E-002
          87   3.1111111111111110E-002
          88   6.5000000000000002E-002
          89   2.0000000000000000E-002
          90   2.4444444444444446E-002
          91   2.6111111111111113E-002
          92   1.3888888888888888E-002
          93   8.8888888888888889E-003
          94   3.8333333333333330E-002
          95   1.5555555555555555E-002
          96   2.7777777777777776E-002
          97   1.4444444444444444E-002
          98   2.9999999999999999E-002
          99   2.9444444444444443E-002
         100   1.6111111111111111E-002
         101   5.4444444444444441E-002
         102   1.1111111111111111E-003
         103   3.9444444444444442E-002
         104   3.3333333333333333E-002
         105   5.2222222222222225E-002
         106   1.8888888888888889E-002
         107   2.7777777777777779E-003
         108   2.5000000000000001E-002
         109   1.9444444444444445E-002
         110   2.5000000000000001E-002
         111   5.9444444444444446E-002
         112   6.9444444444444448E-002
         113  0.10833333333333334     
         114   4.2777777777777776E-002
         115   9.3333333333333338E-002
         116   5.5000000000000000E-002
         117   6.8888888888888888E-002
         118   7.0000000000000007E-002
         119   3.7777777777777778E-002
         120   1.3333333333333334E-002
         121   1.0555555555555556E-002
         122   4.2777777777777776E-002
         123   5.0000000000000003E-002
         124   4.6666666666666669E-002
         125   5.1666666666666666E-002
         126   1.1111111111111111E-003
         127   2.9444444444444443E-002
         128   3.3333333333333333E-002
         129   1.3333333333333334E-002
         130   1.6111111111111111E-002
         131   3.7222222222222219E-002
         132   9.3333333333333338E-002
         133   1.7222222222222222E-002
         134   8.6111111111111110E-002
         135   4.6111111111111110E-002
         136   2.9999999999999999E-002
         137   5.8333333333333334E-002
         138   4.4999999999999998E-002
         139   7.0000000000000007E-002
         140  0.11444444444444445     
         141   7.3888888888888893E-002
         142   4.1111111111111112E-002
         143   1.8888888888888889E-002
         144   6.1111111111111114E-003
         145   4.0000000000000001E-002
         146   0.0000000000000000     
         147   2.2222222222222223E-002
         148   8.3333333333333332E-003
         149   1.1666666666666667E-002
         150   3.2777777777777781E-002
         151   2.9444444444444443E-002
         152   4.3888888888888887E-002
         153   8.3333333333333332E-003
         154   1.2222222222222223E-002
         155   5.6111111111111112E-002
         156   2.6666666666666668E-002
         157   1.5555555555555555E-002
         158   6.9444444444444448E-002
         159   5.6111111111111112E-002
         160   8.3333333333333332E-003
         161   3.1666666666666669E-002
         162   6.6666666666666671E-003
         163   5.2777777777777778E-002
         164   1.5555555555555555E-002
         165   2.9444444444444443E-002
         166   3.6111111111111108E-002
         167   7.3888888888888893E-002
         168   5.5555555555555556E-004
         169   4.2777777777777776E-002
         170   2.3888888888888890E-002
         171   1.6666666666666666E-002
         172   2.9999999999999999E-002
         173   1.4444444444444444E-002
         174   4.6111111111111110E-002
         175   3.1111111111111110E-002
         176   1.4999999999999999E-002
         177   3.2222222222222222E-002
         178   4.4444444444444444E-003
         179   9.4444444444444445E-003
         180   1.1111111111111112E-002
         181  0.11277777777777778     
         182  0.10388888888888889     
         183   7.1666666666666670E-002
         184   4.3333333333333335E-002
         185   7.0000000000000007E-002
         186   8.1666666666666665E-002
         187   4.8888888888888891E-002
         188   3.3333333333333333E-002
         189   3.2777777777777781E-002
         190   8.9444444444444438E-002
         191  0.13500000000000001     
         192   4.0000000000000001E-002
         193   2.5555555555555557E-002
         194   5.5555555555555558E-003
         195   4.4999999999999998E-002
         196   1.6666666666666666E-002
         197   3.3888888888888892E-002
         198   0.0000000000000000     
         199   8.7222222222222229E-002
         200   4.6111111111111110E-002
         201   3.1666666666666669E-002
         202   2.2222222222222222E-003
         203   1.2222222222222223E-002
         204   6.6666666666666671E-003
         205   1.7777777777777778E-002
         206   3.2777777777777781E-002
         207   5.9999999999999998E-002
         208   1.3333333333333334E-002
         209   4.6666666666666669E-002
         210   2.1111111111111112E-002
         211   1.6666666666666668E-003
         212   1.7222222222222222E-002
         213   8.8888888888888889E-003
         214   7.7777777777777776E-003
         215   3.2777777777777781E-002
         216   5.0000000000000003E-002
         217   8.3333333333333332E-003
         218   1.7222222222222222E-002
         219   3.7777777777777778E-002
         220   1.6666666666666666E-002
         221   8.8888888888888889E-003
         222   5.5555555555555556E-004
         223   3.7222222222222219E-002
         224   6.2222222222222220E-002
         225   7.7777777777777776E-003
         226   1.6666666666666666E-002
         227   3.1666666666666669E-002
         228   1.0000000000000000E-002
         229   1.4999999999999999E-002
         230   3.8888888888888888E-003
         231   2.3888888888888890E-002
         232   6.7777777777777784E-002
         233   8.3333333333333332E-003
         234   6.9444444444444448E-002
         235   6.1111111111111109E-002
         236   7.6111111111111115E-002
         237   1.3888888888888888E-002
         238   2.7777777777777779E-003
         239   2.9999999999999999E-002
         240   4.1666666666666664E-002
         241   5.5555555555555558E-003
         242   3.0555555555555555E-002
         243   4.8333333333333332E-002
         244   3.0555555555555555E-002
         245   5.0000000000000001E-003
         246   1.0000000000000000E-002
         247   5.5555555555555556E-004
         248   3.1666666666666669E-002
         249   3.8888888888888890E-002
         250   2.4444444444444446E-002
         251   1.3333333333333334E-002
         252   4.6111111111111110E-002
         253   5.5000000000000000E-002
         254  0.10666666666666667     
         255   5.0555555555555555E-002
         256   8.7777777777777774E-002
         257   7.4444444444444438E-002
         258   3.9444444444444442E-002
         259   3.8333333333333330E-002
         260   4.0555555555555553E-002
         261   7.0555555555555552E-002
         262   6.5000000000000002E-002
         263   4.7222222222222221E-002
         264   5.2222222222222225E-002
         265   1.3333333333333334E-002
         266   4.6666666666666669E-002
         267   5.5555555555555552E-002
         268   1.1111111111111111E-003
         269   1.5555555555555555E-002
         270   1.3888888888888888E-002
         271   3.2777777777777781E-002
         272   4.3888888888888887E-002
         273   3.1111111111111110E-002
         274   1.1666666666666667E-002
         275   3.8888888888888888E-003
         276   1.6666666666666666E-002
         277   6.6666666666666671E-003
         278   3.5000000000000003E-002
         279   2.3333333333333334E-002
         280   6.1111111111111114E-003
         281   3.5000000000000003E-002
         282  0.10833333333333334     
         283   6.0555555555555557E-002
         284   4.2222222222222223E-002
         285   3.3333333333333335E-003
         286   1.7777777777777778E-002
         287   2.8333333333333332E-002
         288   2.6666666666666668E-002
         289   9.6111111111111105E-002
         290   7.2222222222222215E-002
         291   1.9444444444444445E-002
         292   3.8333333333333330E-002
         293   2.2777777777777779E-002
         294   5.3888888888888889E-002
         295   8.3888888888888888E-002
         296   3.1666666666666669E-002
         297   5.0000000000000003E-002
         298   7.3333333333333334E-002
         299  0.10222222222222223     
         300   1.7222222222222222E-002
         301   8.1111111111111106E-002
         302   5.6666666666666664E-002
         303   8.2222222222222224E-002
         304   3.6111111111111108E-002
         305  0.10555555555555556     
         306  0.13555555555555557     
         307   7.1666666666666670E-002
         308   3.0555555555555555E-002
         309   6.3888888888888884E-002
         310   4.0000000000000001E-002
         311   2.6111111111111113E-002
         312   3.6111111111111108E-002
         313   1.4444444444444444E-002
         314   1.5555555555555555E-002
         315   1.2777777777777779E-002
         316   1.1111111111111111E-003
         317   8.0555555555555561E-002
         318   8.5555555555555551E-002
         319   3.8888888888888890E-002
         320   4.0555555555555553E-002
         321   6.1111111111111114E-003
         322   2.0000000000000000E-002
         323   1.0000000000000000E-002
         324   2.5000000000000001E-002
         325   5.0000000000000003E-002
         326   4.3888888888888887E-002
         327   6.9444444444444448E-002
         328   7.4999999999999997E-002
         329   1.8888888888888889E-002
         330   2.9999999999999999E-002
         331   3.8888888888888888E-003
         332   2.5000000000000001E-002
         333   8.4444444444444447E-002
         334   7.0555555555555552E-002
         335   5.6666666666666664E-002
         336   8.3888888888888888E-002
         337   3.1666666666666669E-002
         338   6.3333333333333339E-002
         339   3.3333333333333333E-002
         340   6.1111111111111114E-003
         341   1.6666666666666668E-003
         342   1.3888888888888888E-002
         343   6.7222222222222225E-002
         344   7.0000000000000007E-002
         345   1.4444444444444444E-002
         346   3.4444444444444444E-002
         347   2.5555555555555557E-002
         348   4.1111111111111112E-002
         349   2.4444444444444446E-002
         350   3.2222222222222222E-002
         351   1.2222222222222223E-002
         352   4.8888888888888891E-002
         353   3.3333333333333333E-002
         354   2.2222222222222223E-002
         355   1.4444444444444444E-002
         356   2.7777777777777776E-002
         357   5.2222222222222225E-002
         358   3.9444444444444442E-002
         359   3.2777777777777781E-002
         360   4.7777777777777780E-002
         361   6.1666666666666668E-002
         362   1.2777777777777779E-002
         363   1.1666666666666667E-002
         364   3.5555555555555556E-002
         365   3.3888888888888892E-002
         366   1.3888888888888888E-002
         367   3.9444444444444442E-002
         368   4.2777777777777776E-002
         369   7.2222222222222219E-003
         370   3.2222222222222222E-002
         371   4.0000000000000001E-002
         372   8.4444444444444447E-002
         373   6.5555555555555561E-002
         374   5.2777777777777778E-002
         375   1.8888888888888889E-002
         376   2.6111111111111113E-002
         377   6.5555555555555561E-002
         378   7.7777777777777776E-003
         379   7.2222222222222219E-003
         380   1.2222222222222223E-002
         381   0.0000000000000000     
         382   2.7222222222222221E-002
         383   8.8888888888888889E-003
         384   7.7777777777777776E-003
         385   8.3333333333333332E-003
         386   8.2222222222222224E-002
         387   6.4444444444444443E-002
         388   5.8333333333333334E-002
         389   6.6666666666666671E-003
         390   1.0000000000000000E-002
         391   4.8333333333333332E-002
         392   7.6666666666666661E-002
         393   6.6111111111111107E-002
         394   4.4444444444444444E-003
         395   5.7222222222222223E-002
         396   1.0555555555555556E-002
         397   6.6111111111111107E-002
         398   6.5555555555555561E-002
         399   3.3333333333333333E-002
         400   2.5000000000000001E-002
         401   4.0555555555555553E-002
         402   5.3888888888888889E-002
         403   2.0000000000000000E-002
         404   1.4999999999999999E-002
         405   1.0000000000000000E-002
         406   6.6666666666666671E-003
         407   3.2777777777777781E-002
         408   2.5555555555555557E-002
         409   4.3888888888888887E-002
         410   2.3888888888888890E-002
         411   2.3333333333333334E-002
         412   2.2222222222222223E-002
         413   5.5555555555555558E-003
         414   6.3888888888888884E-002
         415   5.2777777777777778E-002
         416   6.2777777777777780E-002
         417   6.1111111111111114E-003
         418   2.6111111111111113E-002
         419   2.4444444444444446E-002
         420   5.5555555555555556E-004
         421   1.8333333333333333E-002
         422   6.7777777777777784E-002
         423   1.6666666666666668E-003
         424   1.2777777777777779E-002
         425   1.3333333333333334E-002
         426   1.4444444444444444E-002
         427   7.2222222222222219E-003
         428   3.2777777777777781E-002
         429   1.4999999999999999E-002
         430   5.1111111111111114E-002
         431   5.5555555555555558E-003
         432   2.3333333333333334E-002
         433   6.6666666666666671E-003
         434   4.4444444444444444E-003
         435   1.7777777777777778E-002
         436   5.6111111111111112E-002
         437   1.0555555555555556E-002
         438   1.2777777777777779E-002
         439   3.2777777777777781E-002
         440   3.3333333333333333E-002
         441   0.0000000000000000     
         442   4.5555555555555557E-002
         443   6.1111111111111109E-002
         444   2.4444444444444446E-002
         445   2.8333333333333332E-002
         446   6.5000000000000002E-002
         447   5.7222222222222223E-002
         448   5.4444444444444441E-002
         449   2.9444444444444443E-002
         450   3.3333333333333335E-003
         451   4.8333333333333332E-002
         452   1.6111111111111111E-002
         453   2.3333333333333334E-002
         454   1.0000000000000000E-002
         455   5.7222222222222223E-002
         456   3.5000000000000003E-002
         457   2.8888888888888888E-002
         458   5.6111111111111112E-002
         459   3.3333333333333333E-002
         460   1.1666666666666667E-002
         461   5.2777777777777778E-002
         462   3.6666666666666667E-002
         463   2.3888888888888890E-002
         464   5.0000000000000001E-003
         465   2.9444444444444443E-002
         466   4.2222222222222223E-002
         467   3.6666666666666667E-002
         468   6.6666666666666671E-003
         469   1.1666666666666667E-002
         470   3.8888888888888888E-003
         471   3.7222222222222219E-002
         472   4.4999999999999998E-002
         473   2.1666666666666667E-002
         474   1.0000000000000000E-002
         475   2.3333333333333334E-002
         476   2.2777777777777779E-002
         477   2.2222222222222222E-003
         478   1.7222222222222222E-002
         479   3.1111111111111110E-002
         480   4.0555555555555553E-002
         481   1.0000000000000000E-002
         482   3.8888888888888888E-003
         483   2.6111111111111113E-002
         484   2.9999999999999999E-002
         485   2.7777777777777776E-002
         486   2.2777777777777779E-002
         487   7.8888888888888883E-002
         488   1.5555555555555555E-002
         489   8.8333333333333333E-002
         490   1.6111111111111111E-002
         491   2.0555555555555556E-002
         492   2.1666666666666667E-002
         493   8.3333333333333332E-003
         494   5.0000000000000003E-002
         495   2.4444444444444446E-002
         496   2.4444444444444446E-002
         497   8.8888888888888889E-003
         498   3.5000000000000003E-002
         499   3.2777777777777781E-002
         500   2.2222222222222222E-003
         501   8.1666666666666665E-002
         502   0.0000000000000000     
         503   4.0000000000000001E-002
         504   3.2222222222222222E-002
         505   4.4444444444444446E-002
         506   6.4444444444444443E-002
         507   9.4444444444444445E-003
         508   7.7777777777777776E-003
         509   1.8888888888888889E-002
         510   1.6111111111111111E-002
         511   1.6666666666666666E-002
         512   2.5000000000000001E-002
         513   5.4444444444444441E-002
         514   8.3333333333333332E-003
         515   2.3888888888888890E-002
         516   4.3888888888888887E-002
         517   7.4444444444444438E-002
         518   7.9444444444444443E-002
         519   6.1111111111111109E-002
         520   1.4444444444444444E-002
         521   4.4444444444444446E-002
         522   1.7777777777777778E-002
         523   2.5000000000000001E-002
         524   3.5555555555555556E-002
         525   3.3333333333333335E-003
         526   2.1666666666666667E-002
         527   5.5555555555555556E-004
         528   2.1111111111111112E-002
         529   1.0555555555555556E-002
         530   7.2777777777777775E-002
         531   6.0555555555555557E-002
         532   1.1666666666666667E-002
         533   4.4444444444444446E-002
         534   6.1111111111111109E-002
         535   5.7222222222222223E-002
         536   3.3333333333333335E-003
         537   4.4444444444444446E-002
         538   5.5555555555555556E-004
         539   4.0555555555555553E-002
         540   1.0000000000000000E-002
         541   1.9444444444444445E-002
         542   3.6111111111111108E-002
         543   8.8888888888888889E-003
         544   1.6666666666666668E-003
         545   2.2222222222222223E-002
         546   1.8888888888888889E-002
         547   2.0000000000000000E-002
         548   6.3333333333333339E-002
         549   4.0555555555555553E-002
         550   3.8333333333333330E-002
         551   5.8333333333333334E-002
         552   4.6666666666666669E-002
         553   7.2222222222222219E-003
         554   4.4444444444444446E-002
         555   6.3888888888888884E-002
         556   3.3888888888888892E-002
         557   1.7777777777777778E-002
         558   5.8888888888888886E-002
         559   1.6666666666666668E-003
         560   7.2222222222222219E-003
         561   7.1666666666666670E-002
         562   5.8888888888888886E-002
         563   6.6666666666666671E-003
         564   4.4999999999999998E-002
         565   2.2222222222222222E-003
         566   1.2777777777777779E-002
         567   7.7777777777777776E-003
         568   1.1666666666666667E-002
         569   5.3333333333333337E-002
         570   8.2222222222222224E-002
         571   1.9444444444444445E-002
         572   5.7222222222222223E-002
         573   2.2222222222222223E-002
         574   7.2222222222222215E-002
         575   4.5555555555555557E-002
         576   5.4444444444444441E-002
         577   2.1666666666666667E-002
         578   2.7777777777777779E-003
         579   3.5000000000000003E-002
         580   3.6666666666666667E-002
         581   4.2777777777777776E-002
         582   6.0555555555555557E-002
         583   3.8333333333333330E-002
         584   6.0555555555555557E-002
         585   7.5555555555555556E-002
         586   3.9444444444444442E-002
         587   7.4999999999999997E-002
         588   2.1111111111111112E-002
         589   7.7777777777777776E-003
         590   1.1111111111111111E-003
         591   3.3333333333333335E-003
         592   4.2777777777777776E-002
         593   2.4444444444444446E-002
         594   2.7777777777777779E-003
         595   3.7777777777777778E-002
         596   5.7222222222222223E-002
         597   7.9444444444444443E-002
         598   9.7777777777777783E-002
         599   1.6666666666666668E-003
         600   1.3333333333333334E-002
         601   4.4444444444444444E-003
         602   5.5000000000000000E-002
         603   2.7777777777777779E-003
         604   5.8888888888888886E-002
         605   5.3888888888888889E-002
         606   4.4444444444444444E-003
         607   3.3333333333333335E-003
         608   3.4444444444444444E-002
         609   3.6666666666666667E-002
         610   4.1111111111111112E-002
         611   3.8888888888888888E-003
         612   4.4444444444444444E-003
         613   9.2777777777777778E-002
         614   1.4444444444444444E-002
         615   2.9444444444444443E-002
         616   5.5000000000000000E-002
         617   3.2222222222222222E-002
         618   6.8333333333333329E-002
         619   4.8888888888888891E-002
         620   5.1111111111111114E-002
         621   3.7222222222222219E-002
         622   1.8333333333333333E-002
         623   3.8333333333333330E-002
         624   2.0555555555555556E-002
         625   3.8888888888888890E-002
         626   1.8333333333333333E-002
         627   4.4444444444444444E-003
         628   2.7222222222222221E-002
         629   5.3888888888888889E-002
         630   5.4444444444444441E-002
         631   7.8333333333333338E-002
         632   2.8333333333333332E-002
         633   2.8333333333333332E-002
         634   3.5555555555555556E-002
         635   2.0555555555555556E-002
         636   5.0000000000000003E-002
         637   1.4444444444444444E-002
         638   3.1666666666666669E-002
         639   2.7777777777777779E-003
         640   6.6666666666666671E-003
         641   5.8888888888888886E-002
         642   7.3333333333333334E-002
         643   4.8333333333333332E-002
         644   1.2777777777777779E-002
         645   2.8333333333333332E-002
         646   2.2777777777777779E-002
         647   3.2222222222222222E-002
         648   3.4444444444444444E-002
         649   5.3333333333333337E-002
         650   4.1666666666666664E-002
         651   6.2222222222222220E-002
         652   2.9444444444444443E-002
         653   1.6666666666666666E-002
         654   3.5000000000000003E-002
         655   8.8888888888888889E-003
         656   5.0000000000000001E-003
         657   1.5555555555555555E-002
         658   1.4999999999999999E-002
         659   1.4999999999999999E-002
         660   4.8333333333333332E-002
         661   4.0000000000000001E-002
         662   4.4444444444444446E-002
         663   7.5555555555555556E-002
         664   3.3333333333333335E-003
         665   2.4444444444444446E-002
         666   4.8888888888888891E-002
         667   4.3888888888888887E-002
         668   4.4444444444444446E-002
         669   5.5555555555555552E-002
         670   7.0555555555555552E-002
         671   5.5000000000000000E-002
         672   7.0000000000000007E-002
         673   1.5555555555555555E-002
         674   5.0000000000000001E-003
         675   2.2222222222222223E-002
         676   2.8333333333333332E-002
         677   1.7777777777777778E-002
         678   4.0555555555555553E-002
         679   5.5555555555555556E-004
         680   9.3333333333333338E-002
         681   9.9444444444444446E-002
         682   3.1111111111111110E-002
         683   2.1666666666666667E-002
         684   3.7222222222222219E-002
         685   6.2222222222222220E-002
         686   4.4999999999999998E-002
         687   4.8333333333333332E-002
         688   4.9444444444444444E-002
         689   3.8888888888888888E-003
         690   4.1111111111111112E-002
         691   5.0000000000000003E-002
         692   6.7222222222222225E-002
         693   1.1666666666666667E-002
         694   3.6666666666666667E-002
         695   3.9444444444444442E-002
         696   9.4444444444444445E-003
         697   4.7222222222222221E-002
         698   1.6666666666666666E-002
         699   6.0555555555555557E-002
         700   4.2777777777777776E-002
         701   2.2222222222222222E-003
         702   1.1111111111111112E-002
         703   5.9444444444444446E-002
         704   1.4999999999999999E-002
         705   2.0000000000000000E-002
         706   1.6111111111111111E-002
         707   6.0555555555555557E-002
         708   1.1111111111111111E-003
         709   2.3888888888888890E-002
         710   8.8888888888888889E-003
         711   3.6111111111111108E-002
         712   4.2777777777777776E-002
         713   3.8333333333333330E-002
         714   4.7777777777777780E-002
         715   3.8888888888888888E-003
         716   5.1666666666666666E-002
         717   5.9999999999999998E-002
         718   3.6666666666666667E-002
         719   2.9999999999999999E-002
         720   0.0000000000000000     
         721   8.8888888888888889E-003
         722   4.3333333333333335E-002
         723   1.0000000000000000E-002
         724   1.3888888888888888E-002
         725   3.8333333333333330E-002
         726   3.2777777777777781E-002
         727   4.1111111111111112E-002
         728   4.9444444444444444E-002
         729   8.3333333333333332E-003
         730   9.4444444444444445E-003
         731   7.2222222222222219E-003
         732   5.8888888888888886E-002
         733   9.4444444444444445E-003
         734   1.1111111111111112E-002
         735   0.0000000000000000     
         736   1.6111111111111111E-002
         737   2.8888888888888888E-002
         738   4.8888888888888891E-002
         739   7.2222222222222215E-002
         740   7.2777777777777775E-002
         741   8.2777777777777783E-002
         742   4.2777777777777776E-002
         743   5.2222222222222225E-002
         744   2.0555555555555556E-002
         745   5.8333333333333334E-002
         746   8.5000000000000006E-002
         747   6.6666666666666671E-003
         748   1.8333333333333333E-002
         749   2.8333333333333332E-002
         750   1.1111111111111111E-003
         751   1.4444444444444444E-002
         752   2.2777777777777779E-002
         753   5.1666666666666666E-002
         754   7.3333333333333334E-002
         755   7.7777777777777776E-003
         756   1.4444444444444444E-002
         757   2.7777777777777776E-002
         758   9.3888888888888883E-002
         759   7.3333333333333334E-002
         760   5.8888888888888886E-002
         761   6.8888888888888888E-002
         762   6.6111111111111107E-002
         763   2.5555555555555557E-002
         764  0.10722222222222222     
         765   5.8333333333333334E-002
         766   2.3888888888888890E-002
         767   5.8888888888888886E-002
         768   6.1111111111111114E-003
         769   3.3888888888888892E-002
         770   7.8888888888888883E-002
         771   7.1666666666666670E-002
         772   1.1111111111111112E-002
         773   2.7777777777777779E-003
         774   6.5000000000000002E-002
         775   2.2222222222222223E-002
         776   1.2777777777777779E-002
         777   7.7777777777777776E-003
         778   9.1111111111111115E-002
         779   8.0000000000000002E-002
         780   6.7777777777777784E-002
         781   1.6111111111111111E-002
         782   7.2222222222222215E-002
         783   1.1111111111111111E-003
         784   6.8888888888888888E-002
         785   7.8888888888888883E-002
         786   6.4444444444444443E-002
         787   3.3333333333333333E-002
         788   1.2222222222222223E-002
         789   4.1666666666666664E-002
         790   1.9444444444444445E-002
         791   9.4444444444444445E-003
         792   1.4444444444444444E-002
         793   4.0555555555555553E-002
         794   8.6666666666666670E-002
         795   3.1666666666666669E-002
         796   3.7777777777777778E-002
         797   6.8888888888888888E-002
         798   3.7222222222222219E-002
         799   1.4999999999999999E-002
         800   7.7777777777777779E-002
         801   4.4999999999999998E-002
         802   6.1111111111111114E-003
         803   6.6666666666666671E-003
         804   4.9444444444444444E-002
         805   6.7222222222222225E-002
         806   5.0555555555555555E-002
         807   4.6111111111111110E-002
         808   1.4999999999999999E-002
         809   3.0555555555555555E-002
         810   1.2222222222222223E-002
         811   3.8888888888888890E-002
         812   6.1111111111111109E-002
         813   6.3888888888888884E-002
         814   3.7777777777777778E-002
         815   1.6666666666666668E-003
         816   2.4444444444444446E-002
         817   4.4444444444444444E-003
         818   3.4444444444444444E-002
         819   3.8333333333333330E-002
         820   6.3333333333333339E-002
         821   7.2222222222222219E-003
         822   2.3333333333333334E-002
         823   2.9999999999999999E-002
         824   6.7777777777777784E-002
         825   2.8333333333333332E-002
         826   2.1666666666666667E-002
         827   4.4444444444444446E-002
         828   7.4999999999999997E-002
         829   8.8888888888888889E-003
         830   1.3888888888888888E-002
         831   4.4444444444444444E-003
         832   1.1111111111111112E-002
         833   5.5555555555555556E-004
         834   3.8333333333333330E-002
         835   6.2222222222222220E-002
         836   1.2222222222222223E-002
         837   1.2222222222222223E-002
         838   5.2222222222222225E-002
         839   2.4444444444444446E-002
         840   8.1666666666666665E-002
         841  0.10444444444444445     
         842   7.0555555555555552E-002
         843   2.3888888888888890E-002
         844   2.7777777777777776E-002
         845   1.5555555555555555E-002
         846   1.1111111111111111E-003
         847   3.8888888888888888E-003
         848   1.2777777777777779E-002
         849   6.2777777777777780E-002
         850   4.5555555555555557E-002
         851   3.2777777777777781E-002
         852   6.3333333333333339E-002
         853   2.3333333333333334E-002
         854   6.6666666666666671E-003
         855   1.8888888888888889E-002
         856   1.6111111111111111E-002
         857   7.1111111111111111E-002
         858   6.1111111111111109E-002
         859   5.6666666666666664E-002
         860   1.7222222222222222E-002
         861   6.2777777777777780E-002
         862   2.0555555555555556E-002
         863   5.3333333333333337E-002
         864   7.6111111111111115E-002
         865   4.6111111111111110E-002
         866   4.0000000000000001E-002
         867   5.3333333333333337E-002
         868   5.5555555555555552E-002
         869   1.1666666666666667E-002
         870   1.1666666666666667E-002
         871   7.9444444444444443E-002
         872   2.1111111111111112E-002
         873   4.4999999999999998E-002
         874   2.0555555555555556E-002
         875   5.1111111111111114E-002
         876   1.2777777777777779E-002
         877   5.6666666666666664E-002
         878   4.5555555555555557E-002
         879   2.1111111111111112E-002
         880   2.3888888888888890E-002
         881   2.9444444444444443E-002
         882   2.5555555555555557E-002
         883   5.5555555555555556E-004
         884   3.2777777777777781E-002
         885   1.1111111111111111E-003
         886   1.3888888888888888E-002
         887   2.8888888888888888E-002
         888   2.5555555555555557E-002
         889   3.3333333333333335E-003
         890   1.1666666666666667E-002
         891   7.8333333333333338E-002
         892   3.7222222222222219E-002
         893   3.7777777777777778E-002
         894   5.4444444444444441E-002
         895   7.2222222222222215E-002
         896   2.1111111111111112E-002
         897   1.3888888888888888E-002
         898   2.7777777777777779E-003
         899   5.6111111111111112E-002
         900   3.3333333333333335E-003
         901   1.6111111111111111E-002
         902   5.1666666666666666E-002
         903   2.5000000000000001E-002
         904   3.8333333333333330E-002
         905   3.7222222222222219E-002
         906   4.6666666666666669E-002
         907   5.5555555555555558E-003
         908   8.0555555555555561E-002
         909   5.8888888888888886E-002
         910   1.3888888888888888E-002
         911   9.4444444444444445E-003
         912   2.0555555555555556E-002
         913   9.2222222222222219E-002
         914   9.6111111111111105E-002
         915   8.6666666666666670E-002
         916   3.1111111111111110E-002
         917   1.1111111111111112E-002
         918   2.2222222222222223E-002
         919   2.9444444444444443E-002
         920   1.6666666666666668E-003
         921   2.2777777777777779E-002
         922   8.8888888888888889E-003
         923   4.1111111111111112E-002
         924   6.1111111111111114E-003
         925   1.1111111111111111E-003
         926   5.3333333333333337E-002
         927   2.5000000000000001E-002
         928   1.3333333333333334E-002
         929   1.4999999999999999E-002
         930   4.0000000000000001E-002
         931   2.8888888888888888E-002
         932   1.3333333333333334E-002
         933   3.0555555555555555E-002
         934   2.1666666666666667E-002
         935   1.5555555555555555E-002
         936   2.8333333333333332E-002
         937   2.9999999999999999E-002
         938   1.7222222222222222E-002
         939   3.6111111111111108E-002
         940   5.9444444444444446E-002
         941   4.2777777777777776E-002
         942   3.2222222222222222E-002
         943   3.1111111111111110E-002
         944   1.4444444444444444E-002
         945   3.1666666666666669E-002
         946   2.6666666666666668E-002
         947   5.5555555555555556E-004
         948   1.4444444444444444E-002
         949   4.8333333333333332E-002
         950   1.8888888888888889E-002
         951   1.2222222222222223E-002
         952   7.2222222222222219E-003
         953   1.0000000000000000E-002
         954   4.7777777777777780E-002
         955   6.7222222222222225E-002
         956   6.2222222222222220E-002
         957   8.1666666666666665E-002
         958   6.8333333333333329E-002
         959   5.3888888888888889E-002
         960   2.9999999999999999E-002
         961   1.4444444444444444E-002
         962   1.1666666666666667E-002
         963   5.0555555555555555E-002
         964   2.3888888888888890E-002
         965   7.7777777777777776E-003
         966   4.0000000000000001E-002
         967  0.10777777777777778     
         968   4.8333333333333332E-002
         969   3.8888888888888890E-002
         970   5.0555555555555555E-002
         971   8.0000000000000002E-002
         972   6.3333333333333339E-002
         973   2.8888888888888888E-002
         974   3.8333333333333330E-002
         975   2.1666666666666667E-002
         976   3.2777777777777781E-002
         977   2.1666666666666667E-002
         978   4.0555555555555553E-002
         979   1.6666666666666666E-002
         980   5.8888888888888886E-002
         981   2.3333333333333334E-002
         982   4.4444444444444446E-002
         983   2.7777777777777776E-002
         984   3.8888888888888888E-003
         985   2.5555555555555557E-002
         986   4.7777777777777780E-002
         987   7.5555555555555556E-002
         988   6.5555555555555561E-002
         989   3.8888888888888888E-003
         990   5.9999999999999998E-002
         991   9.5000000000000001E-002
         992   8.0000000000000002E-002
         993   7.9444444444444443E-002
         994   5.9444444444444446E-002
         995   2.8888888888888888E-002
         996   6.4444444444444443E-002
         997   8.8888888888888889E-003
         998   7.3888888888888893E-002
         999   7.7777777777777776E-003
        1000   1.9444444444444445E-002
        1001   2.6111111111111113E-002
        1002   2.2222222222222223E-002
        1003   2.1666666666666667E-002
        1004   8.5555555555555551E-002
        1005   3.8888888888888888E-003
        1006   3.3888888888888892E-002
        1007   8.9444444444444438E-002
        1008   7.2222222222222215E-002
        1009   0.0000000000000000     
        1010   3.2222222222222222E-002
        1011   1.7222222222222222E-002
        1012   6.4444444444444443E-002
        1013   6.6666666666666666E-002
        1014   8.9444444444444438E-002
        1015   4.7222222222222221E-002
        1016   3.2777777777777781E-002
        1017   2.1111111111111112E-002
        1018   7.5555555555555556E-002
        1019   1.4999999999999999E-002
        1020   2.5555555555555557E-002
        1021   9.4444444444444445E-003
        1022   5.5555555555555556E-004
        1023   1.7222222222222222E-002
        1024   4.8333333333333332E-002
        1025   7.8333333333333338E-002
        1026   8.7777777777777774E-002
        1027   7.2222222222222215E-002
        1028   4.8333333333333332E-002
        1029   1.1666666666666667E-002
        1030   5.5555555555555556E-004
        1031   2.3333333333333334E-002
        1032   3.6111111111111108E-002
        1033   1.0000000000000000E-002
        1034   2.3888888888888890E-002
        1035   6.7777777777777784E-002
        1036   4.3888888888888887E-002
        1037   5.7222222222222223E-002
        1038  0.10611111111111111     
        1039   7.4999999999999997E-002
        1040   1.9444444444444445E-002
        1041   1.1111111111111112E-002
        1042   9.4444444444444445E-003
        1043   2.2222222222222222E-003
        1044   5.5555555555555558E-003
        1045   3.1666666666666669E-002
        1046   1.1666666666666667E-002
        1047   4.4444444444444444E-003
        1048   1.1111111111111112E-002
        1049   3.5000000000000003E-002
        1050   1.0555555555555556E-002
        1051   2.1111111111111112E-002
        1052   2.0555555555555556E-002
        1053   3.3333333333333333E-002
        1054   3.3888888888888892E-002
        1055   4.7777777777777780E-002
        1056   4.8333333333333332E-002
        1057   6.6111111111111107E-002
        1058   2.9999999999999999E-002
        1059   1.6111111111111111E-002
        1060   3.4444444444444444E-002
        1061   5.0000000000000003E-002
        1062   8.3333333333333332E-003
        1063   1.6666666666666666E-002
        1064   7.3888888888888893E-002
        1065   3.2777777777777781E-002
        1066   2.3888888888888890E-002
        1067   2.1666666666666667E-002
        1068   3.5555555555555556E-002
        1069   3.8333333333333330E-002
        1070   2.7777777777777776E-002
        1071   2.0000000000000000E-002
        1072   5.9999999999999998E-002
        1073   2.6111111111111113E-002
        1074   2.3333333333333334E-002
        1075   1.7222222222222222E-002
        1076   9.6666666666666665E-002
        1077   2.7777777777777776E-002
        1078   2.1666666666666667E-002
        1079   1.6666666666666666E-002
        1080   1.9444444444444445E-002
        1081   7.4999999999999997E-002
        1082  0.10111111111111111     
        1083   2.9999999999999999E-002
        1084   2.7222222222222221E-002
        1085   5.4444444444444441E-002
        1086   2.3888888888888890E-002
        1087   3.7222222222222219E-002
        1088   8.3333333333333332E-003
        1089   5.7222222222222223E-002
        1090   5.5555555555555556E-004
        1091   1.8333333333333333E-002
        1092   7.2222222222222219E-003
        1093   2.0000000000000000E-002
        1094   1.2222222222222223E-002
        1095   2.7777777777777776E-002
        1096   2.0000000000000000E-002
        1097   1.6666666666666666E-002
        1098   4.3333333333333335E-002
        1099   4.8333333333333332E-002
        1100   2.7777777777777779E-003
        1101   3.0555555555555555E-002
        1102   1.7222222222222222E-002
        1103   1.2222222222222223E-002
        1104   1.1666666666666667E-002
        1105   1.5555555555555555E-002
        1106   4.4444444444444444E-003
        1107   1.0555555555555556E-002
        1108   3.5000000000000003E-002
        1109   5.3888888888888889E-002
        1110   5.6111111111111112E-002
        1111   4.4444444444444444E-003
        1112   3.3888888888888892E-002
        1113   2.2222222222222223E-002
        1114   1.8888888888888889E-002
        1115   7.5555555555555556E-002
        1116   8.5000000000000006E-002
        1117   9.7777777777777783E-002
        1118   4.1111111111111112E-002
        1119   5.2777777777777778E-002
        1120   4.8888888888888891E-002
        1121   1.3333333333333334E-002
        1122   2.7222222222222221E-002
        1123   1.9444444444444445E-002
        1124   3.2222222222222222E-002
        1125   8.3333333333333329E-002
        1126   4.2777777777777776E-002
        1127   9.4444444444444445E-003
        1128   2.6666666666666668E-002
        1129   2.5000000000000001E-002
        1130   9.5555555555555560E-002
        1131   4.0555555555555553E-002
        1132   3.8333333333333330E-002
        1133   5.3888888888888889E-002
        1134   6.1111111111111114E-003
        1135   4.4444444444444444E-003
        1136   5.7222222222222223E-002
        1137   1.1666666666666667E-002
        1138   6.7777777777777784E-002
        1139   7.1666666666666670E-002
        1140   6.0555555555555557E-002
        1141   9.4444444444444445E-003
        1142   2.1666666666666667E-002
        1143   1.3333333333333334E-002
        1144   6.6666666666666671E-003
        1145   4.0555555555555553E-002
        1146   1.9444444444444445E-002
        1147   8.2222222222222224E-002
        1148   2.2777777777777779E-002
        1149   5.5555555555555556E-004
        1150   1.1666666666666667E-002
        1151   3.2222222222222222E-002
        1152   1.7222222222222222E-002
        1153   9.7777777777777783E-002
        1154   4.8888888888888891E-002
        1155   4.7777777777777780E-002
        1156   4.4444444444444446E-002
        1157   3.1666666666666669E-002
        1158   8.0000000000000002E-002
        1159   8.8888888888888892E-002
        1160   7.8888888888888883E-002
        1161   1.2222222222222223E-002
        1162   1.2222222222222223E-002
        1163   8.8888888888888889E-003
        1164   1.9444444444444445E-002
        1165   6.6666666666666671E-003
        1166   1.5555555555555555E-002
        1167   2.4444444444444446E-002
        1168   2.7777777777777776E-002
        1169   4.4999999999999998E-002
        1170   3.5555555555555556E-002
        1171   2.8888888888888888E-002
        1172   7.0555555555555552E-002
        1173   5.6111111111111112E-002
        1174   5.5000000000000000E-002
        1175   1.2222222222222223E-002
        1176   7.4444444444444438E-002
        1177   1.3333333333333334E-002
        1178   5.7222222222222223E-002
        1179   7.8333333333333338E-002
        1180   0.0000000000000000     
        1181   6.1666666666666668E-002
        1182   6.9444444444444448E-002
        1183   5.1111111111111114E-002
        1184   3.6666666666666667E-002
        1185   1.3888888888888888E-002
        1186   4.6111111111111110E-002
        1187   5.9999999999999998E-002
        1188   5.0555555555555555E-002
        1189   4.2222222222222223E-002
        1190   6.9444444444444448E-002
        1191   1.6111111111111111E-002
        1192   2.5000000000000001E-002
        1193   1.1666666666666667E-002
        1194   6.1111111111111114E-003
        1195   1.5555555555555555E-002
        1196   4.3888888888888887E-002
        1197   2.0555555555555556E-002
        1198   1.5555555555555555E-002
        1199   1.6666666666666668E-003
        1200   4.6111111111111110E-002
        1201   1.6111111111111111E-002
        1202   2.1111111111111112E-002
        1203   3.7222222222222219E-002
        1204   1.1666666666666667E-002
        1205   2.3888888888888890E-002
        1206   2.1666666666666667E-002
        1207   6.1111111111111114E-003
        1208   6.5555555555555561E-002
        1209   2.7222222222222221E-002
        1210   7.1666666666666670E-002
        1211  0.11333333333333333     
        1212   8.3333333333333329E-002
        1213  0.11000000000000000     
        1214   6.1666666666666668E-002
        1215   1.0000000000000000E-002
        1216   4.6111111111111110E-002
        1217   6.7222222222222225E-002
        1218   4.8888888888888891E-002
        1219   4.0555555555555553E-002
        1220   2.2222222222222223E-002
        1221   1.2222222222222223E-002
        1222   1.3888888888888888E-002
        1223   5.5555555555555556E-004
        1224   4.2222222222222223E-002
        1225   1.4999999999999999E-002
        1226   2.7777777777777776E-002
        1227   7.7777777777777776E-003
        1228   2.0000000000000000E-002
        1229  0.11277777777777778     
        1230   6.5000000000000002E-002
        1231   6.2777777777777780E-002
        1232   5.0000000000000003E-002
        1233   3.5000000000000003E-002
        1234   6.1111111111111114E-003
        1235   2.2777777777777779E-002
        1236   4.1111111111111112E-002
        1237   5.7222222222222223E-002
        1238   7.7777777777777776E-003
        1239   3.7222222222222219E-002
        1240   5.3333333333333337E-002
        1241   3.8333333333333330E-002
        1242   4.4444444444444446E-002
        1243   5.3888888888888889E-002
        1244   5.1666666666666666E-002
        1245   3.2222222222222222E-002
        1246   4.6111111111111110E-002
        1247   2.6111111111111113E-002
        1248   6.2222222222222220E-002
        1249   9.1666666666666660E-002
        1250   6.7222222222222225E-002
        1251   3.6111111111111108E-002
        1252   7.2222222222222219E-003
        1253   3.8888888888888888E-003
        1254   5.3333333333333337E-002
        1255   5.5555555555555556E-004
        1256   4.9444444444444444E-002
        1257   1.7777777777777778E-002
        1258   1.2777777777777779E-002
        1259   1.2777777777777779E-002
        1260   3.6111111111111108E-002
        1261   2.3333333333333334E-002
        1262   1.8333333333333333E-002
        1263   1.0555555555555556E-002
        1264   1.7222222222222222E-002
        1265   4.8333333333333332E-002
        1266   3.7777777777777778E-002
        1267   4.5555555555555557E-002
        1268   3.1666666666666669E-002
        1269   1.0000000000000000E-002
        1270   4.0000000000000001E-002
        1271   5.3333333333333337E-002
        1272   7.8888888888888883E-002
        1273   8.3888888888888888E-002
        1274   6.1111111111111114E-003
        1275   2.9999999999999999E-002
        1276   5.0000000000000001E-003
        1277   5.0000000000000001E-003
        1278   2.6666666666666668E-002
        1279   3.6111111111111108E-002
        1280   6.7777777777777784E-002
        1281   1.6666666666666668E-003
        1282   5.0000000000000003E-002
        1283   6.8333333333333329E-002
        1284   8.3333333333333332E-003
        1285   3.1666666666666669E-002
        1286   4.2222222222222223E-002
        1287   2.5000000000000001E-002
        1288   1.3888888888888888E-002
        1289   7.7777777777777776E-003
        1290   5.5000000000000000E-002
        1291   2.0000000000000000E-002
        1292   1.8888888888888889E-002
        1293   2.3333333333333334E-002
        1294   1.1111111111111112E-002
        1295   4.0000000000000001E-002
        1296   2.9444444444444443E-002
        1297   1.3888888888888888E-002
        1298   2.1666666666666667E-002
        1299   1.1666666666666667E-002
        1300   2.2222222222222222E-003
        1301   6.4444444444444443E-002
        1302   5.8888888888888886E-002
        1303   7.0000000000000007E-002
        1304   1.1666666666666667E-002
        1305   2.6666666666666668E-002
        1306   5.8888888888888886E-002
        1307   2.8888888888888888E-002
        1308   8.8333333333333333E-002
        1309   9.8333333333333328E-002
        1310   8.9444444444444438E-002
        1311   8.3888888888888888E-002
        1312   8.4444444444444447E-002
        1313   1.4444444444444444E-002
        1314   2.8888888888888888E-002
        1315   5.8333333333333334E-002
        1316   9.4444444444444445E-003
        1317   2.0555555555555556E-002
        1318   3.4444444444444444E-002
        1319   2.6111111111111113E-002
        1320   4.6111111111111110E-002
        1321   7.5555555555555556E-002
        1322   7.0555555555555552E-002
        1323   8.1111111111111106E-002
        1324   3.6111111111111108E-002
        1325   8.1111111111111106E-002
        1326   4.5555555555555557E-002
        1327   3.1666666666666669E-002
        1328   2.1111111111111112E-002
        1329   4.6666666666666669E-002
        1330   6.4444444444444443E-002
        1331   8.8888888888888889E-003
        1332   1.1666666666666667E-002
        1333   2.8888888888888888E-002
        1334   6.6666666666666666E-002
        1335   2.0555555555555556E-002
        1336   8.3333333333333332E-003
        1337   5.6666666666666664E-002
        1338   6.3888888888888884E-002
        1339   1.1111111111111111E-003
        1340   2.5000000000000001E-002
        1341   5.1111111111111114E-002
        1342   3.3333333333333333E-002
        1343   1.7777777777777778E-002
        1344   1.3333333333333334E-002
        1345   6.1111111111111114E-003
        1346   5.8333333333333334E-002
        1347   6.6666666666666671E-003
        1348   4.7222222222222221E-002
        1349   4.3333333333333335E-002
        1350   1.0555555555555556E-002
        1351   3.2777777777777781E-002
        1352   1.1111111111111111E-003
        1353   7.4444444444444438E-002
        1354   5.9999999999999998E-002
        1355   1.7777777777777778E-002
        1356   9.4444444444444445E-003
        1357   1.8333333333333333E-002
        1358   3.6666666666666667E-002
        1359   2.5555555555555557E-002
        1360   5.6666666666666664E-002
        1361   8.0555555555555561E-002
        1362   5.0555555555555555E-002
        1363   2.4444444444444446E-002
        1364   2.0000000000000000E-002
        1365   3.9444444444444442E-002
        1366   8.5555555555555551E-002
        1367   8.5000000000000006E-002
        1368   0.0000000000000000     
        1369   3.6111111111111108E-002
        1370   1.6666666666666668E-003
        1371   7.0555555555555552E-002
        1372   1.0555555555555556E-002
        1373   3.6111111111111108E-002
        1374   3.2222222222222222E-002
        1375  0.10111111111111111     
        1376   8.6111111111111110E-002
        1377   1.9444444444444445E-002
        1378   1.4444444444444444E-002
        1379   1.6666666666666668E-003
        1380   2.0555555555555556E-002
        1381   1.8888888888888889E-002
        1382   5.5555555555555558E-003
        1383   1.7777777777777778E-002
        1384   7.1111111111111111E-002
        1385   1.8888888888888889E-002
        1386   2.0555555555555556E-002
        1387   1.1111111111111111E-003
        1388   3.3888888888888892E-002
        1389   3.1666666666666669E-002
        1390   4.2222222222222223E-002
        1391   1.9444444444444445E-002
        1392   5.2777777777777778E-002
        1393   3.9444444444444442E-002
        1394   1.7222222222222222E-002
        1395   1.7777777777777778E-002
        1396   2.0000000000000000E-002
        1397   5.9444444444444446E-002
        1398   6.6666666666666671E-003
        1399   4.7222222222222221E-002
        1400   1.9444444444444445E-002
        1401   5.5555555555555556E-004
        1402   3.3888888888888892E-002
        1403   1.2222222222222223E-002
        1404   6.7777777777777784E-002
        1405   6.6666666666666671E-003
        1406   3.3333333333333335E-003
        1407   3.7222222222222219E-002
        1408   4.4999999999999998E-002
        1409   2.3333333333333334E-002
        1410   1.4999999999999999E-002
        1411   6.6111111111111107E-002
        1412  0.11166666666666666     
        1413   7.8888888888888883E-002
        1414   5.4444444444444441E-002
        1415   1.1111111111111112E-002
        1416   6.6666666666666671E-003
        1417   2.3333333333333334E-002
        1418   1.4999999999999999E-002
        1419   1.4444444444444444E-002
        1420   1.1666666666666667E-002
        1421   1.7222222222222222E-002
        1422   5.5555555555555558E-003
        1423   2.9444444444444443E-002
        1424  0.10111111111111111     
        1425   8.7777777777777774E-002
        1426   6.2777777777777780E-002
        1427   3.5000000000000003E-002
        1428   4.2222222222222223E-002
        1429   8.8888888888888889E-003
        1430   4.5555555555555557E-002
        1431   8.8888888888888892E-002
        1432   5.0000000000000003E-002
        1433   3.7777777777777778E-002
        1434   8.3333333333333332E-003
        1435   4.2777777777777776E-002
        1436   6.6666666666666666E-002
        1437   2.1666666666666667E-002
        1438   1.3888888888888888E-002
        1439   4.3333333333333335E-002
        1440   5.0000000000000003E-002
        1441   5.0000000000000001E-003
        1442   1.3333333333333334E-002
        1443   1.6666666666666668E-003
        1444   4.6111111111111110E-002
        1445   3.2777777777777781E-002
        1446   5.1666666666666666E-002
        1447   1.3333333333333334E-002
        1448   1.5555555555555555E-002
        1449   4.3333333333333335E-002
        1450   8.0555555555555561E-002
        1451   4.8888888888888891E-002
        1452   4.4444444444444444E-003
        1453   1.3888888888888888E-002
        1454   7.7777777777777776E-003
        1455   6.1666666666666668E-002
        1456   2.5555555555555557E-002
        1457   8.6666666666666670E-002
        1458   2.8333333333333332E-002
        1459   5.0000000000000001E-003
        1460   7.1111111111111111E-002
        1461   4.8888888888888891E-002
        1462   2.1666666666666667E-002
        1463   2.1666666666666667E-002
        1464   2.8333333333333332E-002
        1465   5.5000000000000000E-002
        1466   6.9444444444444448E-002
        1467   7.1666666666666670E-002
        1468  0.12944444444444445     
        1469   9.1111111111111115E-002
        1470   3.7777777777777778E-002
        1471   2.6111111111111113E-002
        1472   6.3333333333333339E-002
        1473   2.0555555555555556E-002
        1474   3.1666666666666669E-002
        1475   1.7777777777777778E-002
        1476   1.7777777777777778E-002
        1477   6.5555555555555561E-002
        1478   2.6666666666666668E-002
        1479   4.1111111111111112E-002
        1480   9.8888888888888887E-002
        1481   5.9444444444444446E-002
        1482   1.1666666666666667E-002
        1483   3.6111111111111108E-002
        1484   1.6111111111111111E-002
        1485   3.2777777777777781E-002
        1486   1.4999999999999999E-002
        1487   4.4444444444444444E-003
        1488   6.6666666666666671E-003
        1489   4.1666666666666664E-002
        1490   5.0000000000000001E-003
        1491   3.2222222222222222E-002
        1492   5.9999999999999998E-002
        1493   8.0555555555555561E-002
        1494   3.3888888888888892E-002
        1495   4.5555555555555557E-002
        1496   6.1111111111111114E-003
        1497   9.4444444444444445E-003
        1498   1.0555555555555556E-002
        1499   2.9444444444444443E-002
        1500   1.6111111111111111E-002
        1501   5.9999999999999998E-002
        1502   2.4444444444444446E-002
        1503   1.3888888888888888E-002
        1504   2.3888888888888890E-002
        1505   2.0000000000000000E-002
        1506   8.1666666666666665E-002
        1507   3.4444444444444444E-002
        1508   7.2222222222222219E-003
        1509   1.1111111111111112E-002
        1510   3.2777777777777781E-002
        1511   7.5555555555555556E-002
        1512   1.5555555555555555E-002
        1513   1.8333333333333333E-002
        1514   3.4444444444444444E-002
        1515   2.6111111111111113E-002
        1516   5.5555555555555558E-003
        1517   8.8888888888888889E-003
        1518   2.9999999999999999E-002
        1519   4.7777777777777780E-002
        1520   5.3333333333333337E-002
        1521   5.8333333333333334E-002
        1522   4.4444444444444444E-003
        1523   1.9444444444444445E-002
        1524   6.6666666666666671E-003
        1525   6.1666666666666668E-002
        1526  0.13111111111111112     
        1527   4.4444444444444446E-002
        1528   1.4444444444444444E-002
        1529   3.5555555555555556E-002
        1530   4.2222222222222223E-002
        1531   3.8333333333333330E-002
        1532   8.3333333333333332E-003
        1533   3.8888888888888890E-002
        1534   1.5555555555555555E-002
        1535   2.1666666666666667E-002
        1536   3.8888888888888890E-002
        1537   4.0555555555555553E-002
        1538   7.6666666666666661E-002
        1539   4.5555555555555557E-002
        1540   2.1111111111111112E-002
        1541   2.0555555555555556E-002
        1542   2.2222222222222223E-002
        1543   1.4444444444444444E-002
        1544   4.4444444444444444E-003
        1545   5.5555555555555558E-003
        1546   3.8888888888888890E-002
        1547   1.0000000000000000E-002
        1548   8.3333333333333332E-003
        1549   1.3333333333333334E-002
        1550   3.1666666666666669E-002
        1551   3.5555555555555556E-002
        1552   4.1111111111111112E-002
        1553   3.8888888888888890E-002
        1554   2.2222222222222223E-002
        1555   3.7777777777777778E-002
        1556   3.2222222222222222E-002
        1557   3.7222222222222219E-002
        1558   6.3888888888888884E-002
        1559   3.1666666666666669E-002
        1560   3.1666666666666669E-002
        1561   2.2222222222222222E-003
        1562   1.7222222222222222E-002
        1563   1.1111111111111112E-002
        1564   1.8888888888888889E-002
        1565   9.5000000000000001E-002
        1566   3.7777777777777778E-002
        1567   3.3333333333333333E-002
        1568   2.1666666666666667E-002
        1569   5.0000000000000003E-002
        1570   6.3888888888888884E-002
        1571   7.8888888888888883E-002
        1572   5.9444444444444446E-002
        1573  0.11388888888888889     
        1574  0.10777777777777778     
        1575  0.16611111111111110     
        1576  0.13500000000000001     
        1577  0.13555555555555557     
        1578   8.0555555555555561E-002
        1579   1.8333333333333333E-002
        1580   3.5555555555555556E-002
        1581   1.1111111111111112E-002
        1582   1.6111111111111111E-002
        1583   2.1111111111111112E-002
        1584   5.4444444444444441E-002
        1585   1.4999999999999999E-002
        1586   1.3888888888888888E-002
        1587   4.1666666666666664E-002
        1588   6.5000000000000002E-002
        1589  0.10444444444444445     
        1590  0.16166666666666665     
        1591  0.14611111111111111     
        1592  0.10055555555555555     
        1593   3.6666666666666667E-002
        1594   1.0555555555555556E-002
        1595   2.8888888888888888E-002
        1596   1.2222222222222223E-002
        1597   2.2222222222222222E-003
        1598   6.7222222222222225E-002
        1599   9.4444444444444442E-002
        1600   4.6111111111111110E-002
        1601   4.4999999999999998E-002
        1602   1.4444444444444444E-002
        1603   2.4444444444444446E-002
        1604   3.3333333333333333E-002
        1605   1.0000000000000000E-002
        1606   4.1666666666666664E-002
        1607   6.7222222222222225E-002
        1608   3.4444444444444444E-002
        1609   6.7222222222222225E-002
        1610   8.8888888888888892E-002
        1611   5.0000000000000001E-003
        1612   3.6111111111111108E-002
        1613   1.2777777777777779E-002
        1614   6.1111111111111114E-003
        1615   1.6666666666666666E-002
        1616   3.6666666666666667E-002
        1617   1.9444444444444445E-002
        1618   1.2222222222222223E-002
        1619   2.4444444444444446E-002
        1620   4.3333333333333335E-002
        1621   1.4999999999999999E-002
        1622   1.3333333333333334E-002
        1623   7.6666666666666661E-002
        1624   8.7222222222222229E-002
        1625   5.5000000000000000E-002
        1626   3.2777777777777781E-002
        1627   1.7222222222222222E-002
        1628   2.0555555555555556E-002
        1629   7.8333333333333338E-002
        1630   6.1111111111111114E-003
        1631   1.1666666666666667E-002
        1632   3.5000000000000003E-002
        1633   6.5000000000000002E-002
        1634   4.7777777777777780E-002
        1635   1.0000000000000000E-002
        1636   1.2777777777777779E-002
        1637   1.6666666666666666E-002
        1638   2.3888888888888890E-002
        1639   2.2222222222222223E-002
        1640   2.7777777777777776E-002
        1641   7.2222222222222219E-003
        1642   1.8888888888888889E-002
        1643   4.3888888888888887E-002
        1644   3.5000000000000003E-002
        1645   6.8333333333333329E-002
        1646   2.7777777777777776E-002
        1647   4.2777777777777776E-002
        1648   5.5555555555555552E-002
        1649   5.3333333333333337E-002
        1650   2.1111111111111112E-002
        1651   5.3888888888888889E-002
        1652   1.7222222222222222E-002
        1653   5.3888888888888889E-002
        1654   1.8333333333333333E-002
        1655   0.0000000000000000     
        1656   8.3333333333333332E-003
        1657   3.5000000000000003E-002
        1658   7.7777777777777776E-003
        1659   3.8333333333333330E-002
        1660   0.0000000000000000     
        1661   4.7777777777777780E-002
        1662   3.3888888888888892E-002
        1663   3.2777777777777781E-002
        1664   2.7777777777777776E-002
        1665   2.2222222222222223E-002
        1666   3.0555555555555555E-002
        1667   6.1111111111111114E-003
        1668   7.8888888888888883E-002
        1669   5.3333333333333337E-002
        1670   1.1111111111111111E-003
        1671   2.2222222222222222E-003
        1672   5.5555555555555558E-003
        1673   3.8333333333333330E-002
        1674   1.0000000000000000E-002
        1675   4.6111111111111110E-002
        1676   1.2777777777777779E-002
        1677   5.7222222222222223E-002
        1678   2.8888888888888888E-002
        1679   4.0555555555555553E-002
        1680   5.5555555555555552E-002
        1681   4.5555555555555557E-002
        1682   3.1111111111111110E-002
        1683   4.5555555555555557E-002
        1684   2.1666666666666667E-002
        1685   9.4444444444444445E-003
        1686   3.1111111111111110E-002
        1687   3.7777777777777778E-002
        1688   5.5555555555555552E-002
        1689   1.0000000000000000E-002
        1690   2.0555555555555556E-002
        1691   3.9444444444444442E-002
        1692   2.2777777777777779E-002
        1693   4.2777777777777776E-002
        1694   3.2777777777777781E-002
        1695   3.8888888888888888E-003
        1696   1.8333333333333333E-002
        1697   6.1666666666666668E-002
        1698   2.1111111111111112E-002
        1699   2.3888888888888890E-002
        1700   7.9444444444444443E-002
        1701   5.3333333333333337E-002
        1702   1.1111111111111112E-002
        1703   4.3888888888888887E-002
        1704   1.0000000000000000E-002
        1705   7.2222222222222219E-003
        1706   7.2222222222222219E-003
        1707   3.4444444444444444E-002
        1708   3.9444444444444442E-002
        1709   4.6666666666666669E-002
        1710   3.8888888888888888E-003
        1711   8.8888888888888889E-003
        1712   2.2777777777777779E-002
        1713   1.8888888888888889E-002
        1714   2.3888888888888890E-002
        1715   0.0000000000000000     
        1716   5.6666666666666664E-002
        1717   8.2777777777777783E-002
        1718   5.5000000000000000E-002
        1719   2.7777777777777776E-002
        1720   2.7777777777777776E-002
        1721   2.6666666666666668E-002
        1722   6.4444444444444443E-002
        1723   2.5000000000000001E-002
        1724   1.0555555555555556E-002
        1725   2.9444444444444443E-002
        1726   1.4999999999999999E-002
        1727   7.7222222222222220E-002
        1728   7.0555555555555552E-002
        1729   1.0000000000000000E-002
        1730   1.1111111111111111E-003
        1731   7.7777777777777776E-003
        1732   8.8888888888888889E-003
        1733   3.6666666666666667E-002
        1734   4.0555555555555553E-002
        1735   8.0555555555555561E-002
        1736   3.4444444444444444E-002
        1737   5.2222222222222225E-002
        1738   6.6666666666666671E-003
        1739   3.5000000000000003E-002
        1740   1.8888888888888889E-002
        1741   3.3888888888888892E-002
        1742   5.3888888888888889E-002
        1743   4.5555555555555557E-002
        1744  0.10666666666666667     
        1745   1.5555555555555555E-002
        1746   1.7777777777777778E-002
        1747   2.6666666666666668E-002
        1748   4.4999999999999998E-002
        1749   7.3888888888888893E-002
        1750   8.8888888888888889E-003
        1751   9.4444444444444445E-003
        1752   1.7222222222222222E-002
        1753   5.5555555555555556E-004
        1754   6.6666666666666671E-003
        1755   0.0000000000000000     
        1756   3.7222222222222219E-002
        1757   2.4444444444444446E-002
        1758   5.1666666666666666E-002
        1759   3.4444444444444444E-002
        1760   6.5000000000000002E-002
        1761  0.10777777777777778     
        1762   6.7222222222222225E-002
        1763   2.9444444444444443E-002
        1764   3.8888888888888888E-003
        1765   4.4444444444444444E-003
        1766   3.0555555555555555E-002
        1767   1.2777777777777779E-002
        1768   2.7777777777777776E-002
        1769   5.0555555555555555E-002
        1770  0.10166666666666667     
        1771   4.3333333333333335E-002
        1772   3.5000000000000003E-002
        1773   3.3333333333333335E-003
        1774   5.4444444444444441E-002
        1775   2.7777777777777776E-002
        1776   1.7222222222222222E-002
        1777   2.1111111111111112E-002
        1778   4.1666666666666664E-002
        1779   3.6666666666666667E-002
        1780   6.5000000000000002E-002
        1781   9.1666666666666660E-002
        1782   4.7222222222222221E-002
        1783   7.2222222222222219E-003
        1784   1.4999999999999999E-002
        1785   1.6111111111111111E-002
        1786   5.3333333333333337E-002
        1787   9.1111111111111115E-002
        1788   4.9444444444444444E-002
        1789   6.2222222222222220E-002
        1790   3.8333333333333330E-002
        1791   3.5555555555555556E-002
        1792   6.1111111111111114E-003
        1793   6.1111111111111114E-003
        1794   1.5555555555555555E-002
        1795   3.3333333333333335E-003
        1796   2.0000000000000000E-002
        1797   3.0555555555555555E-002
        1798   1.1111111111111112E-002
        1799   3.7222222222222219E-002
        1800   9.5000000000000001E-002
        1801   2.9444444444444443E-002
        1802   3.2222222222222222E-002
        1803   7.2222222222222219E-003
        1804   8.8888888888888889E-003
        1805   2.4444444444444446E-002
        1806   3.2777777777777781E-002
        1807   3.1111111111111110E-002
        1808   1.0555555555555556E-002
        1809   5.5555555555555556E-004
        1810   2.9444444444444443E-002
        1811   1.1111111111111111E-003
        1812   1.2222222222222223E-002
        1813   6.1111111111111114E-003
        1814   1.7777777777777778E-002
        1815   4.4999999999999998E-002
        1816   1.2222222222222223E-002
        1817   3.8888888888888890E-002
        1818   1.1666666666666667E-002
        1819   2.5000000000000001E-002
        1820   5.5555555555555558E-003
        1821   4.2777777777777776E-002
        1822   4.3333333333333335E-002
        1823   6.8333333333333329E-002
        1824   4.4444444444444446E-002
        1825   4.1111111111111112E-002
        1826   6.6666666666666666E-002
        1827   6.9444444444444448E-002
        1828   2.3333333333333334E-002
        1829   5.8888888888888886E-002
        1830   8.6111111111111110E-002
        1831   1.4999999999999999E-002
        1832   1.6666666666666666E-002
        1833   3.1666666666666669E-002
        1834   3.5000000000000003E-002
        1835   1.6666666666666668E-003
        1836   6.6666666666666671E-003
        1837  0.11500000000000000     
        1838   4.6111111111111110E-002
        1839   3.7777777777777778E-002
        1840   5.0000000000000001E-003
        1841   5.1666666666666666E-002
        1842   8.8888888888888889E-003
        1843   4.1111111111111112E-002
        1844   3.3333333333333335E-003
        1845   3.7777777777777778E-002
        1846   3.3333333333333333E-002
        1847   8.0000000000000002E-002
        1848   6.6666666666666666E-002
        1849   1.6666666666666666E-002
        1850   3.7777777777777778E-002
        1851   2.2222222222222222E-003
        1852   2.7222222222222221E-002
        1853   6.1111111111111114E-003
        1854   2.2222222222222222E-003
        1855   3.3333333333333335E-003
        1856   3.7777777777777778E-002
        1857   4.3333333333333335E-002
        1858   7.2222222222222219E-003
        1859   5.1111111111111114E-002
        1860   1.4444444444444444E-002
        1861   4.3888888888888887E-002
        1862   2.4444444444444446E-002
        1863   2.4444444444444446E-002
        1864   3.3333333333333333E-002
        1865   8.9999999999999997E-002
        1866   6.5000000000000002E-002
        1867   2.0000000000000000E-002
        1868   2.6111111111111113E-002
        1869   5.0555555555555555E-002
        1870   1.3888888888888888E-002
        1871   1.1111111111111111E-003
        1872   1.1111111111111112E-002
        1873   1.6111111111111111E-002
        1874   4.6666666666666669E-002
        1875   8.8333333333333333E-002
        1876   3.8333333333333330E-002
        1877   2.8333333333333332E-002
        1878   4.2777777777777776E-002
        1879   6.6666666666666671E-003
        1880   6.6666666666666671E-003
        1881   5.6111111111111112E-002
        1882   7.8888888888888883E-002
        1883   3.7777777777777778E-002
        1884   3.1666666666666669E-002
        1885  0.10055555555555555     
        1886   2.7222222222222221E-002
        1887   2.0555555555555556E-002
        1888   6.6666666666666671E-003
        1889   3.3333333333333335E-003
        1890   1.8333333333333333E-002
        1891   3.8888888888888888E-003
        1892   8.1666666666666665E-002
        1893   6.6666666666666671E-003
        1894   2.0000000000000000E-002
        1895   1.6666666666666668E-003
        1896   2.1111111111111112E-002
        1897   2.0555555555555556E-002
        1898   2.4444444444444446E-002
        1899   3.3888888888888892E-002
        1900   8.1666666666666665E-002
        1901   6.9444444444444448E-002
        1902   8.0555555555555561E-002
        1903   1.7777777777777778E-002
        1904   7.7777777777777776E-003
        1905   3.8888888888888888E-003
        1906   2.9999999999999999E-002
        1907   1.2222222222222223E-002
        1908   1.3888888888888888E-002
        1909   1.7222222222222222E-002
        1910   2.1111111111111112E-002
        1911   1.2777777777777779E-002
        1912   1.7222222222222222E-002
        1913   9.3888888888888883E-002
        1914   4.9444444444444444E-002
        1915   4.0000000000000001E-002
        1916   7.4999999999999997E-002
        1917   4.1111111111111112E-002
        1918   2.6111111111111113E-002
        1919   5.9444444444444446E-002
        1920   3.0555555555555555E-002
        1921   3.2777777777777781E-002
        1922   7.7777777777777779E-002
        1923   3.2222222222222222E-002
        1924   4.0555555555555553E-002
        1925   1.1111111111111112E-002
        1926   4.3333333333333335E-002
        1927   2.9999999999999999E-002
        1928   1.2222222222222223E-002
        1929   1.9444444444444445E-002
        1930   4.9444444444444444E-002
        1931  0.10055555555555555     
        1932   2.5555555555555557E-002
        1933   4.7777777777777780E-002
        1934   7.1111111111111111E-002
        1935   5.5000000000000000E-002
        1936   5.7777777777777775E-002
        1937   4.8333333333333332E-002
        1938   5.5555555555555558E-003
        1939   2.2777777777777779E-002
        1940   1.1666666666666667E-002
        1941   4.4999999999999998E-002
        1942   5.0000000000000003E-002
        1943   7.7777777777777776E-003
        1944   5.5555555555555556E-004
        1945   1.1111111111111111E-003
        1946   2.8333333333333332E-002
        1947   6.1111111111111114E-003
        1948   6.1111111111111114E-003
        1949   0.0000000000000000     
        1950   2.2777777777777779E-002
        1951   3.1666666666666669E-002
        1952   8.3333333333333332E-003
        1953   7.2222222222222219E-003
        1954   6.6666666666666671E-003
        1955   4.9444444444444444E-002
        1956   8.8888888888888892E-002
        1957   9.2222222222222219E-002
        1958   2.5000000000000001E-002
        1959   5.3888888888888889E-002
        1960   4.8333333333333332E-002
        1961   3.6111111111111108E-002
        1962   1.5555555555555555E-002
        1963   6.7777777777777784E-002
        1964   3.4444444444444444E-002
        1965   1.4999999999999999E-002
        1966   5.5555555555555552E-002
        1967   2.2222222222222222E-003
        1968   2.7777777777777776E-002
        1969   1.1111111111111111E-003
        1970   1.1111111111111112E-002
        1971   4.4999999999999998E-002
        1972   3.8888888888888890E-002
        1973   1.6666666666666668E-003
        1974   8.3333333333333332E-003
        1975   4.7777777777777780E-002
        1976   5.2222222222222225E-002
        1977   2.2222222222222222E-003
        1978   3.7222222222222219E-002
        1979   2.1666666666666667E-002
        1980   2.3333333333333334E-002
        1981   1.6666666666666666E-002
        1982   4.0555555555555553E-002
        1983   8.1666666666666665E-002
        1984   5.6666666666666664E-002
        1985   1.0000000000000000E-002
        1986  0.10277777777777777     
        1987  0.11833333333333333     
        1988  0.11222222222222222     
        1989   8.0000000000000002E-002
        1990   3.6666666666666667E-002
        1991   8.0555555555555561E-002
        1992   3.2222222222222222E-002
        1993   1.6111111111111111E-002
        1994   1.4999999999999999E-002
        1995   1.0000000000000000E-002
        1996   1.1666666666666667E-002
        1997   2.7777777777777779E-003
        1998   1.3333333333333334E-002
        1999   1.9444444444444445E-002
        2000   1.0000000000000000E-002
