           1  -1.3905600000544971E-002
           2  -2.7159056000005433     
           3  -2.3183056000005400     
           4 -0.85150560000056397     
           5  -4.4555056000005582     
           6  -2.4251056000005233     
           7 -0.17630560000056184     
           8  -3.5105600000552073E-002
           9  -4.8079056000005371     
          10  0.17889439999942380     
          11  -5.6843056000005605     
          12  -4.2435056000005424     
          13  -1.8991056000005790     
          14  -3.9407056000005349     
          15  -4.7531056000005583     
          16  -5.8371056000005588     
          17  -6.8011056000005787     
          18  -2.5990481418255712E+069
          19  -1.7695646923067718E+069
          20  -1.6589668990375985E+068
          21  -2.1566569687488783E+069
          22  -2.2672547620180514E+069
          23  -4.9216019386909505E+069
          24  -1.1319962316760077E+128
          25  -7.7072083858792023E+127
          26  -7.2255078617617509E+126
          27  -9.3931602202902772E+127
          28  -9.8748607444077266E+127
          29  -1.0115711006466451E+128
          30   1.8472057413245790E+273
          31   1.2576719940933306E+273
          32   1.1790674944624974E+272
          33   1.5327877428012465E+273
          34   1.6113922424320797E+273
          35   1.6506944922474962E+273
          36   1.6113922424320797E+273
          37   1.1004629948316644E+273
          38   1.6506944922474962E+273
          39   1.3362764937241637E+273
          40   1.6113922424320797E+273
          41   1.2969742439087472E+273
          42   1.0611607450162477E+273
          43   6.2883599704666531E+272
          44   1.1397652446470807E+273
          45   1.8865079911399958E+273
          46   1.5327877428012465E+273
          47   1.7292989918783296E+273
          48   1.8079034915091627E+273
          49   1.9651124907708292E+272
          50   1.2576719940933306E+273
          51   3.1441799852333266E+272
          52   1.6113922424320797E+273
          53   1.1790674944624973E+273
          54   1.7292989918783296E+273
          55   1.3755787435395801E+273
          56   1.3362764937241637E+273
          57   1.5720899926166633E+273
          58   1.0218584952008310E+273
          59   1.7292989918783296E+273
          60   1.7686012416937461E+273
          61   7.8604499630833164E+271
          62   7.0744049667749843E+272
          63   1.7292989918783296E+273
          64   7.8604499630833167E+272
          65   1.2969742439087472E+273
          66   1.0611607450162477E+273
          67   1.5720899926166633E+272
          68   1.8865079911399958E+273
          69   1.4148809933549969E+273
          70   1.3755787435395801E+273
          71   1.0611607450162477E+273
          72   1.7686012416937461E+273
          73   6.2883599704666531E+272
          74   1.9651124907708292E+272
          75   1.6506944922474962E+273
          76   1.5720899926166633E+272
          77   1.9651124907708292E+272
          78   1.5327877428012465E+273
          79   1.6113922424320797E+273
          80   8.6464949593916479E+272
          81   1.1790674944624973E+273
          82   1.4934854929858300E+273
          83   1.4148809933549969E+273
          84   1.4934854929858300E+273
          85   7.0744049667749843E+272
          86   1.2183697442779138E+273
          87   1.8865079911399958E+273
          88   1.3755787435395801E+273
          89   1.1004629948316644E+273
          90   1.1004629948316644E+273
          91   1.8472057413245790E+273
          92   1.1397652446470807E+273
          93   1.6113922424320797E+273
          94   1.1397652446470807E+273
          95   5.5023149741583219E+272
          96   1.6506944922474962E+273
          97   1.1790674944624973E+273
          98   3.5372024833874922E+272
          99   5.5023149741583219E+272
         100   7.4674274649291499E+272
         101   4.7162699778499895E+272
         102   9.8255624538541447E+272
         103   1.2576719940933306E+273
         104   1.4148809933549969E+273
         105   1.5720899926166633E+272
         106   1.0218584952008310E+273
         107   1.1790674944624973E+273
         108   3.5372024833874922E+272
         109   1.0611607450162477E+273
         110   1.4541832431704134E+273
         111   5.5023149741583219E+272
         112   3.9302249815416583E+272
         113   1.4934854929858300E+273
         114   1.4148809933549969E+273
         115   6.6813824686208187E+272
         116   1.4148809933549969E+273
         117   1.2183697442779138E+273
         118   1.1790674944624973E+273
         119  -6.9846575997030262E+127
         120   1.5720899926166633E+273
         121   1.1004629948316644E+273
         122   1.1004629948316644E+273
         123   1.6899967420629128E+273
         124   2.3581349889249948E+272
         125   1.1397652446470807E+273
         126   7.8604499630833167E+272
         127   1.3755787435395801E+273
         128   1.4934854929858300E+273
         129   3.1441799852333266E+272
         130   8.2534724612374811E+272
         131   1.5327877428012465E+273
         132   1.6113922424320797E+273
         133   3.9302249815416583E+272
         134   1.5720899926166633E+272
         135   1.1790674944624974E+272
         136   1.7686012416937461E+273
         137   9.8255624538541447E+272
         138   1.5720899926166633E+272
         139   1.9651124907708292E+272
         140   1.4148809933549969E+273
         141   1.4541832431704134E+273
         142   1.1397652446470807E+273
         143   1.8472057413245790E+273
         144   1.5327877428012465E+273
         145   1.6899967420629128E+273
         146   1.4148809933549969E+273
         147   4.7162699778499895E+272
         148   5.8953374723124863E+272
         149   1.6506944922474962E+273
         150   8.6464949593916479E+272
         151   1.1397652446470807E+273
         152   9.8255624538541447E+272
         153   7.8604499630833167E+272
         154   1.6506944922474962E+273
         155   1.3755787435395801E+273
         156   9.8255624538541447E+272
         157   1.1004629948316644E+273
         158   1.3755787435395801E+273
         159   1.6113922424320797E+273
         160   2.7511574870791610E+272
         161   7.0744049667749843E+272
         162   1.4148809933549969E+273
         163   9.0395174575458135E+272
         164   1.6506944922474962E+273
         165   1.2183697442779138E+273
         166   1.0611607450162477E+273
         167   9.4325399556999791E+272
         168   1.1790674944624974E+272
         169   1.5327877428012465E+273
         170   1.8079034915091627E+273
         171   1.2576719940933306E+273
         172   1.4148809933549969E+273
         173   4.3232474796958239E+272
         174   1.5720899926166633E+272
         175   4.7162699778499895E+272
         176   1.3362764937241637E+273
         177   1.4541832431704134E+273
         178   1.6506944922474962E+273
         179   1.6113922424320797E+273
         180   2.3581349889249948E+272
         181   8.2534724612374811E+272
         182   4.3232474796958239E+272
         183   1.3362764937241637E+273
         184   1.6899967420629128E+273
         185   1.8079034915091627E+273
         186   1.0611607450162477E+273
         187   1.9651124907708292E+272
         188  -5.7804062894094007E+127
         189   1.5327877428012465E+273
         190   4.7162699778499895E+272
         191   1.6113922424320797E+273
         192   1.8472057413245790E+273
         193   8.6464949593916479E+272
         194   9.4325399556999791E+272
         195   8.2534724612374811E+272
         196   5.1092924760041551E+272
         197   6.6813824686208187E+272
         198   1.1397652446470807E+273
         199   1.4541832431704134E+273
         200   1.6899967420629128E+273
         201   2.7511574870791610E+272
         202   7.8604499630833164E+271
         203   1.2576719940933306E+273
         204   6.6813824686208187E+272
         205   9.0395174575458135E+272
         206   1.4148809933549969E+273
         207   1.1790674944624974E+272
         208   1.2576719940933306E+273
         209   1.5327877428012465E+273
         210   7.4674274649291499E+272
         211   1.6506944922474962E+273
         212   4.7162699778499895E+272
         213   1.6899967420629128E+273
         214   1.2183697442779138E+273
         215   1.7686012416937461E+273
         216   6.2883599704666531E+272
         217   1.6113922424320797E+273
         218   1.6899967420629128E+273
         219   1.1790674944624973E+273
         220   1.5720899926166633E+273
         221   1.5720899926166633E+273
         222   1.2183697442779138E+273
         223   1.5327877428012465E+273
         224   1.3362764937241637E+273
         225   1.4148809933549969E+273
         226   1.9651124907708292E+272
         227   1.7686012416937461E+273
         228   1.5327877428012465E+273
         229   1.2969742439087472E+273
         230   7.0744049667749843E+272
         231   1.3755787435395801E+273
         232   1.3755787435395801E+273
         233   9.8255624538541447E+272
         234   1.3755787435395801E+273
         235   1.7292989918783296E+273
         236   1.2183697442779138E+273
         237   1.1004629948316644E+273
         238   1.3755787435395801E+273
         239   1.3362764937241637E+273
         240   1.6113922424320797E+273
         241   1.1004629948316644E+273
         242   9.4325399556999791E+272
         243   2.7511574870791610E+272
         244   1.7292989918783296E+273
         245   1.4541832431704134E+273
         246   1.1004629948316644E+273
         247   1.5327877428012465E+273
         248   1.4148809933549969E+273
         249   1.3755787435395801E+273
         250   1.6506944922474962E+273
         251   3.9302249815416582E+271
         252   1.6506944922474962E+273
         253   1.6899967420629128E+273
         254   1.6899967420629128E+273
         255   1.6506944922474962E+273
         256   1.2576719940933306E+273
         257   5.8953374723124863E+272
         258   1.4148809933549969E+273
         259   9.0395174575458135E+272
         260   9.4325399556999791E+272
         261   1.3362764937241637E+273
         262   1.7292989918783296E+273
         263   7.0744049667749843E+272
         264   1.3362764937241637E+273
         265   1.1790674944624973E+273
         266   9.8255624538541447E+272
         267   1.6113922424320797E+273
         268   8.6464949593916479E+272
         269   2.3581349889249948E+272
         270   4.3232474796958239E+272
         271   7.8604499630833164E+271
         272   1.5720899926166633E+273
         273   7.0744049667749843E+272
         274   1.8079034915091627E+273
         275   2.7511574870791610E+272
         276   1.1790674944624973E+273
         277   3.5372024833874922E+272
         278   1.3362764937241637E+273
         279   7.4674274649291499E+272
         280   1.7292989918783296E+273
         281   3.5372024833874922E+272
         282   1.5720899926166633E+273
         283   1.6113922424320797E+273
         284   4.3232474796958239E+272
         285   5.8953374723124863E+272
         286   9.0395174575458135E+272
         287   3.1441799852333266E+272
         288   1.5720899926166633E+272
         289   3.5372024833874922E+272
         290   1.7686012416937461E+273
         291   1.5327877428012465E+273
         292   2.7511574870791610E+272
         293   1.5327877428012465E+273
         294   1.4148809933549969E+273
         295   4.3232474796958239E+272
         296   1.1004629948316644E+273
         297   1.9651124907708292E+272
         298   1.3362764937241637E+273
         299   7.8604499630833167E+272
         300   1.9651124907708292E+272
         301   1.0218584952008310E+273
         302   1.4934854929858300E+273
         303   1.7292989918783296E+273
         304   1.5327877428012465E+273
         305   7.8604499630833167E+272
         306   1.6113922424320797E+273
         307   5.1092924760041551E+272
         308   1.5720899926166633E+273
         309   1.2969742439087472E+273
         310   1.2969742439087472E+273
         311   3.5372024833874922E+272
         312   1.5720899926166633E+273
         313   9.0395174575458135E+272
         314   1.1397652446470807E+273
         315   1.9651124907708292E+272
         316   1.0611607450162477E+273
         317   1.2969742439087472E+273
         318   1.7292989918783296E+273
         319   1.3362764937241637E+273
         320   3.9302249815416582E+271
         321   7.8604499630833164E+271
         322   1.9651124907708292E+272
         323   1.1004629948316644E+273
         324   1.4934854929858300E+273
         325   1.4541832431704134E+273
         326   1.4934854929858300E+273
         327   9.0395174575458135E+272
         328   7.8604499630833167E+272
         329   1.8079034915091627E+273
         330   1.2576719940933306E+273
         331   1.2969742439087472E+273
         332   1.6113922424320797E+273
         333   1.2183697442779138E+273
         334   8.6464949593916479E+272
         335   1.6506944922474962E+273
         336   8.6464949593916479E+272
         337   7.8604499630833167E+272
         338   1.1004629948316644E+273
         339   1.1004629948316644E+273
         340   1.2183697442779138E+273
         341   9.8255624538541447E+272
         342   1.4541832431704134E+273
         343   1.8079034915091627E+273
         344   1.2969742439087472E+273
         345   1.6506944922474962E+273
         346   1.3362764937241637E+273
         347   1.0611607450162477E+273
         348   1.4148809933549969E+273
         349   6.2883599704666531E+272
         350   1.7686012416937461E+273
         351   1.7292989918783296E+273
         352   2.7511574870791610E+272
         353   1.6113922424320797E+273
         354   1.6506944922474962E+273
         355   1.3362764937241637E+273
         356   9.4325399556999791E+272
         357   1.2969742439087472E+273
         358   1.4934854929858300E+273
         359   1.5720899926166633E+273
         360   1.5720899926166633E+272
         361   1.5327877428012465E+273
         362   1.2969742439087472E+273
         363   1.6899967420629128E+273
         364   1.4148809933549969E+273
         365   1.7686012416937461E+273
         366   1.5720899926166633E+273
         367   1.7686012416937461E+273
         368   1.1790674944624974E+272
         369   1.1397652446470807E+273
         370   9.0395174575458135E+272
         371   1.4934854929858300E+273
         372   1.0218584952008310E+273
         373   1.1397652446470807E+273
         374   6.2883599704666531E+272
         375   5.8953374723124863E+272
         376   1.5720899926166633E+273
         377   1.6506944922474962E+273
         378   4.3232474796958239E+272
         379   1.3362764937241637E+273
         380   1.6113922424320797E+273
         381   1.2969742439087472E+273
         382   6.2883599704666531E+272
         383   1.5327877428012465E+273
         384   1.3362764937241637E+273
         385   9.4325399556999791E+272
         386   7.0744049667749843E+272
         387   1.4148809933549969E+273
         388   1.4148809933549969E+273
         389   7.8604499630833167E+272
         390   1.6506944922474962E+273
         391   7.0744049667749843E+272
         392   3.9302249815416582E+271
         393   1.5720899926166633E+272
         394   6.2883599704666531E+272
         395   1.3755787435395801E+273
         396   4.3232474796958239E+272
         397   1.3755787435395801E+273
         398   1.3362764937241637E+273
         399   1.4541832431704134E+273
         400   1.2183697442779138E+273
         401   2.7511574870791610E+272
         402   1.6899967420629128E+273
         403   8.2534724612374811E+272
         404   2.7511574870791610E+272
         405   1.7292989918783296E+273
         406   1.6113922424320797E+273
         407   1.3755787435395801E+273
         408   1.9651124907708292E+272
         409   9.4325399556999791E+272
         410   1.7686012416937461E+273
         411   1.2183697442779138E+273
         412   1.4541832431704134E+273
         413   1.5327877428012465E+273
         414   1.7292989918783296E+273
         415   1.9651124907708292E+272
         416   1.5327877428012465E+273
         417   1.4934854929858300E+273
         418   4.7162699778499895E+272
         419   1.3362764937241637E+273
         420   8.6464949593916479E+272
         421   7.8604499630833167E+272
         422   1.0218584952008310E+273
         423   1.4541832431704134E+273
         424   1.0611607450162477E+273
         425   1.1790674944624973E+273
         426   1.6899967420629128E+273
         427   1.6899967420629128E+273
         428   7.0744049667749843E+272
         429   1.3362764937241637E+273
         430   1.1397652446470807E+273
         431   4.3232474796958239E+272
         432   1.1790674944624973E+273
         433   9.8255624538541447E+272
         434   9.8255624538541447E+272
         435   1.5720899926166633E+272
         436   1.8472057413245790E+273
         437   1.6506944922474962E+273
         438   5.1092924760041551E+272
         439   1.1004629948316644E+273
         440   1.4934854929858300E+273
         441   5.1092924760041551E+272
         442   1.5720899926166633E+273
         443   1.5720899926166633E+273
         444   1.4541832431704134E+273
         445   1.8865079911399958E+273
         446   9.4325399556999791E+272
         447   1.6506944922474962E+273
         448   2.3581349889249948E+272
         449   1.4541832431704134E+273
         450   9.0395174575458135E+272
         451   1.1397652446470807E+273
         452   1.4148809933549969E+273
         453   1.1397652446470807E+273
         454   1.2183697442779138E+273
         455   7.8604499630833167E+272
         456   3.5372024833874922E+272
         457   1.4934854929858300E+273
         458   7.0744049667749843E+272
         459   1.4541832431704134E+273
         460   1.2183697442779138E+273
         461   1.6506944922474962E+273
         462   1.2969742439087472E+273
         463   1.1004629948316644E+273
         464   1.1397652446470807E+273
         465   1.2969742439087472E+273
         466   1.6506944922474962E+273
         467   5.1092924760041551E+272
         468   1.5327877428012465E+273
         469   6.2883599704666531E+272
         470   1.8079034915091627E+273
         471   4.7162699778499895E+272
         472   1.3362764937241637E+273
         473   1.8079034915091627E+273
         474   1.6899967420629128E+273
         475   9.0395174575458135E+272
         476   1.5720899926166633E+273
         477   1.1004629948316644E+273
         478   1.3362764937241637E+273
         479   5.8953374723124863E+272
         480   7.8604499630833167E+272
         481   1.0611607450162477E+273
         482   1.1790674944624973E+273
         483   1.4148809933549969E+273
         484   1.3362764937241637E+273
         485   1.8472057413245790E+273
         486   1.1397652446470807E+273
         487   1.3362764937241637E+273
         488   1.8079034915091627E+273
         489   4.3232474796958239E+272
         490   4.7162699778499895E+272
         491   5.8953374723124863E+272
         492   3.1441799852333266E+272
         493   1.4934854929858300E+273
         494   3.5372024833874922E+272
         495   1.1790674944624973E+273
         496   6.6813824686208187E+272
         497   9.8255624538541447E+272
         498   5.1092924760041551E+272
         499   9.0395174575458135E+272
         500   7.8604499630833164E+271
         501   1.4541832431704134E+273
         502   3.9302249815416582E+271
         503   1.1397652446470807E+273
         504   1.8079034915091627E+273
         505   9.0395174575458135E+272
         506   1.2183697442779138E+273
         507   1.6113922424320797E+273
         508   9.8255624538541447E+272
         509   7.0744049667749843E+272
         510   1.4934854929858300E+273
         511   9.8255624538541447E+272
         512   5.1092924760041551E+272
         513   1.8472057413245790E+273
         514   1.1397652446470807E+273
         515   1.7292989918783296E+273
         516   9.8255624538541447E+272
         517   7.4674274649291499E+272
         518  -9.1523099582315524E+127
         519   5.5023149741583219E+272
         520   1.6113922424320797E+273
         521   1.3755787435395801E+273
         522   5.8953374723124863E+272
         523   1.3362764937241637E+273
         524   1.4934854929858300E+273
         525   1.5327877428012465E+273
         526   7.0744049667749843E+272
         527   3.9302249815416583E+272
         528   1.3362764937241637E+273
         529   1.0218584952008310E+273
         530   9.0395174575458135E+272
         531   1.5327877428012465E+273
         532   1.5720899926166633E+273
         533   1.2576719940933306E+273
         534   1.6113922424320797E+273
         535   5.1092924760041551E+272
         536   5.5023149741583219E+272
         537   1.2183697442779138E+273
         538   1.6113922424320797E+273
         539   3.9302249815416583E+272
         540   1.4541832431704134E+273
         541   1.4148809933549969E+273
         542   1.3362764937241637E+273
         543   1.1004629948316644E+273
         544   9.8255624538541447E+272
         545   1.6899967420629128E+273
         546   7.4674274649291499E+272
         547   1.7292989918783296E+273
         548   7.8604499630833164E+271
         549   1.2183697442779138E+273
         550   1.8472057413245790E+273
         551   1.6506944922474962E+273
         552   1.8079034915091627E+273
         553   3.1441799852333266E+272
         554   9.0395174575458135E+272
         555   8.2534724612374811E+272
         556   5.8953374723124863E+272
         557   1.0218584952008310E+273
         558   1.7292989918783296E+273
         559   6.2883599704666531E+272
         560   1.0611607450162477E+273
         561   3.5372024833874922E+272
         562   1.4934854929858300E+273
         563   1.5720899926166633E+273
         564   1.8865079911399958E+273
         565   1.2576719940933306E+273
         566   8.2534724612374811E+272
         567   1.7686012416937461E+273
         568   1.1790674944624973E+273
         569   1.5327877428012465E+273
         570   1.1790674944624973E+273
         571   4.7162699778499895E+272
         572   1.3755787435395801E+273
         573   1.6506944922474962E+273
         574   1.2969742439087472E+273
         575   1.1397652446470807E+273
         576   1.0218584952008310E+273
         577   1.2969742439087472E+273
         578   5.8953374723124863E+272
         579  -8.4297591720553764E+127
         580   5.8953374723124863E+272
         581   1.4148809933549969E+273
         582   1.4541832431704134E+273
         583   3.9302249815416583E+272
         584   1.6506944922474962E+273
         585   1.3755787435395801E+273
         586   7.0744049667749843E+272
         587   1.4541832431704134E+273
         588   1.5720899926166633E+273
         589   6.2883599704666531E+272
         590   1.7686012416937461E+273
         591   2.7511574870791610E+272
         592   1.4148809933549969E+273
         593   1.7292989918783296E+273
         594   1.3755787435395801E+273
         595   1.2576719940933306E+273
         596   1.4541832431704134E+273
         597   1.7292989918783296E+273
         598   1.1397652446470807E+273
         599   9.0395174575458135E+272
         600   1.2183697442779138E+273
         601   7.8604499630833167E+272
         602   8.6464949593916479E+272
         603   1.6899967420629128E+273
         604   1.6506944922474962E+273
         605   2.7511574870791610E+272
         606   1.3362764937241637E+273
         607   1.1397652446470807E+273
         608   1.3755787435395801E+273
         609   1.7686012416937461E+273
         610   1.8079034915091627E+273
         611   1.8472057413245790E+273
         612   2.7511574870791610E+272
         613   1.2576719940933306E+273
         614   1.7686012416937461E+273
         615   1.1790674944624974E+272
         616   9.0395174575458135E+272
         617   1.0218584952008310E+273
         618   1.4541832431704134E+273
         619   1.5720899926166633E+273
         620   1.3362764937241637E+273
         621   7.4674274649291499E+272
         622   1.7686012416937461E+273
         623   1.3362764937241637E+273
         624   1.6113922424320797E+273
         625   1.3362764937241637E+273
         626   1.1004629948316644E+273
         627   1.7686012416937461E+273
         628   1.7686012416937461E+273
         629   7.4674274649291499E+272
         630   7.8604499630833167E+272
         631   3.9302249815416582E+271
         632   1.7292989918783296E+273
         633   1.2969742439087472E+273
         634   1.5327877428012465E+273
         635   1.8079034915091627E+273
         636   1.4934854929858300E+273
         637   8.6464949593916479E+272
         638   1.1790674944624973E+273
         639   4.3232474796958239E+272
         640   9.8255624538541447E+272
         641   4.7162699778499895E+272
         642   1.1004629948316644E+273
         643   6.2883599704666531E+272
         644   1.6506944922474962E+273
         645   1.8865079911399958E+273
         646   1.4541832431704134E+273
         647   1.1397652446470807E+273
         648   1.3755787435395801E+273
         649   1.0611607450162477E+273
         650   3.9302249815416583E+272
         651   4.3232474796958239E+272
         652   1.3755787435395801E+273
         653   1.5720899926166633E+273
         654   1.0218584952008310E+273
         655   3.9302249815416582E+271
         656   2.3581349889249948E+272
         657   1.6506944922474962E+273
         658   1.8865079911399958E+273
         659   1.0218584952008310E+273
         660   1.2576719940933306E+273
         661   1.5720899926166633E+273
         662   9.4325399556999791E+272
         663   1.1790674944624973E+273
         664   9.0395174575458135E+272
         665   1.7686012416937461E+273
         666   6.2883599704666531E+272
         667   1.1790674944624974E+272
         668   2.7511574870791610E+272
         669   1.0611607450162477E+273
         670   3.5372024833874922E+272
         671   1.6506944922474962E+273
         672   1.2969742439087472E+273
         673   6.2883599704666531E+272
         674   1.2183697442779138E+273
         675   6.2883599704666531E+272
         676   5.1092924760041551E+272
         677   9.4325399556999791E+272
         678   1.6899967420629128E+273
         679   7.8604499630833164E+271
         680   1.0218584952008310E+273
         681   1.9258102409554124E+273
         682   1.8079034915091627E+273
         683   1.3755787435395801E+273
         684   1.8472057413245790E+273
         685   1.2183697442779138E+273
         686   7.0744049667749843E+272
         687   1.4148809933549969E+273
         688   7.8604499630833167E+272
         689   5.1092924760041551E+272
         690   1.6899967420629128E+273
         691   1.2969742439087472E+273
         692   1.4148809933549969E+273
         693   1.2183697442779138E+273
         694   1.4148809933549969E+273
         695   1.4148809933549969E+273
         696   1.1790674944624974E+272
         697   7.0744049667749843E+272
         698   1.2183697442779138E+273
         699   1.7686012416937461E+273
         700   9.8255624538541447E+272
         701   1.7686012416937461E+273
         702   1.0218584952008310E+273
         703   1.4541832431704134E+273
         704   1.0611607450162477E+273
         705   1.3362764937241637E+273
         706   9.8255624538541447E+272
         707   1.2576719940933306E+273
         708   3.9302249815416583E+272
         709   1.0218584952008310E+273
         710   7.4674274649291499E+272
         711   6.6813824686208187E+272
         712   4.7162699778499895E+272
         713   8.2534724612374811E+272
         714   1.0611607450162477E+273
         715   1.7292989918783296E+273
         716   8.2534724612374811E+272
         717   9.0395174575458135E+272
         718   1.1790674944624973E+273
         719   1.3755787435395801E+273
         720   8.6464949593916479E+272
         721   3.5372024833874922E+272
         722   1.8472057413245790E+273
         723   6.6813824686208187E+272
         724   8.6464949593916479E+272
         725   1.4541832431704134E+273
         726   1.8079034915091627E+273
         727  -4.3353047170570506E+127
         728   1.1397652446470807E+273
         729   7.8604499630833167E+272
         730   9.8255624538541447E+272
         731   1.9651124907708292E+272
         732   1.1790674944624973E+273
         733   7.0744049667749843E+272
         734   1.2576719940933306E+273
         735   1.2576719940933306E+273
         736   1.4148809933549969E+273
         737   1.6506944922474962E+273
         738   6.6813824686208187E+272
         739   9.4325399556999791E+272
         740   2.3581349889249948E+272
         741   1.6506944922474962E+273
         742   1.2969742439087472E+273
         743   1.3755787435395801E+273
         744   1.3755787435395801E+273
         745   1.4934854929858300E+273
         746   1.5327877428012465E+273
         747   1.9651124907708292E+272
         748   7.0744049667749843E+272
         749   6.6813824686208187E+272
         750   1.1790674944624974E+272
         751   1.6899967420629128E+273
         752   1.2969742439087472E+273
         753   1.4541832431704134E+273
         754   4.3232474796958239E+272
         755   3.5372024833874922E+272
         756   1.3755787435395801E+273
         757   5.5023149741583219E+272
         758   7.4674274649291499E+272
         759   2.7511574870791610E+272
         760   1.4934854929858300E+273
         761   1.7686012416937461E+273
         762   1.5327877428012465E+273
         763   8.6464949593916479E+272
         764   5.1092924760041551E+272
         765   2.7511574870791610E+272
         766   1.7292989918783296E+273
         767   1.4934854929858300E+273
         768   1.8472057413245790E+273
         769   1.3362764937241637E+273
         770   1.4934854929858300E+273
         771   7.8604499630833167E+272
         772   1.7686012416937461E+273
         773   1.0218584952008310E+273
         774   1.3362764937241637E+273
         775   1.3755787435395801E+273
         776   7.8604499630833167E+272
         777   1.8472057413245790E+273
         778   1.3755787435395801E+273
         779   8.6464949593916479E+272
         780   1.5720899926166633E+273
         781   1.2183697442779138E+273
         782   5.8953374723124863E+272
         783   5.5023149741583219E+272
         784   1.4541832431704134E+273
         785   1.5720899926166633E+273
         786   1.1004629948316644E+273
         787   3.9302249815416582E+271
         788   1.1004629948316644E+273
         789   4.7162699778499895E+272
         790   9.8255624538541447E+272
         791   9.8255624538541447E+272
         792   2.3581349889249948E+272
         793   1.8865079911399958E+273
         794   1.6113922424320797E+273
         795   1.4934854929858300E+273
         796   1.4934854929858300E+273
         797   4.3232474796958239E+272
         798   1.0218584952008310E+273
         799   1.4541832431704134E+273
         800   1.3755787435395801E+273
         801   1.4148809933549969E+273
         802   1.4934854929858300E+273
         803   1.5720899926166633E+273
         804   9.8255624538541447E+272
         805   1.7686012416937461E+273
         806   1.3362764937241637E+273
         807   3.9302249815416582E+271
         808   1.3362764937241637E+273
         809   4.7162699778499895E+272
         810   8.2534724612374811E+272
         811   1.2969742439087472E+273
         812   1.3362764937241637E+273
         813   1.2969742439087472E+273
         814   1.6506944922474962E+273
         815   1.8472057413245790E+273
         816   1.2576719940933306E+273
         817   8.6464949593916479E+272
         818   1.8472057413245790E+273
         819   1.6113922424320797E+273
         820   9.0395174575458135E+272
         821   1.4148809933549969E+273
         822   1.7292989918783296E+273
         823  -5.7804062894094007E+127
         824   2.7511574870791610E+272
         825   8.6464949593916479E+272
         826   1.2969742439087472E+273
         827   1.2969742439087472E+273
         828   1.6113922424320797E+273
         829   9.4325399556999791E+272
         830   8.6464949593916479E+272
         831   1.8079034915091627E+273
         832   1.2576719940933306E+273
         833   1.3755787435395801E+273
         834   1.5951713703158425E+273
         835   1.3634105656250545E+272
         836   8.4288768930934862E+272
         837   8.1038851138973216E+272
         838   1.6597062842532215E+273
         839   7.9900846980493025E+272
         840   9.5745667009822992E+272
         841   1.6960849115640113E+273
         842   1.7983731407415637E+273
         843   1.2684370166238122E+273
         844   1.4152413144898764E+273
         845   1.7378426270921065E+273
         846   1.5245424657664569E+273
         847   1.5480609259689662E+273
         848   1.2602961521981549E+273
         849   1.3314229959859481E+273
         850   1.8081125254984117E+272
         851   9.1443681718791330E+272
         852   8.4546597471299690E+272
         853   1.0253029932944530E+273
         854   1.4785496946024020E+273
         855   1.5527836516995256E+273
         856   9.0642038214403828E+272
         857   1.0342352094329968E+273
         858   1.8819178861101185E+273
         859   1.2788558224707435E+273
         860   9.4870573064022859E+272
         861   1.9719463142235421E+273
         862   1.4643577039712031E+273
         863   4.2495905877896295E+272
         864   1.8380123016874881E+272
         865   1.3421554240648800E+273
         866   1.7877002783666594E+273
         867   1.4338043190936283E+273
         868   1.3874062903617091E+273
         869   1.7827641282883877E+273
         870   8.6121310624605879E+272
         871   1.5894295957429478E+273
         872   1.6090507645111117E+273
         873   1.4836084598942257E+273
         874   9.5175623646412031E+272
         875   1.5681344224373984E+273
         876   1.6462134851793317E+273
         877   1.8949508092388411E+273
         878   5.4786819185873142E+272
         879   1.4884353370708806E+273
         880   1.4182094644726515E+273
         881   7.2262096863716137E+272
         882   1.5662298520798559E+273
         883   1.2733167341565506E+273
         884   1.4223340202382528E+273
         885   1.7800225841728519E+272
         886   1.6501224238227743E+273
         887   1.6236667878341850E+272
         888   1.6953291987443962E+273
         889   1.6539770906639750E+273
         890   1.5431711495682284E+273
         891   7.5082201925047092E+272
         892   1.6375073630889205E+273
         893   1.0968326940934981E+273
         894   5.4178538032172665E+272
         895   1.4137757615518223E+273
         896   1.6341570996710365E+273
         897   1.3324625839270073E+273
         898   1.3110155731170631E+273
         899   1.3173790083627315E+273
         900   2.0238363369101056E+273
         901   1.9002838974762510E+273
         902   1.6792514579671413E+273
         903   2.0117571552732275E+273
         904   1.6034221878836515E+273
         905   9.4445182637134602E+272
         906   1.1284621576810939E+273
         907   1.3837445243029768E+273
         908   5.0660741716709026E+272
         909   8.2222286164804852E+272
         910   1.1570663264686914E+273
         911   1.2434058438821908E+273
         912   3.1648351250688415E+272
         913   1.5096313986208753E+273
         914   1.1189963672370705E+273
         915   1.5070873617160274E+273
         916   1.2755154522140742E+273
         917   1.5001188782818219E+273
         918   2.1020765567334043E+273
         919   1.4711288653291436E+273
         920   6.3944765717142743E+272
         921   7.7695370764159438E+272
         922   1.4029232893650032E+273
         923   7.1578771216924389E+272
         924   1.2416834270188554E+273
         925   1.5483451389326211E+273
         926   1.5640905935150676E+273
         927   1.6313329687591938E+273
         928   2.1498005035556623E+272
         929   6.6094334515568565E+272
         930   7.3990822139214839E+272
         931   1.5924900597109437E+273
         932   1.7601291108878555E+273
         933   5.8776144384066163E+272
         934   1.7880929449188212E+273
         935   1.5943877170950315E+273
         936   1.4492296930075789E+273
         937   1.7040565025406229E+273
         938   1.4917765998287620E+273
         939   1.6385889959302906E+273
         940   2.0465531445106411E+273
         941   9.7681059580084939E+272
         942   1.9041975284640631E+273
         943   1.2515441202148027E+273
         944   1.7001127388140966E+273
         945   1.0972528740598741E+273
         946   2.9589703932594464E+272
         947   1.7860123421341661E+273
         948   7.5732347719559096E+272
         949   1.5805250300582405E+273
         950   1.6269542015775412E+273
         951   2.2096813676606488E+272
         952   7.5863280993997540E+272
         953   1.4404640356241213E+273
         954   1.9567287680648846E+273
         955   1.5730220581363847E+273
         956   7.2846489223582839E+272
         957   1.3731884321066660E+273
         958   1.0141630372508998E+273
         959   1.7650373333605805E+273
         960   9.6097430941703477E+272
         961   8.1729344775726435E+272
         962   8.0698534994309228E+272
         963   1.4910323952547037E+273
         964   1.6342771004183004E+273
         965   8.9784268173425225E+272
         966   1.9362350243602377E+273
         967   1.0137414122338508E+273
         968   1.8271349635768083E+273
         969   1.2468684951572330E+273
         970   2.0680026934722940E+273
         971   1.7598002012690730E+273
         972   1.2792975242028316E+273
         973   1.5178320389644179E+273
         974   1.5592449843309865E+273
         975   1.2958320736989911E+273
         976   2.1018423502040436E+272
         977   1.8711729583367238E+273
         978   1.3940234380612873E+273
         979   1.7646321016800685E+273
         980   1.7505466064437076E+273
         981   1.2732841999573990E+273
         982   1.1861786440744920E+273
         983   1.2176609847645201E+273
         984   5.6382210086057395E+272
         985   8.7512180445217372E+272
         986   6.0563314600631172E+272
         987   1.7231010425892846E+273
         988   1.2950541255763343E+273
         989   1.7908045663073422E+273
         990   5.9843664885547730E+272
         991   8.6318394651305646E+272
         992   1.8831602982319602E+273
         993   1.5937793804335009E+273
         994   3.4433575587720093E+281
         995   2.3444136520475999E+281
         996   2.1978879554042221E+280
         997   2.8572541475255374E+281
         998   3.0037799898378920E+281
         999   3.0770429202580472E+281
        1000   3.0037800028534654E+281
