           1  -8.4240000000039700E-002
           2 -0.74704000000004511     
           3  0.28255999999993520     
           4 -0.85784000000004390     
           5  0.13775999999994937     
           6  -2.2240000000055726E-002
           7  0.39735999999992971     
           8 -0.31984000000004054     
           9 -0.16704000000003422     
          10 -0.32584000000003516     
          11 -0.68704000000004484     
          12 -0.49944000000003497     
          13 -0.69264000000004133     
          14 -0.13344000000004028     
          15 -0.87344000000003652     
          16 -0.82184000000003898     
          17 -0.63024000000003955     
          18  -1.6589668990375985E+068
          19  -9.9538013942255923E+068
          20  -2.2119558653834648E+068
          21  -5.5298896634586620E+067
          22  -5.5298896634586620E+067
          23  -1.6589669872584973E+068
          24  -7.2255078617617509E+126
          25  -4.3353047170570506E+127
          26  -9.6340104823490028E+126
          27  -2.4085026205872507E+126
          28  -2.4085026205872507E+126
          29  -4.4239119366156940E+068
          30   1.1790674944624974E+272
          31   7.0744049667749843E+272
          32   1.5720899926166633E+272
          33   3.9302249815416582E+271
          34   3.9302249815416582E+271
          35  -2.4085026205872507E+126
          36   2.7511574870791610E+272
          37   1.1790674944624974E+272
          38   1.9651124907708292E+272
          39   2.3581349889249948E+272
          40   2.3581349889249948E+272
          41   3.9302249815416582E+271
          42   5.8953374723124863E+272
          43   1.9651124907708292E+272
          44   3.1441799852333266E+272
          45   2.7511574870791610E+272
          46  -8.8478235791617229E+068
          47   1.5720899926166633E+272
          48   4.7162699778499895E+272
          49   2.3581349889249948E+272
          50   4.7162699778499895E+272
          51   4.3232474796958239E+272
          52  -2.8902031447047004E+127
          53   1.5720899926166633E+272
          54   2.3581349889249948E+272
          55   3.1441799852333266E+272
          56   2.3581349889249948E+272
          57   4.3232474796958239E+272
          58   4.7162699778499895E+272
          59   5.1092924760041551E+272
          60   2.3581349889249948E+272
          61   2.3581349889249948E+272
          62   3.9302249815416582E+271
          63   5.1092924760041551E+272
          64   1.9651124907708292E+272
          65   7.8604499630833164E+271
          66  -9.6340104823490028E+126
          67   2.3581349889249948E+272
          68   2.3581349889249948E+272
          69   3.1441799852333266E+272
          70   4.7162699778499895E+272
          71   2.7511574870791610E+272
          72   1.5720899926166633E+272
          73   3.5372024833874922E+272
          74   5.5023149741583219E+272
          75   1.9651124907708292E+272
          76   3.9302249815416583E+272
          77   9.8255624538541447E+272
          78   7.8604499630833164E+271
          79   3.1441799852333266E+272
          80   5.1092924760041551E+272
          81   6.2883599704666531E+272
          82   3.9302249815416583E+272
          83   7.8604499630833164E+271
          84   1.9651124907708292E+272
          85   3.1441799852333266E+272
          86   4.7162699778499895E+272
          87   4.3232474796958239E+272
          88   3.1441799852333266E+272
          89   4.7162699778499895E+272
          90   6.2883599704666531E+272
          91   7.8604499630833167E+272
          92   1.9651124907708292E+272
          93   7.8604499630833164E+271
          94   7.8604499630833164E+271
          95   7.8604499630833164E+271
          96   2.7511574870791610E+272
          97   2.7511574870791610E+272
          98   4.3232474796958239E+272
          99   3.5372024833874922E+272
         100   1.9651124907708292E+272
         101   3.9302249815416582E+271
         102   3.9302249815416583E+272
         103   5.5023149741583219E+272
         104   3.1441799852333266E+272
         105   1.5720899926166633E+272
         106   4.7162699778499895E+272
         107   4.7162699778499895E+272
         108   5.1092924760041551E+272
         109   3.5372024833874922E+272
         110  -9.6340104823490028E+126
         111   1.5720899926166633E+272
         112  -4.8170052411745014E+126
         113  -7.2255078617617509E+126
         114   5.8953374723124863E+272
         115   5.5023149741583219E+272
         116   1.5720899926166633E+272
         117   4.7162699778499895E+272
         118   7.8604499630833164E+271
         119   1.1790674944624974E+272
         120   1.9651124907708292E+272
         121   1.1790674944624974E+272
         122   1.5720899926166633E+272
         123   1.5720899926166633E+272
         124   2.7511574870791610E+272
         125   8.2534724612374811E+272
         126   2.7511574870791610E+272
         127   1.9651124907708292E+272
         128   5.5023149741583219E+272
         129   3.1441799852333266E+272
         130   3.9302249815416582E+271
         131   5.8953374723124863E+272
         132   7.8604499630833164E+271
         133   5.5023149741583219E+272
         134   3.9302249815416583E+272
         135   7.0744049667749843E+272
         136   1.5720899926166633E+272
         137   3.9302249815416583E+272
         138   2.7511574870791610E+272
         139   1.1790674944624974E+272
         140  -2.4085026205872507E+126
         141   2.7511574870791610E+272
         142  -7.2255078617617509E+126
         143   1.1790674944624974E+272
         144   4.7162699778499895E+272
         145   3.9302249815416582E+271
         146   3.9302249815416582E+271
         147   3.1441799852333266E+272
         148   1.1790674944624974E+272
         149   5.1092924760041551E+272
         150   7.8604499630833167E+272
         151   5.1092924760041551E+272
         152   7.8604499630833167E+272
         153   3.9302249815416582E+271
         154   1.1790674944624974E+272
         155   3.1441799852333266E+272
         156   2.3581349889249948E+272
         157   3.5372024833874922E+272
         158   3.1441799852333266E+272
         159   1.5720899926166633E+272
         160   6.6813824686208187E+272
         161   5.8953374723124863E+272
         162   2.3581349889249948E+272
         163   5.8953374723124863E+272
         164   3.1441799852333266E+272
         165   1.1790674944624974E+272
         166   5.1092924760041551E+272
         167   1.5720899926166633E+272
         168   1.1790674944624974E+272
         169   7.8604499630833164E+271
         170   4.3232474796958239E+272
         171   1.5720899926166633E+272
         172   2.3581349889249948E+272
         173   5.8953374723124863E+272
         174   1.9651124907708292E+272
         175   1.1790674944624974E+272
         176   4.3232474796958239E+272
         177   3.1441799852333266E+272
         178   2.3581349889249948E+272
         179   4.3232474796958239E+272
         180   2.7511574870791610E+272
         181   7.0744049667749843E+272
         182   3.9302249815416582E+271
         183   1.9651124907708292E+272
         184   3.1441799852333266E+272
         185   9.0395174575458135E+272
         186   1.5720899926166633E+272
         187   2.7511574870791610E+272
         188   1.5720899926166633E+272
         189   3.9302249815416582E+271
         190   3.9302249815416582E+271
         191   5.5023149741583219E+272
         192   7.0744049667749843E+272
         193   2.7511574870791610E+272
         194   2.3581349889249948E+272
         195   3.9302249815416582E+271
         196   7.0744049667749843E+272
         197   1.9651124907708292E+272
         198   7.8604499630833164E+271
         199   1.1790674944624974E+272
         200   2.3581349889249948E+272
         201   7.8604499630833164E+271
         202   1.1790674944624974E+272
         203   3.5372024833874922E+272
         204  -4.0944544549983263E+127
         205   3.1441799852333266E+272
         206   1.5720899926166633E+272
         207   6.2883599704666531E+272
         208   7.8604499630833164E+271
         209   7.0744049667749843E+272
         210   6.6813824686208187E+272
         211   1.9651124907708292E+272
         212   1.2183697442779138E+273
         213   1.9651124907708292E+272
         214   7.0744049667749843E+272
         215   3.9302249815416583E+272
         216   7.8604499630833164E+271
         217   9.0395174575458135E+272
         218   3.1441799852333266E+272
         219   3.1441799852333266E+272
         220   2.3581349889249948E+272
         221   7.8604499630833164E+271
         222   1.9651124907708292E+272
         223   3.1441799852333266E+272
         224   1.5720899926166633E+272
         225   3.5372024833874922E+272
         226   3.1441799852333266E+272
         227   2.7511574870791610E+272
         228   5.8953374723124863E+272
         229   2.7511574870791610E+272
         230   1.1790674944624974E+272
         231   3.9302249815416583E+272
         232   2.3581349889249948E+272
         233   7.8604499630833164E+271
         234   7.8604499630833164E+271
         235   1.1790674944624974E+272
         236   1.9651124907708292E+272
         237   7.8604499630833167E+272
         238   2.3581349889249948E+272
         239   1.1790674944624974E+272
         240  -1.2042513102936252E+127
         241   1.5720899926166633E+272
         242   1.9651124907708292E+272
         243   1.5720899926166633E+272
         244   3.1441799852333266E+272
         245   7.8604499630833164E+271
         246   1.9651124907708292E+272
         247   4.3232474796958239E+272
         248   3.1441799852333266E+272
         249   1.1790674944624974E+272
         250   2.7511574870791610E+272
         251   3.9302249815416582E+271
         252   2.3581349889249948E+272
         253   5.5023149741583219E+272
         254   7.8604499630833164E+271
         255   1.5720899926166633E+272
         256   3.9302249815416583E+272
         257   5.8953374723124863E+272
         258   2.3581349889249948E+272
         259   1.5720899926166633E+272
         260   3.9302249815416582E+271
         261   4.7162699778499895E+272
         262   2.3581349889249948E+272
         263   4.3232474796958239E+272
         264   3.5372024833874922E+272
         265   3.9302249815416583E+272
         266   3.1441799852333266E+272
         267   6.6813824686208187E+272
         268   3.1441799852333266E+272
         269   6.2883599704666531E+272
         270   5.1092924760041551E+272
         271   1.9651124907708292E+272
         272   3.9302249815416583E+272
         273  -4.5761549791157762E+127
         274   1.9651124907708292E+272
         275   5.8953374723124863E+272
         276   4.7162699778499895E+272
         277   2.7511574870791610E+272
         278   7.8604499630833164E+271
         279   7.4674274649291499E+272
         280   5.5023149741583219E+272
         281   3.9302249815416582E+271
         282   2.7511574870791610E+272
         283   7.4674274649291499E+272
         284   1.5720899926166633E+272
         285   3.9302249815416582E+271
         286   3.9302249815416582E+271
         287   3.9302249815416582E+271
         288   2.3581349889249948E+272
         289   7.8604499630833164E+271
         290   5.1092924760041551E+272
         291   3.1441799852333266E+272
         292   1.9651124907708292E+272
         293   4.7162699778499895E+272
         294   7.8604499630833164E+271
         295   1.1790674944624974E+272
         296   7.8604499630833164E+271
         297   1.1790674944624974E+272
         298   3.1441799852333266E+272
         299   3.9302249815416582E+271
         300   6.2883599704666531E+272
         301   1.1790674944624974E+272
         302   1.9651124907708292E+272
         303   7.4674274649291499E+272
         304   2.7511574870791610E+272
         305   1.9651124907708292E+272
         306   3.5372024833874922E+272
         307   4.3232474796958239E+272
         308   1.5720899926166633E+272
         309   4.7162699778499895E+272
         310   1.1790674944624974E+272
         311  -1.4451015723523502E+127
         312   5.5023149741583219E+272
         313   7.8604499630833164E+271
         314   2.7511574870791610E+272
         315   4.3232474796958239E+272
         316   5.5023149741583219E+272
         317   2.3581349889249948E+272
         318   3.9302249815416582E+271
         319   3.1441799852333266E+272
         320   3.9302249815416582E+271
         321   3.1441799852333266E+272
         322   3.1441799852333266E+272
         323   9.8255624538541447E+272
         324   1.9651124907708292E+272
         325   3.9302249815416582E+271
         326  -2.4085026205872505E+127
         327   3.1441799852333266E+272
         328   5.5023149741583219E+272
         329   3.9302249815416582E+271
         330   1.5720899926166633E+272
         331   4.3232474796958239E+272
         332   3.9302249815416583E+272
         333   3.1441799852333266E+272
         334   4.7162699778499895E+272
         335   3.9302249815416582E+271
         336   1.1790674944624974E+272
         337   3.9302249815416583E+272
         338   1.5720899926166633E+272
         339   4.3232474796958239E+272
         340   1.5720899926166633E+272
         341   1.9651124907708292E+272
         342   3.1441799852333266E+272
         343   2.7511574870791610E+272
         344   1.5720899926166633E+272
         345   2.3581349889249948E+272
         346   1.5720899926166633E+272
         347   5.5023149741583219E+272
         348   5.5023149741583219E+272
         349   1.0611607450162477E+273
         350   8.2534724612374811E+272
         351   1.9651124907708292E+272
         352   7.8604499630833164E+271
         353   3.5372024833874922E+272
         354   1.9651124907708292E+272
         355   1.9651124907708292E+272
         356   3.1441799852333266E+272
         357   4.7162699778499895E+272
         358   7.8604499630833164E+271
         359   2.3581349889249948E+272
         360   7.8604499630833164E+271
         361   1.9651124907708292E+272
         362   3.9302249815416583E+272
         363   3.9302249815416583E+272
         364   1.1790674944624974E+272
         365   4.7162699778499895E+272
         366   2.3581349889249948E+272
         367   3.9302249815416582E+271
         368   6.2883599704666531E+272
         369   1.1790674944624974E+272
         370   3.1441799852333266E+272
         371   7.8604499630833164E+271
         372   5.1092924760041551E+272
         373   3.9302249815416583E+272
         374   6.2883599704666531E+272
         375   2.7511574870791610E+272
         376  -2.4085026205872505E+127
         377   1.1790674944624974E+272
         378   1.9651124907708292E+272
         379   4.3232474796958239E+272
         380   4.3232474796958239E+272
         381   2.7511574870791610E+272
         382   3.9302249815416583E+272
         383   2.3581349889249948E+272
         384   3.9302249815416582E+271
         385   7.8604499630833164E+271
         386   3.1441799852333266E+272
         387   1.9651124907708292E+272
         388   2.7511574870791610E+272
         389   1.5720899926166633E+272
         390   5.5023149741583219E+272
         391   7.8604499630833164E+271
         392   4.3232474796958239E+272
         393   5.1092924760041551E+272
         394   1.9651124907708292E+272
         395  -7.2255078617617509E+126
         396   1.9651124907708292E+272
         397   1.5720899926166633E+272
         398   3.9302249815416583E+272
         399   7.8604499630833164E+271
         400   1.9651124907708292E+272
         401   1.1790674944624974E+272
         402   7.8604499630833164E+271
         403   5.5023149741583219E+272
         404   4.3232474796958239E+272
         405   2.7511574870791610E+272
         406   3.1441799852333266E+272
         407   3.9302249815416582E+271
         408   2.3581349889249948E+272
         409   5.1092924760041551E+272
         410   1.9651124907708292E+272
         411   7.8604499630833164E+271
         412   4.7162699778499895E+272
         413   1.9651124907708292E+272
         414   1.5720899926166633E+272
         415   2.7511574870791610E+272
         416   3.1441799852333266E+272
         417   1.1790674944624974E+272
         418   1.1790674944624974E+272
         419   2.7511574870791610E+272
         420   5.5023149741583219E+272
         421   2.3581349889249948E+272
         422   3.9302249815416583E+272
         423   6.2883599704666531E+272
         424   2.7511574870791610E+272
         425   5.5023149741583219E+272
         426  -2.4085026205872507E+126
         427   1.5720899926166633E+272
         428   3.1441799852333266E+272
         429   3.9302249815416583E+272
         430   4.3232474796958239E+272
         431   7.8604499630833164E+271
         432   3.9302249815416582E+271
         433   4.7162699778499895E+272
         434   4.3232474796958239E+272
         435   5.5023149741583219E+272
         436   7.8604499630833164E+271
         437   5.1092924760041551E+272
         438   1.9651124907708292E+272
         439   2.7511574870791610E+272
         440   2.7511574870791610E+272
         441   4.3232474796958239E+272
         442   5.8953374723124863E+272
         443   1.1790674944624974E+272
         444   3.9302249815416582E+271
         445   5.5023149741583219E+272
         446   3.9302249815416583E+272
         447   1.5720899926166633E+272
         448   6.2883599704666531E+272
         449   4.7162699778499895E+272
         450   1.1790674944624974E+272
         451   1.9651124907708292E+272
         452   1.5720899926166633E+272
         453   2.3581349889249948E+272
         454   4.3232474796958239E+272
         455   2.7511574870791610E+272
         456   1.9651124907708292E+272
         457   1.5720899926166633E+272
         458   1.9651124907708292E+272
         459   2.7511574870791610E+272
         460   2.3581349889249948E+272
         461   2.7511574870791610E+272
         462   3.5372024833874922E+272
         463   6.6813824686208187E+272
         464   3.9302249815416583E+272
         465   3.1441799852333266E+272
         466   4.3232474796958239E+272
         467   3.9302249815416583E+272
         468   3.1441799852333266E+272
         469   3.9302249815416582E+271
         470   1.9651124907708292E+272
         471   3.1441799852333266E+272
         472   6.2883599704666531E+272
         473   5.1092924760041551E+272
         474   2.7511574870791610E+272
         475   2.7511574870791610E+272
         476   2.7511574870791610E+272
         477   2.3581349889249948E+272
         478   8.6464949593916479E+272
         479   7.8604499630833164E+271
         480   2.7511574870791610E+272
         481   2.3581349889249948E+272
         482   6.2883599704666531E+272
         483   5.1092924760041551E+272
         484   7.8604499630833164E+271
         485   3.9302249815416583E+272
         486   3.5372024833874922E+272
         487   4.7162699778499895E+272
         488   1.9651124907708292E+272
         489   3.9302249815416582E+271
         490   1.9651124907708292E+272
         491   7.8604499630833164E+271
         492   9.0395174575458135E+272
         493   3.9302249815416582E+271
         494   3.5372024833874922E+272
         495   1.9651124907708292E+272
         496   1.5720899926166633E+272
         497   1.1790674944624974E+272
         498   3.9302249815416583E+272
         499   2.3581349889249948E+272
         500   1.5720899926166633E+272
         501   4.7162699778499895E+272
         502   3.1441799852333266E+272
         503   1.9651124907708292E+272
         504   5.8953374723124863E+272
         505   1.9651124907708292E+272
         506   6.2883599704666531E+272
         507   3.9302249815416582E+271
         508   2.3581349889249948E+272
         509   1.9651124907708292E+272
         510   1.5720899926166633E+272
         511   2.3581349889249948E+272
         512   1.1790674944624974E+272
         513   3.9302249815416583E+272
         514   3.9302249815416582E+271
         515   3.9302249815416582E+271
         516   4.3232474796958239E+272
         517   2.7511574870791610E+272
         518   5.5023149741583219E+272
         519   1.9651124907708292E+272
         520   3.1441799852333266E+272
         521   7.8604499630833164E+271
         522   1.5720899926166633E+272
         523   3.1441799852333266E+272
         524   1.1790674944624974E+272
         525   2.7511574870791610E+272
         526   1.9651124907708292E+272
         527   5.8953374723124863E+272
         528   2.7511574870791610E+272
         529   3.9302249815416582E+271
         530   1.9651124907708292E+272
         531   1.9651124907708292E+272
         532   4.3232474796958239E+272
         533   7.8604499630833164E+271
         534   7.8604499630833167E+272
         535   4.3232474796958239E+272
         536   8.2534724612374811E+272
         537  -1.9268020964698006E+127
         538   7.8604499630833164E+271
         539   7.0744049667749843E+272
         540   7.0744049667749843E+272
         541   3.9302249815416583E+272
         542   2.3581349889249948E+272
         543   3.1441799852333266E+272
         544   2.7511574870791610E+272
         545   5.5023149741583219E+272
         546   9.0395174575458135E+272
         547   5.8953374723124863E+272
         548   2.3581349889249948E+272
         549   1.1790674944624974E+272
         550   1.5720899926166633E+272
         551   2.3581349889249948E+272
         552   3.9302249815416582E+271
         553   1.5720899926166633E+272
         554   7.8604499630833164E+271
         555   3.9302249815416583E+272
         556   1.1790674944624974E+272
         557   1.9651124907708292E+272
         558   3.9302249815416582E+271
         559   1.1790674944624974E+272
         560   5.8953374723124863E+272
         561   2.7511574870791610E+272
         562   4.3232474796958239E+272
         563   3.9302249815416582E+271
         564   5.5023149741583219E+272
         565   3.5372024833874922E+272
         566  -4.0944544549983263E+127
         567   2.3581349889249948E+272
         568   1.1790674944624974E+272
         569   4.3232474796958239E+272
         570   4.3232474796958239E+272
         571   5.1092924760041551E+272
         572   6.6813824686208187E+272
         573   7.8604499630833164E+271
         574   9.8255624538541447E+272
         575   7.8604499630833164E+271
         576   1.9651124907708292E+272
         577   3.5372024833874922E+272
         578   7.8604499630833164E+271
         579   2.3581349889249948E+272
         580   1.5720899926166633E+272
         581   3.9302249815416582E+271
         582  -1.4451015723523502E+127
         583   1.1790674944624974E+272
         584   6.6813824686208187E+272
         585   1.9651124907708292E+272
         586   4.7162699778499895E+272
         587   3.9302249815416582E+271
         588   2.3581349889249948E+272
         589   7.8604499630833164E+271
         590   2.7511574870791610E+272
         591   1.1004629948316644E+273
         592   2.7511574870791610E+272
         593   1.5720899926166633E+272
         594   2.7511574870791610E+272
         595   3.5372024833874922E+272
         596   4.7162699778499895E+272
         597   4.3232474796958239E+272
         598   2.3581349889249948E+272
         599   1.5720899926166633E+272
         600   7.8604499630833164E+271
         601   1.9651124907708292E+272
         602   5.8953374723124863E+272
         603   5.1092924760041551E+272
         604   3.1441799852333266E+272
         605   5.8953374723124863E+272
         606   3.9302249815416582E+271
         607   7.8604499630833164E+271
         608   7.8604499630833164E+271
         609   1.9651124907708292E+272
         610   1.9651124907708292E+272
         611   8.6464949593916479E+272
         612   1.9651124907708292E+272
         613   5.1092924760041551E+272
         614   7.8604499630833167E+272
         615   1.5720899926166633E+272
         616   7.8604499630833164E+271
         617   3.1441799852333266E+272
         618   7.8604499630833164E+271
         619   5.1092924760041551E+272
         620   6.2883599704666531E+272
         621   5.5023149741583219E+272
         622   4.3232474796958239E+272
         623   3.9302249815416583E+272
         624   1.1790674944624974E+272
         625   3.1441799852333266E+272
         626   1.5720899926166633E+272
         627   8.2534724612374811E+272
         628   3.1441799852333266E+272
         629   2.3581349889249948E+272
         630   1.5720899926166633E+272
         631   3.9302249815416583E+272
         632   7.8604499630833164E+271
         633   1.1790674944624974E+272
         634   5.8953374723124863E+272
         635   3.9302249815416582E+271
         636   1.1790674944624974E+272
         637   5.1092924760041551E+272
         638   1.9651124907708292E+272
         639   1.1790674944624974E+272
         640   1.5720899926166633E+272
         641   3.5372024833874922E+272
         642   6.6813824686208187E+272
         643   3.5372024833874922E+272
         644   5.1092924760041551E+272
         645   7.8604499630833164E+271
         646   2.3581349889249948E+272
         647   1.1790674944624974E+272
         648   1.1790674944624974E+272
         649  -1.4451015723523502E+127
         650   7.8604499630833164E+271
         651   2.7511574870791610E+272
         652   2.3581349889249948E+272
         653   3.9302249815416582E+271
         654   2.7511574870791610E+272
         655   2.3581349889249948E+272
         656   1.1790674944624974E+272
         657   1.1790674944624974E+272
         658   3.9302249815416582E+271
         659   1.9651124907708292E+272
         660   1.1790674944624974E+272
         661   8.2534724612374811E+272
         662   3.9302249815416582E+271
         663   1.1790674944624974E+272
         664   1.2576719940933306E+273
         665   7.8604499630833164E+271
         666   3.9302249815416582E+271
         667   6.2883599704666531E+272
         668   5.5023149741583219E+272
         669   6.2883599704666531E+272
         670   2.3581349889249948E+272
         671   7.8604499630833164E+271
         672   7.8604499630833164E+271
         673   6.6813824686208187E+272
         674   8.6464949593916479E+272
         675   3.9302249815416582E+271
         676  -6.2621068135268521E+127
         677   1.0611607450162477E+273
         678   7.8604499630833164E+271
         679   1.9651124907708292E+272
         680   1.1790674944624974E+272
         681   1.5720899926166633E+272
         682   1.0218584952008310E+273
         683   7.8604499630833164E+271
         684   5.5023149741583219E+272
         685   5.1092924760041551E+272
         686   5.1092924760041551E+272
         687   1.5720899926166633E+272
         688   1.1790674944624974E+272
         689   7.8604499630833164E+271
         690   4.7162699778499895E+272
         691   2.3581349889249948E+272
         692   2.3581349889249948E+272
         693   1.5720899926166633E+272
         694   7.8604499630833164E+271
         695   5.5023149741583219E+272
         696   3.1441799852333266E+272
         697   9.0395174575458135E+272
         698   3.9302249815416582E+271
         699   1.9651124907708292E+272
         700   3.1441799852333266E+272
         701   3.5372024833874922E+272
         702   6.2883599704666531E+272
         703   3.1441799852333266E+272
         704   4.3232474796958239E+272
         705   3.9302249815416583E+272
         706   2.7511574870791610E+272
         707   1.9651124907708292E+272
         708   1.5720899926166633E+272
         709   5.8953374723124863E+272
         710   1.5720899926166633E+272
         711   1.9651124907708292E+272
         712   2.3581349889249948E+272
         713   4.7162699778499895E+272
         714   3.9302249815416582E+271
         715   7.8604499630833164E+271
         716   5.8953374723124863E+272
         717   3.1441799852333266E+272
         718   3.5372024833874922E+272
         719   2.7511574870791610E+272
         720   1.9651124907708292E+272
         721   2.3581349889249948E+272
         722   1.9651124907708292E+272
         723   7.8604499630833164E+271
         724   1.9651124907708292E+272
         725   3.1441799852333266E+272
         726   3.9302249815416582E+271
         727   7.8604499630833164E+271
         728   1.5720899926166633E+272
         729   2.3581349889249948E+272
         730   7.8604499630833164E+271
         731   5.8953374723124863E+272
         732   2.3581349889249948E+272
         733   1.9651124907708292E+272
         734   4.3232474796958239E+272
         735   3.9302249815416583E+272
         736   7.8604499630833164E+271
         737   7.4674274649291499E+272
         738   1.1790674944624974E+272
         739  -4.8170052411745014E+126
         740   3.5372024833874922E+272
         741   1.9651124907708292E+272
         742   2.3581349889249948E+272
         743   8.2534724612374811E+272
         744   6.6813824686208187E+272
         745   7.8604499630833164E+271
         746   2.3581349889249948E+272
         747   1.1790674944624974E+272
         748   1.5720899926166633E+272
         749   7.8604499630833164E+271
         750   2.7511574870791610E+272
         751   9.0395174575458135E+272
         752   7.8604499630833164E+271
         753   2.7511574870791610E+272
         754   7.8604499630833164E+271
         755   2.3581349889249948E+272
         756   2.7511574870791610E+272
         757   7.8604499630833167E+272
         758   7.0744049667749843E+272
         759   3.9302249815416582E+271
         760   7.8604499630833164E+271
         761   3.9302249815416583E+272
         762   3.9302249815416582E+271
         763   7.8604499630833164E+271
         764  -2.4085026205872505E+127
         765   1.1790674944624974E+272
         766   5.5023149741583219E+272
         767   1.1790674944624974E+272
         768   1.9651124907708292E+272
         769   3.5372024833874922E+272
         770   3.9302249815416583E+272
         771   3.9302249815416582E+271
         772   3.5372024833874922E+272
         773   1.5720899926166633E+272
         774   3.9302249815416582E+271
         775   5.8953374723124863E+272
         776   4.7162699778499895E+272
         777   5.1092924760041551E+272
         778   1.1790674944624974E+272
         779   1.1790674944624974E+272
         780   8.2534724612374811E+272
         781   2.7511574870791610E+272
         782   2.3581349889249948E+272
         783   3.1441799852333266E+272
         784   3.9302249815416582E+271
         785   4.3232474796958239E+272
         786   2.7511574870791610E+272
         787   3.9302249815416583E+272
         788   2.3581349889249948E+272
         789   4.3232474796958239E+272
         790   3.9302249815416582E+271
         791   3.5372024833874922E+272
         792   3.9302249815416582E+271
         793   1.1790674944624974E+272
         794   2.3581349889249948E+272
         795   5.8953374723124863E+272
         796  -2.6493528826459757E+127
         797   3.9302249815416582E+271
         798   3.9302249815416582E+271
         799   1.5720899926166633E+272
         800   3.1441799852333266E+272
         801   3.9302249815416582E+271
         802   4.3232474796958239E+272
         803   7.8604499630833167E+272
         804   2.7511574870791610E+272
         805   3.9302249815416582E+271
         806   3.5372024833874922E+272
         807   2.3581349889249948E+272
         808   1.9651124907708292E+272
         809   5.1092924760041551E+272
         810   4.3232474796958239E+272
         811   1.5720899926166633E+272
         812   2.3581349889249948E+272
         813   3.1441799852333266E+272
         814   4.7162699778499895E+272
         815   1.1790674944624974E+272
         816   1.5720899926166633E+272
         817   5.1092924760041551E+272
         818  -7.2255078617617509E+126
         819   3.1441799852333266E+272
         820   5.1092924760041551E+272
         821   3.9302249815416583E+272
         822   3.9302249815416582E+271
         823   1.9651124907708292E+272
         824   1.1790674944624974E+272
         825   1.5720899926166633E+272
         826   7.4674274649291499E+272
         827   4.3232474796958239E+272
         828   3.1441799852333266E+272
         829   3.1441799852333266E+272
         830   3.5372024833874922E+272
         831   2.3581349889249948E+272
         832   5.1092924760041551E+272
         833   3.9302249815416582E+271
         834   3.1589127795093984E+272
         835   9.1798230484273162E+272
         836   1.9031866696685224E+272
         837   2.4322576873171143E+272
         838   4.7384838510170372E+272
         839   8.0334793805002221E+271
         840   3.1785565052108275E+272
         841   1.3149208809304031E+272
         842   3.2206434675851848E+272
         843   1.6880702898772596E+272
         844   9.1932823531061856E+271
         845   2.8598860689546614E+272
         846   4.4142143928178734E+272
         847   3.4282787684854711E+272
         848   1.6978921527279742E+272
         849   6.8541825225318436E+272
         850   4.8373905700418237E+272
         851   2.3777787146264239E+272
         852   5.2116544222521515E+271
         853   1.0231458857607618E+272
         854   2.9139063146335914E+272
         855   4.5849030262750408E+272
         856   5.8832956835588309E+271
         857   6.3378519624268089E+272
         858   3.6425127869638931E+272
         859   1.3238308333298725E+272
         860   2.9207048465792031E+272
         861   1.7299278887457367E+272
         862   6.1562086676759862E+272
         863   4.5996996001688765E+272
         864   5.3719874922701444E+272
         865   4.0734576426301874E+272
         866   3.6558804873492348E+272
         867   5.1920957632898640E+272
         868   3.8115689383718608E+272
         869   5.6069427307893575E+272
         870   6.7292542482191896E+272
         871   1.6131632402694228E+272
         872   4.0635082205439451E+272
         873   1.7218280425271599E+272
         874   2.1823660459811264E+272
         875   6.4498374111819591E+271
         876   2.5187981509907419E+272
         877   1.3165075695308825E+271
         878   2.9756370027093778E+272
         879   3.0245862766471107E+272
         880   9.3161844135659946E+271
         881   2.2741810899366561E+272
         882   4.3825698100208799E+272
         883   3.6293364254318423E+272
         884   3.7593669700231457E+272
         885   3.4692502118678792E+272
         886   2.6940407931318589E+272
         887   5.6951156765121853E+272
         888   5.9561562499370280E+272
         889   1.7194492339148319E+272
         890   1.7777358887263435E+272
         891   1.4440395150704627E+272
         892   1.0156648068697864E+272
         893   3.7445066165115474E+272
         894   4.2263846073339050E+272
         895   5.1046015703391736E+272
         896   4.7137598158289068E+272
         897   2.8591017177389444E+272
         898   7.9115106574749077E+272
         899   4.5237437761762516E+271
         900   4.9171402717262885E+272
         901   5.9251162065304656E+272
         902   1.9087099635834109E+272
         903   8.5656833193216957E+272
         904   2.1849342883396400E+272
         905   3.6418940196362916E+272
         906   7.3456117050271796E+271
         907   3.9141893052035632E+272
         908   4.4094569411622279E+272
         909   5.8810438522503920E+272
         910   1.9258692661879501E+272
         911   4.6393040445534498E+272
         912   2.4068291072900004E+272
         913   5.9708131604769328E+272
         914   8.5180839584886238E+271
         915   3.0442693921195054E+272
         916   2.8469010462759027E+272
         917   9.6410649954805225E+271
         918   9.0966801937101246E+271
         919   1.3350042362930993E+272
         920   6.5952292464935800E+272
         921   1.7089930359835972E+272
         922   2.1941773389250742E+272
         923   3.7430455831998075E+272
         924   3.1204941105672935E+271
         925   4.0596523792626185E+271
         926   4.6204364866356979E+272
         927   2.4540924703878336E+272
         928   2.1269510903771648E+272
         929   8.5788299383063107E+272
         930   4.9515971963315948E+272
         931   3.6965346831762059E+271
         932   4.5346384656908441E+272
         933   4.7025671182138593E+272
         934   3.0971699873152094E+272
         935   5.6806549708522936E+272
         936   1.0554140954514952E+272
         937   1.5064052858770777E+272
         938   2.0807860952324429E+272
         939   2.9093551321503651E+272
         940   1.1009245473132512E+273
         941   4.3253319087706622E+272
         942   4.2891612495174980E+272
         943   1.2678159256055051E+272
         944   6.0646800310726200E+272
         945   1.0065183948600161E+272
         946   3.2428116312736486E+272
         947   5.2485624211803433E+272
         948   8.4433947245094342E+272
         949   3.2601315925316956E+272
         950   2.4698496193664168E+272
         951   4.6012257327311929E+272
         952   6.0293216190368552E+272
         953   5.3057848979358256E+272
         954   4.0646965619400094E+272
         955   7.1296238822240908E+271
         956   4.2967097473285569E+272
         957   4.3115121054019615E+272
         958   1.5042141577195966E+272
         959   4.8723504760119692E+272
         960   1.9431273874605349E+272
         961   2.4744392701504775E+272
         962   2.7409048870927185E+272
         963   2.9982574958708199E+272
         964   2.2018684125140284E+272
         965   2.4103511323567086E+272
         966   2.9007150248860370E+272
         967   4.3728839559788681E+272
         968   3.4484587268955454E+272
         969   6.3794946624009187E+272
         970   7.0979540569254548E+271
         971   6.7548734761959167E+271
         972   1.2631543613206280E+273
         973   7.2635188610773280E+272
         974   4.3136237179825495E+272
         975   3.9136357700322161E+272
         976   2.9246706812612709E+272
         977   2.5988448265369953E+272
         978   5.5044522056801975E+272
         979   1.1433556496635961E+273
         980   3.6481132129058923E+272
         981   4.3180110747836702E+272
         982   3.7150481986453453E+272
         983   6.0681026833637616E+272
         984   2.3534290534062018E+272
         985   1.9023602858191728E+272
         986   7.1708407497923254E+272
         987   1.2874706427451934E+272
         988   6.0122773335020571E+271
         989   4.7081737991458078E+272
         990   3.3631572230201816E+272
         991   3.3614193917527004E+272
         992   7.7746499610735738E+272
         993   4.1558819616177974E+272
         994   2.1978878307553967E+280
         995   1.3187326807187830E+281
         996   2.9305171178153738E+280
         997   7.3262927738826169E+279
         998   7.3262931410116042E+279
         999   6.3187359649418479E+272
        1000   5.1284048783571420E+280
