           1 -0.79989440000734424     
           2  -2.2906944000073661     
           3  -2.0262944000073606     
           4  -2.9618944000073508     
           5  -3.6206944000073573     
           6  -4.3298944000073458     
           7  -4.9054944000073490     
           8  -6.5086944000073483     
           9  -7.0026944000073410     
          10  -7.9238944000073630     
          11  -8.3318944000073518     
          12  -8.9738944000073406     
          13  -10.075494400007351     
          14  -10.805494400007364     
          15  -11.373894400007348     
          16  -12.282294400007357     
          17  -13.203494400007353     
          18  -2.5990481418255712E+069
          19  -2.7096459350947443E+069
          20  -1.1059779326917324E+068
          21  -2.5990481418255712E+069
          22  -2.3778525552872246E+069
          23  -5.0874986285947104E+069
          24  -1.1319962316760077E+128
          25  -1.1801662840877528E+128
          26  -4.8170052411745014E+126
          27  -1.1319962316760077E+128
          28  -1.0356561268525178E+128
          29  -1.0838261792642627E+128
          30   1.8472057413245790E+273
          31   1.9258102409554124E+273
          32   7.8604499630833164E+271
          33   1.8472057413245790E+273
          34   1.6899967420629128E+273
          35   1.7686012416937461E+273
          36   1.9651124907708289E+273
          37   1.7686012416937461E+273
          38   1.8865079911399958E+273
          39   1.2183697442779138E+273
          40   1.8472057413245790E+273
          41   1.9258102409554124E+273
          42   1.5720899926166633E+273
          43   1.8472057413245790E+273
          44   1.4148809933549969E+273
          45   1.8865079911399958E+273
          46   1.6899967420629128E+273
          47   1.9651124907708289E+273
          48   1.8079034915091627E+273
          49   1.8079034915091627E+273
          50   1.7686012416937461E+273
          51   1.8079034915091627E+273
          52   1.8472057413245790E+273
          53   1.9258102409554124E+273
          54   1.9258102409554124E+273
          55   1.8472057413245790E+273
          56   1.8079034915091627E+273
          57   1.7292989918783296E+273
          58   1.5720899926166633E+273
          59   1.8079034915091627E+273
          60   1.7292989918783296E+273
          61   1.4541832431704134E+273
          62   1.7686012416937461E+273
          63   1.7292989918783296E+273
          64   1.5720899926166633E+273
          65   1.8865079911399958E+273
          66   1.8079034915091627E+273
          67   1.9258102409554124E+273
          68   1.7686012416937461E+273
          69   1.4934854929858300E+273
          70   1.7292989918783296E+273
          71   1.7292989918783296E+273
          72   1.9258102409554124E+273
          73   1.8472057413245790E+273
          74   1.7292989918783296E+273
          75   1.4148809933549969E+273
          76   1.3362764937241637E+273
          77   1.7292989918783296E+273
          78   1.8865079911399958E+273
          79   1.9258102409554124E+273
          80   1.8079034915091627E+273
          81   1.7686012416937461E+273
          82   1.6899967420629128E+273
          83   1.8865079911399958E+273
          84   1.9651124907708289E+273
          85   1.9258102409554124E+273
          86   1.8472057413245790E+273
          87   1.8472057413245790E+273
          88   1.8472057413245790E+273
          89   1.9258102409554124E+273
          90   1.9651124907708289E+273
          91   1.8472057413245790E+273
          92   1.9258102409554124E+273
          93   1.8079034915091627E+273
          94   1.6506944922474962E+273
          95   1.6899967420629128E+273
          96   1.8865079911399958E+273
          97   1.8079034915091627E+273
          98   1.8472057413245790E+273
          99   1.7292989918783296E+273
         100   1.6506944922474962E+273
         101   1.3362764937241637E+273
         102   1.9258102409554124E+273
         103   1.6899967420629128E+273
         104   1.6899967420629128E+273
         105   1.8079034915091627E+273
         106   1.9651124907708289E+273
         107   1.9258102409554124E+273
         108   1.4541832431704134E+273
         109   1.7686012416937461E+273
         110   1.9651124907708289E+273
         111   1.7686012416937461E+273
         112   1.7686012416937461E+273
         113   1.7292989918783296E+273
         114   2.3581349889249948E+272
         115   1.7686012416937461E+273
         116   1.9258102409554124E+273
         117   1.6899967420629128E+273
         118   1.6506944922474962E+273
         119   1.8865079911399958E+273
         120   1.8079034915091627E+273
         121   1.6506944922474962E+273
         122   1.9258102409554124E+273
         123   1.8472057413245790E+273
         124   1.7686012416937461E+273
         125   1.8472057413245790E+273
         126   1.6899967420629128E+273
         127   1.8079034915091627E+273
         128   1.9651124907708289E+273
         129   1.9258102409554124E+273
         130   1.4934854929858300E+273
         131   1.8865079911399958E+273
         132   1.8865079911399958E+273
         133   1.6113922424320797E+273
         134   1.8472057413245790E+273
         135   1.9258102409554124E+273
         136   1.2969742439087472E+273
         137   1.7686012416937461E+273
         138   1.8865079911399958E+273
         139   1.8079034915091627E+273
         140   1.8079034915091627E+273
         141   9.0395174575458135E+272
         142   1.8079034915091627E+273
         143   1.9651124907708289E+273
         144   1.8079034915091627E+273
         145   1.8079034915091627E+273
         146   1.8079034915091627E+273
         147   1.8472057413245790E+273
         148   1.7686012416937461E+273
         149   1.8472057413245790E+273
         150   1.2183697442779138E+273
         151   1.8472057413245790E+273
         152   1.8472057413245790E+273
         153   1.8472057413245790E+273
         154   1.9258102409554124E+273
         155   1.9258102409554124E+273
         156   1.4934854929858300E+273
         157   1.8865079911399958E+273
         158   1.8472057413245790E+273
         159   1.9258102409554124E+273
         160   1.8079034915091627E+273
         161   1.9258102409554124E+273
         162   1.8472057413245790E+273
         163   1.5720899926166633E+273
         164   1.8472057413245790E+273
         165   1.9258102409554124E+273
         166   1.8079034915091627E+273
         167   1.9258102409554124E+273
         168   1.8865079911399958E+273
         169   1.8472057413245790E+273
         170   1.8865079911399958E+273
         171   1.8079034915091627E+273
         172   1.8472057413245790E+273
         173   1.8865079911399958E+273
         174   1.8079034915091627E+273
         175   7.8604499630833167E+272
         176   1.8079034915091627E+273
         177   1.8865079911399958E+273
         178   1.7292989918783296E+273
         179   1.9258102409554124E+273
         180   1.9258102409554124E+273
         181   1.6506944922474962E+273
         182   1.7686012416937461E+273
         183   1.8865079911399958E+273
         184   1.7686012416937461E+273
         185   1.8079034915091627E+273
         186   1.7292989918783296E+273
         187   1.8865079911399958E+273
         188   1.8865079911399958E+273
         189   1.6899967420629128E+273
         190   1.8079034915091627E+273
         191   1.8865079911399958E+273
         192   1.7292989918783296E+273
         193   1.8079034915091627E+273
         194   1.8472057413245790E+273
         195   1.9258102409554124E+273
         196   1.5720899926166633E+273
         197   1.9651124907708289E+273
         198   1.8079034915091627E+273
         199   1.7686012416937461E+273
         200   1.8865079911399958E+273
         201   1.8472057413245790E+273
         202   1.6506944922474962E+273
         203   1.8472057413245790E+273
         204   1.9651124907708289E+273
         205   1.8865079911399958E+273
         206   1.6899967420629128E+273
         207   1.5327877428012465E+273
         208   1.8865079911399958E+273
         209   1.8472057413245790E+273
         210   1.8865079911399958E+273
         211   1.8865079911399958E+273
         212   1.7686012416937461E+273
         213   1.9651124907708289E+273
         214   1.9651124907708289E+273
         215   1.8472057413245790E+273
         216   1.8472057413245790E+273
         217   1.8472057413245790E+273
         218   1.8079034915091627E+273
         219   1.9258102409554124E+273
         220   1.7686012416937461E+273
         221   1.7686012416937461E+273
         222   1.9258102409554124E+273
         223   1.8865079911399958E+273
         224   1.5327877428012465E+273
         225   1.8079034915091627E+273
         226   1.7686012416937461E+273
         227   1.7686012416937461E+273
         228   1.9258102409554124E+273
         229   1.8472057413245790E+273
         230   1.9651124907708289E+273
         231   1.7292989918783296E+273
         232   1.8472057413245790E+273
         233   1.1004629948316644E+273
         234   1.8865079911399958E+273
         235   1.8472057413245790E+273
         236   1.8865079911399958E+273
         237   1.8865079911399958E+273
         238   1.8865079911399958E+273
         239   1.8472057413245790E+273
         240   1.8079034915091627E+273
         241   1.9258102409554124E+273
         242   1.8472057413245790E+273
         243   1.8472057413245790E+273
         244   1.8079034915091627E+273
         245   1.9258102409554124E+273
         246   1.8865079911399958E+273
         247   1.4541832431704134E+273
         248   1.8472057413245790E+273
         249   1.6899967420629128E+273
         250   1.7686012416937461E+273
         251   1.7686012416937461E+273
         252   1.8865079911399958E+273
         253   1.9651124907708289E+273
         254   1.5720899926166633E+273
         255   1.8865079911399958E+273
         256   1.8472057413245790E+273
         257   1.8865079911399958E+273
         258   1.8865079911399958E+273
         259   1.8472057413245790E+273
         260   1.9258102409554124E+273
         261   1.9258102409554124E+273
         262   1.8472057413245790E+273
         263   1.6506944922474962E+273
         264   1.7292989918783296E+273
         265   1.8079034915091627E+273
         266   1.9651124907708289E+273
         267   1.8079034915091627E+273
         268   1.4148809933549969E+273
         269   1.8472057413245790E+273
         270   1.6113922424320797E+273
         271   1.7292989918783296E+273
         272   1.8865079911399958E+273
         273   1.8865079911399958E+273
         274   1.4934854929858300E+273
         275   1.8865079911399958E+273
         276   1.8865079911399958E+273
         277   1.9258102409554124E+273
         278   1.8865079911399958E+273
         279   1.8865079911399958E+273
         280   1.7686012416937461E+273
         281   1.8865079911399958E+273
         282   1.8472057413245790E+273
         283   1.5327877428012465E+273
         284   1.7292989918783296E+273
         285   1.7686012416937461E+273
         286   1.6113922424320797E+273
         287   1.4148809933549969E+273
         288   1.6899967420629128E+273
         289   1.0611607450162477E+273
         290   1.5720899926166633E+273
         291   1.9651124907708289E+273
         292   1.9258102409554124E+273
         293   1.8079034915091627E+273
         294   1.8472057413245790E+273
         295   1.7686012416937461E+273
         296   1.8865079911399958E+273
         297   1.8865079911399958E+273
         298   1.7686012416937461E+273
         299   1.9258102409554124E+273
         300   1.8472057413245790E+273
         301   1.8472057413245790E+273
         302   1.8472057413245790E+273
         303   1.2969742439087472E+273
         304   1.6113922424320797E+273
         305   1.5327877428012465E+273
         306   1.7686012416937461E+273
         307   1.9258102409554124E+273
         308   1.7292989918783296E+273
         309   1.9258102409554124E+273
         310   1.8472057413245790E+273
         311   1.8079034915091627E+273
         312   1.8865079911399958E+273
         313   1.7292989918783296E+273
         314   1.7292989918783296E+273
         315   1.7292989918783296E+273
         316   1.7292989918783296E+273
         317   1.6899967420629128E+273
         318   1.8865079911399958E+273
         319   1.8472057413245790E+273
         320   1.9258102409554124E+273
         321   1.7686012416937461E+273
         322   1.8865079911399958E+273
         323   1.6113922424320797E+273
         324   1.7686012416937461E+273
         325   1.6899967420629128E+273
         326   1.7292989918783296E+273
         327   1.7686012416937461E+273
         328   1.8079034915091627E+273
         329   1.7686012416937461E+273
         330   1.6113922424320797E+273
         331   1.3755787435395801E+273
         332   1.7292989918783296E+273
         333   1.8865079911399958E+273
         334   1.8865079911399958E+273
         335   1.7292989918783296E+273
         336   1.6113922424320797E+273
         337   1.8472057413245790E+273
         338   1.8865079911399958E+273
         339   1.8865079911399958E+273
         340   1.8472057413245790E+273
         341   1.4934854929858300E+273
         342   1.7686012416937461E+273
         343   1.9258102409554124E+273
         344   1.8472057413245790E+273
         345   1.5327877428012465E+273
         346   1.7686012416937461E+273
         347   1.8079034915091627E+273
         348   1.9258102409554124E+273
         349   1.8865079911399958E+273
         350   1.8865079911399958E+273
         351   1.9651124907708289E+273
         352   1.8472057413245790E+273
         353   1.8865079911399958E+273
         354   1.9258102409554124E+273
         355   1.9258102409554124E+273
         356   1.9258102409554124E+273
         357   1.7686012416937461E+273
         358   1.8079034915091627E+273
         359   1.7292989918783296E+273
         360   1.9651124907708289E+273
         361   1.5720899926166633E+273
         362   1.9651124907708289E+273
         363   1.5327877428012465E+273
         364   1.4541832431704134E+273
         365   1.8079034915091627E+273
         366   1.6506944922474962E+273
         367   1.9258102409554124E+273
         368   1.8472057413245790E+273
         369   1.8865079911399958E+273
         370   1.7292989918783296E+273
         371   1.9258102409554124E+273
         372   1.8865079911399958E+273
         373   1.8865079911399958E+273
         374   1.9651124907708289E+273
         375   1.6506944922474962E+273
         376   1.8472057413245790E+273
         377   1.5720899926166633E+273
         378   1.7292989918783296E+273
         379   1.9258102409554124E+273
         380   1.8472057413245790E+273
         381   1.8472057413245790E+273
         382   1.8472057413245790E+273
         383   1.8472057413245790E+273
         384   1.9258102409554124E+273
         385   1.8079034915091627E+273
         386   1.8079034915091627E+273
         387   1.7686012416937461E+273
         388   1.4934854929858300E+273
         389   1.7686012416937461E+273
         390   1.8865079911399958E+273
         391   1.9258102409554124E+273
         392   1.9258102409554124E+273
         393   1.7292989918783296E+273
         394   1.8079034915091627E+273
         395   1.8472057413245790E+273
         396   1.6506944922474962E+273
         397   1.6506944922474962E+273
         398   1.8472057413245790E+273
         399   1.7686012416937461E+273
         400   1.8865079911399958E+273
         401   1.9258102409554124E+273
         402   1.8865079911399958E+273
         403   1.7686012416937461E+273
         404   1.7292989918783296E+273
         405   1.6506944922474962E+273
         406   1.8472057413245790E+273
         407   1.8472057413245790E+273
         408   1.8472057413245790E+273
         409   1.6113922424320797E+273
         410   1.7686012416937461E+273
         411   1.9651124907708289E+273
         412   1.7292989918783296E+273
         413   1.8472057413245790E+273
         414   1.8079034915091627E+273
         415   1.9651124907708289E+273
         416   1.7292989918783296E+273
         417   1.6506944922474962E+273
         418   1.7292989918783296E+273
         419   1.5720899926166633E+273
         420   1.3755787435395801E+273
         421   1.8079034915091627E+273
         422   1.9258102409554124E+273
         423   1.8079034915091627E+273
         424   1.6899967420629128E+273
         425   1.8865079911399958E+273
         426   1.9258102409554124E+273
         427   1.3362764937241637E+273
         428   1.8472057413245790E+273
         429   1.6506944922474962E+273
         430   1.9258102409554124E+273
         431   1.6506944922474962E+273
         432   1.6113922424320797E+273
         433   1.8472057413245790E+273
         434   1.7686012416937461E+273
         435   1.8079034915091627E+273
         436   1.8865079911399958E+273
         437   1.8865079911399958E+273
         438   1.9258102409554124E+273
         439   1.7292989918783296E+273
         440   1.3362764937241637E+273
         441   1.9258102409554124E+273
         442   1.9258102409554124E+273
         443   1.9258102409554124E+273
         444   1.8472057413245790E+273
         445   1.8472057413245790E+273
         446   1.9651124907708289E+273
         447   1.5327877428012465E+273
         448   1.7686012416937461E+273
         449   1.8472057413245790E+273
         450   1.8079034915091627E+273
         451   1.7292989918783296E+273
         452   1.4934854929858300E+273
         453   1.8865079911399958E+273
         454   1.9258102409554124E+273
         455   1.6899967420629128E+273
         456   1.9258102409554124E+273
         457   1.7686012416937461E+273
         458   1.9651124907708289E+273
         459   1.8079034915091627E+273
         460   1.8865079911399958E+273
         461   1.8079034915091627E+273
         462   1.7292989918783296E+273
         463   1.6506944922474962E+273
         464   1.8865079911399958E+273
         465   1.9651124907708289E+273
         466   1.6899967420629128E+273
         467   1.6506944922474962E+273
         468   1.5327877428012465E+273
         469   1.6506944922474962E+273
         470   1.8865079911399958E+273
         471   1.6506944922474962E+273
         472   1.8079034915091627E+273
         473   1.8865079911399958E+273
         474   1.8079034915091627E+273
         475   1.9258102409554124E+273
         476   1.8079034915091627E+273
         477   1.7686012416937461E+273
         478   1.7686012416937461E+273
         479   1.9258102409554124E+273
         480   1.7292989918783296E+273
         481   1.8079034915091627E+273
         482   1.6899967420629128E+273
         483   1.7686012416937461E+273
         484   1.8472057413245790E+273
         485   1.9258102409554124E+273
         486   1.7292989918783296E+273
         487   1.9258102409554124E+273
         488   1.8079034915091627E+273
         489   1.9258102409554124E+273
         490   1.8472057413245790E+273
         491   1.7292989918783296E+273
         492   1.7292989918783296E+273
         493   1.8865079911399958E+273
         494   1.1790674944624973E+273
         495   1.8079034915091627E+273
         496   1.8079034915091627E+273
         497   1.6506944922474962E+273
         498   1.8865079911399958E+273
         499   1.8865079911399958E+273
         500   1.8472057413245790E+273
         501   1.9258102409554124E+273
         502   1.9258102409554124E+273
         503   1.9258102409554124E+273
         504   1.8079034915091627E+273
         505   1.7292989918783296E+273
         506   1.9258102409554124E+273
         507   1.8472057413245790E+273
         508   1.6506944922474962E+273
         509   1.8079034915091627E+273
         510   1.8079034915091627E+273
         511   1.8865079911399958E+273
         512   1.9258102409554124E+273
         513   1.8865079911399958E+273
         514   1.6506944922474962E+273
         515   1.9258102409554124E+273
         516   1.7686012416937461E+273
         517   1.7686012416937461E+273
         518   1.8472057413245790E+273
         519   1.8472057413245790E+273
         520   1.5327877428012465E+273
         521   1.8472057413245790E+273
         522   1.8079034915091627E+273
         523   1.8472057413245790E+273
         524   1.8865079911399958E+273
         525   1.8865079911399958E+273
         526   1.7686012416937461E+273
         527   1.8079034915091627E+273
         528   1.6899967420629128E+273
         529   1.8865079911399958E+273
         530   1.5327877428012465E+273
         531   1.6899967420629128E+273
         532   1.8865079911399958E+273
         533   1.8472057413245790E+273
         534   1.9651124907708289E+273
         535   1.8079034915091627E+273
         536   1.8079034915091627E+273
         537   1.6899967420629128E+273
         538   1.8472057413245790E+273
         539   1.8079034915091627E+273
         540   1.7292989918783296E+273
         541   1.8079034915091627E+273
         542   1.8865079911399958E+273
         543   1.9651124907708289E+273
         544   1.8865079911399958E+273
         545   1.9651124907708289E+273
         546   1.8865079911399958E+273
         547   1.8472057413245790E+273
         548   1.5720899926166633E+273
         549   1.7686012416937461E+273
         550   1.8865079911399958E+273
         551   1.4934854929858300E+273
         552   1.8865079911399958E+273
         553   1.7686012416937461E+273
         554   1.7686012416937461E+273
         555   1.9651124907708289E+273
         556   1.6899967420629128E+273
         557   1.7292989918783296E+273
         558   1.8472057413245790E+273
         559   1.8079034915091627E+273
         560   1.2969742439087472E+273
         561   1.8079034915091627E+273
         562   1.8865079911399958E+273
         563   1.8865079911399958E+273
         564   1.9258102409554124E+273
         565   1.8865079911399958E+273
         566   1.8079034915091627E+273
         567   1.8472057413245790E+273
         568   1.9651124907708289E+273
         569   1.9651124907708289E+273
         570   1.9258102409554124E+273
         571   1.8079034915091627E+273
         572   1.8079034915091627E+273
         573   1.6506944922474962E+273
         574   1.7686012416937461E+273
         575   1.9258102409554124E+273
         576   1.9258102409554124E+273
         577   1.8472057413245790E+273
         578   1.8079034915091627E+273
         579   1.9258102409554124E+273
         580   1.4541832431704134E+273
         581   1.4148809933549969E+273
         582   1.8865079911399958E+273
         583   1.7686012416937461E+273
         584   1.8472057413245790E+273
         585   1.8079034915091627E+273
         586   1.6506944922474962E+273
         587   1.9651124907708289E+273
         588   1.6899967420629128E+273
         589   1.5720899926166633E+273
         590   1.8865079911399958E+273
         591   1.8079034915091627E+273
         592   1.8472057413245790E+273
         593   1.8472057413245790E+273
         594   1.7292989918783296E+273
         595   1.9258102409554124E+273
         596   1.4934854929858300E+273
         597   1.3755787435395801E+273
         598   1.6899967420629128E+273
         599   1.9258102409554124E+273
         600   1.8079034915091627E+273
         601   1.8865079911399958E+273
         602   1.8079034915091627E+273
         603   1.3362764937241637E+273
         604   1.5720899926166633E+273
         605   1.8472057413245790E+273
         606   1.8079034915091627E+273
         607   1.8865079911399958E+273
         608   1.8865079911399958E+273
         609   1.8079034915091627E+273
         610   1.5720899926166633E+273
         611   1.9258102409554124E+273
         612   1.8079034915091627E+273
         613   1.8472057413245790E+273
         614   1.7686012416937461E+273
         615   1.8865079911399958E+273
         616   1.2183697442779138E+273
         617   1.8865079911399958E+273
         618   1.9651124907708289E+273
         619   1.8079034915091627E+273
         620   1.6506944922474962E+273
         621   1.9651124907708289E+273
         622   1.8079034915091627E+273
         623   1.8472057413245790E+273
         624   1.9258102409554124E+273
         625   1.9651124907708289E+273
         626   1.6506944922474962E+273
         627   1.9651124907708289E+273
         628   1.7686012416937461E+273
         629   1.7686012416937461E+273
         630   1.9258102409554124E+273
         631   1.8472057413245790E+273
         632   1.8865079911399958E+273
         633   1.4934854929858300E+273
         634   1.8079034915091627E+273
         635   1.9258102409554124E+273
         636   1.9651124907708289E+273
         637   1.7686012416937461E+273
         638   1.5720899926166633E+273
         639   1.8865079911399958E+273
         640   1.6506944922474962E+273
         641   1.8472057413245790E+273
         642   1.4148809933549969E+273
         643   1.9258102409554124E+273
         644   1.8865079911399958E+273
         645   1.4934854929858300E+273
         646   1.9258102409554124E+273
         647   1.5327877428012465E+273
         648   1.9258102409554124E+273
         649   1.7686012416937461E+273
         650   1.8865079911399958E+273
         651   1.7686012416937461E+273
         652   1.8472057413245790E+273
         653   1.6899967420629128E+273
         654   1.9258102409554124E+273
         655   1.8079034915091627E+273
         656   1.7686012416937461E+273
         657   1.8865079911399958E+273
         658   1.7292989918783296E+273
         659   1.8079034915091627E+273
         660   1.8472057413245790E+273
         661   1.8079034915091627E+273
         662   1.9258102409554124E+273
         663   1.9651124907708289E+273
         664   1.5327877428012465E+273
         665   1.9258102409554124E+273
         666   1.8079034915091627E+273
         667   1.8079034915091627E+273
         668   1.8079034915091627E+273
         669   1.8472057413245790E+273
         670   1.8079034915091627E+273
         671   1.8079034915091627E+273
         672   1.9258102409554124E+273
         673   1.8472057413245790E+273
         674   1.6899967420629128E+273
         675   1.5327877428012465E+273
         676   1.8865079911399958E+273
         677   1.8865079911399958E+273
         678   1.7292989918783296E+273
         679   1.9258102409554124E+273
         680   1.0218584952008310E+273
         681   1.8472057413245790E+273
         682   1.8079034915091627E+273
         683   1.9651124907708289E+273
         684   1.6899967420629128E+273
         685   1.8079034915091627E+273
         686   1.9258102409554124E+273
         687   1.9651124907708289E+273
         688   1.9651124907708289E+273
         689   1.8865079911399958E+273
         690   1.8865079911399958E+273
         691   1.8079034915091627E+273
         692   1.7686012416937461E+273
         693   1.8865079911399958E+273
         694   1.8079034915091627E+273
         695   6.6813824686208187E+272
         696   1.7292989918783296E+273
         697   1.8472057413245790E+273
         698   1.8865079911399958E+273
         699   1.8079034915091627E+273
         700   1.8079034915091627E+273
         701   1.8472057413245790E+273
         702   1.6113922424320797E+273
         703   1.9651124907708289E+273
         704   1.6506944922474962E+273
         705   1.7686012416937461E+273
         706   1.8079034915091627E+273
         707   1.8472057413245790E+273
         708   1.8079034915091627E+273
         709   1.8079034915091627E+273
         710   1.9651124907708289E+273
         711   1.8472057413245790E+273
         712   1.4541832431704134E+273
         713   1.7686012416937461E+273
         714   1.8865079911399958E+273
         715   1.7292989918783296E+273
         716   1.8079034915091627E+273
         717   1.7686012416937461E+273
         718   1.8079034915091627E+273
         719   5.5023149741583219E+272
         720   1.8472057413245790E+273
         721   1.8472057413245790E+273
         722   1.8865079911399958E+273
         723   1.8079034915091627E+273
         724   1.9258102409554124E+273
         725   1.5720899926166633E+273
         726   1.8472057413245790E+273
         727   1.7686012416937461E+273
         728   1.9651124907708289E+273
         729   1.9258102409554124E+273
         730   1.8865079911399958E+273
         731   1.8472057413245790E+273
         732   1.7292989918783296E+273
         733   1.5327877428012465E+273
         734   1.1004629948316644E+273
         735   1.7686012416937461E+273
         736   1.7292989918783296E+273
         737   1.9258102409554124E+273
         738   1.7686012416937461E+273
         739   1.9258102409554124E+273
         740   1.8079034915091627E+273
         741   1.8865079911399958E+273
         742   1.7686012416937461E+273
         743   1.7292989918783296E+273
         744   1.8865079911399958E+273
         745   1.6506944922474962E+273
         746   1.7292989918783296E+273
         747   1.8865079911399958E+273
         748   1.8472057413245790E+273
         749   1.8865079911399958E+273
         750   1.2576719940933306E+273
         751   1.9258102409554124E+273
         752   1.7686012416937461E+273
         753   1.3362764937241637E+273
         754   1.7686012416937461E+273
         755   1.9258102409554124E+273
         756   1.9651124907708289E+273
         757   1.6899967420629128E+273
         758   1.9258102409554124E+273
         759   1.8472057413245790E+273
         760   1.8472057413245790E+273
         761   1.7292989918783296E+273
         762   1.2183697442779138E+273
         763   1.8865079911399958E+273
         764   1.7686012416937461E+273
         765   1.4541832431704134E+273
         766   1.7292989918783296E+273
         767   1.8472057413245790E+273
         768   1.9258102409554124E+273
         769   1.9651124907708289E+273
         770   1.8472057413245790E+273
         771   1.8472057413245790E+273
         772   1.9258102409554124E+273
         773   1.9651124907708289E+273
         774   1.9651124907708289E+273
         775   1.9258102409554124E+273
         776   1.6506944922474962E+273
         777   1.7292989918783296E+273
         778   1.6113922424320797E+273
         779   1.6506944922474962E+273
         780   1.8472057413245790E+273
         781   1.9651124907708289E+273
         782   1.8865079911399958E+273
         783   1.7686012416937461E+273
         784   1.9651124907708289E+273
         785   1.8079034915091627E+273
         786   1.8865079911399958E+273
         787   1.8865079911399958E+273
         788   1.5720899926166633E+273
         789   1.8865079911399958E+273
         790   1.5327877428012465E+273
         791   1.5327877428012465E+273
         792   1.7686012416937461E+273
         793   1.9258102409554124E+273
         794   1.8865079911399958E+273
         795   1.8865079911399958E+273
         796   1.8865079911399958E+273
         797   1.7686012416937461E+273
         798   1.8472057413245790E+273
         799   1.4541832431704134E+273
         800   1.7686012416937461E+273
         801   1.8472057413245790E+273
         802   1.5720899926166633E+273
         803   1.9258102409554124E+273
         804   1.9258102409554124E+273
         805   1.6506944922474962E+273
         806   1.8079034915091627E+273
         807   1.6506944922474962E+273
         808   1.8865079911399958E+273
         809   1.8472057413245790E+273
         810   1.8472057413245790E+273
         811   1.8865079911399958E+273
         812   1.8865079911399958E+273
         813   1.7292989918783296E+273
         814   1.4934854929858300E+273
         815   1.8472057413245790E+273
         816   1.8472057413245790E+273
         817   1.7686012416937461E+273
         818   1.8472057413245790E+273
         819   1.9258102409554124E+273
         820   1.7292989918783296E+273
         821   1.6899967420629128E+273
         822   1.7686012416937461E+273
         823   1.8865079911399958E+273
         824   1.6899967420629128E+273
         825   1.8865079911399958E+273
         826   1.7686012416937461E+273
         827   1.6899967420629128E+273
         828   1.9258102409554124E+273
         829   1.8472057413245790E+273
         830   1.6506944922474962E+273
         831   1.6506944922474962E+273
         832   1.8079034915091627E+273
         833   1.7292989918783296E+273
         834   1.7523803695775087E+273
         835   1.9918953813101919E+273
         836   1.8936700923285179E+273
         837   1.9523522070029297E+273
         838   1.9103443228241446E+273
         839   1.5899873338892072E+273
         840   1.7531123872118899E+273
         841   2.0737263908933894E+273
         842   2.0272459496347347E+273
         843   1.9847859989187180E+273
         844   1.9239262384229989E+273
         845   1.8346863820485257E+273
         846   1.5193091335907098E+273
         847   1.3892673885746885E+273
         848   1.8283021711955614E+273
         849   2.0509755518826298E+273
         850   2.0299813664445633E+273
         851   1.6317450494173023E+273
         852   1.6025904862509260E+273
         853   1.9100873080775826E+273
         854   1.5951782164117143E+273
         855   1.5939390153800808E+273
         856   1.4860473672180921E+273
         857   2.0393229924960394E+273
         858   2.0349898668768215E+273
         859   2.0414697471564317E+273
         860   1.8403435217827254E+273
         861   1.9558694381726092E+273
         862   2.0298780953921484E+273
         863   1.8678653597818333E+273
         864   1.5633444111227558E+273
         865   1.7501384169293152E+273
         866   1.9804217809659151E+273
         867   1.7975934395425232E+273
         868   2.0282198583777747E+273
         869   1.9477836931006125E+273
         870   1.9981220493084992E+273
         871   1.9588223749895998E+273
         872   1.9219175166193612E+273
         873   1.7948127043887465E+273
         874   2.0600996579269446E+273
         875   1.8346679240794592E+273
         876   1.9941665653523669E+273
         877   2.0020016736395783E+273
         878   2.0758381291959035E+273
         879   1.5168186515201530E+273
         880   2.0129233594421444E+273
         881   2.0533443049317056E+273
         882   1.9545390460958517E+273
         883   1.9616196685321889E+273
         884   1.8433066390267519E+273
         885   2.0351308546474160E+273
         886   1.9927844769698842E+273
         887   1.8727118389779135E+273
         888   1.5692540872219965E+273
         889   1.6506622583571944E+273
         890   2.0796112310617870E+273
         891   1.7630592338016153E+273
         892   1.9592388354758233E+273
         893   1.9607184928652065E+273
         894   1.8854023799194983E+273
         895   1.8844986287559983E+273
         896   1.8419826249117704E+273
         897   2.0404811829095843E+273
         898   1.8769460470624545E+273
         899   1.9094865659208562E+273
         900   2.0834285511722804E+273
         901   2.2149228337404172E+273
         902   1.8448567455857686E+273
         903   2.2062921047450636E+273
         904   2.1469904046325930E+273
         905   1.7146869850234363E+273
         906   2.1974526508178373E+273
         907   2.2021825855046908E+273
         908   1.9272206815703041E+273
         909   2.0644532043274766E+273
         910   2.0512943123730663E+273
         911   2.1827101598196313E+273
         912   2.1421533288679041E+273
         913   1.8755597287268880E+273
         914   2.0485221870981344E+273
         915   2.1378211183602658E+273
         916   1.9147121267447444E+273
         917   2.1355917450916225E+273
         918   2.1010420015310938E+273
         919   2.0539459894277767E+273
         920   2.0798037521731925E+273
         921   2.0875667266517209E+273
         922   2.1990521453703625E+273
         923   2.1678793560412541E+273
         924   2.1774447711539480E+273
         925   2.0463707388859792E+273
         926   2.0389331553011603E+273
         927   2.0414915574616949E+273
         928   2.0643487523542416E+273
         929   2.0826099275857128E+273
         930   2.2340702817055972E+273
         931   1.9286471910281205E+273
         932   1.9261428158686625E+273
         933   2.0466914364569618E+273
         934   2.2195907934281967E+273
         935   2.0785661824074344E+273
         936   2.0501511757559604E+273
         937   2.1353554292856559E+273
         938   2.1117009517300901E+273
         939   2.0189375863740682E+273
         940   2.0692761817594596E+273
         941   2.1325562996899208E+273
         942   2.1735684214230154E+273
         943   1.3048878830801170E+273
         944   1.9978344428944665E+273
         945   2.1550663837207055E+273
         946   2.0796860456899128E+273
         947   1.9211944561605545E+273
         948   2.0990108058365646E+273
         949   2.1346824614038903E+273
         950   2.2020882637549029E+273
         951   2.1599862549215070E+273
         952   2.0742218292484090E+273
         953   2.1689574511639632E+273
         954   1.8187484287858162E+273
         955   2.1881554596575295E+273
         956   2.0888645236053744E+273
         957   2.0512205086843565E+273
         958   2.2487139904118165E+273
         959   2.1796541513668721E+273
         960   2.1395672197335777E+273
         961   2.1935137844029751E+273
         962   2.1363127535213942E+273
         963   2.1659894400339842E+273
         964   2.1539846322544631E+273
         965   2.0356510455031436E+273
         966   1.9400649886413616E+273
         967   2.0400148417260281E+273
         968   2.1566854179674015E+273
         969   1.9630644676340504E+273
         970   2.1929553691759639E+273
         971   2.1209579575822612E+273
         972   2.1406916739842951E+273
         973   1.8417858628734211E+273
         974   2.1153308503254181E+273
         975   1.9307665059307472E+273
         976   2.1361448777035529E+273
         977   2.0587919238591044E+273
         978   1.8981648691857383E+273
         979   2.0681242371700717E+273
         980   1.8971392716955599E+273
         981   2.1608107531930091E+273
         982   2.0818781113813902E+273
         983   2.1147510163682907E+273
         984   1.7890733165169954E+273
         985   1.8486373862686388E+273
         986   2.1271063862085579E+273
         987   2.1911379656764641E+273
         988   2.0729947854707967E+273
         989   2.1674732954724930E+273
         990   2.0835328941317163E+273
         991   2.1857854330949821E+273
         992   2.0603570729423229E+273
         993   2.0118519174088493E+273
         994   3.4433575640327678E+281
         995   3.5898834170036720E+281
         996   1.4652587438734515E+280
         997   3.4433575632969339E+281
         998   3.1503058546620584E+281
         999   3.2968317074929974E+281
        1000   3.6631463427147856E+281
