           1  0.28000000000000003     
           2  0.54000000000000004     
           3  0.41999999999999998     
           4   4.0000000000000001E-002
           5  0.34000000000000002     
           6  0.32000000000000001     
           7  0.68000000000000005     
           8  0.28000000000000003     
           9  0.76000000000000001     
          10  0.50000000000000000     
          11  0.90000000000000002     
          12  0.14000000000000001     
          13  0.54000000000000004     
          14  0.41999999999999998     
          15  0.54000000000000004     
          16  0.52000000000000002     
          17   8.0000000000000002E-002
          18  0.16000000000000000     
          19  0.66000000000000003     
          20  0.17999999999999999     
          21  0.69999999999999996     
          22  0.50000000000000000     
          23  0.46000000000000002     
          24  0.59999999999999998     
          25  0.81999999999999995     
          26  0.66000000000000003     
          27  0.44000000000000000     
          28  0.85999999999999999     
          29  0.64000000000000001     
          30  0.88000000000000000     
          31  0.26000000000000001     
          32  0.66000000000000003     
          33  0.40000000000000002     
          34  0.57999999999999996     
          35   8.0000000000000002E-002
          36  0.22000000000000000     
          37  0.68000000000000005     
          38  0.68000000000000005     
          39  0.81999999999999995     
          40  0.44000000000000000     
          41  0.32000000000000001     
          42  0.56000000000000005     
          43  0.17999999999999999     
          44  0.73999999999999999     
          45  0.78000000000000003     
          46  0.40000000000000002     
          47  0.12000000000000000     
          48  0.41999999999999998     
          49  0.64000000000000001     
          50  0.71999999999999997     
          51   2.0000000000000000E-002
          52  0.54000000000000004     
          53  0.88000000000000000     
          54  0.26000000000000001     
          55  0.32000000000000001     
          56  0.64000000000000001     
          57  0.62000000000000000     
          58  0.56000000000000005     
          59  0.44000000000000000     
          60  0.41999999999999998     
          61  0.20000000000000001     
          62  0.50000000000000000     
          63  0.73999999999999999     
          64  0.69999999999999996     
          65  0.28000000000000003     
          66  0.59999999999999998     
          67  0.41999999999999998     
          68  0.41999999999999998     
          69  0.22000000000000000     
          70   0.0000000000000000     
          71  0.47999999999999998     
          72   4.0000000000000001E-002
          73  0.35999999999999999     
          74  0.83999999999999997     
          75  0.54000000000000004     
          76  0.40000000000000002     
          77  0.35999999999999999     
          78  0.68000000000000005     
          79  0.50000000000000000     
          80  0.57999999999999996     
          81  0.56000000000000005     
          82  0.56000000000000005     
          83  0.69999999999999996     
          84  0.56000000000000005     
          85  0.59999999999999998     
          86  0.23999999999999999     
          87  0.83999999999999997     
          88   4.0000000000000001E-002
          89  0.62000000000000000     
          90  0.56000000000000005     
          91  0.47999999999999998     
          92  0.28000000000000003     
          93   5.9999999999999998E-002
          94   5.9999999999999998E-002
          95  0.52000000000000002     
          96  0.10000000000000001     
          97  0.29999999999999999     
          98  0.10000000000000001     
          99  0.64000000000000001     
         100  0.69999999999999996     
         101  0.14000000000000001     
         102   2.0000000000000000E-002
         103  0.44000000000000000     
         104  0.64000000000000001     
         105  0.34000000000000002     
         106  0.73999999999999999     
         107  0.78000000000000003     
         108  0.52000000000000002     
         109  0.22000000000000000     
         110  0.78000000000000003     
         111  0.52000000000000002     
         112  0.68000000000000005     
         113  0.38000000000000000     
         114   5.9999999999999998E-002
         115  0.73999999999999999     
         116  0.69999999999999996     
         117  0.41999999999999998     
         118   8.0000000000000002E-002
         119  0.69999999999999996     
         120  0.93999999999999995     
         121  0.10000000000000001     
         122  0.44000000000000000     
         123  0.59999999999999998     
         124  0.56000000000000005     
         125  0.71999999999999997     
         126  0.90000000000000002     
         127  0.83999999999999997     
         128  0.40000000000000002     
         129   5.9999999999999998E-002
         130  0.95999999999999996     
         131  0.66000000000000003     
         132  0.16000000000000000     
         133  0.14000000000000001     
         134  0.38000000000000000     
         135  0.20000000000000001     
         136  0.54000000000000004     
         137  0.46000000000000002     
         138  0.62000000000000000     
         139  0.34000000000000002     
         140  0.66000000000000003     
         141  0.81999999999999995     
         142  0.14000000000000001     
         143  0.20000000000000001     
         144  0.26000000000000001     
         145  0.28000000000000003     
         146  0.35999999999999999     
         147  0.54000000000000004     
         148  0.28000000000000003     
         149  0.46000000000000002     
         150  0.57999999999999996     
         151   5.9999999999999998E-002
         152  0.69999999999999996     
         153  0.50000000000000000     
         154  0.85999999999999999     
         155  0.56000000000000005     
         156  0.28000000000000003     
         157  0.26000000000000001     
         158  0.29999999999999999     
         159  0.85999999999999999     
         160   5.9999999999999998E-002
         161  0.34000000000000002     
         162  0.26000000000000001     
         163  0.64000000000000001     
         164  0.62000000000000000     
         165  0.52000000000000002     
         166  0.62000000000000000     
         167   8.0000000000000002E-002
         168  0.44000000000000000     
         169  0.68000000000000005     
         170  0.71999999999999997     
         171  0.56000000000000005     
         172  0.41999999999999998     
         173  0.66000000000000003     
         174  0.64000000000000001     
         175  0.14000000000000001     
         176  0.69999999999999996     
         177  0.78000000000000003     
         178  0.64000000000000001     
         179  0.59999999999999998     
         180  0.90000000000000002     
         181  0.16000000000000000     
         182  0.85999999999999999     
         183  0.40000000000000002     
         184  0.29999999999999999     
         185  0.50000000000000000     
         186   8.0000000000000002E-002
         187  0.78000000000000003     
         188  0.73999999999999999     
         189  0.85999999999999999     
         190  0.50000000000000000     
         191  0.32000000000000001     
         192  0.66000000000000003     
         193  0.26000000000000001     
         194  0.26000000000000001     
         195  0.57999999999999996     
         196  0.52000000000000002     
         197  0.44000000000000000     
         198  0.68000000000000005     
         199  0.80000000000000004     
         200  0.71999999999999997     
         201  0.28000000000000003     
         202  0.54000000000000004     
         203  0.50000000000000000     
         204  0.83999999999999997     
         205  0.88000000000000000     
         206  0.47999999999999998     
         207  0.88000000000000000     
         208   0.0000000000000000     
         209  0.69999999999999996     
         210  0.17999999999999999     
         211   2.0000000000000000E-002
         212  0.59999999999999998     
         213  0.62000000000000000     
         214  0.80000000000000004     
         215   4.0000000000000001E-002
         216  0.50000000000000000     
         217  0.93999999999999995     
         218  0.40000000000000002     
         219  0.68000000000000005     
         220  0.40000000000000002     
         221  0.17999999999999999     
         222  0.81999999999999995     
         223  0.62000000000000000     
         224  0.85999999999999999     
         225  0.32000000000000001     
         226  0.35999999999999999     
         227  0.56000000000000005     
         228  0.17999999999999999     
         229  0.52000000000000002     
         230  0.66000000000000003     
         231  0.80000000000000004     
         232  0.40000000000000002     
         233  0.50000000000000000     
         234  0.47999999999999998     
         235  0.54000000000000004     
         236  0.56000000000000005     
         237  0.68000000000000005     
         238  0.71999999999999997     
         239   0.0000000000000000     
         240  0.78000000000000003     
         241  0.80000000000000004     
         242  0.71999999999999997     
         243  0.50000000000000000     
         244  0.69999999999999996     
         245   2.0000000000000000E-002
         246  0.22000000000000000     
         247  0.32000000000000001     
         248  0.35999999999999999     
         249  0.71999999999999997     
         250  0.41999999999999998     
         251  0.23999999999999999     
         252  0.78000000000000003     
         253  0.78000000000000003     
         254  0.34000000000000002     
         255  0.35999999999999999     
         256  0.62000000000000000     
         257  0.56000000000000005     
         258  0.38000000000000000     
         259  0.59999999999999998     
         260  0.69999999999999996     
         261  0.76000000000000001     
         262  0.16000000000000000     
         263  0.20000000000000001     
         264   4.0000000000000001E-002
         265   2.0000000000000000E-002
         266  0.44000000000000000     
         267  0.38000000000000000     
         268  0.29999999999999999     
         269  0.57999999999999996     
         270  0.40000000000000002     
         271  0.71999999999999997     
         272  0.57999999999999996     
         273  0.73999999999999999     
         274  0.80000000000000004     
         275  0.62000000000000000     
         276  0.54000000000000004     
         277  0.73999999999999999     
         278  0.29999999999999999     
         279  0.32000000000000001     
         280  0.12000000000000000     
         281  0.32000000000000001     
         282   5.9999999999999998E-002
         283  0.28000000000000003     
         284  0.47999999999999998     
         285  0.57999999999999996     
         286  0.34000000000000002     
         287  0.62000000000000000     
         288  0.54000000000000004     
         289  0.29999999999999999     
         290  0.78000000000000003     
         291  0.64000000000000001     
         292  0.26000000000000001     
         293  0.17999999999999999     
         294  0.81999999999999995     
         295  0.69999999999999996     
         296  0.85999999999999999     
         297  0.14000000000000001     
         298  0.47999999999999998     
         299  0.22000000000000000     
         300  0.50000000000000000     
         301  0.54000000000000004     
         302  0.81999999999999995     
         303  0.78000000000000003     
         304  0.54000000000000004     
         305  0.12000000000000000     
         306  0.29999999999999999     
         307   4.0000000000000001E-002
         308  0.80000000000000004     
         309   2.0000000000000000E-002
         310  0.12000000000000000     
         311  0.46000000000000002     
         312  0.41999999999999998     
         313  0.12000000000000000     
         314  0.26000000000000001     
         315  0.32000000000000001     
         316  0.32000000000000001     
         317  0.92000000000000004     
         318  0.78000000000000003     
         319  0.17999999999999999     
         320  0.40000000000000002     
         321  0.57999999999999996     
         322  0.81999999999999995     
         323   8.0000000000000002E-002
         324  0.73999999999999999     
         325  0.92000000000000004     
         326  0.10000000000000001     
         327  0.52000000000000002     
         328  0.68000000000000005     
         329   4.0000000000000001E-002
         330  0.73999999999999999     
         331  0.22000000000000000     
         332  0.68000000000000005     
         333  0.71999999999999997     
         334  0.34000000000000002     
         335  0.62000000000000000     
         336  0.71999999999999997     
         337  0.40000000000000002     
         338  0.34000000000000002     
         339  0.56000000000000005     
         340  0.62000000000000000     
         341  0.57999999999999996     
         342  0.52000000000000002     
         343  0.32000000000000001     
         344  0.57999999999999996     
         345  0.68000000000000005     
         346  0.17999999999999999     
         347  0.29999999999999999     
         348  0.57999999999999996     
         349  0.57999999999999996     
         350  0.76000000000000001     
         351  0.66000000000000003     
         352   0.0000000000000000     
         353  0.90000000000000002     
         354  0.57999999999999996     
         355  0.22000000000000000     
         356  0.71999999999999997     
         357  0.54000000000000004     
         358  0.34000000000000002     
         359  0.29999999999999999     
         360  0.69999999999999996     
         361  0.47999999999999998     
         362  0.66000000000000003     
         363  0.62000000000000000     
         364  0.22000000000000000     
         365  0.17999999999999999     
         366  0.62000000000000000     
         367  0.80000000000000004     
         368  0.66000000000000003     
         369  0.57999999999999996     
         370  0.69999999999999996     
         371  0.66000000000000003     
         372  0.71999999999999997     
         373  0.62000000000000000     
         374  0.76000000000000001     
         375  0.69999999999999996     
         376  0.62000000000000000     
         377  0.23999999999999999     
         378  0.12000000000000000     
         379   2.0000000000000000E-002
         380  0.41999999999999998     
         381  0.17999999999999999     
         382  0.16000000000000000     
         383  0.50000000000000000     
         384  0.88000000000000000     
         385  0.59999999999999998     
         386  0.64000000000000001     
         387   5.9999999999999998E-002
         388   4.0000000000000001E-002
         389  0.66000000000000003     
         390  0.17999999999999999     
         391  0.73999999999999999     
         392  0.71999999999999997     
         393  0.66000000000000003     
         394  0.22000000000000000     
         395  0.10000000000000001     
         396  0.34000000000000002     
         397  0.52000000000000002     
         398  0.52000000000000002     
         399  0.88000000000000000     
         400  0.69999999999999996     
         401  0.59999999999999998     
         402  0.17999999999999999     
         403  0.57999999999999996     
         404  0.59999999999999998     
         405  0.62000000000000000     
         406  0.73999999999999999     
         407  0.12000000000000000     
         408  0.95999999999999996     
         409   8.0000000000000002E-002
         410   4.0000000000000001E-002
         411  0.71999999999999997     
         412  0.64000000000000001     
         413  0.54000000000000004     
         414  0.10000000000000001     
         415  0.85999999999999999     
         416  0.20000000000000001     
         417  0.34000000000000002     
         418  0.54000000000000004     
         419  0.50000000000000000     
         420  0.57999999999999996     
         421  0.76000000000000001     
         422  0.12000000000000000     
         423  0.59999999999999998     
         424  0.62000000000000000     
         425  0.78000000000000003     
         426  0.62000000000000000     
         427  0.90000000000000002     
         428  0.76000000000000001     
         429  0.26000000000000001     
         430  0.28000000000000003     
         431  0.46000000000000002     
         432  0.46000000000000002     
         433  0.38000000000000000     
         434  0.81999999999999995     
         435  0.57999999999999996     
         436  0.64000000000000001     
         437  0.44000000000000000     
         438  0.28000000000000003     
         439  0.81999999999999995     
         440  0.64000000000000001     
         441  0.71999999999999997     
         442  0.47999999999999998     
         443  0.50000000000000000     
         444   8.0000000000000002E-002
         445  0.44000000000000000     
         446  0.22000000000000000     
         447  0.29999999999999999     
         448  0.38000000000000000     
         449  0.41999999999999998     
         450  0.32000000000000001     
         451  0.38000000000000000     
         452  0.57999999999999996     
         453  0.38000000000000000     
         454  0.83999999999999997     
         455  0.64000000000000001     
         456   2.0000000000000000E-002
         457  0.88000000000000000     
         458   5.9999999999999998E-002
         459  0.34000000000000002     
         460  0.34000000000000002     
         461  0.41999999999999998     
         462  0.90000000000000002     
         463  0.66000000000000003     
         464  0.28000000000000003     
         465  0.22000000000000000     
         466  0.62000000000000000     
         467  0.73999999999999999     
         468   5.9999999999999998E-002
         469  0.59999999999999998     
         470  0.69999999999999996     
         471  0.20000000000000001     
         472  0.47999999999999998     
         473   2.0000000000000000E-002
         474  0.46000000000000002     
         475  0.69999999999999996     
         476  0.92000000000000004     
         477  0.57999999999999996     
         478  0.54000000000000004     
         479  0.44000000000000000     
         480  0.16000000000000000     
         481  0.50000000000000000     
         482  0.69999999999999996     
         483  0.10000000000000001     
         484  0.50000000000000000     
         485  0.66000000000000003     
         486  0.57999999999999996     
         487  0.76000000000000001     
         488  0.81999999999999995     
         489  0.97999999999999998     
         490  0.50000000000000000     
         491  0.83999999999999997     
         492  0.38000000000000000     
         493  0.28000000000000003     
         494  0.22000000000000000     
         495  0.88000000000000000     
         496  0.56000000000000005     
         497  0.85999999999999999     
         498  0.50000000000000000     
         499  0.78000000000000003     
         500  0.17999999999999999     
         501  0.57999999999999996     
         502  0.93999999999999995     
         503  0.35999999999999999     
         504  0.57999999999999996     
         505  0.68000000000000005     
         506  0.38000000000000000     
         507  0.64000000000000001     
         508  0.76000000000000001     
         509  0.12000000000000000     
         510  0.40000000000000002     
         511  0.22000000000000000     
         512  0.71999999999999997     
         513  0.66000000000000003     
         514  0.73999999999999999     
         515   8.0000000000000002E-002
         516  0.29999999999999999     
         517  0.69999999999999996     
         518  0.80000000000000004     
         519   5.9999999999999998E-002
         520  0.22000000000000000     
         521  0.85999999999999999     
         522  0.29999999999999999     
         523  0.85999999999999999     
         524  0.73999999999999999     
         525  0.41999999999999998     
         526   0.0000000000000000     
         527   0.0000000000000000     
         528  0.38000000000000000     
         529  0.35999999999999999     
         530   2.0000000000000000E-002
         531  0.46000000000000002     
         532  0.59999999999999998     
         533  0.73999999999999999     
         534  0.52000000000000002     
         535  0.20000000000000001     
         536  0.32000000000000001     
         537  0.83999999999999997     
         538  0.68000000000000005     
         539  0.59999999999999998     
         540  0.35999999999999999     
         541  0.69999999999999996     
         542  0.20000000000000001     
         543  0.88000000000000000     
         544  0.56000000000000005     
         545  0.57999999999999996     
         546  0.56000000000000005     
         547  0.14000000000000001     
         548  0.41999999999999998     
         549  0.81999999999999995     
         550  0.40000000000000002     
         551  0.17999999999999999     
         552  0.52000000000000002     
         553  0.16000000000000000     
         554  0.41999999999999998     
         555  0.29999999999999999     
         556  0.83999999999999997     
         557  0.62000000000000000     
         558  0.59999999999999998     
         559  0.46000000000000002     
         560  0.85999999999999999     
         561  0.68000000000000005     
         562  0.50000000000000000     
         563  0.20000000000000001     
         564  0.35999999999999999     
         565   8.0000000000000002E-002
         566  0.54000000000000004     
         567   4.0000000000000001E-002
         568  0.64000000000000001     
         569  0.83999999999999997     
         570  0.20000000000000001     
         571  0.47999999999999998     
         572  0.32000000000000001     
         573  0.10000000000000001     
         574  0.34000000000000002     
         575  0.57999999999999996     
         576  0.71999999999999997     
         577  0.35999999999999999     
         578  0.88000000000000000     
         579  0.64000000000000001     
         580  0.80000000000000004     
         581   2.0000000000000000E-002
         582  0.88000000000000000     
         583  0.88000000000000000     
         584  0.23999999999999999     
         585   2.0000000000000000E-002
         586  0.57999999999999996     
         587  0.32000000000000001     
         588  0.68000000000000005     
         589  0.68000000000000005     
         590  0.62000000000000000     
         591  0.66000000000000003     
         592  0.83999999999999997     
         593  0.46000000000000002     
         594   8.0000000000000002E-002
         595  0.80000000000000004     
         596   5.9999999999999998E-002
         597  0.26000000000000001     
         598  0.68000000000000005     
         599  0.40000000000000002     
         600  0.28000000000000003     
         601  0.14000000000000001     
         602  0.68000000000000005     
         603  0.64000000000000001     
         604  0.68000000000000005     
         605  0.35999999999999999     
         606  0.59999999999999998     
         607  0.23999999999999999     
         608   5.9999999999999998E-002
         609  0.52000000000000002     
         610  0.50000000000000000     
         611  0.80000000000000004     
         612   2.0000000000000000E-002
         613  0.50000000000000000     
         614  0.57999999999999996     
         615  0.35999999999999999     
         616  0.28000000000000003     
         617  0.64000000000000001     
         618  0.16000000000000000     
         619  0.35999999999999999     
         620  0.56000000000000005     
         621  0.47999999999999998     
         622  0.73999999999999999     
         623  0.12000000000000000     
         624  0.73999999999999999     
         625  0.20000000000000001     
         626   2.0000000000000000E-002
         627  0.20000000000000001     
         628  0.38000000000000000     
         629  0.68000000000000005     
         630  0.66000000000000003     
         631  0.47999999999999998     
         632  0.73999999999999999     
         633  0.57999999999999996     
         634  0.44000000000000000     
         635  0.29999999999999999     
         636   8.0000000000000002E-002
         637  0.50000000000000000     
         638  0.69999999999999996     
         639  0.22000000000000000     
         640  0.20000000000000001     
         641  0.38000000000000000     
         642  0.59999999999999998     
         643  0.34000000000000002     
         644  0.76000000000000001     
         645   4.0000000000000001E-002
         646  0.76000000000000001     
         647  0.69999999999999996     
         648  0.78000000000000003     
         649  0.71999999999999997     
         650  0.20000000000000001     
         651  0.35999999999999999     
         652  0.26000000000000001     
         653  0.54000000000000004     
         654  0.38000000000000000     
         655  0.28000000000000003     
         656  0.20000000000000001     
         657  0.32000000000000001     
         658  0.22000000000000000     
         659  0.76000000000000001     
         660  0.50000000000000000     
         661  0.69999999999999996     
         662  0.50000000000000000     
         663  0.76000000000000001     
         664  0.68000000000000005     
         665  0.44000000000000000     
         666  0.57999999999999996     
         667  0.20000000000000001     
         668  0.76000000000000001     
         669   4.0000000000000001E-002
         670  0.80000000000000004     
         671  0.46000000000000002     
         672   8.0000000000000002E-002
         673  0.16000000000000000     
         674   5.9999999999999998E-002
         675  0.57999999999999996     
         676  0.34000000000000002     
         677  0.59999999999999998     
         678  0.78000000000000003     
         679  0.12000000000000000     
         680  0.38000000000000000     
         681   8.0000000000000002E-002
         682  0.50000000000000000     
         683  0.71999999999999997     
         684  0.57999999999999996     
         685  0.92000000000000004     
         686  0.52000000000000002     
         687  0.41999999999999998     
         688  0.57999999999999996     
         689  0.64000000000000001     
         690  0.17999999999999999     
         691  0.68000000000000005     
         692  0.57999999999999996     
         693  0.41999999999999998     
         694  0.32000000000000001     
         695   5.9999999999999998E-002
         696  0.47999999999999998     
         697  0.57999999999999996     
         698  0.40000000000000002     
         699  0.17999999999999999     
         700  0.34000000000000002     
         701  0.14000000000000001     
         702  0.35999999999999999     
         703  0.22000000000000000     
         704  0.28000000000000003     
         705  0.76000000000000001     
         706  0.64000000000000001     
         707  0.41999999999999998     
         708  0.23999999999999999     
         709  0.20000000000000001     
         710  0.32000000000000001     
         711  0.40000000000000002     
         712   8.0000000000000002E-002
         713  0.56000000000000005     
         714  0.44000000000000000     
         715  0.56000000000000005     
         716  0.66000000000000003     
         717  0.23999999999999999     
         718  0.90000000000000002     
         719  0.29999999999999999     
         720  0.62000000000000000     
         721  0.52000000000000002     
         722  0.78000000000000003     
         723  0.78000000000000003     
         724  0.35999999999999999     
         725  0.95999999999999996     
         726   4.0000000000000001E-002
         727  0.10000000000000001     
         728  0.12000000000000000     
         729  0.76000000000000001     
         730  0.47999999999999998     
         731  0.52000000000000002     
         732  0.23999999999999999     
         733  0.56000000000000005     
         734  0.80000000000000004     
         735  0.40000000000000002     
         736  0.68000000000000005     
         737  0.46000000000000002     
         738  0.12000000000000000     
         739  0.46000000000000002     
         740  0.71999999999999997     
         741  0.78000000000000003     
         742  0.16000000000000000     
         743  0.59999999999999998     
         744  0.34000000000000002     
         745  0.69999999999999996     
         746  0.66000000000000003     
         747  0.22000000000000000     
         748  0.85999999999999999     
         749  0.17999999999999999     
         750  0.29999999999999999     
         751  0.40000000000000002     
         752  0.66000000000000003     
         753  0.20000000000000001     
         754  0.47999999999999998     
         755  0.17999999999999999     
         756  0.95999999999999996     
         757  0.83999999999999997     
         758  0.80000000000000004     
         759  0.16000000000000000     
         760  0.69999999999999996     
         761  0.69999999999999996     
         762  0.73999999999999999     
         763  0.71999999999999997     
         764   0.0000000000000000     
         765  0.73999999999999999     
         766  0.29999999999999999     
         767  0.78000000000000003     
         768  0.69999999999999996     
         769  0.59999999999999998     
         770  0.35999999999999999     
         771  0.52000000000000002     
         772  0.71999999999999997     
         773  0.83999999999999997     
         774  0.62000000000000000     
         775  0.22000000000000000     
         776  0.59999999999999998     
         777  0.56000000000000005     
         778  0.34000000000000002     
         779  0.83999999999999997     
         780   4.0000000000000001E-002
         781  0.34000000000000002     
         782  0.17999999999999999     
         783  0.73999999999999999     
         784   5.9999999999999998E-002
         785  0.29999999999999999     
         786  0.35999999999999999     
         787  0.83999999999999997     
         788  0.12000000000000000     
         789  0.56000000000000005     
         790  0.12000000000000000     
         791  0.73999999999999999     
         792  0.46000000000000002     
         793  0.35999999999999999     
         794  0.85999999999999999     
         795  0.52000000000000002     
         796  0.80000000000000004     
         797  0.71999999999999997     
         798  0.35999999999999999     
         799  0.71999999999999997     
         800  0.59999999999999998     
         801  0.32000000000000001     
         802  0.68000000000000005     
         803  0.32000000000000001     
         804  0.95999999999999996     
         805   5.9999999999999998E-002
         806  0.56000000000000005     
         807  0.22000000000000000     
         808  0.57999999999999996     
         809  0.22000000000000000     
         810  0.64000000000000001     
         811  0.52000000000000002     
         812  0.41999999999999998     
         813  0.23999999999999999     
         814  0.16000000000000000     
         815  0.12000000000000000     
         816  0.34000000000000002     
         817  0.62000000000000000     
         818  0.41999999999999998     
         819  0.29999999999999999     
         820  0.57999999999999996     
         821  0.22000000000000000     
         822  0.56000000000000005     
         823  0.81999999999999995     
         824  0.35999999999999999     
         825  0.88000000000000000     
         826  0.41999999999999998     
         827  0.54000000000000004     
         828  0.85999999999999999     
         829  0.40000000000000002     
         830  0.66000000000000003     
         831  0.23999999999999999     
         832  0.12000000000000000     
         833   2.0000000000000000E-002
         834   2.0000000000000000E-002
         835  0.83999999999999997     
         836  0.68000000000000005     
         837  0.29999999999999999     
         838  0.71999999999999997     
         839  0.34000000000000002     
         840  0.62000000000000000     
         841  0.20000000000000001     
         842  0.52000000000000002     
         843   5.9999999999999998E-002
         844  0.46000000000000002     
         845  0.56000000000000005     
         846  0.83999999999999997     
         847  0.40000000000000002     
         848  0.80000000000000004     
         849  0.59999999999999998     
         850  0.93999999999999995     
         851  0.29999999999999999     
         852  0.85999999999999999     
         853  0.46000000000000002     
         854  0.40000000000000002     
         855  0.54000000000000004     
         856  0.29999999999999999     
         857  0.14000000000000001     
         858  0.57999999999999996     
         859  0.56000000000000005     
         860  0.68000000000000005     
         861   5.9999999999999998E-002
         862  0.66000000000000003     
         863  0.50000000000000000     
         864  0.32000000000000001     
         865  0.64000000000000001     
         866  0.10000000000000001     
         867  0.38000000000000000     
         868  0.50000000000000000     
         869  0.46000000000000002     
         870  0.14000000000000001     
         871  0.54000000000000004     
         872  0.22000000000000000     
         873  0.57999999999999996     
         874  0.23999999999999999     
         875  0.50000000000000000     
         876  0.78000000000000003     
         877   0.0000000000000000     
         878  0.50000000000000000     
         879   5.9999999999999998E-002
         880  0.57999999999999996     
         881  0.50000000000000000     
         882  0.90000000000000002     
         883  0.57999999999999996     
         884  0.46000000000000002     
         885  0.50000000000000000     
         886  0.47999999999999998     
         887  0.76000000000000001     
         888  0.59999999999999998     
         889  0.52000000000000002     
         890  0.62000000000000000     
         891  0.78000000000000003     
         892  0.68000000000000005     
         893  0.50000000000000000     
         894  0.64000000000000001     
         895  0.54000000000000004     
         896  0.46000000000000002     
         897  0.26000000000000001     
         898  0.35999999999999999     
         899   4.0000000000000001E-002
         900  0.10000000000000001     
         901  0.40000000000000002     
         902  0.90000000000000002     
         903  0.47999999999999998     
         904  0.16000000000000000     
         905  0.90000000000000002     
         906  0.57999999999999996     
         907  0.46000000000000002     
         908  0.73999999999999999     
         909  0.76000000000000001     
         910  0.38000000000000000     
         911  0.12000000000000000     
         912  0.66000000000000003     
         913  0.80000000000000004     
         914  0.76000000000000001     
         915  0.73999999999999999     
         916   2.0000000000000000E-002
         917  0.88000000000000000     
         918   4.0000000000000001E-002
         919  0.68000000000000005     
         920  0.57999999999999996     
         921  0.68000000000000005     
         922  0.69999999999999996     
         923   8.0000000000000002E-002
         924  0.35999999999999999     
         925  0.68000000000000005     
         926  0.64000000000000001     
         927  0.80000000000000004     
         928  0.35999999999999999     
         929  0.23999999999999999     
         930  0.69999999999999996     
         931  0.22000000000000000     
         932  0.66000000000000003     
         933  0.83999999999999997     
         934  0.85999999999999999     
         935  0.28000000000000003     
         936  0.88000000000000000     
         937  0.34000000000000002     
         938  0.46000000000000002     
         939  0.73999999999999999     
         940  0.47999999999999998     
         941  0.28000000000000003     
         942  0.71999999999999997     
         943  0.44000000000000000     
         944  0.59999999999999998     
         945  0.38000000000000000     
         946  0.16000000000000000     
         947  0.81999999999999995     
         948   4.0000000000000001E-002
         949  0.56000000000000005     
         950  0.85999999999999999     
         951  0.64000000000000001     
         952  0.14000000000000001     
         953   2.0000000000000000E-002
         954  0.62000000000000000     
         955  0.44000000000000000     
         956  0.50000000000000000     
         957  0.52000000000000002     
         958  0.35999999999999999     
         959  0.69999999999999996     
         960  0.66000000000000003     
         961  0.54000000000000004     
         962  0.68000000000000005     
         963  0.69999999999999996     
         964  0.46000000000000002     
         965  0.85999999999999999     
         966  0.69999999999999996     
         967  0.66000000000000003     
         968   0.0000000000000000     
         969  0.73999999999999999     
         970   4.0000000000000001E-002
         971  0.69999999999999996     
         972  0.52000000000000002     
         973  0.41999999999999998     
         974  0.62000000000000000     
         975  0.56000000000000005     
         976  0.85999999999999999     
         977  0.81999999999999995     
         978   4.0000000000000001E-002
         979  0.56000000000000005     
         980  0.14000000000000001     
         981  0.16000000000000000     
         982  0.10000000000000001     
         983  0.54000000000000004     
         984  0.20000000000000001     
         985  0.26000000000000001     
         986  0.22000000000000000     
         987  0.34000000000000002     
         988  0.10000000000000001     
         989  0.44000000000000000     
         990  0.38000000000000000     
         991  0.81999999999999995     
         992  0.88000000000000000     
         993  0.38000000000000000     
         994  0.80000000000000004     
         995  0.50000000000000000     
         996  0.59999999999999998     
         997  0.54000000000000004     
         998   5.9999999999999998E-002
         999  0.57999999999999996     
        1000  0.83999999999999997     
