           1  -2.9842478511954766     
           2  -6.8720107453670431     
           3  -14.572581275826748     
           4  -29.742825969113053     
           5  -59.848725117984316     
           6  -119.49030453790709     
           7  -237.57884971670683     
           8  -471.37766097548445     
           9  -934.32471164542028     
          10  -1850.9765642451143     
          11  -3665.9487979744854     
          12  -7259.6615472385674     
          13  -14375.401965455396     
          14  -28464.836366801384     
          15  -56362.190182518985     
          16  -111600.10064495352     
          17  -220973.03246610228     
          18  -437535.28238816722     
          19  -866336.10306340526     
          20  -1715376.6801697575     
          21  -3396506.5849483511     
          22  -6725202.5164508307     
          23  -13316136.632901842     
          24  -26366416.132920671     
          25  -52206424.917244107     
          26  -103370543.91221002     
          27  -204677284.76714611     
          28  -405268166.34050781     
          29  -802445110.94702840     
          30  -1588869319.5907006     
          31  -3146016692.6566892     
          32  -6229222823.2735052     
          33  -12334078541.220467     
          34  -24421905873.497166     
          35  -48356225760.115440     
          36  -95747014252.325745     
          37  -189582429027.13913     
          38  -375379824388.32098     
          39  -743265150049.53418     
          40  -1471690931120.3501     
          41  -2913999393886.3301     
          42  -5769820475216.4102     
          43  -11424445861611.688     
          44  -22620801427967.461     
          45  -44789976112796.227     
          46  -88685715516008.438     
          47  -175600811145315.81     
          48  -347695733134460.94     
          49  -688449683412154.00     
          50  -1363154394555091.0     
          51  -2699093264427307.0     
          52  -5344298840377931.0     
          53  -10581898177321808.     
          54  -20952527614883156.     
          55  -41486735753447840.     
          56  -82145184347774240.     
          57  -1.6265033121987725E+017
          58  -3.2205333101370765E+017
          59  -6.3767683249789466E+017
          60  -1.2626223781776082E+018
          61  -2.5000363642349235E+018
          62  -4.9501592324999854E+018
          63  -9.8014880013970268E+018
          64  -1.9407288236465865E+019
          65  -3.8427107867660771E+019
          66  -7.6087014377323348E+019
          67  -1.5065494329660634E+020
          68  -2.9830204438233501E+020
          69  -5.9064845623744659E+020
          70  -1.1695045522669508E+021
          71  -2.3156598198629266E+021
          72  -4.5850872413736513E+021
          73  -9.0786327208682502E+021
          74  -1.7976009559139133E+022
          75  -3.5593126146351892E+022
          76  -7.0475631685789381E+022
          77  -1.3954420977490095E+023
          78  -2.7630240433343982E+023
          79  -5.4708840132878852E+023
          80  -1.0832541236495703E+024
          81  -2.1448809617489701E+024
          82  -4.2469391434889575E+024
          83  -8.4090876883868995E+024
          84  -1.6650287033048463E+025
          85  -3.2968149287557585E+025
          86  -6.5278085914635773E+025
          87  -1.2925288779515409E+026
          88  -2.5592522772854511E+026
          89  -5.0674088065027582E+026
          90  -1.0033646248996809E+027
          91  -1.9866969667183282E+027
          92  -3.9337293139694203E+027
          93  -7.7889212974150806E+027
          94  -1.5422335940067131E+028
          95  -3.0536763277762404E+028
          96  -6.0463856779275913E+028
          97  -1.1972054612896996E+029
          98  -2.3705085862685965E+029
          99  -4.6936897126410455E+029
         100  -9.2936694033371169E+029
         101  -1.8401789693491374E+030
         102  -3.6436185668697611E+030
         103  -7.2144918956082271E+030
         104  -1.4284945681488301E+031
         105  -2.8284690879934490E+031
         106  -5.6004674852225089E+031
         107  -1.1089121032355145E+032
         108  -2.1956846565878358E+032
         109  -4.3475322319133664E+032
         110  -8.6082655133631227E+032
         111  -1.7044666076217721E+033
         112  -3.3749033553713542E+033
         113  -6.6824264008252765E+033
         114  -1.3231437436979024E+034
         115  -2.6198707796777058E+034
         116  -5.1874355563413232E+034
         117  -1.0271303401652734E+035
         118  -2.0337539121779758E+035
         119  -4.0269037078913290E+035
         120  -7.9734098484231265E+035
         121  -1.5787629708240983E+036
         122  -3.1260057684583522E+036
         123  -6.1896004941983473E+036
         124  -1.2255624946167099E+037
         125  -2.4266565016902055E+037
         126  -4.8048645442899303E+037
         127  -9.5137994491161789E+037
         128  -1.8837654864915526E+038
         129  -3.7299213916333021E+038
         130  -7.3853744999197887E+038
         131  -1.4623299200464168E+039
         132  -2.8954642653343912E+039
         133  -5.7331202739545361E+039
         134  -1.1351778182568105E+040
         135  -2.2476916887938136E+040
         136  -4.4505079703115270E+040
         137  -8.8121610684228414E+040
         138  -1.7448386389563422E+041
         139  -3.4548413860754643E+041
         140  -6.8407064908186526E+041
         141  -1.3544837537877722E+042
         142  -2.6819250931718567E+042
         143  -5.3103052622599914E+042
         144  -1.0514589706543737E+043
         145  -2.0819254494214172E+043
         146  -4.1222850324355074E+043
         147  -8.1622681990675314E+043
         148  -1.6161575832165951E+044
         149  -3.2000484057689992E+044
         150  -6.3362074995704933E+044
         151  -1.2545911932218278E+045
         152  -2.4841343377982250E+045
         153  -4.9186726653015233E+045
         154  -9.7391434997141889E+045
         155  -1.9283843947808349E+046
         156  -3.8182683868898500E+046
         157  -7.5603046331327374E+046
         158  -1.4969666967891237E+047
         159  -2.9640462918320027E+047
         160  -5.8689150793851369E+047
         161  -1.1620656635475544E+048
         162  -2.3009305606406797E+048
         163  -4.5559227941800194E+048
         164  -9.0208860978184285E+048
         165  -1.7861669230604255E+049
         166  -3.5366728306287986E+049
         167  -7.0027356062985237E+049
         168  -1.3865660840050746E+050
         169  -2.7454492264193724E+050
         170  -5.4360852625752984E+050
         171  -1.0763638495886130E+051
         172  -2.1312379786927054E+051
         173  -4.2199255610063373E+051
         174  -8.3555998525128951E+051
         175  -1.6544379251719381E+052
         176  -3.2758448185189746E+052
         177  -6.4862870415052737E+052
         178  -1.2843074661827282E+053
         179  -2.5429735951215508E+053
         180  -5.0351764478221587E+053
         181  -9.9698250541571700E+053
         182  -1.9740601474550494E+054
         183  -3.9087079709039982E+054
         184  -7.7393781651003798E+054
         185  -1.5324238809424141E+055
         186  -3.0342527536282401E+055
         187  -6.0079263233868442E+055
         188  -1.1895903748981812E+056
         189  -2.3554304495076554E+056
         190  -4.6638344757477560E+056
         191  -9.2345549925789291E+056
         192  -1.8284741097569051E+057
         193  -3.6204425364709657E+057
         194  -7.1686025467601332E+057
         195  -1.4194083169597072E+058
         196  -2.8104779936013417E+058
         197  -5.5648444905805389E+058
         198  -1.1018586260005860E+059
         199  -2.1817185255526196E+059
         200  -4.3198788051571375E+059
         201  -8.5535107635019153E+059
         202  -1.6936249760988789E+060
         203  -3.3534365466696198E+060
         204  -6.6399213705755580E+060
         205  -1.3147275993998284E+061
         206  -2.6032065203112570E+061
         207  -5.1544397413461117E+061
         208  -1.0205970536671629E+062
         209  -2.0208177769521644E+062
         210  -4.0012897087763547E+062
         211  -7.9226932364513497E+062
         212  -1.5687209046931905E+063
         213  -3.1061221271311976E+063
         214  -6.1502301905902032E+063
         215  -1.2177670371313615E+064
         216  -2.4112212238699697E+064
         217  -4.7743021556378644E+064
         218  -9.4532848532016632E+064
         219  -1.8717833853528388E+065
         220  -3.7061964132989553E+065
         221  -7.3383982150054013E+065
         222  -1.4530284517236286E+066
         223  -2.8770470335082667E+066
         224  -5.6966535123244161E+066
         225  -1.1279572722141549E+067
         226  -2.2333947556899305E+067
         227  -4.4221995439169861E+067
         228  -8.7561093964235139E+067
         229  -1.7337402123248786E+068
         230  -3.4328661140986590E+068
         231  -6.7971946855429845E+068
         232  -1.3458682645217189E+069
         233  -2.6648661238132616E+069
         234  -5.2765279077080998E+069
         235  -1.0447709365970914E+070
         236  -2.0686829086289912E+070
         237  -4.0960643396075267E+070
         238  -8.1103503123752341E+070
         239  -1.6058776604995343E+071
         240  -3.1796938001019665E+071
         241  -6.2959046701364926E+071
         242  -1.2466110923691888E+072
         243  -2.4683334596681745E+072
         244  -4.8873863752794923E+072
         245  -9.6771955538287589E+072
         246  -1.9161184853466328E+073
         247  -3.7939814582277918E+073
         248  -7.5122156669619007E+073
         249  -1.4874449136951886E+074
         250  -2.9451928290717806E+074
         251  -5.8315845652845272E+074
         252  -1.1546740915019353E+075
         253  -2.2862949900834859E+075
         254  -4.5269438538121782E+075
         255  -8.9635067847563843E+075
         256  -1.7748056188661359E+076
         257  -3.5141770519052697E+076
         258  -6.9581931795028119E+076
         259  -1.3777465280820059E+077
         260  -2.7279861979595890E+077
         261  -5.4015078569046176E+077
         262  -1.0695174026182707E+078
         263  -2.1176817748050739E+078
         264  -4.1930838043055111E+078
         265  -8.3024522376821912E+078
         266  -1.6439145119927035E+079
         267  -3.2550080932409632E+079
         268  -6.4450295984194097E+079
         269  -1.2761383484961806E+080
         270  -2.5267984570651822E+080
         271  -5.0031491100873330E+080
         272  -9.9064098079437589E+080
         273  -1.9615037074362003E+081
         274  -3.8838457815471408E+081
         275  -7.6901501626818353E+081
         276  -1.5226765646971056E+082
         277  -3.0149527273589908E+082
         278  -5.9697115979568587E+082
         279  -1.1820237259241535E+083
         280  -2.3404482205234254E+083
         281  -4.6341691395987718E+083
         282  -9.1758165919204840E+083
         283  -1.8168437014763976E+084
         284  -3.5974139222671400E+084
         285  -7.1230050871217272E+084
         286  -1.4103798608525626E+085
         287  -2.7926013354881387E+085
         288  -5.5294480837637139E+085
         289  -1.0948500139456467E+086
         290  -2.1678412291392192E+086
         291  -4.2924012740517226E+086
         292  -8.4991042931666715E+086
         293  -1.6828523051373444E+087
         294  -3.3321062822855475E+087
         295  -6.5976867028391170E+087
         296  -1.3063649878227325E+088
         297  -2.5866482576002105E+088
         298  -5.1216538034270317E+088
         299  -1.0141053235624303E+089
         300  -2.0079639248352274E+089
         301  -3.9758386330879743E+089
         302  -7.8722992185489546E+089
         303  -1.5587427133136164E+090
         304  -3.0863649600404038E+090
         305  -6.1111103103829938E+090
         306  -1.2100211643531760E+091
         307  -2.3958841255000269E+091
         308  -4.7439341657230591E+091
         309  -9.3931551735698860E+091
         310  -1.8598774989811584E+092
         311  -3.6826223428626210E+092
         312  -7.2917207329945595E+092
         313  -1.4437861474183256E+093
         314  -2.8587469485011151E+093
         315  -5.6604187054833540E+093
         316  -1.1207826540290698E+094
         317  -2.2191887613465521E+094
         318  -4.3940711794412809E+094
         319  -8.7004142533062065E+094
         320  -1.7227123796560558E+095
         321  -3.4110306206310497E+095
         322  -6.7539596465926774E+095
         323  -1.3373075759537806E+096
         324  -2.6479156617490405E+096
         325  -5.2429654013851080E+096
         326  -1.0381254432387802E+097
         327  -2.0555245999048582E+097
         328  -4.0700104292137934E+097
         329  -8.0587626607221207E+097
         330  -1.5956631254724886E+098
         331  -3.1594686643426720E+098
         332  -6.2558581956372800E+098
         333  -1.2386817506881123E+099
         334  -2.4526330864689068E+099
         335  -4.8562990885272331E+099
         336  -9.6156416413611029E+099
         337  -1.9039305959040124E+100
         338  -3.7698490118713412E+100
         339  -7.4644325811463666E+100
         340  -1.4779836959788821E+101
         341  -2.9264592878725104E+101
         342  -5.7944915000589084E+101
         343  -1.1473295351620712E+102
         344  -2.2717525122641603E+102
         345  -4.4981492403135095E+102
         346  -8.9064924453268359E+102
         347  -1.7635165807245470E+103
         348  -3.4918243624875977E+103
         349  -6.9139340745253705E+103
         350  -1.3689830708675221E+104
         351  -2.7106342469002002E+104
         352  -5.3671503883624317E+104
         353  -1.0627145039667755E+105
         354  -2.1042117981082486E+105
         355  -4.1664127804511221E+105
         356  -8.2496426798446457E+105
         357  -1.6334580352776629E+106
         358  -3.2343039044976052E+106
         359  -6.4040345822966247E+106
         360  -1.2680211922639837E+107
         361  -2.5107262045014673E+107
         362  -4.9713254892178458E+107
         363  -9.8433979282318080E+107
         364  -1.9490271353920672E+108
         365  -3.8591417335669752E+108
         366  -7.6412352857070113E+108
         367  -1.5129912483822115E+109
         368  -2.9957754631152660E+109
         369  -5.9317399456208268E+109
         370  -1.1745052062708601E+110
         371  -2.3255612892735781E+110
         372  -4.6046924962889950E+110
         373  -9.1174518096675447E+110
         374  -1.8052872709438098E+111
         375  -3.5745317865854296E+111
         376  -7.0776976600680414E+111
         377  -1.4014088322091752E+112
         378  -2.7748383857569351E+112
         379  -5.4942768235107614E+112
         380  -1.0878859816959362E+113
         381  -2.1540522022956509E+113
         382  -4.2650985197744796E+113
         383  -8.4450438870495246E+113
         384  -1.6721481560984807E+114
         385  -3.3109116936992324E+114
         386  -6.5557206779162375E+114
         387  -1.2980555684600710E+115
         388  -2.5701953173297274E+115
         389  -5.0890764076151799E+115
         390  -1.0076548855225741E+116
         391  -1.9951918324475095E+116
         392  -3.9505494445162105E+116
         393  -7.8222257427860292E+116
         394  -1.5488279903960932E+117
         395  -3.0667334627190131E+117
         396  -6.0722392607040752E+117
         397  -1.2023245608878120E+118
         398  -2.3806445820885765E+118
         399  -4.7137593380299583E+118
         400  -9.3334079618769023E+118
         401  -1.8480473425958669E+119
         402  -3.6591982204417099E+119
         403  -7.2453401532862457E+119
         404  -1.4346026308048752E+120
         405  -2.8405632651750528E+120
         406  -5.6244143780323373E+120
         407  -1.1136536715674030E+121
         408  -2.2050731273278645E+121
         409  -4.3661217315613175E+121
         410  -8.6450733712912300E+121
         411  -1.7117546919215830E+122
         412  -3.3893340165809518E+122
         413  -6.7109996135351762E+122
         414  -1.3288013395121687E+123
         415  -2.6310730167948906E+123
         416  -5.2096163767020136E+123
         417  -1.0315222199900491E+124
         418  -2.0424499874725837E+124
         419  -4.0441222403982724E+124
         420  -8.0075031435762281E+124
         421  -1.5855135622228005E+125
         422  -3.1393721749695414E+125
         423  -6.2160664454714046E+125
         424  -1.2308028453138212E+126
         425  -2.4370325789168991E+126
         426  -4.8254095392410600E+126
         427  -9.5544792559757599E+126
         428  -1.8918202301898064E+127
         429  -3.7458700652021100E+127
         430  -7.4169534300674402E+127
         431  -1.4685826584009132E+128
         432  -2.9078449054469561E+128
         433  -5.7576343733629361E+128
         434  -1.1400316954743144E+129
         435  -2.2573025350460447E+129
         436  -4.4695377812327699E+129
         437  -8.8498407580354149E+129
         438  -1.7522993489716742E+130
         439  -3.4696138522250526E+130
         440  -6.8699564892359986E+130
         441  -1.3602753555335548E+131
         442  -2.6933926667091814E+131
         443  -5.3330114579906809E+131
         444  -1.0559548766355502E+132
         445  -2.0908275001353809E+132
         446  -4.1399114034596733E+132
         447  -8.1971690287150424E+132
         448  -1.6230680692628412E+133
         449  -3.2137314092613730E+133
         450  -6.3633003239130029E+133
         451  -1.2599556669739773E+134
         452  -2.4947561830047983E+134
         453  -4.9397042894281563E+134
         454  -9.7807868493207374E+134
         455  -1.9366299233049836E+135
         456  -3.8345948210707972E+135
         457  -7.5926315424732561E+135
         458  -1.5033675376336580E+136
         459  -2.9767201800424369E+136
         460  -5.8940098202593370E+136
         461  -1.1670345098012622E+137
         462  -2.3107690495960960E+137
         463  -4.5754033455964808E+137
         464  -9.0594582693387824E+137
         465  -1.7938043476075472E+138
         466  -3.5517951977172580E+138
         467  -7.0326784207835837E+138
         468  -1.3924948657496402E+139
         469  -2.7571884211407731E+139
         470  -5.4593292777278708E+139
         471  -1.0809662456918829E+140
         472  -2.1403508835640694E+140
         473  -4.2379694306192822E+140
         474  -8.3913273439335564E+140
         475  -1.6615120931336578E+141
         476  -3.2898519179151786E+141
         477  -6.5140215870457268E+141
         478  -1.2897990029711653E+142
         479  -2.5538470295734593E+142
         480  -5.0567062274330116E+142
         481  -1.0012454769004127E+143
         482  -1.9825009797384261E+143
         483  -3.9254211133427587E+143
         484  -7.7724707702844012E+143
         485  -1.5389763322356293E+144
         486  -3.0472268358170571E+144
         487  -6.0336154588126167E+144
         488  -1.1946769133470625E+145
         489  -2.3655019731160340E+145
         490  -4.6837764439081328E+145
         491  -9.2740407853519944E+145
         492  -1.8362924344998733E+146
         493  -3.6359230922591728E+146
         494  -7.1992545873686201E+146
         495  -1.4254775279513441E+147
         496  -2.8224952431318045E+147
         497  -5.5886390639569473E+147
         498  -1.1065700345531841E+148
         499  -2.1910472788773177E+148
         500  -4.3383500622390728E+148
         501  -8.5900844970235882E+148
         502  -1.7008667029493087E+149
         503  -3.3677754185119372E+149
         504  -6.6683128371355262E+149
         505  -1.3203492088422593E+150
         506  -2.6143375031565713E+150
         507  -5.1764794757622908E+150
         508  -1.0249609979826483E+151
         509  -2.0294585389636509E+151
         510  -4.0183987190527251E+151
         511  -7.9565696737664639E+151
         512  -1.5754285574833105E+152
         513  -3.1194035136991804E+152
         514  -6.1765277994091936E+152
         515  -1.2229740554351867E+153
         516  -2.4215313017949219E+153
         517  -4.7947164696686986E+153
         518  -9.4937059072793356E+153
         519  -1.8797868950974344E+154
         520  -3.7220436418518635E+154
         521  -7.3697762804819495E+154
         522  -1.4592414181723887E+155
         523  -2.8893489238597517E+155
         524  -5.7210116844581412E+155
         525  -1.1327802752872116E+156
         526  -2.2429444700588943E+156
         527  -4.4411083115763436E+156
         528  -8.7935494161541116E+156
         529  -1.7411534668673223E+157
         530  -3.4475446167561126E+157
         531  -6.8262586329673258E+157
         532  -1.3516230275217172E+158
         533  -2.6762607553485546E+158
         534  -5.2990896757296737E+158
         535  -1.0492382453879254E+159
         536  -2.0775283359082632E+159
         537  -4.1135785942552967E+159
         538  -8.1450291476855136E+159
         539  -1.6127441908924259E+160
         540  -3.1932897698669961E+160
         541  -6.3228251646620791E+160
         542  -1.2519414442162941E+161
         543  -2.4788877423121778E+161
         544  -4.9082842231748431E+161
         545  -9.7185740218296464E+161
         546  -1.9243115663886352E+162
         547  -3.8102040445640916E+162
         548  -7.5443369539465558E+162
         549  -1.4938050405958041E+163
         550  -2.9577861022526635E+163
         551  -5.8565196855873958E+163
         552  -1.1596113323255708E+164
         553  -2.2960708991845819E+164
         554  -4.5463004949335483E+164
         555  -9.0018336095689753E+164
         556  -1.7823944639090566E+165
         557  -3.5292032298803739E+165
         558  -6.9879455361871967E+165
         559  -1.3836375985174920E+166
         560  -2.7396507229731890E+166
         561  -5.4246040234303664E+166
         562  -1.0740905241775558E+167
         563  -2.1267367150579000E+167
         564  -4.2110129019512489E+167
         565  -8.3379524766031565E+167
         566  -1.6509436831665533E+168
         567  -3.2689260974271561E+168
         568  -6.4725877323353286E+168
         569  -1.2815949551674243E+169
         570  -2.5376027286662652E+169
         571  -5.0245419448403212E+169
         572  -9.9487683671938586E+169
         573  -1.9698908499652828E+170
         574  -3.9004526163990551E+170
         575  -7.7230322751346122E+170
         576  -1.5291873376950828E+171
         577  -3.0278442850689972E+171
         578  -5.9952373320351397E+171
         579  -1.1870779103360915E+172
         580  -2.3504556820097583E+172
         581  -4.6539842625222412E+172
         582  -9.2150512266985878E+172
         583  -1.8246122960600218E+173
         584  -3.6127960106046614E+173
         585  -7.1534621587421290E+173
         586  -1.4164104673042727E+174
         587  -2.8045421466825558E+174
         588  -5.5530913065676627E+174
         589  -1.0995314545568054E+175
         590  -2.1771106448942251E+175
         591  -4.3107550406752596E+175
         592  -8.5354453914812389E+175
         593  -1.6900479694050558E+176
         594  -3.3463539486068655E+176
         595  -6.6258975792851626E+176
         596  -1.3119508397924917E+177
         597  -2.5977084394019835E+177
         598  -5.1435533493066089E+177
         599  -1.0184415100585222E+178
         600  -2.0165497253957885E+178
         601  -3.9928388177737962E+178
         602  -7.9059601773976387E+178
         603  -1.5654077006155354E+179
         604  -3.0995618674530631E+179
         605  -6.1372406475267950E+179
         606  -1.2151950622816693E+180
         607  -2.4061286239261852E+180
         608  -4.7642186300580799E+180
         609  -9.4333191207191289E+180
         610  -1.8678301006568268E+181
         611  -3.6983687716627688E+181
         612  -7.3228992114435366E+181
         613  -1.4499595949392274E+182
         614  -2.8709705899965449E+182
         615  -5.6846219421518293E+182
         616  -1.1255749793394060E+183
         617  -2.2286777326749203E+183
         618  -4.4128596737608123E+183
         619  -8.7376161276273699E+183
         620  -1.7300784805764940E+184
         621  -3.4256157574716469E+184
         622  -6.7828387264419235E+184
         623  -1.3430257345288699E+185
         624  -2.6592378152458112E+185
         625  -5.2653836603615019E+185
         626  -1.0425643367379367E+186
         627  -2.0643137639151417E+186
         628  -4.0874132806258275E+186
         629  -8.0932209137385596E+186
         630  -1.6024859798015436E+187
         631  -3.1729781539773593E+187
         632  -6.2826074564873226E+187
         633  -1.2439781976699909E+188
         634  -2.4631202362967520E+188
         635  -4.8770640111041903E+188
         636  -9.6567569125935408E+188
         637  -1.9120715630675148E+189
         638  -3.7859684109098518E+189
         639  -7.4963495536809855E+189
         640  -1.4843033679054957E+190
         641  -2.9389724587933150E+190
         642  -5.8192680150918910E+190
         643  -1.1522353715888639E+191
         644  -2.2814662395637442E+191
         645  -4.5173827592982371E+191
         646  -8.9445754840128954E+191
         647  -1.7710571552637956E+192
         648  -3.5067549631811753E+192
         649  -6.9434971848574477E+192
         650  -1.3748366698649325E+193
         651  -2.7222245771589568E+193
         652  -5.3900996466847861E+193
         653  -1.0672585371891962E+194
         654  -2.1132091424391320E+194
         655  -4.1842278361617755E+194
         656  -8.2849171117549903E+194
         657  -1.6404424958755240E+195
         658  -3.2481333801832976E+195
         659  -6.4314174266926171E+195
         660  -1.2734430909986610E+196
         661  -2.5214617531771193E+196
         662  -4.9925822501805978E+196
         663  -9.8854870566293508E+196
         664  -1.9573609296722448E+197
         665  -3.8756429370246309E+197
         666  -7.6739082443134644E+197
         667  -1.5194606081888365E+198
         668  -3.0085850212614053E+198
         669  -5.9571033177015213E+198
         670  -1.1795272424407621E+199
         671  -2.3355050961189627E+199
         672  -4.6243815808023475E+199
         673  -9.1564368839958827E+199
         674  -1.8130064516876140E+200
         675  -3.5898160337959583E+200
         676  -7.1079610028431234E+200
         677  -1.4074010796735528E+201
         678  -2.7867032448180114E+201
         679  -5.5177696584405731E+201
         680  -1.0925376449832818E+202
         681  -2.1632626579105162E+202
         682  -4.2833355432632991E+202
         683  -8.4811538298839477E+202
         684  -1.6792980507745755E+203
         685  -3.3250687346321566E+203
         686  -6.5837521129311595E+203
         687  -1.3036058904003602E+204
         688  -2.5811851484334357E+204
         689  -5.1108366566579120E+204
         690  -1.0119634907589361E+205
         691  -2.0037230211514394E+205
         692  -3.9674414958203846E+205
         693  -7.8556725937660591E+205
         694  -1.5554505835929534E+206
         695  -3.0798464283244404E+206
         696  -6.0982033901406576E+206
         697  -1.2074655491103434E+207
         698  -2.3908239181486442E+207
         699  -4.7339147786064738E+207
         700  -9.3733164374824056E+207
         701  -1.8559493600144829E+208
         702  -3.6748444906479068E+208
         703  -7.2763203142244635E+208
         704  -1.4407368107666771E+209
         705  -2.8527091555333402E+209
         706  -5.6484636647363758E+209
         707  -1.1184155142476181E+210
         708  -2.2145017419849929E+210
         709  -4.3847907175658272E+210
         710  -8.6820386149787628E+210
         711  -1.7190739391509106E+211
         712  -3.4038263814783296E+211
         713  -6.7396950016998472E+211
         714  -1.3344831264927748E+212
         715  -2.6423231532655065E+212
         716  -5.2318920394538022E+212
         717  -1.0359328789391868E+213
         718  -2.0511832460886690E+213
         719  -4.0614143971791425E+213
         720  -8.0417422173606044E+213
         721  -1.5922930182991462E+214
         722  -3.1527957345496115E+214
         723  -6.2426455618150319E+214
         724  -1.2360656030897611E+215
         725  -2.4474530229415014E+215
         726  -4.8460423820000974E+215
         727  -9.5953330045601821E+215
         728  -1.8999094149564971E+216
         729  -3.7618869332881409E+216
         730  -7.4486673877386377E+216
         731  -1.4748621326762097E+217
         732  -2.9202784836155752E+217
         733  -5.7822532919694406E+217
         734  -1.1449063272587784E+218
         735  -2.2669544760650253E+218
         736  -4.4886489612260545E+218
         737  -8.8876815612497640E+218
         738  -1.7597919600423155E+219
         739  -3.4844494835772457E+219
         740  -6.8993315569584630E+219
         741  -1.3660917214381431E+220
         742  -2.7049092741450125E+220
         743  -5.3558147425513044E+220
         744  -1.0604700065438161E+221
         745  -2.0997676148957431E+221
         746  -4.1576131426238395E+221
         747  -8.2322190899095011E+221
         748  -1.6300081036760820E+222
         749  -3.2274729195513979E+222
         750  -6.3905089937562829E+222
         751  -1.2653430785394877E+223
         752  -2.5054234458821725E+223
         753  -4.9608258421276899E+223
         754  -9.8226082606394195E+223
         755  -1.9449107086694276E+224
         756  -3.8509910650257122E+224
         757  -7.6250966776020333E+224
         758  -1.5097957476665646E+225
         759  -2.9894482602008155E+225
         760  -5.9192118630813343E+225
         761  -1.1720246022150318E+226
         762  -2.3206496066897561E+226
         763  -4.5949671933945081E+226
         764  -9.0981953706010130E+226
         765  -1.8014744288190341E+227
         766  -3.5669822261406158E+227
         767  -7.0627492669679084E+227
         768  -1.3984489982173880E+228
         769  -2.7689778111786144E+228
         770  -5.4826726813584100E+228
         771  -1.0855883210605765E+229
         772  -2.1495027540676215E+229
         773  -4.2560904535435493E+229
         774  -8.4272076016026715E+229
         775  -1.6686165093456037E+230
         776  -3.3039189099022523E+230
         777  -6.5418747220058758E+230
         778  -1.2953140208784846E+231
         779  -2.5647669574600577E+231
         780  -5.0783280656668019E+231
         781  -1.0055266763136607E+232
         782  -1.9909779039563458E+232
         783  -3.9422057190712361E+232
         784  -7.8057048752755583E+232
         785  -1.5455568009843785E+233
         786  -3.0602563935454172E+233
         787  -6.0594144377423383E+233
         788  -1.1997852011929921E+234
         789  -2.3756165612894476E+234
         790  -4.7038036814098894E+234
         791  -9.3136954143962114E+234
         792  -1.8441441894136330E+235
         793  -3.6514698409519936E+235
         794  -7.2300376922378474E+235
         795  -1.4315726901239174E+236
         796  -2.8345638769060099E+236
         797  -5.6125353799288670E+236
         798  -1.1113015884946938E+237
         799  -2.2004159207749743E+237
         800  -4.3569003000872577E+237
         801  -8.6268146152182338E+237
         802  -1.7081393945106447E+238
         803  -3.3821756015622695E+238
         804  -6.6968257020266363E+238
         805  -1.3259948555778398E+239
         806  -2.6255160806810304E+239
         807  -5.1986134493038525E+239
         808  -1.0293436019737787E+240
         809  -2.0381362477839883E+240
         810  -4.0355808852997688E+240
         811  -7.9905909624560721E+240
         812  -1.5821648913509960E+241
         813  -3.1327416898014828E+241
         814  -6.2029378534876375E+241
         815  -1.2282033382927278E+242
         816  -2.4318854643130873E+242
         817  -4.8152180727322961E+242
         818  -9.5342997966875690E+242
         819  -1.8878246268405385E+243
         820  -3.7379586311558931E+243
         821  -7.4012885146100285E+243
         822  -1.4654809504822938E+244
         823  -2.9017034155432402E+244
         824  -5.7454740090646001E+244
         825  -1.1376239009132785E+245
         826  -2.2525350178023814E+245
         827  -4.4600979307420169E+245
         828  -8.8311495246882880E+245
         829  -1.7485984195514571E+246
         830  -3.4622858828401253E+246
         831  -6.8554468541661996E+246
         832  -1.3574023971626894E+247
         833  -2.6877041088915514E+247
         834  -5.3217479150265096E+247
         835  -1.0537246558278693E+248
         836  -2.0864115851192675E+248
         837  -4.1311677376475806E+248
         838  -8.1798562653229513E+248
         839  -1.6196400817034813E+249
         840  -3.2069438742844353E+249
         841  -6.3498607678278712E+249
         842  -1.2572945879757973E+250
         843  -2.4894871537379842E+250
         844  -4.9292714276327992E+250
         845  -9.7601294189423256E+250
         846  -1.9325396800121138E+251
         847  -3.8264959966340712E+251
         848  -7.5765955875042061E+251
         849  -1.5001923625971023E+252
         850  -2.9704332226817915E+252
         851  -5.8815614253206268E+252
         852  -1.1645696841684351E+253
         853  -2.3058886088403567E+253
         854  -4.5657399026116891E+253
         855  -9.0403243150518625E+253
         856  -1.7900157578965087E+254
         857  -3.5442936578978593E+254
         858  -7.0178251101973089E+254
         859  -1.3895538584273588E+255
         860  -2.7513651240249750E+255
         861  -5.4477989462520000E+255
         862  -1.0786831998280066E+256
         863  -2.1358303730935159E+256
         864  -4.2290186621578518E+256
         865  -8.3736045100695460E+256
         866  -1.6580029101900394E+257
         867  -3.2829036132443383E+257
         868  -6.5002637013570882E+257
         869  -1.2870748936007748E+258
         870  -2.5484531979704115E+258
         871  -5.0460262526573061E+258
         872  -9.9913080463023501E+258
         873  -1.9783138548582906E+259
         874  -3.9171304599828527E+259
         875  -7.7560549873541565E+259
         876  -1.5357259499374609E+260
         877  -3.0407909654542847E+260
         878  -6.0208722109338197E+260
         879  -1.1921537058032970E+261
         880  -2.3605059341395739E+261
         881  -4.6738841124128584E+261
         882  -9.2544536238279391E+261
         883  -1.8324141081745499E+262
         884  -3.6282438708123993E+262
         885  -7.1840494609604719E+262
         886  -1.4224668598687759E+263
         887  -2.8165340152800329E+263
         888  -5.5768356248111682E+263
         889  -1.1042329124177383E+264
         890  -2.1864196955022265E+264
         891  -4.3291872856906677E+264
         892  -8.5719418797499783E+264
         893  -1.6972744014258801E+265
         894  -3.3606625361528982E+265
         895  -6.6542290818818070E+265
         896  -1.3175605761609582E+266
         897  -2.6088159131465722E+266
         898  -5.1655465348830728E+266
         899  -1.0227962375413257E+267
         900  -2.0251722377569711E+267
         901  -4.0099116931057982E+267
         902  -7.9397650662620838E+267
         903  -1.5721011865627758E+268
         904  -3.1128152031778343E+268
         905  -6.1634827146974761E+268
         906  -1.2203910831453330E+269
         907  -2.4164169265358955E+269
         908  -4.7845898282049508E+269
         909  -9.4736548038421543E+269
         910  -1.8758167066545256E+270
         911  -3.7141825302070161E+270
         912  -7.3542110051350993E+270
         913  -1.4561594393433251E+271
         914  -2.8832464982417434E+271
         915  -5.7089286688085378E+271
         916  -1.1303877960285097E+272
         917  -2.2382072776482347E+272
         918  -4.4317285053130330E+272
         919  -8.7749770724723840E+272
         920  -1.7374760780156847E+273
         921  -3.4402632585183503E+273
         922  -6.8118412895952722E+273
         923  -1.3487683432290294E+274
         924  -2.6706083808433359E+274
         925  -5.2878977769865860E+274
         926  -1.0470222103860004E+275
         927  -2.0731405092825172E+275
         928  -4.1048905444361926E+275
         929  -8.1278265059000941E+275
         930  -1.6093380077954233E+276
         931  -3.1865454084863277E+276
         932  -6.3094710938039746E+276
         933  -1.2492972915913408E+277
         934  -2.4736522278549479E+277
         935  -4.8979177218718612E+277
         936  -9.6980479875415908E+277
         937  -1.9202473399801232E+278
         938  -3.8021567344661750E+278
         939  -7.5284029991657883E+278
         940  -1.4906500619524278E+279
         941  -2.9515391344552059E+279
         942  -5.8441504713791137E+279
         943  -1.1571621847536461E+280
         944  -2.2912215015364686E+280
         945  -4.5366985183850125E+280
         946  -8.9828213609705317E+280
         947  -1.7786299723489916E+281
         948  -3.5217494052407361E+281
         949  -6.9731867033217280E+281
         950  -1.3807152981135822E+282
         951  -2.7338644662084886E+282
         952  -5.4131470331420816E+282
         953  -1.0718220001247237E+283
         954  -2.1222449582799098E+283
         955  -4.2021190668043683E+283
         956  -8.3203423726884722E+283
         957  -1.6474568211462389E+284
         958  -3.2620219889632795E+284
         959  -6.4589173566785738E+284
         960  -1.2788881730886870E+285
         961  -2.5322432057052751E+285
         962  -5.0139299023729865E+285
         963  -9.9277561528329540E+285
         964  -1.9657303582059667E+286
         965  -3.8922146975476541E+286
         966  -7.7067209083712237E+286
         967  -1.5259576301622806E+287
         968  -3.0214493514630343E+287
         969  -5.9825751403631929E+287
         970  -1.1845707522041035E+288
         971  -2.3454914214286145E+288
         972  -4.6441548533585047E+288
         973  -9.1955886535864635E+288
         974  -1.8207586386749755E+289
         975  -3.6051656345203854E+289
         976  -7.1383537478560394E+289
         977  -1.4134189492325319E+290
         978  -2.7986188365204054E+290
         979  -5.5413629457703588E+290
         980  -1.0972091981963210E+291
         981  -2.1725124962722543E+291
         982  -4.3016505459650711E+291
         983  -8.5174181742808681E+291
         984  -1.6864785174987829E+292
         985  -3.3392863092870641E+292
         986  -6.6119034068277541E+292
         987  -1.3091799448174324E+293
         988  -2.5922219706692479E+293
         989  -5.1326899497818240E+293
         990  -1.0162905190480213E+294
         991  -2.0122906881425788E+294
         992  -3.9844057754060355E+294
         993  -7.8892624592636031E+294
         994  -1.5621014941632873E+295
         995  -3.0930154633173959E+295
         996  -6.1242785389209205E+295
         997  -1.2126285195502927E+296
         998  -2.4010467797662035E+296
         999  -4.7541564013055165E+296
        1000  -9.4133955566975842E+296
