           1  -2.9739249443101854     
           2  -6.9490498886203707     
           3  -14.728342779468331     
           4  -30.301280561164251     
           5  -61.293789406694586     
           6  -122.96466130212133     
           7  -245.61654375153529     
           8  -489.56727162948107     
           9  -975.00017960428249     
          10  -1940.6019284822237     
          11  -3861.7034267151384     
          12  -7683.5332656458204     
          13  -15286.841196265274     
          14  -30412.991982056250     
          15  -60505.251221042548     
          16  -120371.51532268705     
          17  -239470.91623134923     
          18  -476410.04816437548     
          19  -947782.34507595329     
          20  -1885541.4120594668     
          21  -3751141.3615061464     
          22  -7462609.7141940277     
          23  -14846291.933837418     
          24  -29535562.694643237     
          25  -58758742.705207020     
          26  -116896023.11765105     
          27  -232555693.55410272     
          28  -462651757.07990789     
          29  -920410267.45730603     
          30  -1831085794.1944394     
          31  -3642805065.6865664     
          32  -7247081915.4677811     
          33  -14417514892.784489     
          34  -28682542587.630135     
          35  -57061723562.924255     
          36  -113519932411.78311     
          37  -225839218482.55753     
          38  -449289842947.57178     
          39  -893827760881.85669     
          40  -1778201930587.5286     
          41  -3537596664959.8657     
          42  -7037777852259.2910     
          43  -14001120474911.434     
          44  -27854157756634.359     
          45  -55413715332405.797     
          46  -110241346149103.94     
          47  -219316722004008.06     
          48  -436313835332953.75     
          49  -868012986713674.12     
          50  -1726845412840583.0     
          51  -3435426802931249.5     
          52  -6834518730246042.0     
          53  -13596752005959926.     
          54  -27049697631733600.     
          55  -53813303474792432.     
          56  -1.0705744922903645E+017
          57  -2.1298260272752982E+017
          58  -4.2371258974746509E+017
          59  -8.4294377292487450E+017
          60  -1.6769721304158474E+018
          61  -3.3362077240733112E+018
          62  -6.6371299655447409E+018
          63  -1.3204062163655588E+019
          64  -2.6268471240847786E+019
          65  -5.2259113353053880E+019
          66  -1.0396550691539953E+020
          67  -2.0683142010376933E+020
          68  -4.1147528263343066E+020
          69  -8.1859858687483865E+020
          70  -1.6285392457715504E+021
          71  -3.2398542063738930E+021
          72  -6.4454420154827911E+021
          73  -1.2822713655824470E+022
          74  -2.5509807567006933E+022
          75  -5.0749810030276510E+022
          76  -1.0096286345335778E+023
          77  -2.0085789071171090E+023
          78  -3.9959140302904969E+023
          79  -7.9495651780940842E+023
          80  -1.5815051585624779E+024
          81  -3.1462834891296328E+024
          82  -6.2592902339740724E+024
          83  -1.2452378931677688E+025
          84  -2.4773054972982202E+025
          85  -4.9284097124059730E+025
          86  -9.8046939789330169E+025
          87  -1.9505688372161575E+026
          88  -3.8805074354119072E+026
          89  -7.7199725890106425E+026
          90  -1.5358294699092486E+027
          91  -3.0554152018615052E+027
          92  -6.0785147301008720E+027
          93  -1.2092739900470017E+028
          94  -2.4057580641577698E+028
          95  -4.7860715693018299E+028
          96  -9.5215231355770579E+028
          97  -1.8942341648801159E+029
          98  -3.7684339157798098E+029
          99  -7.4970108980683078E+029
         100  -1.4914729476986016E+030
         101  -2.9671712952823936E+030
         102  -5.9029602307791500E+030
         103  -1.1743487658282956E+031
         104  -2.3362770032086253E+031
         105  -4.6478443155442719E+031
         106  -9.2465305919925391E+031
         107  -1.8395265026996039E+032
         108  -3.6595972083460619E+032
         109  -7.2804885972992811E+032
         110  -1.4483974928858480E+033
         111  -2.8814759742583981E+033
         112  -5.7324759473901953E+033
         113  -1.1404322222698587E+034
         114  -2.2688026352443428E+034
         115  -4.5136092239189968E+034
         116  -8.9794801494721379E+034
         117  -1.7863988607492974E+035
         118  -3.5539038302501116E+035
         119  -7.0702197097062161E+035
         120  -1.4065661067705446E+036
         121  -2.7982556327062926E+036
         122  -5.5669154462640938E+036
         123  -1.1074952275136381E+037
         124  -2.2032770046626249E+037
         125  -4.3832509961902554E+037
         126  -8.7201424309989689E+037
         127  -1.7348056062269825E+038
         128  -3.4512629985239787E+038
         129  -6.8660236295214375E+038
         130  -1.3659428592172879E+039
         131  -2.7174387903712269E+039
         132  -5.4061365229038092E+039
         133  -1.0755094910631607E+040
         134  -2.1396438296856534E+040
         135  -4.2566576640680114E+040
         136  -8.4682946842283178E+040
         137  -1.6847024242582782E+041
         138  -3.3515865521162549E+041
         139  -6.6677249670796441E+041
         140  -1.3264928577943266E+042
         141  -2.6389560314303555E+042
         142  -5.2500010798418008E+042
         143  -1.0444475394840423E+043
         144  -2.0778484540181108E+043
         145  -4.1337204930352736E+043
         146  -8.2237205901594825E+043
         147  -1.6360462798333649E+044
         148  -3.2547888761681346E+044
         149  -6.4751533981708731E+044
         150  -1.2881822178034853E+045
         151  -2.5627399448696665E+045
         152  -5.0983750080242821E+045
         153  -1.0142826928062944E+046
         154  -2.0178377999013761E+046
         155  -4.0143338889530129E+046
         156  -7.9862100773333972E+046
         157  -1.5887953808430215E+047
         158  -3.1607868284764411E+047
         159  -6.2881435177443163E+047
         160  -1.2509780331756588E+048
         161  -2.4887250665827951E+048
         162  -4.9511280716212461E+048
         163  -9.8498904160816009E+048
         164  -1.9595603225235673E+049
         165  -3.8983953073624289E+049
         166  -7.7555591413964388E+049
         167  -1.5429091421822275E+050
         168  -3.0694996680804891E+050
         169  -6.1065346978373496E+050
         170  -1.2148483482068803E+051
         171  -2.4168478231420921E+051
         172  -4.8081337961633064E+051
         173  -9.5654142476179394E+051
         174  -1.9029659657462785E+052
         175  -3.7858051654066816E+052
         176  -7.5315696698754491E+052
         177  -1.4983481508904926E+053
         178  -2.9808489859114394E+053
         179  -5.9301709496077293E+053
         180  -1.1797621301106810E+054
         181  -2.3470464771936452E+054
         182  -4.6692693599092730E+054
         183  -9.2891540782167283E+054
         184  -1.8480061191099738E+055
         185  -3.6764667562964147E+055
         186  -7.3140492720134369E+055
         187  -1.4550741322989738E+056
         188  -2.8947586374445769E+056
         189  -5.7589007893504512E+056
         190  -1.1456892423631720E+057
         191  -2.2792610744293583E+057
         192  -4.5344154883511597E+057
         193  -9.0208726203717450E+057
         194  -1.7946335760811202E+058
         195  -3.5702861662456183E+058
         196  -7.1028111135198386E+058
         197  -1.4130499171553025E+059
         198  -2.8111546772966715E+059
         199  -5.5925771083842121E+059
         200  -1.1126004188179487E+060
         201  -2.2134333920905354E+060
         202  -4.4034563517660062E+060
         203  -8.7603394397129734E+060
         204  -1.7428024935051895E+061
         205  -3.4671721938064798E+061
         206  -6.8976737560933744E+061
         207  -1.3722394096978859E+062
         208  -2.7299652957122423E+062
         209  -5.4310570466956860E+062
         210  -1.0804672385685885E+063
         211  -2.1495068889587445E+063
         212  -4.2762794657265275E+063
         213  -8.5073307570801338E+063
         214  -1.6924683522307021E+064
         215  -3.3670362715339366E+064
         216  -6.6984610015796655E+064
         217  -1.3326075566522574E+065
         218  -2.6511207568841720E+065
         219  -5.2742018702331056E+065
         220  -1.0492621015371473E+066
         221  -2.0874266567909958E+066
         222  -4.1527755944851203E+066
         223  -8.2616292563125775E+066
         224  -1.6435879188704970E+067
         225  -3.2697923899126436E+067
         226  -6.5050017406297664E+067
         227  -1.2941203171228490E+068
         228  -2.5745533390556888E+068
         229  -5.1218768517437468E+068
         230  -1.0189582047676888E+069
         231  -2.0271393731575355E+069
         232  -4.0328386571482583E+069
         233  -8.0230238975904193E+069
         234  -1.5961192086673794E+070
         235  -3.1753570234810219E+070
         236  -6.3171298057296046E+070
         237  -1.2567446333543244E+071
         238  -2.5001972763522779E+071
         239  -4.9739511550529594E+071
         240  -9.8952951940448271E+071
         241  -1.9685932556417336E+072
         242  -3.9163656365606789E+072
         243  -7.7913097361665945E+072
         244  -1.5500214494322494E+073
         245  -3.0836490590889264E+073
         246  -6.1346838284741094E+073
         247  -1.2204484023373574E+074
         248  -2.4279887022935506E+074
         249  -4.8302977226853569E+074
         250  -9.6095076833510202E+074
         251  -1.9117380173627328E+075
         252  -3.8032564908210922E+075
         253  -7.5662877463341416E+075
         254  -1.5052550465237397E+076
         255  -2.9945897262273165E+076
         256  -5.9575071009634146E+076
         257  -1.1852004482344688E+077
         258  -2.3578655949365559E+077
         259  -4.6907931667316364E+077
         260  -9.3319740447920955E+077
         261  -1.8565248237826554E+078
         262  -3.6934140673534279E+078
         263  -7.3477646504775142E+078
         264  -1.4617815488392842E+079
         265  -2.9081025293700865E+079
         266  -5.7854474412021110E+079
         267  -1.1509704956022361E+080
         268  -2.2897677236034171E+080
         269  -4.5553176628672808E+080
         270  -9.0624558970439231E+080
         271  -1.8029062507612650E+081
         272  -3.5867440194597919E+081
         273  -7.1355527530610853E+081
         274  -1.4195636157884003E+082
         275  -2.8241131822699401E+082
         276  -5.6183570623859168E+082
         277  -1.1177291433868784E+083
         278  -2.2236365971475362E+083
         279  -4.4237548474321376E+083
         280  -8.8007217435092939E+083
         281  -1.7508362438220627E+084
         282  -3.4831547252834836E+084
         283  -6.9294697794122607E+084
         284  -1.3785649852198224E+085
         285  -2.7425495441518754E+085
         286  -5.4560924459635020E+085
         287  -1.0854478396708760E+086
         288  -2.1594154137139288E+086
         289  -4.2959917174824468E+086
         290  -8.5465467734790860E+086
         291  -1.7002700785948205E+087
         292  -3.3825572091124431E+087
         293  -6.7293387191607159E+087
         294  -1.3387504422749366E+088
         295  -2.6633415577494789E+088
         296  -5.2985142183644301E+088
         297  -1.0540988571489397E+089
         298  -2.0970490119505387E+089
         299  -4.1719185337294853E+089
         300  -8.2997126690361263E+089
         301  -1.6511643224005827E+090
         302  -3.2848650649555499E+090
         303  -6.5349876741992882E+090
         304  -1.3000857891407640E+091
         305  -2.5864211891307975E+091
         306  -5.1454870312873411E+091
         307  -1.0236552693122596E+092
         308  -2.0364838236286247E+092
         309  -4.0514287262814516E+092
         310  -8.0600074175358792E+092
         311  -1.6034767969461347E+093
         312  -3.1899943823261247E+093
         313  -6.3462497110359364E+093
         314  -1.2625378156765121E+094
         315  -2.5117223692621138E+094
         316  -4.9968794454455499E+094
         317  -9.9409092732058135E+094
         318  -1.9776678276315280E+095
         319  -3.9344188031076415E+095
         320  -7.8272251295029296E+095
         321  -1.5571665420959002E+096
         322  -3.0978636741688920E+096
         323  -6.1629627174099395E+096
         324  -1.2260742708884664E+097
         325  -2.4391809372594210E+097
         326  -4.8525638176702040E+097
         327  -9.6538043754224475E+097
         328  -1.9205505052722931E+098
         329  -3.8207882611462722E+098
         330  -7.6011658617868058E+098
         331  -1.5121937806901473E+099
         332  -3.0083938068684897E+099
         333  -5.9849692630491931E+099
         334  -1.1906638352287182E+100
         335  -2.3687345852788678E+100
         336  -4.7124161912740347E+100
         337  -9.3749913974288906E+100
         338  -1.8650827969017716E+101
         339  -3.7104394999796262E+101
         340  -7.3816354458252745E+101
         341  -1.4685198843792842E+102
         342  -2.9215079322794191E+102
         343  -5.8121164644489902E+102
         344  -1.1562760936939387E+103
         345  -2.3003228049988230E+103
         346  -4.5763161895815224E+103
         347  -9.1042308590409613E+103
         348  -1.8112170597699290E+104
         349  -3.6032777380023461E+104
         350  -7.1684453208675899E+104
         351  -1.4261073404449013E+105
         352  -2.8371314217190440E+105
         353  -5.6442558535561474E+105
         354  -1.1228815097010911E+106
         355  -2.2338868356476054E+106
         356  -4.4441469125340459E+106
         357  -8.8412901965377416E+106
         358  -1.7589070271041705E+107
         359  -3.4992109310108937E+107
         360  -6.9614123720144468E+107
         361  -1.3849197195790583E+108
         362  -2.7551918018669511E+108
         363  -5.4812432502456829E+108
         364  -1.0904513997176408E+109
         365  -2.1693696135322300E+109
         366  -4.3157948362811778E+109
         367  -8.5859435629061626E+109
         368  -1.7081077683695281E+110
         369  -3.3981496931442353E+110
         370  -6.7603587729355252E+110
         371  -1.3449216445941441E+111
         372  -2.6756186925156085E+111
         373  -5.3229386384805202E+111
         374  -1.0589579086244767E+112
         375  -2.1067157230248225E+112
         376  -4.1911497156719136E+112
         377  -8.3379716338547494E+112
         378  -1.6587756506765803E+113
         379  -3.3000072201078501E+113
         380  -6.5651118331295231E+113
         381  -1.3060787600364305E+114
         382  -2.5983437461188565E+114
         383  -5.1692060460478321E+114
         384  -1.0283739857903763E+115
         385  -2.0458713489646013E+115
         386  -4.0701044895620571E+115
         387  -8.0971614194299173E+115
         388  -1.6108683013039553E+116
         389  -3.2046992146151197E+116
         390  -6.3755038495955212E+116
         391  -1.2683577026772220E+117
         392  -2.5233005890863077E+117
         393  -5.0199134277687481E+117
         394  -9.9867336183747269E+117
         395  -1.9867842304345501E+118
         396  -3.9525551888564395E+118
         397  -7.8633060810730138E+118
         398  -1.5643445713032298E+119
         399  -3.1121438139820554E+119
         400  -6.1913719627882205E+119
         401  -1.2317260728562553E+120
         402  -2.4504247647732362E+120
         403  -4.8749325520810946E+120
         404  -9.6983052607775621E+120
         405  -1.9294036158730650E+121
         406  -3.8384008472069876E+121
         407  -7.6362047539609372E+121
         408  -1.5191645001549556E+122
         409  -3.0222615198131735E+122
         410  -6.0125580167333773E+122
         411  -1.1961524066527352E+123
         412  -2.3796536781169780E+123
         413  -4.7341388908977564E+123
         414  -9.4182070460123973E+123
         415  -1.8736802194820372E+124
         416  -3.7275434142899323E+124
         417  -7.4156623744777990E+124
         418  -1.4752892814454652E+125
         419  -2.9349751297181214E+125
         420  -5.8389084231832587E+125
         421  -1.1616061488601004E+126
         422  -2.3109265418723012E+126
         423  -4.5974115126460549E+126
         424  -9.1461983899696124E+126
         425  -1.8195661788939143E+127
         426  -3.6198876715876709E+127
         427  -7.2014895126693734E+127
         428  -1.4326812295349680E+128
         429  -2.8502096710004099E+128
         430  -5.6702740296954431E+128
         431  -1.1280576267413126E+129
         432  -2.2441843243995576E+129
         433  -4.4646329783962743E+129
         434  -8.8820456568854891E+129
         435  -1.7670150140613900E+130
         436  -3.5153411506029473E+130
         437  -6.9935022095364725E+130
         438  -1.3913037471883120E+131
         439  -2.7678923362612872E+131
         440  -5.5065099915216609E+131
         441  -1.0954780245421200E+132
         442  -2.1793696989607740E+132
         443  -4.3356892409901146E+132
         444  -8.6255219586659868E+132
         445  -1.7159815873344036E+133
         446  -3.4138140534350998E+133
         447  -6.7915218190274651E+133
         448  -1.3511212941406040E+134
         449  -2.6879524208634488E+134
         450  -5.3474756471966289E+134
         451  -1.0638393587404088E+135
         452  -2.1164269944801289E+135
         453  -4.2104695470824289E+135
         454  -8.3764069600062757E+135
         455  -1.6664220646901633E+136
         456  -3.3152191756501601E+136
         457  -6.5953748545942441E+136
         458  -1.3120993565706951E+137
         459  -2.6103212622008688E+137
         460  -5.1930343977200288E+137
         461  -1.0331144540103822E+138
         462  -2.0553021477265260E+138
         463  -4.0888663420121103E+138
         464  -8.1344866891386468E+138
         465  -1.6182938780828907E+139
         466  -3.2194718313785484E+139
         467  -6.4048928401798209E+139
         468  -1.2742044174563010E+140
         469  -2.5349321807225863E+140
         470  -5.0430535892278394E+140
         471  -1.0032769198809197E+141
         472  -1.9959426568771883E+141
         473  -3.9707751774204174E+141
         474  -7.8995533540462372E+141
         475  -1.5715556888809485E+142
         476  -3.1264897805760385E+142
         477  -6.2199121655095828E+142
         478  -1.2374039277853063E+143
         479  -2.4617204226597925E+143
         480  -4.8974043990522629E+143
         481  -9.7430112806807164E+143
         482  -1.9382975364223882E+144
         483  -3.8560946215373870E+144
         484  -7.6714051639847159E+144
         485  -1.5261673523599448E+145
         486  -3.0361931583855063E+145
         487  -6.0402739455618953E+145
         488  -1.2016662785985163E+146
         489  -2.3906231044070289E+146
         490  -4.7559617250723740E+146
         491  -9.4616219046221676E+146
         492  -1.8823172733725838E+147
         493  -3.7447261720592782E+147
         494  -7.4498461561586283E+147
         495  -1.4820898832213184E+148
         496  -2.9485044065387937E+148
         497  -5.8658238840973644E+148
         498  -1.1669607738398469E+149
         499  -2.3215791585097146E+149
         500  -4.6186040782604383E+149
         501  -9.1883593775097588E+149
         502  -1.8279537847303404E+150
         503  -3.6365741715422219E+150
         504  -7.2346860274035303E+150
         505  -1.4392854221067876E+151
         506  -2.8633482067397657E+151
         507  -5.6964121411295212E+151
         508  -1.1332576039906325E+152
         509  -2.2545292812116218E+152
         510  -4.4852134783316278E+152
         511  -8.9229889865952016E+152
         512  -1.7751603761905123E+153
         513  -3.5315457252393863E+153
         514  -7.0257399707293220E+153
         515  -1.3977172030798981E+154
         516  -2.7806514159713401E+154
         517  -5.5318932042231087E+154
         518  -1.1005278204654051E+155
         519  -2.1894158815172365E+155
         520  -4.3556753524074885E+155
         521  -8.6652827979044416E+155
         522  -1.7238917020332133E+156
         523  -3.4295506213111149E+156
         524  -6.8228285165844170E+156
         525  -1.3573495220467427E+157
         526  -2.7003430036709258E+157
         527  -5.3721257635094294E+157
         528  -1.0687433107471531E+158
         529  -2.1261830317252605E+158
         530  -4.2298784366061234E+158
         531  -8.4150194604588491E+158
         532  -1.6741037261751228E+159
         533  -3.3305012533394793E+159
         534  -6.6257773787043812E+159
         535  -1.3181477060887286E+160
         536  -2.6223539907203075E+160
         537  -5.2169725903113839E+160
         538  -1.0378767742407028E+161
         539  -2.0647764193907584E+161
         540  -4.1077146804745647E+161
         541  -8.1719840161507513E+161
         542  -1.6257536843456737E+162
         543  -3.2343125450806986E+162
         544  -6.4344173044126264E+162
         545  -1.2800780836810453E+163
         546  -2.5466173901975710E+163
         547  -5.0663004192739602E+163
         548  -1.0079016988234808E+164
         549  -2.0051433006746959E+164
         550  -3.9890791541812485E+164
         551  -7.9359677151099476E+164
         552  -1.5788000473556371E+165
         553  -3.1409018773908011E+165
         554  -6.2485839292446067E+165
         555  -1.2431079557712618E+166
         556  -2.4730681498401817E+166
         557  -4.9199798338989371E+166
         558  -9.7879233807351815E+166
         559  -1.9472324550407978E+167
         560  -3.8738699583888778E+167
         561  -7.7067678364026786E+167
         562  -1.5332024854265524E+168
         563  -3.0501890172617534E+168
         564  -6.0681176357706279E+168
         565  -1.2072055676932041E+169
         566  -2.4016430961697957E+169
         567  -4.7778851553854647E+169
         568  -9.5052368915513653E+169
         569  -1.8909941412608096E+170
         570  -3.7619881367302618E+170
         571  -7.4841875139090015E+170
         572  -1.4889218335503644E+171
         573  -2.9620960489071116E+171
         574  -5.8928634164960223E+171
         575  -1.1723400818919945E+172
         576  -2.3322808802308107E+172
         577  -4.6398943346810683E+172
         578  -9.2307147134331979E+172
         579  -1.8363800546903816E+173
         580  -3.6533375908119536E+173
         581  -7.2680355672290326E+173
         582  -1.4459200578495140E+174
         583  -2.8765473068379930E+174
         584  -5.7226707407209189E+174
         585  -1.1384815514368220E+175
         586  -2.2649219248960512E+175
         587  -4.5058888476503400E+175
         588  -8.9641210516832797E+175
         589  -1.7833432857788727E+176
         590  -3.5478249976726804E+176
         591  -7.0581263374728063E+176
         592  -1.4041602229085872E+177
         593  -2.7934693108718952E+177
         594  -5.5573934252452593E+177
         595  -1.1056008942986942E+178
         596  -2.1995083736943225E+178
         597  -4.3757535932712732E+178
         598  -8.7052269216263729E+178
         599  -1.7318382797774365E+179
         600  -3.4453597296256657E+179
         601  -6.8542795277927172E+179
         602  -1.3636064600494647E+180
         603  -2.7127907030185305E+180
         604  -5.3968895088080016E+180
         605  -1.0736698683710769E+181
         606  -2.1359840411158884E+181
         607  -4.2493767947718125E+181
         608  -8.4538099519281322E+181
         609  -1.6818207976107900E+182
         610  -3.3458537764160042E+182
         611  -6.6563200485215680E+182
         612  -1.3242239365227223E+183
         613  -2.6344421861884767E+183
         614  -5.2410211301526586E+183
         615  -1.0426610472119688E+184
         616  -2.0742943643531797E+184
         617  -4.1266499036216902E+184
         618  -8.2096541935942053E+184
         619  -1.6332478778790451E+185
         620  -3.2492216696262173E+185
         621  -6.4640778667832109E+185
         622  -1.2859788255888170E+186
         623  -2.5583564646719866E+186
         624  -5.0896544096144592E+186
         625  -1.0125477964865698E+187
         626  -2.0143863564352901E+187
         627  -4.0074675062970873E+187
         628  -7.9725499344856680E+187
         629  -1.5860777999569732E+188
         630  -3.1553804092650614E+188
         631  -6.2773878604465948E+188
         632  -1.2488382774633652E+189
         633  -2.4844681863368404E+189
         634  -4.9426593341273870E+189
         635  -9.8330425109031441E+189
         636  -1.9562085607160004E+190
         637  -3.8917272337380416E+190
         638  -7.7422935191914624E+190
         639  -1.5402700481590069E+191
         640  -3.0642493924765400E+191
         641  -6.0960896762978053E+191
         642  -1.2127703911015525E+192
         643  -2.4127138864955911E+192
         644  -4.7999096455523683E+192
         645  -9.5490529293261730E+192
         646  -1.8997110066762386E+193
         647  -3.7793296734208270E+193
         648  -7.5186871741031261E+193
         649  -1.4957852769391941E+194
         650  -2.9757503443078796E+194
         651  -5.9200275923082488E+194
         652  -1.1777441867974449E+195
         653  -2.3430319333939872E+195
         654  -4.6612827322306557E+195
         655  -9.2732652936224991E+195
         656  -1.8448451670030201E+196
         657  -3.6701782839697879E+196
         658  -7.3015388375415710E+196
         659  -1.4525852770962220E+197
         660  -2.8898072504770062E+197
         661  -5.7490503838806901E+197
         662  -1.1437295795746603E+198
         663  -2.2753624752737535E+198
         664  -4.5266595236692847E+198
         665  -9.0054427221581759E+198
         666  -1.7915639159079955E+199
         667  -3.5641793122352772E+199
         668  -7.0906619947899798E+199
         669  -1.4106329429544737E+200
         670  -2.8063462920817714E+200
         671  -5.5830111939582572E+200
         672  -1.1106973533455498E+201
         673  -2.2096473889642585E+201
         674  -4.3959243882681285E+201
         675  -8.7453551747133936E+201
         676  -1.7398214886498038E+202
         677  -3.4612417127664811E+202
         678  -6.8858755178911636E+202
         679  -1.3698922404929384E+203
         680  -2.7252957821948586E+203
         681  -5.4217674068848577E+203
         682  -1.0786191358166924E+204
         683  -2.1458302299589150E+204
         684  -4.2689650340007164E+204
         685  -8.4927792548945795E+204
         686  -1.6895734422254728E+205
         687  -3.3612770696099621E+205
         688  -6.6870035100717434E+205
         689  -1.3303281763945928E+206
         690  -2.6465861042898950E+206
         691  -5.2651805259086386E+206
         692  -1.0474673741191462E+207
         693  -2.0838561839334312E+207
         694  -4.1456724119635080E+207
         695  -8.2474980182530458E+207
         696  -1.6407766171970916E+208
         697  -3.2641995203667501E+208
         698  -6.4938751546595396E+208
         699  -1.2919067679896723E+209
         700  -2.5701496524458888E+209
         701  -5.1131160542232949E+209
         702  -1.0172153111425260E+210
         703  -2.0236720196642704E+210
         704  -4.0259406227107658E+210
         705  -8.0093007859453976E+210
         706  -1.5933891006209753E+211
         707  -3.1699256824427480E+211
         708  -6.3063245683644065E+211
         709  -1.2545950140670152E+212
         710  -2.4959207732786344E+212
         711  -4.9654433794450388E+212
         712  -9.8783696255258160E+212
         713  -1.9652260433068778E+213
         714  -3.9096668252945940E+213
         715  -7.7779829637756427E+213
         716  -1.5473701900474772E+214
         717  -3.0783745814291182E+214
         718  -6.1241906587964834E+214
         719  -1.2183608665284096E+215
         720  -2.4238357095492020E+215
         721  -4.8220356614260082E+215
         722  -9.5930709447253328E+215
         723  -1.9084680539944094E+216
         724  -3.7967511489319986E+216
         725  -7.5533458664635723E+216
         726  -1.5026803585605286E+217
         727  -2.9894675815511173E+217
         728  -5.9473169860994790E+217
         729  -1.1831732028615940E+218
         730  -2.3538325454010816E+218
         731  -4.6827697233077535E+218
         732  -9.3160120180899684E+218
         733  -1.8533493007188164E+219
         734  -3.6870966072231122E+219
         735  -7.3351965469884848E+219
         736  -1.4592812208268770E+220
         737  -2.9031283181256569E+220
         738  -5.7755516285801535E+220
         739  -1.1490017994082707E+221
         740  -2.2858511531789389E+221
         741  -4.5475259457212233E+221
         742  -9.0469548720388004E+221
         743  -1.7998224404572547E+222
         744  -3.5806090148468856E+222
         745  -7.1233476308616319E+222
         746  -1.4171355001258596E+223
         747  -2.8192826319695582E+223
         748  -5.6087470522185673E+223
         749  -1.1158173054041694E+224
         750  -2.2198331417833087E+224
         751  -4.4161881640423803E+224
         752  -8.7856684059417426E+224
         753  -1.7478414975078533E+225
         754  -3.4771969066627121E+225
         755  -6.9176171551850964E+225
         756  -1.3762069963313966E+226
         757  -2.7378585057021820E+226
         758  -5.4467599839470285E+226
         759  -1.0835912177688614E+227
         760  -2.1557218065168621E+227
         761  -4.2886435686151841E+227
         762  -8.5319281936208015E+227
         763  -1.6973618239999095E+228
         764  -3.3767714591484840E+228
         765  -6.7178284123588191E+228
         766  -1.3364605548187022E+229
         767  -2.6587860018877044E+229
         768  -5.2894512885888884E+229
         769  -1.0522958566236778E+230
         770  -2.0934620803791739E+230
         771  -4.1647826078562621E+230
         772  -8.2855162905842334E+230
         773  -1.6483400615446002E+231
         774  -3.2792464141076129E+231
         775  -6.5238097983015480E+231
         776  -1.2978620362690019E+232
         777  -2.5819972029639175E+232
         778  -5.1366858493514914E+232
         779  -1.0219043415166931E+233
         780  -2.0330004867681517E+233
         781  -4.0444988941580176E+233
         782  -8.0462210468279781E+233
         783  -1.6007341039932566E+234
         784  -3.1845380045794754E+234
         785  -6.3353946650553451E+234
         786  -1.2603782873463282E+235
         787  -2.5074261529059550E+235
         788  -4.9883324517706147E+235
         789  -9.9239056833436186E+235
         790  -1.9742850935474999E+236
         791  -3.9276891125093714E+236
         792  -7.8138369250436202E+236
         793  -1.5545030612712339E+237
         794  -3.0925648828896542E+237
         795  -6.1524211776470436E+237
         796  -1.2239771122212036E+238
         797  -2.4350088005748394E+238
         798  -4.8442636710067412E+238
         799  -9.6372918687997404E+238
         800  -1.9172654684407733E+239
         801  -3.8142529317556377E+239
         802  -7.5881643240766986E+239
         803  -1.5096072242562885E+240
         804  -3.0032480507781654E+240
         805  -5.9747321750837056E+240
         806  -1.1886272449167489E+241
         807  -2.3646829447021816E+241
         808  -4.7043557623963302E+241
         809  -9.3589557909966759E+241
         810  -1.8618926357136970E+242
         811  -3.7040929184213185E+242
         812  -7.3690094074837562E+242
         813  -1.4660080306713176E+243
         814  -2.9165107915456713E+243
         815  -5.8021750353627021E+243
         816  -1.1542983224534724E+244
         817  -2.2963881804637945E+244
         818  -4.5684885551641061E+244
         819  -9.0886583793730175E+244
         820  -1.8081190341075537E+245
         821  -3.5971144530217950E+245
         822  -7.1561839370408476E+245
         823  -1.4236680319621500E+246
         824  -2.8322786041593782E+246
         825  -5.6346015443804418E+246
         826  -1.1209608587696657E+247
         827  -2.2300658475963124E+247
         828  -4.4365453492050506E+247
         829  -8.8261674680002451E+247
         830  -1.7558984759875014E+248
         831  -3.4932256487920341E+248
         832  -6.9495051110605245E+248
         833  -1.3825508611319482E+249
         834  -2.7504791392620426E+249
         835  -5.4718677686271848E+249
         836  -1.0885862193950087E+250
         837  -2.1656589800122728E+250
         838  -4.3084128148474546E+250
         839  -8.5712575961689831E+250
         840  -1.7051861076707360E+251
         841  -3.3923372727624993E+251
         842  -6.7487954073784008E+251
         843  -1.3426212015045863E+252
         844  -2.6710421370291017E+252
         845  -5.3138339315585587E+252
         846  -1.0571465968556316E+253
         847  -2.1031122568703629E+253
         848  -4.1839808955109236E+253
         849  -8.3237098147345591E+253
         850  -1.6559383709004211E+254
         851  -3.2943626691144882E+254
         852  -6.5538824308744543E+254
         853  -1.3038447563901805E+255
         854  -2.5938993668205678E+255
         855  -5.1603642935376185E+255
         856  -1.0266149867895042E+256
         857  -2.0423719550588172E+256
         858  -4.0631427131757335E+256
         859  -8.0833114980555153E+256
         860  -1.6081129654322952E+257
         861  -3.1992176847490451E+257
         862  -6.3645987653980850E+257
         863  -1.2661882196267117E+258
         864  -2.5189845685758391E+258
         865  -5.0113270352443163E+258
         866  -9.9696516475164324E+258
         867  -1.9833859030511540E+259
         868  -3.9457944765823457E+259
         869  -7.8498561613635697E+259
         870  -1.5616688127018221E+260
         871  -3.1068205970055405E+260
         872  -6.1807818299697560E+260
         873  -1.2296192469724428E+261
         874  -2.4462333959011072E+261
         875  -4.8665941444522388E+261
         876  -9.6817166368921064E+261
         877  -1.9261034360946043E+262
         878  -3.8318353920822205E+262
         879  -7.6231432834081291E+262
         880  -1.5165660205406743E+263
         881  -3.0170920434678136E+263
         882  -6.0022737391356764E+263
         883  -1.1941064283245530E+264
         884  -2.3755833608004487E+264
         885  -4.7260413060753615E+264
         886  -9.4020975206715592E+264
         887  -1.8704753526927527E+265
         888  -3.7211675770633558E+265
         889  -7.4029781342230346E+265
         890  -1.4727658489122452E+266
         891  -2.9299549537975960E+266
         892  -5.8289211673556315E+266
         893  -1.1596192607401314E+267
         894  -2.3069737800031659E+267
         895  -4.5895477953903827E+267
         896  -9.1305541262561798E+267
         897  -1.8164538723450121E+268
         898  -3.6136959758762124E+268
         899  -7.1891716078676061E+268
         900  -1.4302306766367596E+269
         901  -2.8453344835366649E+269
         902  -5.6605752173074168E+269
         903  -1.1261281222363540E+270
         904  -2.2403457228412357E+270
         905  -4.4569963743429093E+270
         906  -8.8668532175083310E+270
         907  -1.7639925945066283E+271
         908  -3.5093282781877768E+271
         909  -6.9815400599983132E+271
         910  -1.3889239690774004E+272
         911  -2.7631579498208664E+272
         912  -5.4970912919948164E+272
         913  -1.0936042463473452E+273
         914  -2.1756419606321367E+273
         915  -4.3282731908484586E+273
         916  -8.6107682944184054E+273
         917  -1.7130464587339682E+274
         918  -3.4079748396936684E+274
         919  -6.7799051501315746E+274
         920  -1.3488102467596996E+275
         921  -2.6833547689507953E+275
         922  -5.3383289705492414E+275
         923  -1.0620196974158614E+276
         924  -2.1128069175235443E+276
         925  -4.2032676810017435E+276
         926  -8.3620793985576741E+276
         927  -1.6635717059808563E+277
         928  -3.3095486051201586E+277
         929  -6.5840936884621622E+277
         930  -1.3098550548972336E+278
         931  -2.6058563957654937E+278
         932  -5.1841518876183496E+278
         933  -1.0313473465985833E+279
         934  -2.0517866227576947E+279
         935  -4.0818724741102753E+279
         936  -8.1205729241499193E+279
         937  -1.6155258410127207E+280
         938  -3.2139650334499907E+280
         939  -6.3939374871057007E+280
         940  -1.2720249337974540E+281
         941  -2.5305962647671233E+281
         942  -5.0344276162380789E+281
         943  -1.0015608485644006E+282
         944  -1.9925286643144065E+282
         945  -3.9639833004707057E+282
         946  -7.8860414345995105E+282
         947  -1.5688675959062580E+283
         948  -3.1211420253077587E+283
         949  -6.2092732156374312E+283
         950  -1.2352873901222328E+284
         951  -2.4575097329460124E+284
         952  -4.8890275540874598E+284
         953  -9.7263461886567885E+284
         954  -1.9349821438929471E+285
         955  -3.8494989018086907E+285
         956  -7.6582834843183743E+285
         957  -1.5235568946032730E+286
         958  -3.0309998524424812E+286
         959  -6.0299422608031875E+286
         960  -1.1996108689784326E+287
         961  -2.3865340242569865E+287
         962  -4.7478268130285202E+287
         963  -9.4454381196306840E+287
         964  -1.8790976331940711E+288
         965  -3.7383209443053577E+288
         966  -7.4371034456988082E+288
         967  -1.4795548184882422E+289
         968  -2.9434610892468020E+289
         969  -5.8557905902820862E+289
         970  -1.1649647268145378E+290
         971  -2.3176081756992852E+290
         972  -4.6107041118364098E+290
         973  -9.1726429988498314E+290
         974  -1.8248271314646887E+291
         975  -3.6303539341356648E+291
         976  -7.2223113410835027E+291
         977  -1.4368235729600385E+292
         978  -2.8584505462539883E+292
         979  -5.6866686203838972E+292
         980  -1.1313192051000582E+293
         981  -2.2506729849537553E+293
         982  -4.4775416720275963E+293
         983  -8.9077265150341773E+293
         984  -1.7721240242686877E+294
         985  -3.5255051354461115E+294
         986  -7.0137226795884817E+294
         987  -1.3953264549691012E+295
         988  -2.7758952055556211E+295
         989  -5.5224310875674767E+295
         990  -1.0986454047651051E+296
         991  -2.1856709595323370E+296
         992  -4.3482251166966692E+296
         993  -8.6504611240830409E+296
         994  -1.7209430434485065E+297
         995  -3.4236844907013504E+297
         996  -6.8111582986387753E+297
         997  -1.3550278214921718E+298
         998  -2.6957241580844908E+298
         999  -5.3629369236698882E+298
        1000  -1.0669152613781783E+299
