           1   6.8348399999929366E-002
           2   1.8327483999999559     
           3  -1.1444516000000859     
           4  0.99994839999995189     
           5 -0.13005160000008664     
           6  0.55674839999994030     
           7  -1.1944516000000869     
           8 -0.45845160000008300     
           9 -0.80845160000008587     
          10   7.8748399999923169E-002
          11 -0.86805160000008619     
          12 -0.29925160000007650     
          13 -0.96925160000008259     
          14  -1.1464516000000891     
          15  -1.5060516000000843     
          16  -1.3188516000000863     
          17  -1.4192516000000825     
          18  -4.9769006971127961E+068
          19  -3.3179337980751969E+068
          20  -4.9769006971127961E+068
          21  -4.4239117307669296E+068
          22  -1.1059779326917324E+068
          23  -9.9538016588882886E+068
          24  -2.1676523585285253E+127
          25  -1.4451015723523502E+127
          26  -2.1676523585285253E+127
          27  -1.9268020964698006E+127
          28  -4.8170052411745014E+126
          29  -2.1676523585285253E+127
          30   3.5372024833874922E+272
          31   2.3581349889249948E+272
          32   3.5372024833874922E+272
          33   3.1441799852333266E+272
          34   7.8604499630833164E+271
          35   3.5372024833874922E+272
          36   5.8953374723124863E+272
          37   1.5720899926166633E+272
          38   3.1441799852333266E+272
          39   2.7511574870791610E+272
          40   8.2534724612374811E+272
          41   3.5372024833874922E+272
          42   3.1441799852333266E+272
          43   3.9302249815416582E+271
          44   5.8953374723124863E+272
          45  -3.6127539308808759E+127
          46   3.1441799852333266E+272
          47   3.9302249815416582E+271
          48   1.1004629948316644E+273
          49   1.9651124907708292E+272
          50   3.9302249815416582E+271
          51   5.8953374723124863E+272
          52   1.1790674944624974E+272
          53   5.8953374723124863E+272
          54   1.9651124907708292E+272
          55  -7.2255078617617509E+126
          56   3.9302249815416583E+272
          57   3.9302249815416583E+272
          58   5.5023149741583219E+272
          59   7.8604499630833164E+271
          60   1.1790674944624974E+272
          61   1.1790674944624974E+272
          62   5.8953374723124863E+272
          63   1.5720899926166633E+272
          64   3.5372024833874922E+272
          65   3.1441799852333266E+272
          66   5.1092924760041551E+272
          67   4.3232474796958239E+272
          68   1.0218584952008310E+273
          69   7.0744049667749843E+272
          70   3.9302249815416582E+271
          71   2.3581349889249948E+272
          72   9.4325399556999791E+272
          73   4.3232474796958239E+272
          74   1.5720899926166633E+272
          75   7.8604499630833164E+271
          76   1.5720899926166633E+272
          77   3.1441799852333266E+272
          78   4.3232474796958239E+272
          79   8.2534724612374811E+272
          80   7.8604499630833164E+271
          81   2.7511574870791610E+272
          82   3.5372024833874922E+272
          83   4.3232474796958239E+272
          84   3.5372024833874922E+272
          85   5.1092924760041551E+272
          86   1.1790674944624974E+272
          87   3.9302249815416582E+271
          88   2.3581349889249948E+272
          89   3.9302249815416582E+271
          90   1.0218584952008310E+273
          91   7.8604499630833164E+271
          92   3.9302249815416582E+271
          93   1.1790674944624974E+272
          94   4.3232474796958239E+272
          95   4.3232474796958239E+272
          96   1.5720899926166633E+272
          97   2.3581349889249948E+272
          98   2.3581349889249948E+272
          99   5.8953374723124863E+272
         100   3.9302249815416582E+271
         101   1.5720899926166633E+272
         102   8.6464949593916479E+272
         103   7.8604499630833167E+272
         104   2.3581349889249948E+272
         105   3.9302249815416583E+272
         106   4.7162699778499895E+272
         107   1.9651124907708292E+272
         108   3.5372024833874922E+272
         109   5.5023149741583219E+272
         110   7.8604499630833164E+271
         111   3.9302249815416583E+272
         112   3.1441799852333266E+272
         113   1.0218584952008310E+273
         114   8.2534724612374811E+272
         115   3.9302249815416582E+271
         116   9.0395174575458135E+272
         117   4.7162699778499895E+272
         118   3.9302249815416583E+272
         119   9.0395174575458135E+272
         120   8.2534724612374811E+272
         121   1.1790674944624974E+272
         122   4.7162699778499895E+272
         123   3.9302249815416582E+271
         124   5.5023149741583219E+272
         125   5.8953374723124863E+272
         126   3.5372024833874922E+272
         127   6.6813824686208187E+272
         128   1.9651124907708292E+272
         129   1.0611607450162477E+273
         130   7.8604499630833164E+271
         131   2.7511574870791610E+272
         132   1.1790674944624974E+272
         133   2.3581349889249948E+272
         134   3.9302249815416583E+272
         135   4.3232474796958239E+272
         136   3.9302249815416582E+271
         137   1.5720899926166633E+272
         138   1.1790674944624974E+272
         139   4.3232474796958239E+272
         140  -2.4085026205872507E+126
         141   9.0395174575458135E+272
         142   1.5720899926166633E+272
         143   4.3232474796958239E+272
         144   2.3581349889249948E+272
         145   3.5372024833874922E+272
         146   3.9302249815416582E+271
         147   6.6813824686208187E+272
         148   2.3581349889249948E+272
         149   5.1092924760041551E+272
         150   3.5372024833874922E+272
         151   1.5720899926166633E+272
         152   1.1790674944624974E+272
         153  -4.5761549791157762E+127
         154   3.1441799852333266E+272
         155   2.3581349889249948E+272
         156   1.9651124907708292E+272
         157   6.6813824686208187E+272
         158   5.5023149741583219E+272
         159   7.4674274649291499E+272
         160   3.1441799852333266E+272
         161   2.7511574870791610E+272
         162   4.7162699778499895E+272
         163   3.9302249815416583E+272
         164   4.7162699778499895E+272
         165   3.5372024833874922E+272
         166   3.1441799852333266E+272
         167   3.9302249815416582E+271
         168   1.2576719940933306E+273
         169   1.9651124907708292E+272
         170   2.7511574870791610E+272
         171   1.9651124907708292E+272
         172   7.8604499630833164E+271
         173   5.5023149741583219E+272
         174   3.1441799852333266E+272
         175   1.5720899926166633E+272
         176   1.5720899926166633E+272
         177   5.1092924760041551E+272
         178   8.6464949593916479E+272
         179   3.9302249815416583E+272
         180   3.1441799852333266E+272
         181   2.3581349889249948E+272
         182   3.9302249815416582E+271
         183   7.0744049667749843E+272
         184   3.9302249815416583E+272
         185   1.5720899926166633E+272
         186   2.3581349889249948E+272
         187   3.9302249815416583E+272
         188   1.1397652446470807E+273
         189   1.5720899926166633E+272
         190   7.4674274649291499E+272
         191   3.5372024833874922E+272
         192   1.9651124907708292E+272
         193   3.9302249815416582E+271
         194   1.9651124907708292E+272
         195  -1.2042513102936252E+127
         196  -4.3353047170570506E+127
         197   7.8604499630833164E+271
         198   3.9302249815416582E+271
         199   7.8604499630833164E+271
         200   5.8953374723124863E+272
         201   1.9651124907708292E+272
         202   7.0744049667749843E+272
         203   1.9651124907708292E+272
         204   3.9302249815416582E+271
         205   3.1441799852333266E+272
         206   3.9302249815416582E+271
         207   1.5720899926166633E+272
         208   4.7162699778499895E+272
         209   3.5372024833874922E+272
         210   2.3581349889249948E+272
         211   7.8604499630833167E+272
         212   5.5023149741583219E+272
         213  -5.2987057652919513E+127
         214   8.2534724612374811E+272
         215   4.3232474796958239E+272
         216   3.5372024833874922E+272
         217   1.9651124907708292E+272
         218   3.1441799852333266E+272
         219   8.6464949593916479E+272
         220   6.2883599704666531E+272
         221   6.2883599704666531E+272
         222   1.9651124907708292E+272
         223   7.8604499630833164E+271
         224   2.7511574870791610E+272
         225   3.1441799852333266E+272
         226   6.2883599704666531E+272
         227   6.2883599704666531E+272
         228   2.7511574870791610E+272
         229   3.9302249815416582E+271
         230   6.6813824686208187E+272
         231   3.9302249815416583E+272
         232   1.2183697442779138E+273
         233   3.5372024833874922E+272
         234   5.8953374723124863E+272
         235   6.2883599704666531E+272
         236   3.1441799852333266E+272
         237   1.9651124907708292E+272
         238   1.5720899926166633E+272
         239   3.9302249815416583E+272
         240   6.6813824686208187E+272
         241   4.3232474796958239E+272
         242   2.3581349889249948E+272
         243   3.9302249815416582E+271
         244   6.2883599704666531E+272
         245   4.7162699778499895E+272
         246   6.6813824686208187E+272
         247   4.7162699778499895E+272
         248   3.5372024833874922E+272
         249   1.9651124907708292E+272
         250   6.2883599704666531E+272
         251   1.9651124907708292E+272
         252   8.2534724612374811E+272
         253   3.1441799852333266E+272
         254   8.6464949593916479E+272
         255   1.9651124907708292E+272
         256   4.3232474796958239E+272
         257   1.9651124907708292E+272
         258   8.6464949593916479E+272
         259   1.5720899926166633E+272
         260   3.5372024833874922E+272
         261  -2.4085026205872505E+127
         262   3.9302249815416582E+271
         263   5.1092924760041551E+272
         264   2.7511574870791610E+272
         265   1.1790674944624974E+272
         266   6.6813824686208187E+272
         267   3.9302249815416583E+272
         268   4.7162699778499895E+272
         269   7.4674274649291499E+272
         270   7.0744049667749843E+272
         271   3.9302249815416582E+271
         272   2.3581349889249948E+272
         273   3.1441799852333266E+272
         274   7.4674274649291499E+272
         275   6.2883599704666531E+272
         276   1.1790674944624974E+272
         277   6.2883599704666531E+272
         278   2.7511574870791610E+272
         279   2.3581349889249948E+272
         280   3.1441799852333266E+272
         281   2.7511574870791610E+272
         282   6.6813824686208187E+272
         283   4.7162699778499895E+272
         284   3.5372024833874922E+272
         285   3.9302249815416582E+271
         286   3.9302249815416582E+271
         287   4.3232474796958239E+272
         288   5.5023149741583219E+272
         289   3.9302249815416582E+271
         290   5.5023149741583219E+272
         291   2.3581349889249948E+272
         292   2.7511574870791610E+272
         293   6.2883599704666531E+272
         294   5.1092924760041551E+272
         295   3.1441799852333266E+272
         296   4.7162699778499895E+272
         297   4.3232474796958239E+272
         298   3.1441799852333266E+272
         299   5.1092924760041551E+272
         300   3.5372024833874922E+272
         301   3.9302249815416583E+272
         302   7.8604499630833164E+271
         303   7.8604499630833164E+271
         304   4.7162699778499895E+272
         305   4.7162699778499895E+272
         306   2.3581349889249948E+272
         307   3.9302249815416582E+271
         308   3.5372024833874922E+272
         309   2.3581349889249948E+272
         310   1.1790674944624974E+272
         311   2.7511574870791610E+272
         312   5.8953374723124863E+272
         313   7.8604499630833164E+271
         314   7.8604499630833164E+271
         315   7.8604499630833164E+271
         316   1.9651124907708292E+272
         317   1.1790674944624974E+272
         318   3.9302249815416582E+271
         319   3.1441799852333266E+272
         320   1.1790674944624974E+272
         321  -3.3719036688221512E+127
         322   1.1790674944624974E+272
         323   1.1790674944624974E+272
         324   1.5720899926166633E+272
         325   5.8953374723124863E+272
         326   3.1441799852333266E+272
         327   5.5023149741583219E+272
         328   1.1790674944624974E+272
         329   5.8953374723124863E+272
         330   2.3581349889249948E+272
         331   7.8604499630833167E+272
         332   3.9302249815416583E+272
         333   1.1790674944624973E+273
         334   8.6464949593916479E+272
         335   7.8604499630833167E+272
         336   2.7511574870791610E+272
         337   7.8604499630833164E+271
         338   7.4674274649291499E+272
         339   7.0744049667749843E+272
         340   1.9651124907708292E+272
         341   1.9651124907708292E+272
         342   1.9651124907708292E+272
         343   7.0744049667749843E+272
         344   2.3581349889249948E+272
         345   4.3232474796958239E+272
         346   2.7511574870791610E+272
         347   3.9302249815416583E+272
         348   3.9302249815416582E+271
         349   3.9302249815416582E+271
         350   7.8604499630833164E+271
         351   6.6813824686208187E+272
         352   3.1441799852333266E+272
         353   7.4674274649291499E+272
         354  -3.1310534067634260E+127
         355   6.6813824686208187E+272
         356   5.8953374723124863E+272
         357   9.0395174575458135E+272
         358   5.1092924760041551E+272
         359   2.3581349889249948E+272
         360   5.1092924760041551E+272
         361   3.1441799852333266E+272
         362   2.7511574870791610E+272
         363   2.3581349889249948E+272
         364   3.9302249815416583E+272
         365   5.1092924760041551E+272
         366   1.1790674944624974E+272
         367   3.5372024833874922E+272
         368   8.2534724612374811E+272
         369   6.2883599704666531E+272
         370   2.3581349889249948E+272
         371  -1.6859518344110756E+127
         372  -5.0578555032332256E+127
         373   7.4674274649291499E+272
         374  -9.6340104823490028E+126
         375   9.0395174575458135E+272
         376   2.3581349889249948E+272
         377   2.7511574870791610E+272
         378   8.2534724612374811E+272
         379   3.9302249815416583E+272
         380   1.5720899926166633E+272
         381   1.9651124907708292E+272
         382   3.5372024833874922E+272
         383   2.7511574870791610E+272
         384   2.3581349889249948E+272
         385   4.7162699778499895E+272
         386   2.7511574870791610E+272
         387   7.8604499630833164E+271
         388   5.8953374723124863E+272
         389   7.8604499630833164E+271
         390   1.5720899926166633E+272
         391   1.5720899926166633E+272
         392   3.9302249815416583E+272
         393   1.1790674944624974E+272
         394   8.2534724612374811E+272
         395   1.0218584952008310E+273
         396   1.1790674944624974E+272
         397   3.5372024833874922E+272
         398   1.5720899926166633E+272
         399   3.1441799852333266E+272
         400   7.0744049667749843E+272
         401   4.3232474796958239E+272
         402   6.6813824686208187E+272
         403   2.3581349889249948E+272
         404   8.6464949593916479E+272
         405   7.8604499630833164E+271
         406   8.6464949593916479E+272
         407  -2.4085026205872505E+127
         408   1.5720899926166633E+272
         409   3.1441799852333266E+272
         410   5.5023149741583219E+272
         411   7.8604499630833164E+271
         412   2.7511574870791610E+272
         413   3.9302249815416583E+272
         414   7.4674274649291499E+272
         415   7.0744049667749843E+272
         416   5.8953374723124863E+272
         417   3.9302249815416583E+272
         418   1.5720899926166633E+272
         419   3.9302249815416583E+272
         420   3.9302249815416583E+272
         421   7.8604499630833164E+271
         422   1.9651124907708292E+272
         423   3.9302249815416583E+272
         424   7.8604499630833167E+272
         425   3.1441799852333266E+272
         426   4.3232474796958239E+272
         427   4.7162699778499895E+272
         428   3.9302249815416582E+271
         429   4.7162699778499895E+272
         430   3.9302249815416582E+271
         431   7.8604499630833164E+271
         432   2.3581349889249948E+272
         433   9.8255624538541447E+272
         434   1.5720899926166633E+272
         435   5.8953374723124863E+272
         436   1.1790674944624974E+272
         437   6.2883599704666531E+272
         438   1.0218584952008310E+273
         439   4.3232474796958239E+272
         440   2.3581349889249948E+272
         441   6.2883599704666531E+272
         442   3.1441799852333266E+272
         443   7.4674274649291499E+272
         444  -7.1888565919032264E+068
         445   3.9302249815416582E+271
         446   1.1790674944624974E+272
         447   1.5720899926166633E+272
         448   3.5372024833874922E+272
         449   3.9302249815416582E+271
         450  -2.8902031447047004E+127
         451   3.9302249815416582E+271
         452  -4.8170052411745014E+126
         453   2.3581349889249948E+272
         454   2.7511574870791610E+272
         455   2.7511574870791610E+272
         456   4.7162699778499895E+272
         457   6.2883599704666531E+272
         458   7.8604499630833164E+271
         459   9.0395174575458135E+272
         460   3.9302249815416582E+271
         461   5.1092924760041551E+272
         462   5.1092924760041551E+272
         463   1.1790674944624974E+272
         464   4.3232474796958239E+272
         465   8.2534724612374811E+272
         466   1.5720899926166633E+272
         467   7.8604499630833164E+271
         468   3.9302249815416583E+272
         469   5.1092924760041551E+272
         470   1.9651124907708292E+272
         471   1.1790674944624974E+272
         472   3.9302249815416583E+272
         473   7.8604499630833167E+272
         474   1.1790674944624974E+272
         475   2.7511574870791610E+272
         476  -1.6859518344110756E+127
         477   3.9302249815416583E+272
         478   1.5720899926166633E+272
         479  -4.8170052411745014E+126
         480   1.1790674944624974E+272
         481   2.3581349889249948E+272
         482   2.7511574870791610E+272
         483   8.6464949593916479E+272
         484   8.6464949593916479E+272
         485   7.8604499630833164E+271
         486   3.9302249815416583E+272
         487   2.7511574870791610E+272
         488   4.3232474796958239E+272
         489   5.5023149741583219E+272
         490   5.8953374723124863E+272
         491   6.2883599704666531E+272
         492   1.0218584952008310E+273
         493   6.6813824686208187E+272
         494   7.0744049667749843E+272
         495   5.5023149741583219E+272
         496   1.5720899926166633E+272
         497   7.4674274649291499E+272
         498   5.8953374723124863E+272
         499   2.3581349889249948E+272
         500  -5.7804062894094007E+127
         501   8.2534724612374811E+272
         502   3.9302249815416583E+272
         503   3.9302249815416582E+271
         504   7.0744049667749843E+272
         505   7.4674274649291499E+272
         506   9.4325399556999791E+272
         507   7.4674274649291499E+272
         508   2.3581349889249948E+272
         509   2.3581349889249948E+272
         510   3.5372024833874922E+272
         511   5.1092924760041551E+272
         512   1.9651124907708292E+272
         513   6.6813824686208187E+272
         514   7.8604499630833167E+272
         515   4.7162699778499895E+272
         516   2.3581349889249948E+272
         517   3.9302249815416582E+271
         518   3.9302249815416582E+271
         519   1.5720899926166633E+272
         520   3.5372024833874922E+272
         521   8.2534724612374811E+272
         522   6.2883599704666531E+272
         523   3.9302249815416583E+272
         524   7.8604499630833164E+271
         525   3.9302249815416582E+271
         526   7.8604499630833167E+272
         527   5.8953374723124863E+272
         528   3.5372024833874922E+272
         529   7.8604499630833167E+272
         530  -1.6859518344110756E+127
         531   8.6464949593916479E+272
         532   1.5720899926166633E+272
         533   9.4325399556999791E+272
         534   2.7511574870791610E+272
         535   7.0744049667749843E+272
         536   2.7511574870791610E+272
         537   3.5372024833874922E+272
         538   3.5372024833874922E+272
         539   3.9302249815416583E+272
         540   1.9651124907708292E+272
         541   2.3581349889249948E+272
         542   3.9302249815416582E+271
         543   6.2883599704666531E+272
         544   5.1092924760041551E+272
         545   3.5372024833874922E+272
         546   1.5720899926166633E+272
         547   3.9302249815416583E+272
         548   1.1790674944624974E+272
         549   3.9302249815416582E+271
         550   3.1441799852333266E+272
         551   6.2883599704666531E+272
         552   6.6813824686208187E+272
         553   1.5720899926166633E+272
         554   1.5720899926166633E+272
         555   6.2883599704666531E+272
         556   3.9302249815416582E+271
         557   1.5720899926166633E+272
         558   2.3581349889249948E+272
         559   4.3232474796958239E+272
         560   6.2883599704666531E+272
         561   5.5023149741583219E+272
         562   6.2883599704666531E+272
         563   8.2534724612374811E+272
         564   4.3232474796958239E+272
         565   5.1092924760041551E+272
         566   1.9651124907708292E+272
         567   7.8604499630833164E+271
         568   5.5023149741583219E+272
         569   4.7162699778499895E+272
         570   1.1790674944624974E+272
         571   2.3581349889249948E+272
         572   4.7162699778499895E+272
         573   1.2576719940933306E+273
         574   2.7511574870791610E+272
         575   5.1092924760041551E+272
         576   1.1790674944624974E+272
         577  -2.4085026205872507E+126
         578   4.3232474796958239E+272
         579   7.8604499630833164E+271
         580   7.4674274649291499E+272
         581   7.0744049667749843E+272
         582   5.8953374723124863E+272
         583   3.9302249815416582E+271
         584   4.3232474796958239E+272
         585   7.0744049667749843E+272
         586   9.8255624538541447E+272
         587   4.3232474796958239E+272
         588   1.5720899926166633E+272
         589   1.9651124907708292E+272
         590   5.1092924760041551E+272
         591   8.6464949593916479E+272
         592   1.5720899926166633E+272
         593   1.9651124907708292E+272
         594  -9.6340104823490028E+126
         595   7.8604499630833164E+271
         596   4.7162699778499895E+272
         597   4.3232474796958239E+272
         598   3.9302249815416583E+272
         599   2.7511574870791610E+272
         600   1.5720899926166633E+272
         601   1.9651124907708292E+272
         602   2.7511574870791610E+272
         603   1.1790674944624974E+272
         604   3.9302249815416583E+272
         605   1.1790674944624974E+272
         606   6.6813824686208187E+272
         607   4.7162699778499895E+272
         608   1.0611607450162477E+273
         609   7.0744049667749843E+272
         610   3.9302249815416582E+271
         611   2.3581349889249948E+272
         612   5.5023149741583219E+272
         613   7.4674274649291499E+272
         614   4.3232474796958239E+272
         615   7.8604499630833164E+271
         616   5.1092924760041551E+272
         617   3.9302249815416583E+272
         618   1.5720899926166633E+272
         619   6.2883599704666531E+272
         620   3.9302249815416583E+272
         621   1.1790674944624974E+272
         622   7.0744049667749843E+272
         623   7.4674274649291499E+272
         624   7.8604499630833167E+272
         625   3.1441799852333266E+272
         626   1.9651124907708292E+272
         627   8.2534724612374811E+272
         628   3.5372024833874922E+272
         629   2.7511574870791610E+272
         630   9.0395174575458135E+272
         631   3.9302249815416583E+272
         632   2.3581349889249948E+272
         633   2.3581349889249948E+272
         634   1.9651124907708292E+272
         635   1.1790674944624974E+272
         636   4.7162699778499895E+272
         637   5.5023149741583219E+272
         638   4.7162699778499895E+272
         639   3.9302249815416582E+271
         640   4.3232474796958239E+272
         641   3.1441799852333266E+272
         642   3.5372024833874922E+272
         643   5.8953374723124863E+272
         644  -2.8902031447047004E+127
         645   3.1441799852333266E+272
         646   1.1790674944624974E+272
         647   5.5023149741583219E+272
         648   2.3581349889249948E+272
         649   3.9302249815416583E+272
         650   4.7162699778499895E+272
         651   1.9651124907708292E+272
         652   3.9302249815416582E+271
         653   2.7511574870791610E+272
         654   1.5720899926166633E+272
         655   7.8604499630833164E+271
         656   4.3232474796958239E+272
         657   1.1790674944624974E+272
         658   6.6813824686208187E+272
         659   3.9302249815416583E+272
         660   1.5720899926166633E+272
         661   3.9302249815416583E+272
         662   7.8604499630833164E+271
         663   3.1441799852333266E+272
         664   6.2883599704666531E+272
         665   1.9651124907708292E+272
         666   4.7162699778499895E+272
         667   4.3232474796958239E+272
         668   1.9651124907708292E+272
         669   4.3232474796958239E+272
         670   1.1790674944624974E+272
         671   1.9651124907708292E+272
         672   3.1441799852333266E+272
         673   2.7511574870791610E+272
         674   7.0744049667749843E+272
         675   5.1092924760041551E+272
         676   3.5372024833874922E+272
         677   2.3581349889249948E+272
         678   5.8953374723124863E+272
         679   2.7511574870791610E+272
         680   6.2883599704666531E+272
         681   6.6813824686208187E+272
         682   8.6464949593916479E+272
         683   1.5720899926166633E+272
         684   7.0744049667749843E+272
         685   2.3581349889249948E+272
         686   5.5023149741583219E+272
         687   8.6464949593916479E+272
         688   4.3232474796958239E+272
         689   1.5720899926166633E+272
         690   5.8953374723124863E+272
         691   5.8953374723124863E+272
         692   3.1441799852333266E+272
         693   2.7511574870791610E+272
         694   3.5372024833874922E+272
         695   1.1790674944624974E+272
         696   3.5372024833874922E+272
         697   8.6464949593916479E+272
         698   2.3581349889249948E+272
         699   5.1092924760041551E+272
         700   4.3232474796958239E+272
         701   9.0395174575458135E+272
         702   7.8604499630833164E+271
         703   8.2534724612374811E+272
         704   5.8953374723124863E+272
         705   1.9651124907708292E+272
         706   3.1441799852333266E+272
         707   6.6813824686208187E+272
         708   3.9302249815416582E+271
         709   7.8604499630833167E+272
         710   3.9302249815416582E+271
         711   3.9302249815416582E+271
         712   2.3581349889249948E+272
         713   7.8604499630833164E+271
         714   6.2883599704666531E+272
         715   2.7511574870791610E+272
         716   8.2534724612374811E+272
         717   4.7162699778499895E+272
         718   7.8604499630833164E+271
         719   4.3232474796958239E+272
         720   1.1790674944624974E+272
         721   2.3581349889249948E+272
         722   3.9302249815416582E+271
         723   4.3232474796958239E+272
         724   2.3581349889249948E+272
         725   5.1092924760041551E+272
         726   7.8604499630833164E+271
         727   7.8604499630833164E+271
         728   7.8604499630833164E+271
         729   3.9302249815416583E+272
         730   4.3232474796958239E+272
         731   5.1092924760041551E+272
         732   5.5023149741583219E+272
         733   7.8604499630833167E+272
         734   3.9302249815416583E+272
         735   4.7162699778499895E+272
         736   5.1092924760041551E+272
         737   5.8953374723124863E+272
         738   3.1441799852333266E+272
         739  -1.2042513102936252E+127
         740   2.3581349889249948E+272
         741   2.7511574870791610E+272
         742   8.6464949593916479E+272
         743   7.8604499630833164E+271
         744   6.2883599704666531E+272
         745   1.9651124907708292E+272
         746   7.8604499630833164E+271
         747   1.1790674944624974E+272
         748   3.9302249815416582E+271
         749   3.5372024833874922E+272
         750   5.8953374723124863E+272
         751   1.1790674944624974E+272
         752   1.1790674944624974E+272
         753   8.2534724612374811E+272
         754   4.3232474796958239E+272
         755   3.9302249815416582E+271
         756   4.7162699778499895E+272
         757   7.0744049667749843E+272
         758   3.1441799852333266E+272
         759   1.9651124907708292E+272
         760   7.4674274649291499E+272
         761   3.1441799852333266E+272
         762   9.0395174575458135E+272
         763   2.7511574870791610E+272
         764   8.2534724612374811E+272
         765   5.1092924760041551E+272
         766   5.5023149741583219E+272
         767   3.5372024833874922E+272
         768   3.9302249815416583E+272
         769   7.8604499630833164E+271
         770   1.5720899926166633E+272
         771   3.1441799852333266E+272
         772   3.9302249815416583E+272
         773   3.5372024833874922E+272
         774   4.3232474796958239E+272
         775   1.0611607450162477E+273
         776   1.1397652446470807E+273
         777   7.8604499630833167E+272
         778   3.9302249815416582E+271
         779   2.3581349889249948E+272
         780   3.9302249815416582E+271
         781  -1.4451015723523502E+127
         782   2.7511574870791610E+272
         783   1.5720899926166633E+272
         784   4.3232474796958239E+272
         785   4.3232474796958239E+272
         786   2.7511574870791610E+272
         787   2.3581349889249948E+272
         788   5.8953374723124863E+272
         789   6.2883599704666531E+272
         790   2.7511574870791610E+272
         791   3.9302249815416582E+271
         792   1.1790674944624974E+272
         793   8.6464949593916479E+272
         794   3.9302249815416582E+271
         795   4.3232474796958239E+272
         796   3.5372024833874922E+272
         797   1.9651124907708292E+272
         798   2.7511574870791610E+272
         799   4.7162699778499895E+272
         800   4.7162699778499895E+272
         801   7.8604499630833164E+271
         802   4.7162699778499895E+272
         803   1.9651124907708292E+272
         804   1.1790674944624974E+272
         805   4.7162699778499895E+272
         806   7.4674274649291499E+272
         807   3.9302249815416582E+271
         808   1.2183697442779138E+273
         809   3.9302249815416582E+271
         810   1.1397652446470807E+273
         811   5.5023149741583219E+272
         812   8.6464949593916479E+272
         813   3.9302249815416582E+271
         814   6.2883599704666531E+272
         815   3.9302249815416583E+272
         816   1.1790674944624974E+272
         817   3.5372024833874922E+272
         818   3.1441799852333266E+272
         819   7.0744049667749843E+272
         820   3.9302249815416582E+271
         821   1.9651124907708292E+272
         822   3.1441799852333266E+272
         823   2.3581349889249948E+272
         824   3.9302249815416583E+272
         825   6.2883599704666531E+272
         826   5.5023149741583219E+272
         827   3.1441799852333266E+272
         828  -3.3719036688221512E+127
         829   1.1790674944624974E+272
         830   7.4674274649291499E+272
         831   4.7162699778499895E+272
         832   5.8953374723124863E+272
         833   1.5720899926166633E+272
         834   5.5465133569865368E+272
         835   1.3642595586898560E+272
         836   1.7201060258950222E+272
         837   6.4833738975447269E+272
         838   3.6854478801717313E+272
         839   8.7252992257032436E+272
         840   2.1945029378264030E+272
         841   2.2443003425976167E+272
         842   1.2875667128321177E+272
         843   5.6582255206519116E+271
         844   8.8707451115159836E+272
         845   1.0233122613257861E+273
         846   5.3043064030822283E+272
         847   8.0037844284421980E+272
         848   9.5235068688220286E+272
         849   4.5827916058211821E+272
         850   5.5416024255611801E+272
         851   5.6456494395172032E+272
         852   5.4783151980585963E+271
         853   2.8671720148191172E+272
         854   5.2007181161379651E+272
         855   1.6630569057387125E+272
         856   3.0403585406099543E+272
         857   9.2156721500000437E+271
         858   1.8711129089981711E+272
         859   1.2788480992859397E+272
         860   6.7338082569031392E+272
         861   2.3706286479984135E+271
         862   4.1968809941291706E+272
         863   4.9749659731418668E+272
         864   3.5998070572619343E+272
         865   4.7127177675592512E+271
         866   5.5341827206144377E+271
         867   1.0801569812644825E+272
         868   7.9871260089932833E+272
         869   1.3757396585549442E+272
         870   1.7992291902954374E+272
         871   6.7198098647507303E+271
         872   1.2121957416957846E+273
         873   2.8980664768797548E+272
         874   1.1367424467494895E+273
         875   1.2341272098282008E+272
         876   1.4024057361355893E+272
         877   4.4243893842367665E+272
         878   2.5730857848281420E+272
         879   2.8550646721122440E+272
         880   1.2416082887191765E+272
         881   8.9454421467795271E+271
         882   2.9601836368353528E+272
         883   3.8472467726223298E+272
         884   5.5056914336316038E+272
         885   5.1815913534937847E+272
         886   5.2795861620673259E+272
         887   7.6821488973264166E+272
         888   1.0454492935107484E+272
         889   6.1922403041652076E+271
         890   5.3638876460515676E+272
         891   4.6310815091958673E+271
         892   4.3915730911765164E+272
         893   1.2696918903361127E+271
         894   5.8112381932886229E+271
         895   2.8476816033183900E+272
         896   9.0806925094689261E+272
         897   1.2210526525665023E+272
         898   6.8271092278697889E+272
         899   5.7649081861539595E+272
         900   4.0798292329475662E+272
         901   1.1053839702843544E+272
         902   8.5895640185650045E+271
         903   7.9479685087791340E+272
         904   1.9272340388016128E+272
         905   5.9001023355458428E+272
         906   9.7634490509701039E+272
         907   3.7795677541105264E+272
         908   3.8244220676531369E+272
         909   2.7828718959532526E+272
         910   8.8680426962331629E+272
         911   2.5448772466273155E+272
         912   1.6045488229467797E+272
         913   3.7995644267701445E+272
         914   1.1983978285457122E+272
         915   1.6574634273679929E+272
         916   4.0824270404854638E+272
         917   1.8777384083762858E+272
         918   2.7480093450826939E+272
         919   4.8776160042458757E+272
         920   1.7568093827613887E+272
         921   4.5557049912007137E+272
         922   7.8394776509599438E+272
         923   6.7346308233934165E+272
         924   1.8712354697698417E+272
         925   8.2634181903610048E+272
         926   1.2607853454536977E+272
         927   9.2279162242737909E+272
         928   1.0226988958551127E+272
         929   5.9238334794095902E+272
         930   1.2084097019833502E+272
         931   1.0976074727729313E+273
         932   6.7773042238308258E+272
         933   7.8397252701463644E+272
         934   7.4993258106901116E+272
         935   1.1680376724453453E+272
         936   6.5054234563893555E+272
         937   9.5359418693663604E+272
         938   7.0033605649725568E+272
         939   2.1012674445938486E+272
         940   8.5197643990370066E+272
         941   2.6140877561299027E+272
         942   7.6728478090954297E+272
         943   3.2754527476234620E+272
         944   6.6401728071779999E+272
         945   1.4026102773701971E+272
         946   4.5275578650606292E+272
         947   8.1102404570186514E+271
         948   5.3544330996784147E+272
         949   4.0545646757128680E+272
         950   3.7935039697048288E+272
         951   7.7225551306861416E+271
         952   1.8436253260375858E+272
         953   4.9175679341816451E+272
         954   6.8918066061786350E+272
         955   6.1933724887653995E+272
         956   9.6284765598336899E+272
         957   1.6718315908836327E+272
         958   3.4057896561899376E+272
         959   2.1791761574897796E+272
         960   6.1960767201774745E+272
         961   3.4048713543224108E+272
         962   2.3658996284839409E+272
         963   2.8089916241283799E+272
         964   9.4179795260962177E+272
         965   6.0918224035230792E+272
         966   8.1853992414165107E+272
         967   4.4424570625892908E+272
         968   8.3163929492491565E+272
         969   3.5645986360088394E+272
         970   8.4946651010916010E+272
         971   1.0914768338988847E+273
         972   8.0474508957372046E+272
         973   7.2262681168767649E+272
         974   5.4574871951130938E+272
         975   2.4945885209355065E+272
         976   2.5110677937583431E+272
         977   6.8414191004069598E+271
         978   2.9706668834214707E+272
         979   1.4512552254349267E+272
         980   9.6061832582217591E+271
         981   1.6843138017725408E+272
         982   3.3822284991983262E+272
         983   2.1858400107470128E+272
         984   1.7822917864452472E+272
         985   1.0216656792225395E+272
         986   6.0644558616175175E+272
         987   2.5171139427551376E+272
         988   5.4589751381791138E+272
         989   4.1865994314140294E+272
         990   4.0234679823171457E+272
         991   8.5300031465581460E+272
         992   4.3006074186675345E+272
         993   6.0616276266593410E+272
         994   6.5936634085358511E+280
         995   4.3957756258394585E+280
         996   6.5936633946970414E+280
         997   5.8610341285510679E+280
         998   1.4652585502979235E+280
         999   6.5936634082562280E+280
        1000   1.0989439026619554E+281
