           1 -0.11229160000004815     
           2  -4.9091600000053887E-002
           3 -0.50629160000003415     
           4  -3.9491600000053632E-002
           5  0.16530839999994390     
           6 -0.24949160000004977     
           7  0.46250839999993554     
           8   2.7308399999944069E-002
           9 -0.15709160000005223     
          10 -0.13749160000005695     
          11   5.0908399999942892E-002
          12 -0.74269160000002898     
          13 -0.11989160000004603     
          14 -0.79989160000003878     
          15  -3.0291600000056242E-002
          16 -0.60509160000005091     
          17 -0.15269160000005599     
          18  -3.3179337980751969E+068
          19  -8.8478234615338591E+068
          20  -6.0828786298045283E+068
          21  -1.6589668990375985E+068
          22  -8.8478234615338591E+068
          23  -3.3179339745169945E+068
          24  -1.4451015723523502E+127
          25  -3.8536041929396011E+127
          26  -2.6493528826459757E+127
          27  -7.2255078617617509E+126
          28  -3.8536041929396011E+127
          29  -3.8709227938280294E+068
          30   2.3581349889249948E+272
          31   6.2883599704666531E+272
          32   4.3232474796958239E+272
          33   1.1790674944624974E+272
          34   6.2883599704666531E+272
          35  -1.4451015723523502E+127
          36   3.9302249815416582E+271
          37   2.7511574870791610E+272
          38   2.3581349889249948E+272
          39   6.2883599704666531E+272
          40   3.9302249815416582E+271
          41   2.3581349889249948E+272
          42   2.3581349889249948E+272
          43   1.1790674944624974E+272
          44   3.5372024833874922E+272
          45   2.7511574870791610E+272
          46   3.9302249815416582E+271
          47   1.9651124907708292E+272
          48   7.8604499630833164E+271
          49   1.5720899926166633E+272
          50   1.9651124907708292E+272
          51   2.7511574870791610E+272
          52   1.9651124907708292E+272
          53   3.1441799852333266E+272
          54   1.5720899926166633E+272
          55   1.1790674944624974E+272
          56   7.8604499630833164E+271
          57   6.2883599704666531E+272
          58   4.3232474796958239E+272
          59   1.1790674944624974E+272
          60   2.7511574870791610E+272
          61  -4.9769007265197621E+068
          62   8.2534724612374811E+272
          63   7.8604499630833164E+271
          64   3.9302249815416583E+272
          65   5.8953374723124863E+272
          66   4.7162699778499895E+272
          67  -1.9268020964698006E+127
          68   3.9302249815416582E+271
          69   5.8953374723124863E+272
          70   2.7511574870791610E+272
          71   5.8953374723124863E+272
          72   3.9302249815416583E+272
          73   3.1441799852333266E+272
          74   2.7511574870791610E+272
          75   5.8953374723124863E+272
          76   1.9651124907708292E+272
          77   7.8604499630833164E+271
          78   3.1441799852333266E+272
          79   7.0744049667749843E+272
          80   1.9651124907708292E+272
          81   2.3581349889249948E+272
          82   3.1441799852333266E+272
          83   1.1790674944624974E+272
          84   4.3232474796958239E+272
          85  -9.6340104823490028E+126
          86   6.2883599704666531E+272
          87   3.9302249815416582E+271
          88   2.7511574870791610E+272
          89   3.9302249815416583E+272
          90   1.5720899926166633E+272
          91   1.5720899926166633E+272
          92   3.9302249815416582E+271
          93   1.1790674944624974E+272
          94   2.7511574870791610E+272
          95   7.8604499630833164E+271
          96   9.8255624538541447E+272
          97   1.1790674944624974E+272
          98   3.9302249815416582E+271
          99  -2.8902031447047004E+127
         100   7.8604499630833164E+271
         101   4.3232474796958239E+272
         102   2.3581349889249948E+272
         103   3.9302249815416582E+271
         104   8.2534724612374811E+272
         105   4.7162699778499895E+272
         106   5.1092924760041551E+272
         107   3.9302249815416582E+271
         108   3.5372024833874922E+272
         109   3.1441799852333266E+272
         110   3.9302249815416582E+271
         111  -1.4451015723523502E+127
         112   7.8604499630833164E+271
         113   3.1441799852333266E+272
         114   1.1790674944624974E+272
         115   3.5372024833874922E+272
         116   7.8604499630833164E+271
         117   2.3581349889249948E+272
         118   3.9302249815416583E+272
         119   6.6813824686208187E+272
         120   1.5720899926166633E+272
         121   3.9302249815416582E+271
         122   3.5372024833874922E+272
         123   1.5720899926166633E+272
         124   3.9302249815416582E+271
         125   1.0611607450162477E+273
         126   1.5720899926166633E+272
         127   5.1092924760041551E+272
         128   1.5720899926166633E+272
         129   5.8953374723124863E+272
         130   2.3581349889249948E+272
         131   3.9302249815416582E+271
         132   1.5720899926166633E+272
         133   4.7162699778499895E+272
         134   3.9302249815416583E+272
         135   1.9651124907708292E+272
         136   4.3232474796958239E+272
         137   1.1790674944624974E+272
         138   1.5720899926166633E+272
         139   7.8604499630833164E+271
         140   7.8604499630833164E+271
         141   1.1790674944624974E+272
         142   7.0744049667749843E+272
         143   3.9302249815416583E+272
         144   7.8604499630833164E+271
         145   2.7511574870791610E+272
         146   2.3581349889249948E+272
         147   3.9302249815416582E+271
         148   2.7511574870791610E+272
         149   1.9651124907708292E+272
         150   5.5023149741583219E+272
         151   7.8604499630833164E+271
         152   7.0744049667749843E+272
         153   6.2883599704666531E+272
         154   5.5023149741583219E+272
         155   5.1092924760041551E+272
         156   7.8604499630833164E+271
         157   5.8953374723124863E+272
         158   1.1790674944624974E+272
         159   7.8604499630833164E+271
         160   2.7511574870791610E+272
         161   2.7511574870791610E+272
         162  -2.4085026205872507E+126
         163   3.5372024833874922E+272
         164   7.8604499630833164E+271
         165  -9.6340104823490028E+126
         166   1.1790674944624974E+272
         167   4.7162699778499895E+272
         168   3.9302249815416582E+271
         169  -1.9268020964698006E+127
         170   3.5372024833874922E+272
         171   1.5720899926166633E+272
         172  -7.2255078617617509E+126
         173   2.7511574870791610E+272
         174   7.8604499630833164E+271
         175   3.1441799852333266E+272
         176   3.5372024833874922E+272
         177   7.8604499630833164E+271
         178   1.1790674944624974E+272
         179   3.1441799852333266E+272
         180   5.1092924760041551E+272
         181   5.8953374723124863E+272
         182   5.8953374723124863E+272
         183   2.7511574870791610E+272
         184   2.3581349889249948E+272
         185   3.9302249815416582E+271
         186   1.1790674944624974E+272
         187   3.5372024833874922E+272
         188   1.1790674944624974E+272
         189   4.7162699778499895E+272
         190  -2.1676523585285253E+127
         191   3.9302249815416582E+271
         192   1.5720899926166633E+272
         193   3.1441799852333266E+272
         194   3.9302249815416583E+272
         195   3.9302249815416582E+271
         196   3.5372024833874922E+272
         197   1.5720899926166633E+272
         198   2.3581349889249948E+272
         199  -3.3179339745169945E+068
         200   5.1092924760041551E+272
         201   1.5720899926166633E+272
         202   1.9651124907708292E+272
         203   7.8604499630833164E+271
         204   1.1790674944624974E+272
         205  -7.7418458523187552E+068
         206   2.3581349889249948E+272
         207   2.7511574870791610E+272
         208   2.3581349889249948E+272
         209   4.3232474796958239E+272
         210  -1.6859518344110756E+127
         211  -7.2255078617617509E+126
         212   4.3232474796958239E+272
         213   3.9302249815416582E+271
         214   3.9302249815416582E+271
         215   7.8604499630833164E+271
         216   2.7511574870791610E+272
         217   1.1790674944624974E+272
         218   1.9651124907708292E+272
         219   1.1790674944624974E+272
         220   3.9302249815416582E+271
         221   1.5720899926166633E+272
         222   1.1790674944624974E+272
         223   6.6813824686208187E+272
         224   3.9302249815416583E+272
         225   2.7511574870791610E+272
         226   1.5720899926166633E+272
         227   5.1092924760041551E+272
         228   3.9302249815416582E+271
         229   1.5720899926166633E+272
         230   7.8604499630833164E+271
         231   7.8604499630833164E+271
         232   3.9302249815416582E+271
         233   2.7511574870791610E+272
         234   1.5720899926166633E+272
         235   3.1441799852333266E+272
         236   3.5372024833874922E+272
         237  -1.4451015723523502E+127
         238   5.1092924760041551E+272
         239   3.9302249815416583E+272
         240   2.7511574870791610E+272
         241   2.3581349889249948E+272
         242   3.9302249815416582E+271
         243   2.3581349889249948E+272
         244   2.7511574870791610E+272
         245   5.1092924760041551E+272
         246   1.5720899926166633E+272
         247   1.9651124907708292E+272
         248   3.5372024833874922E+272
         249   5.1092924760041551E+272
         250   7.8604499630833164E+271
         251   3.1441799852333266E+272
         252   1.5720899926166633E+272
         253   1.9651124907708292E+272
         254   5.1092924760041551E+272
         255   3.1441799852333266E+272
         256  -1.9268020964698006E+127
         257   5.5023149741583219E+272
         258   5.1092924760041551E+272
         259   1.9651124907708292E+272
         260   2.7511574870791610E+272
         261   3.1441799852333266E+272
         262   3.1441799852333266E+272
         263   1.1790674944624974E+272
         264  -4.0944544549983263E+127
         265   5.8953374723124863E+272
         266   4.7162699778499895E+272
         267   7.4674274649291499E+272
         268  -2.1676523585285253E+127
         269   3.1441799852333266E+272
         270   6.6813824686208187E+272
         271   3.9302249815416583E+272
         272  -1.9268020964698006E+127
         273   7.0744049667749843E+272
         274   3.5372024833874922E+272
         275   2.3581349889249948E+272
         276   5.8953374723124863E+272
         277   1.5720899926166633E+272
         278   3.1441799852333266E+272
         279   2.7511574870791610E+272
         280   3.9302249815416583E+272
         281   3.1441799852333266E+272
         282   1.9651124907708292E+272
         283   2.3581349889249948E+272
         284  -2.4085026205872507E+126
         285   1.5720899926166633E+272
         286   3.1441799852333266E+272
         287   7.0744049667749843E+272
         288   1.9651124907708292E+272
         289   1.1790674944624974E+272
         290   3.9302249815416582E+271
         291   3.9302249815416583E+272
         292   4.3232474796958239E+272
         293   3.5372024833874922E+272
         294   3.9302249815416582E+271
         295   4.7162699778499895E+272
         296   1.5720899926166633E+272
         297  -9.6340104823490028E+126
         298   5.8953374723124863E+272
         299   2.3581349889249948E+272
         300   5.8953374723124863E+272
         301   4.7162699778499895E+272
         302   1.9651124907708292E+272
         303   1.5720899926166633E+272
         304   3.9302249815416582E+271
         305   3.9302249815416582E+271
         306   3.5372024833874922E+272
         307   1.5720899926166633E+272
         308   3.9302249815416583E+272
         309   6.2883599704666531E+272
         310   7.8604499630833164E+271
         311   1.9651124907708292E+272
         312   3.9302249815416582E+271
         313   2.7511574870791610E+272
         314   3.9302249815416582E+271
         315   3.9302249815416582E+271
         316   2.3581349889249948E+272
         317   1.9651124907708292E+272
         318   1.1790674944624974E+272
         319   3.1441799852333266E+272
         320   1.1790674944624974E+272
         321   1.1790674944624974E+272
         322   2.3581349889249948E+272
         323   1.1790674944624974E+272
         324   5.1092924760041551E+272
         325   4.3232474796958239E+272
         326   9.0395174575458135E+272
         327   1.9651124907708292E+272
         328   7.8604499630833164E+271
         329   5.5023149741583219E+272
         330   3.1441799852333266E+272
         331   3.5372024833874922E+272
         332   3.1441799852333266E+272
         333   3.9302249815416583E+272
         334  -1.9268020964698006E+127
         335   2.7511574870791610E+272
         336   2.3581349889249948E+272
         337   3.5372024833874922E+272
         338   3.9302249815416583E+272
         339   4.7162699778499895E+272
         340   3.1441799852333266E+272
         341   6.2883599704666531E+272
         342   3.9302249815416582E+271
         343   1.1790674944624974E+272
         344   7.8604499630833164E+271
         345   1.5720899926166633E+272
         346   3.1441799852333266E+272
         347   1.9651124907708292E+272
         348   1.5720899926166633E+272
         349   7.8604499630833164E+271
         350   3.9302249815416582E+271
         351   4.3232474796958239E+272
         352   2.7511574870791610E+272
         353   1.1790674944624974E+272
         354   2.3581349889249948E+272
         355   7.8604499630833164E+271
         356   5.1092924760041551E+272
         357   4.3232474796958239E+272
         358   1.5720899926166633E+272
         359   1.5720899926166633E+272
         360   1.1790674944624974E+272
         361   1.1790674944624974E+272
         362   3.5372024833874922E+272
         363   3.1441799852333266E+272
         364   6.6813824686208187E+272
         365   3.9302249815416582E+271
         366   7.8604499630833164E+271
         367   3.9302249815416583E+272
         368  -9.6340104823490028E+126
         369   1.9651124907708292E+272
         370  -1.4451015723523502E+127
         371   3.9302249815416582E+271
         372   1.1790674944624974E+272
         373   7.8604499630833164E+271
         374   1.5720899926166633E+272
         375   3.9302249815416583E+272
         376   2.3581349889249948E+272
         377  -3.8536041929396011E+127
         378   3.9302249815416583E+272
         379   4.7162699778499895E+272
         380   4.7162699778499895E+272
         381   3.5372024833874922E+272
         382   1.9651124907708292E+272
         383   6.2883599704666531E+272
         384   2.3581349889249948E+272
         385   7.8604499630833164E+271
         386   1.1790674944624974E+272
         387   1.0218584952008310E+273
         388   2.7511574870791610E+272
         389   3.9302249815416583E+272
         390   2.3581349889249948E+272
         391   2.3581349889249948E+272
         392   5.1092924760041551E+272
         393   1.5720899926166633E+272
         394   4.7162699778499895E+272
         395   1.9651124907708292E+272
         396   1.1790674944624974E+272
         397   3.5372024833874922E+272
         398   8.2534724612374811E+272
         399   7.0744049667749843E+272
         400   1.1790674944624974E+272
         401   1.9651124907708292E+272
         402   1.5720899926166633E+272
         403   1.5720899926166633E+272
         404   5.1092924760041551E+272
         405  -2.4085026205872507E+126
         406   2.3581349889249948E+272
         407  -1.2042513102936252E+127
         408   3.9302249815416582E+271
         409   1.1790674944624974E+272
         410   1.1790674944624974E+272
         411   3.9302249815416582E+271
         412   2.7511574870791610E+272
         413   1.9651124907708292E+272
         414  -4.8170052411745014E+126
         415   5.5023149741583219E+272
         416   3.1441799852333266E+272
         417   1.5720899926166633E+272
         418   2.7511574870791610E+272
         419   2.3581349889249948E+272
         420   7.8604499630833164E+271
         421   3.9302249815416582E+271
         422   2.3581349889249948E+272
         423   3.5372024833874922E+272
         424   2.3581349889249948E+272
         425   1.1790674944624974E+272
         426   3.9302249815416582E+271
         427   5.5023149741583219E+272
         428   3.9302249815416582E+271
         429   6.2883599704666531E+272
         430   1.0218584952008310E+273
         431   4.3232474796958239E+272
         432   1.5720899926166633E+272
         433   1.1790674944624974E+272
         434   2.7511574870791610E+272
         435   1.5720899926166633E+272
         436   3.1441799852333266E+272
         437   7.8604499630833164E+271
         438   3.9302249815416582E+271
         439   4.3232474796958239E+272
         440   3.5372024833874922E+272
         441   5.1092924760041551E+272
         442   5.1092924760041551E+272
         443   3.1441799852333266E+272
         444   2.3581349889249948E+272
         445   2.3581349889249948E+272
         446   1.9651124907708292E+272
         447   1.1790674944624974E+272
         448   3.9302249815416582E+271
         449   3.5372024833874922E+272
         450   2.7511574870791610E+272
         451   4.3232474796958239E+272
         452   4.3232474796958239E+272
         453   3.5372024833874922E+272
         454   3.9302249815416583E+272
         455   3.9302249815416582E+271
         456   2.7511574870791610E+272
         457   3.9302249815416582E+271
         458   3.1441799852333266E+272
         459   2.3581349889249948E+272
         460   6.2883599704666531E+272
         461   1.5720899926166633E+272
         462   3.9302249815416583E+272
         463   7.8604499630833164E+271
         464   1.9651124907708292E+272
         465   5.1092924760041551E+272
         466   2.3581349889249948E+272
         467   6.6813824686208187E+272
         468   3.9302249815416582E+271
         469   3.1441799852333266E+272
         470   2.3581349889249948E+272
         471   7.8604499630833164E+271
         472   2.3581349889249948E+272
         473   4.7162699778499895E+272
         474   3.9302249815416583E+272
         475   1.9651124907708292E+272
         476   1.5720899926166633E+272
         477   7.8604499630833164E+271
         478   1.9651124907708292E+272
         479   5.8953374723124863E+272
         480   3.9302249815416582E+271
         481   1.1790674944624974E+272
         482   1.9651124907708292E+272
         483   3.9302249815416582E+271
         484   2.3581349889249948E+272
         485   4.3232474796958239E+272
         486   3.9302249815416582E+271
         487   2.7511574870791610E+272
         488   2.7511574870791610E+272
         489   3.9302249815416582E+271
         490   1.1790674944624974E+272
         491   5.1092924760041551E+272
         492   7.0744049667749843E+272
         493   7.8604499630833164E+271
         494   4.7162699778499895E+272
         495   1.9651124907708292E+272
         496   1.1790674944624974E+272
         497   2.7511574870791610E+272
         498   7.8604499630833164E+271
         499   4.3232474796958239E+272
         500   2.7511574870791610E+272
         501   2.3581349889249948E+272
         502   1.9651124907708292E+272
         503   1.1790674944624974E+272
         504   1.5720899926166633E+272
         505   8.2534724612374811E+272
         506   7.8604499630833164E+271
         507   1.9651124907708292E+272
         508   1.1790674944624974E+272
         509   1.5720899926166633E+272
         510   5.1092924760041551E+272
         511   3.5372024833874922E+272
         512   2.7511574870791610E+272
         513   7.8604499630833164E+271
         514   1.1790674944624974E+272
         515   3.9302249815416582E+271
         516   2.7511574870791610E+272
         517   3.9302249815416582E+271
         518   7.8604499630833164E+271
         519   3.9302249815416582E+271
         520   1.9651124907708292E+272
         521   1.1790674944624974E+272
         522   3.5372024833874922E+272
         523   3.1441799852333266E+272
         524   3.9302249815416583E+272
         525   1.1790674944624974E+272
         526   4.7162699778499895E+272
         527   2.3581349889249948E+272
         528   2.7511574870791610E+272
         529  -1.2042513102936252E+127
         530   2.3581349889249948E+272
         531   5.1092924760041551E+272
         532   2.7511574870791610E+272
         533   7.8604499630833164E+271
         534   1.1790674944624974E+272
         535   1.9651124907708292E+272
         536   2.3581349889249948E+272
         537   7.8604499630833164E+271
         538   6.6813824686208187E+272
         539   4.3232474796958239E+272
         540   2.3581349889249948E+272
         541   1.1790674944624974E+272
         542   4.3232474796958239E+272
         543   7.0744049667749843E+272
         544   9.4325399556999791E+272
         545   2.7511574870791610E+272
         546   1.9651124907708292E+272
         547   4.3232474796958239E+272
         548   1.5720899926166633E+272
         549   5.1092924760041551E+272
         550   3.9302249815416582E+271
         551   2.7511574870791610E+272
         552   1.9651124907708292E+272
         553   7.8604499630833167E+272
         554   4.3232474796958239E+272
         555  -2.6493528826459757E+127
         556   4.3232474796958239E+272
         557   7.0744049667749843E+272
         558   3.1441799852333266E+272
         559   2.7511574870791610E+272
         560   3.1441799852333266E+272
         561   4.3232474796958239E+272
         562   3.5372024833874922E+272
         563   2.3581349889249948E+272
         564   7.0744049667749843E+272
         565   3.9302249815416582E+271
         566   3.1441799852333266E+272
         567   1.9651124907708292E+272
         568   5.1092924760041551E+272
         569   6.2883599704666531E+272
         570   7.8604499630833164E+271
         571   2.3581349889249948E+272
         572   4.3232474796958239E+272
         573   4.3232474796958239E+272
         574   7.8604499630833164E+271
         575   4.3232474796958239E+272
         576   1.9651124907708292E+272
         577   6.2883599704666531E+272
         578   4.3232474796958239E+272
         579   3.9302249815416583E+272
         580   3.9302249815416583E+272
         581   3.1441799852333266E+272
         582   1.1790674944624974E+272
         583   2.3581349889249948E+272
         584   1.9651124907708292E+272
         585   1.5720899926166633E+272
         586   4.7162699778499895E+272
         587   4.3232474796958239E+272
         588   1.5720899926166633E+272
         589   7.8604499630833164E+271
         590   3.9302249815416582E+271
         591   7.8604499630833164E+271
         592   3.9302249815416582E+271
         593   3.1441799852333266E+272
         594   2.7511574870791610E+272
         595   1.9651124907708292E+272
         596   3.9302249815416582E+271
         597  -2.4085026205872505E+127
         598   1.9651124907708292E+272
         599   1.1790674944624974E+272
         600   2.3581349889249948E+272
         601   2.3581349889249948E+272
         602   1.1790674944624974E+272
         603   3.9302249815416583E+272
         604   4.7162699778499895E+272
         605   2.3581349889249948E+272
         606   5.5023149741583219E+272
         607   4.3232474796958239E+272
         608   2.3581349889249948E+272
         609   7.8604499630833164E+271
         610   3.9302249815416583E+272
         611   1.5720899926166633E+272
         612   3.9302249815416582E+271
         613   2.3581349889249948E+272
         614   5.5023149741583219E+272
         615   2.3581349889249948E+272
         616   1.5720899926166633E+272
         617   5.1092924760041551E+272
         618  -7.2255078617617509E+126
         619   1.5720899926166633E+272
         620   4.3232474796958239E+272
         621   2.7511574870791610E+272
         622   2.3581349889249948E+272
         623   5.8953374723124863E+272
         624   1.1790674944624974E+272
         625   3.1441799852333266E+272
         626   3.5372024833874922E+272
         627   8.6464949593916479E+272
         628   1.5720899926166633E+272
         629   1.1790674944624974E+272
         630   7.8604499630833164E+271
         631   1.5720899926166633E+272
         632   3.9302249815416583E+272
         633   1.1790674944624974E+272
         634   1.1790674944624974E+272
         635   3.1441799852333266E+272
         636  -2.6493528826459757E+127
         637   3.9302249815416582E+271
         638   4.3232474796958239E+272
         639   7.8604499630833164E+271
         640   7.8604499630833164E+271
         641  -1.4451015723523502E+127
         642   4.3232474796958239E+272
         643   7.8604499630833164E+271
         644   3.1441799852333266E+272
         645   1.9651124907708292E+272
         646  -7.2255078617617509E+126
         647   2.3581349889249948E+272
         648   7.8604499630833164E+271
         649   5.1092924760041551E+272
         650   1.9651124907708292E+272
         651   7.8604499630833164E+271
         652   1.1790674944624974E+272
         653   3.5372024833874922E+272
         654   3.9302249815416582E+271
         655   5.1092924760041551E+272
         656   1.9651124907708292E+272
         657   3.5372024833874922E+272
         658   3.5372024833874922E+272
         659   7.8604499630833167E+272
         660   4.3232474796958239E+272
         661   3.9302249815416582E+271
         662   7.8604499630833164E+271
         663   3.1441799852333266E+272
         664   4.7162699778499895E+272
         665   1.9651124907708292E+272
         666   3.9302249815416582E+271
         667   3.9302249815416582E+271
         668   1.9651124907708292E+272
         669  -1.2042513102936252E+127
         670   5.5023149741583219E+272
         671   1.5720899926166633E+272
         672   5.5023149741583219E+272
         673   3.9302249815416583E+272
         674  -9.6340104823490028E+126
         675   1.9651124907708292E+272
         676   1.5720899926166633E+272
         677   3.9302249815416583E+272
         678   3.9302249815416583E+272
         679  -1.9268020964698006E+127
         680   1.5720899926166633E+272
         681   5.1092924760041551E+272
         682   7.8604499630833164E+271
         683   2.7511574870791610E+272
         684   1.9651124907708292E+272
         685   3.1441799852333266E+272
         686   7.8604499630833164E+271
         687   1.5720899926166633E+272
         688   4.7162699778499895E+272
         689   1.1790674944624974E+272
         690   2.3581349889249948E+272
         691   4.3232474796958239E+272
         692   3.5372024833874922E+272
         693   1.9651124907708292E+272
         694   3.5372024833874922E+272
         695   2.7511574870791610E+272
         696   3.5372024833874922E+272
         697   1.1790674944624974E+272
         698   1.5720899926166633E+272
         699   1.5720899926166633E+272
         700   7.8604499630833164E+271
         701   3.9302249815416583E+272
         702   1.5720899926166633E+272
         703   3.1441799852333266E+272
         704   1.9651124907708292E+272
         705   2.7511574870791610E+272
         706   7.8604499630833164E+271
         707   6.6813824686208187E+272
         708   5.1092924760041551E+272
         709   6.2883599704666531E+272
         710   6.2883599704666531E+272
         711   7.8604499630833164E+271
         712   7.0744049667749843E+272
         713   7.8604499630833164E+271
         714   7.8604499630833164E+271
         715  -2.4085026205872507E+126
         716   7.4674274649291499E+272
         717   8.2534724612374811E+272
         718   2.7511574870791610E+272
         719   2.3581349889249948E+272
         720   1.1790674944624974E+272
         721   3.9302249815416582E+271
         722   1.5720899926166633E+272
         723  -4.8170052411745014E+126
         724   1.5720899926166633E+272
         725  -1.2042513102936252E+127
         726   2.7511574870791610E+272
         727   3.9302249815416583E+272
         728   3.1441799852333266E+272
         729   7.8604499630833164E+271
         730   2.7511574870791610E+272
         731   1.9651124907708292E+272
         732   1.5720899926166633E+272
         733   1.9651124907708292E+272
         734  -5.5298897222725946E+068
         735   4.7162699778499895E+272
         736   3.5372024833874922E+272
         737   5.1092924760041551E+272
         738   6.6813824686208187E+272
         739   3.5372024833874922E+272
         740  -1.9268020964698006E+127
         741   7.8604499630833164E+271
         742   3.5372024833874922E+272
         743   5.8953374723124863E+272
         744   2.7511574870791610E+272
         745   3.9302249815416583E+272
         746   3.1441799852333266E+272
         747   7.8604499630833164E+271
         748   5.5023149741583219E+272
         749   7.4674274649291499E+272
         750   1.9651124907708292E+272
         751   1.9651124907708292E+272
         752   3.9302249815416582E+271
         753   7.0744049667749843E+272
         754  -2.4085026205872505E+127
         755   3.1441799852333266E+272
         756  -7.2255078617617509E+126
         757   5.1092924760041551E+272
         758   3.9302249815416583E+272
         759   1.1790674944624974E+272
         760   3.9302249815416583E+272
         761   3.5372024833874922E+272
         762   1.1790674944624974E+272
         763   2.7511574870791610E+272
         764   2.7511574870791610E+272
         765   7.0744049667749843E+272
         766   3.5372024833874922E+272
         767   1.5720899926166633E+272
         768   3.9302249815416583E+272
         769   7.8604499630833164E+271
         770   7.0744049667749843E+272
         771   1.9651124907708292E+272
         772   6.2883599704666531E+272
         773   1.5720899926166633E+272
         774   5.8953374723124863E+272
         775   5.1092924760041551E+272
         776   1.5720899926166633E+272
         777   7.8604499630833164E+271
         778   3.9302249815416582E+271
         779   5.1092924760041551E+272
         780   3.9302249815416583E+272
         781   8.2534724612374811E+272
         782   1.9651124907708292E+272
         783   1.1790674944624974E+272
         784   3.5372024833874922E+272
         785  -9.6340104823490028E+126
         786   1.5720899926166633E+272
         787   1.9651124907708292E+272
         788   3.1441799852333266E+272
         789   7.8604499630833167E+272
         790   7.8604499630833164E+271
         791   1.5720899926166633E+272
         792   1.1790674944624974E+272
         793  -3.3719036688221512E+127
         794   1.1790674944624974E+272
         795   3.9302249815416583E+272
         796   4.3232474796958239E+272
         797   3.5372024833874922E+272
         798   3.9302249815416582E+271
         799   5.5023149741583219E+272
         800   7.0744049667749843E+272
         801   1.9651124907708292E+272
         802   3.5372024833874922E+272
         803   3.1441799852333266E+272
         804  -7.2255078617617509E+126
         805   1.9651124907708292E+272
         806   4.3232474796958239E+272
         807   7.8604499630833164E+271
         808   7.4674274649291499E+272
         809   3.1441799852333266E+272
         810   1.1790674944624974E+272
         811   1.9651124907708292E+272
         812   3.1441799852333266E+272
         813   5.8953374723124863E+272
         814   3.5372024833874922E+272
         815   5.8953374723124863E+272
         816   1.9651124907708292E+272
         817   3.9302249815416583E+272
         818   7.8604499630833164E+271
         819   7.8604499630833164E+271
         820   5.5023149741583219E+272
         821   2.3581349889249948E+272
         822   3.5372024833874922E+272
         823   3.1441799852333266E+272
         824   2.3581349889249948E+272
         825   3.5372024833874922E+272
         826   4.7162699778499895E+272
         827   1.5720899926166633E+272
         828   1.9651124907708292E+272
         829   1.5720899926166633E+272
         830   2.7511574870791610E+272
         831   3.1441799852333266E+272
         832   3.9302249815416583E+272
         833   6.2883599704666531E+272
         834   1.2085330830146409E+272
         835   3.7195950366433516E+272
         836   1.9029573061626421E+272
         837   6.1004026257471540E+272
         838   3.6676862114182804E+272
         839   4.2070720494087075E+272
         840   4.7211809092753468E+272
         841   3.9819044432608497E+272
         842   3.6877886641314699E+272
         843   3.3265725384891860E+272
         844   2.6398929882174009E+272
         845   2.4049035192188288E+272
         846   3.2774632242356133E+272
         847   1.2976179391887126E+272
         848   1.6681972006699503E+272
         849   3.7273054790402081E+272
         850   3.6632340070046836E+272
         851   1.2209250933309743E+272
         852   8.8238156786749905E+271
         853   4.3774970888806339E+272
         854   1.0312351376101858E+273
         855   9.0693622499428526E+271
         856   3.6928271547923549E+272
         857   9.3837894864962142E+271
         858   1.7483978594097275E+272
         859   4.8051892501359448E+272
         860   5.1975549563099204E+272
         861   1.6852707789057605E+272
         862   1.1185705468686843E+272
         863   4.1468977940769422E+272
         864   2.8473922543679760E+272
         865   2.5057873733468075E+272
         866   8.9083279325520796E+271
         867   1.9552230541291216E+272
         868   8.7970961613152744E+271
         869   5.7539830739987064E+272
         870   1.9054894289756717E+272
         871   1.0052879563092342E+272
         872   7.9261416474806267E+271
         873   2.0643705889647473E+272
         874   6.5855970905982606E+272
         875   4.1316424931713478E+272
         876   4.2471696069924575E+272
         877   2.2392452792038091E+271
         878   5.2903837149870489E+272
         879   3.3522304449205092E+272
         880   5.0070017091596297E+272
         881   1.0131128260228892E+271
         882   2.0423222996858175E+272
         883   1.0393970881282659E+272
         884   3.8914506990228197E+272
         885   3.6581574916912102E+272
         886   5.4773525910778335E+271
         887   2.9043138152887580E+272
         888   2.8919095352850106E+272
         889   2.9448063202665046E+272
         890   2.0602697637202825E+272
         891   1.4856990489705091E+272
         892   1.6436682985083391E+272
         893   3.7074323898328996E+272
         894   2.1594438709035382E+272
         895   7.5811565128129457E+272
         896   1.6578203501093993E+272
         897   2.8080667783125288E+272
         898   4.9589021350047555E+271
         899   3.2883883363908647E+272
         900   1.1723769689546301E+272
         901   6.1610594208470799E+272
         902   8.5659953799513925E+271
         903   4.0595169695262809E+272
         904   8.0701022757038371E+272
         905   2.0835868861918685E+272
         906   1.8364033161373330E+272
         907   7.6526983728233939E+271
         908   1.1370885385258839E+272
         909   5.3301021962277180E+272
         910   7.1896470548026890E+271
         911   3.5913743037290297E+272
         912   8.9518732206199025E+272
         913   2.6634797252316265E+272
         914   3.6251398263353781E+272
         915   1.4665221415143556E+272
         916   5.1619714776504269E+272
         917   2.6164723663404170E+271
         918   4.5505105782116820E+272
         919   6.3900158504485640E+271
         920   1.9303672222624162E+272
         921   7.1397985529275036E+271
         922   5.4847967245995592E+272
         923   2.1233734812122550E+272
         924   4.6034876057941581E+271
         925   2.9339529348038565E+272
         926   1.3163338263530373E+272
         927   2.3452882578024380E+272
         928   3.6267182291329912E+272
         929   2.6022905127065956E+271
         930   8.2426430819402653E+272
         931   1.3320202900392708E+272
         932   6.5291622569115223E+272
         933   3.7541850173435018E+272
         934   3.0243107694151017E+272
         935   2.6304708918572312E+272
         936   1.2593427349260955E+272
         937   2.8793022474657870E+272
         938   1.0823308704980640E+272
         939   1.9332829980087718E+272
         940   4.3293041086517291E+272
         941   1.1563750041287788E+272
         942   4.3711212497686820E+271
         943   3.9159800726154394E+272
         944   5.4238744729519512E+272
         945   1.4069371251437391E+272
         946   2.6861956953950532E+272
         947   4.7579173752100619E+272
         948   2.4526820749466234E+272
         949   2.2997421806879287E+272
         950   3.0845244813134897E+272
         951   3.7084633221585671E+271
         952   7.4112946645482877E+271
         953   3.8131080774838486E+272
         954   2.1324577147623845E+272
         955   7.3513423488181839E+272
         956   4.2497427231556534E+272
         957   7.1092939096620218E+272
         958   2.9639388044385012E+272
         959   7.3696075163012089E+272
         960   7.8636674243000232E+272
         961   2.6195933060711529E+272
         962   3.0799018771934342E+272
         963   4.8916500438275577E+272
         964   3.4733652661871975E+272
         965   2.1963756004807869E+272
         966   1.8160870334014675E+272
         967   6.0531868681367864E+272
         968   6.2464614861327891E+271
         969   3.9814213904002209E+272
         970   1.6625946140058753E+272
         971   5.6302093907773842E+272
         972   1.2258925177067446E+272
         973   3.5923880088002610E+272
         974   3.1746521827391167E+272
         975   4.1555580947761670E+272
         976   5.2796164750967822E+272
         977   2.8250829282654252E+272
         978   1.6658776837303028E+272
         979   1.5692897567101854E+272
         980   2.9932236934484291E+272
         981   1.7591974761235313E+272
         982   3.6623101304864473E+272
         983   5.1221374529027093E+272
         984   5.0321867454360377E+272
         985   2.2000292666330389E+272
         986   6.3126033767380820E+272
         987   9.1589880619246318E+271
         988   1.2988756166157487E+272
         989   6.2417837444944955E+272
         990   5.7327363679032822E+271
         991   4.4555846206027071E+272
         992   2.8595889848930855E+272
         993   6.5639981832757534E+272
         994   4.3957756426298471E+280
         995   1.1722068240830585E+281
         996   8.0589219237996986E+280
         997   2.1978878377384785E+280
         998   1.1722068281487902E+281
         999   4.6631369419859550E+272
        1000   7.3262934168790786E+279
