           1  -1.8340483999997621     
           2   1.0751516000001660     
           3 -0.68484839999983249     
           4   1.5727516000001629     
           5  0.93795160000016753     
           6  -1.3760483999997701     
           7 -0.96644839999980259     
           8  0.27155160000020873     
           9  -1.3544483999997792     
          10  -1.2400483999997944     
          11  -2.8212483999997278     
          12   1.3631516000001807     
          13  -1.9264483999998221     
          14  -1.9288483999997816     
          15  -2.2136483999998089     
          16  -1.3444483999998369     
          17  -1.0484483999997902     
          18  -1.1612768293263189E+069
          19  -6.6358675961503939E+068
          20  -3.8709227644210640E+068
          21  -5.5298896634586627E+068
          22  -1.1059779326917324E+068
          23  -1.4930702708884678E+069
          24  -5.0578555032332256E+127
          25  -2.8902031447047004E+127
          26  -1.6859518344110756E+127
          27  -2.4085026205872505E+127
          28  -4.8170052411745014E+126
          29  -1.4451015723523502E+127
          30   8.2534724612374811E+272
          31   4.7162699778499895E+272
          32   2.7511574870791610E+272
          33   3.9302249815416583E+272
          34   7.8604499630833164E+271
          35   2.3581349889249948E+272
          36   1.0611607450162477E+273
          37   4.7162699778499895E+272
          38   8.2534724612374811E+272
          39   9.8255624538541447E+272
          40   7.4674274649291499E+272
          41   1.0611607450162477E+273
          42   1.1790674944624974E+272
          43   3.5372024833874922E+272
          44   9.8255624538541447E+272
          45   6.6813824686208187E+272
          46   6.6813824686208187E+272
          47   7.8604499630833167E+272
          48   5.5023149741583219E+272
          49   8.6464949593916479E+272
          50   5.8953374723124863E+272
          51   1.9651124907708292E+272
          52   1.1004629948316644E+273
          53   3.5372024833874922E+272
          54   6.2883599704666531E+272
          55   8.2534724612374811E+272
          56   1.1004629948316644E+273
          57   4.7162699778499895E+272
          58   7.8604499630833167E+272
          59   1.1790674944624974E+272
          60   1.2969742439087472E+273
          61   1.0218584952008310E+273
          62   1.1790674944624974E+272
          63   7.8604499630833164E+271
          64  -2.4085026205872507E+126
          65   6.6813824686208187E+272
          66   2.7511574870791610E+272
          67   1.5720899926166633E+272
          68   6.6813824686208187E+272
          69   6.2883599704666531E+272
          70   3.9302249815416582E+271
          71   6.2883599704666531E+272
          72   5.1092924760041551E+272
          73   7.8604499630833167E+272
          74   7.4674274649291499E+272
          75   4.7162699778499895E+272
          76   3.1441799852333266E+272
          77   1.9651124907708292E+272
          78   7.0744049667749843E+272
          79   1.9651124907708292E+272
          80   2.7511574870791610E+272
          81   1.5720899926166633E+272
          82   3.9302249815416582E+271
          83   7.0744049667749843E+272
          84   1.1790674944624974E+272
          85   5.5023149741583219E+272
          86   5.1092924760041551E+272
          87   1.9651124907708292E+272
          88   7.4674274649291499E+272
          89   5.5023149741583219E+272
          90   5.8953374723124863E+272
          91   1.5720899926166633E+272
          92   4.3232474796958239E+272
          93   3.9302249815416582E+271
          94   1.0218584952008310E+273
          95   3.9302249815416583E+272
          96   2.7511574870791610E+272
          97   7.8604499630833167E+272
          98   4.3232474796958239E+272
          99   7.8604499630833164E+271
         100   8.2534724612374811E+272
         101   1.1790674944624973E+273
         102   5.1092924760041551E+272
         103   1.9651124907708292E+272
         104   1.9651124907708292E+272
         105   1.5720899926166633E+273
         106   8.2534724612374811E+272
         107   3.9302249815416583E+272
         108   2.7511574870791610E+272
         109   1.4148809933549969E+273
         110   1.9651124907708292E+272
         111   9.8255624538541447E+272
         112   6.2883599704666531E+272
         113   5.5023149741583219E+272
         114   5.5023149741583219E+272
         115   2.3581349889249948E+272
         116   4.7162699778499895E+272
         117   7.0744049667749843E+272
         118   1.0218584952008310E+273
         119   2.3581349889249948E+272
         120   3.9302249815416582E+271
         121   3.1441799852333266E+272
         122  -4.0944544549983263E+127
         123   9.0395174575458135E+272
         124   3.1441799852333266E+272
         125   6.2883599704666531E+272
         126   2.3581349889249948E+272
         127   4.7162699778499895E+272
         128   6.6813824686208187E+272
         129   1.1790674944624974E+272
         130   1.0611607450162477E+273
         131   1.9651124907708292E+272
         132   9.4325399556999791E+272
         133   1.9651124907708292E+272
         134   7.8604499630833167E+272
         135   5.1092924760041551E+272
         136   3.1441799852333266E+272
         137   1.2969742439087472E+273
         138   3.5372024833874922E+272
         139   1.3755787435395801E+273
         140   7.4674274649291499E+272
         141   1.1790674944624974E+272
         142  -5.5395560273506770E+127
         143   5.1092924760041551E+272
         144   1.2576719940933306E+273
         145   5.5023149741583219E+272
         146   6.2883599704666531E+272
         147   7.8604499630833167E+272
         148   9.0395174575458135E+272
         149   5.5023149741583219E+272
         150   3.5372024833874922E+272
         151   6.2883599704666531E+272
         152   5.5023149741583219E+272
         153   4.7162699778499895E+272
         154   1.1790674944624974E+272
         155   9.4325399556999791E+272
         156   2.7511574870791610E+272
         157   7.8604499630833164E+271
         158   8.2534724612374811E+272
         159   6.6813824686208187E+272
         160   7.8604499630833164E+271
         161   3.9302249815416582E+271
         162   3.9302249815416583E+272
         163   1.1790674944624974E+272
         164   1.5720899926166633E+272
         165   9.0395174575458135E+272
         166   3.1441799852333266E+272
         167   1.2576719940933306E+273
         168   2.3581349889249948E+272
         169   5.5023149741583219E+272
         170   3.1441799852333266E+272
         171   6.6813824686208187E+272
         172   7.8604499630833164E+271
         173   1.9651124907708292E+272
         174   2.3581349889249948E+272
         175   1.0611607450162477E+273
         176   4.7162699778499895E+272
         177   1.2969742439087472E+273
         178   7.8604499630833164E+271
         179   1.5720899926166633E+272
         180   2.7511574870791610E+272
         181   9.8255624538541447E+272
         182   7.0744049667749843E+272
         183   4.3232474796958239E+272
         184   8.6464949593916479E+272
         185   4.7162699778499895E+272
         186   2.3581349889249948E+272
         187   1.3755787435395801E+273
         188   5.5023149741583219E+272
         189   1.2576719940933306E+273
         190   3.1441799852333266E+272
         191   8.2534724612374811E+272
         192   1.0218584952008310E+273
         193   1.1790674944624974E+272
         194   3.9302249815416583E+272
         195   1.0611607450162477E+273
         196   3.9302249815416582E+271
         197   1.1790674944624974E+272
         198  -9.1523099582315524E+127
         199   3.5372024833874922E+272
         200   3.5372024833874922E+272
         201   9.0395174575458135E+272
         202   7.8604499630833164E+271
         203   1.9651124907708292E+272
         204   1.4934854929858300E+273
         205   7.0744049667749843E+272
         206   1.9651124907708292E+272
         207  -1.4451015723523502E+127
         208   1.0611607450162477E+273
         209   1.2183697442779138E+273
         210   1.2576719940933306E+273
         211   2.7511574870791610E+272
         212   5.8953374723124863E+272
         213   2.3581349889249948E+272
         214   7.0744049667749843E+272
         215  -1.4451015723523502E+127
         216   1.1790674944624973E+273
         217   3.5372024833874922E+272
         218   9.4325399556999791E+272
         219   3.9302249815416583E+272
         220   4.3232474796958239E+272
         221   2.3581349889249948E+272
         222   2.3581349889249948E+272
         223   1.5720899926166633E+272
         224   3.5372024833874922E+272
         225   5.1092924760041551E+272
         226   8.2534724612374811E+272
         227   3.9302249815416583E+272
         228   1.0218584952008310E+273
         229   9.4325399556999791E+272
         230   3.5372024833874922E+272
         231   8.2534724612374811E+272
         232   4.7162699778499895E+272
         233   6.2883599704666531E+272
         234   5.1092924760041551E+272
         235   5.8953374723124863E+272
         236   2.7511574870791610E+272
         237   3.9302249815416583E+272
         238   9.4325399556999791E+272
         239   9.4325399556999791E+272
         240   1.6113922424320797E+273
         241   3.9302249815416583E+272
         242   5.5023149741583219E+272
         243   1.1004629948316644E+273
         244   5.8953374723124863E+272
         245   3.9302249815416582E+271
         246   4.3232474796958239E+272
         247   8.2534724612374811E+272
         248   1.2576719940933306E+273
         249   1.2576719940933306E+273
         250   5.1092924760041551E+272
         251   8.2534724612374811E+272
         252   1.5720899926166633E+272
         253   3.1441799852333266E+272
         254   3.5372024833874922E+272
         255  -3.1310534067634260E+127
         256   1.9651124907708292E+272
         257   9.4325399556999791E+272
         258  -1.9268020964698006E+127
         259   3.5372024833874922E+272
         260   3.9302249815416583E+272
         261   5.1092924760041551E+272
         262   3.5372024833874922E+272
         263   7.8604499630833167E+272
         264   3.1441799852333266E+272
         265   4.3232474796958239E+272
         266   5.8953374723124863E+272
         267   3.1441799852333266E+272
         268   1.5720899926166633E+272
         269   1.1004629948316644E+273
         270   5.5023149741583219E+272
         271   1.1790674944624973E+273
         272   3.5372024833874922E+272
         273   8.6464949593916479E+272
         274   4.3232474796958239E+272
         275   7.4674274649291499E+272
         276   3.5372024833874922E+272
         277   6.6813824686208187E+272
         278   4.7162699778499895E+272
         279   2.7511574870791610E+272
         280   2.3581349889249948E+272
         281   1.5327877428012465E+273
         282   8.2534724612374811E+272
         283   1.1004629948316644E+273
         284   5.5023149741583219E+272
         285   7.8604499630833167E+272
         286   5.5023149741583219E+272
         287   1.9651124907708292E+272
         288   7.8604499630833167E+272
         289   5.8953374723124863E+272
         290   1.3362764937241637E+273
         291   1.4541832431704134E+273
         292   2.3581349889249948E+272
         293   1.1790674944624974E+272
         294   9.8255624538541447E+272
         295   9.0395174575458135E+272
         296   5.1092924760041551E+272
         297  -2.1676523585285253E+127
         298   9.4325399556999791E+272
         299   2.7511574870791610E+272
         300   1.0218584952008310E+273
         301   3.9302249815416583E+272
         302   9.0395174575458135E+272
         303   3.5372024833874922E+272
         304   4.3232474796958239E+272
         305   4.7162699778499895E+272
         306   7.8604499630833164E+271
         307   7.4674274649291499E+272
         308   1.1790674944624974E+272
         309   3.1441799852333266E+272
         310   3.1441799852333266E+272
         311   1.5720899926166633E+272
         312   4.3232474796958239E+272
         313   2.7511574870791610E+272
         314   1.5720899926166633E+272
         315   5.1092924760041551E+272
         316   7.8604499630833164E+271
         317   7.8604499630833164E+271
         318   7.8604499630833164E+271
         319   3.5372024833874922E+272
         320   4.3232474796958239E+272
         321   8.6464949593916479E+272
         322   1.1004629948316644E+273
         323   7.8604499630833164E+271
         324   5.1092924760041551E+272
         325   2.3581349889249948E+272
         326   1.5720899926166633E+272
         327   1.9651124907708292E+272
         328   5.5023149741583219E+272
         329   1.0218584952008310E+273
         330   1.1004629948316644E+273
         331   2.3581349889249948E+272
         332   4.3232474796958239E+272
         333   4.7162699778499895E+272
         334   1.2576719940933306E+273
         335   2.3581349889249948E+272
         336   3.9302249815416583E+272
         337   1.1790674944624973E+273
         338   5.5023149741583219E+272
         339   7.8604499630833167E+272
         340   8.2534724612374811E+272
         341   4.3232474796958239E+272
         342   8.6464949593916479E+272
         343   5.5023149741583219E+272
         344   3.9302249815416582E+271
         345   1.5720899926166633E+272
         346   1.6899967420629128E+273
         347   7.8604499630833164E+271
         348   7.4674274649291499E+272
         349   9.4325399556999791E+272
         350   2.7511574870791610E+272
         351   8.6464949593916479E+272
         352   3.9302249815416583E+272
         353   8.2534724612374811E+272
         354   1.1004629948316644E+273
         355   7.0744049667749843E+272
         356   9.8255624538541447E+272
         357   1.4148809933549969E+273
         358   4.3232474796958239E+272
         359   3.1441799852333266E+272
         360   7.8604499630833164E+271
         361   9.0395174575458135E+272
         362   3.9302249815416582E+271
         363   1.2183697442779138E+273
         364   1.5720899926166633E+272
         365   1.5720899926166633E+272
         366   3.5372024833874922E+272
         367   1.5720899926166633E+272
         368   7.8604499630833167E+272
         369   1.5720899926166633E+273
         370   1.9651124907708292E+272
         371   1.9651124907708292E+272
         372   9.4325399556999791E+272
         373   1.1790674944624973E+273
         374   1.1790674944624974E+272
         375   1.9651124907708292E+272
         376   5.5023149741583219E+272
         377   8.2534724612374811E+272
         378   2.3581349889249948E+272
         379   2.3581349889249948E+272
         380   1.5720899926166633E+272
         381   1.0611607450162477E+273
         382   3.5372024833874922E+272
         383   7.8604499630833164E+271
         384   7.8604499630833164E+271
         385   6.2883599704666531E+272
         386   4.7162699778499895E+272
         387   2.7511574870791610E+272
         388   3.9302249815416583E+272
         389   1.1004629948316644E+273
         390   2.3581349889249948E+272
         391   7.0744049667749843E+272
         392   1.9651124907708292E+272
         393   5.5023149741583219E+272
         394   3.1441799852333266E+272
         395   1.0611607450162477E+273
         396   3.1441799852333266E+272
         397   7.8604499630833164E+271
         398   1.5720899926166633E+272
         399   5.5023149741583219E+272
         400   6.2883599704666531E+272
         401   7.8604499630833164E+271
         402   6.2883599704666531E+272
         403   1.5720899926166633E+272
         404   8.6464949593916479E+272
         405   3.1441799852333266E+272
         406   1.0611607450162477E+273
         407   1.0218584952008310E+273
         408   1.2183697442779138E+273
         409   3.5372024833874922E+272
         410   3.9302249815416582E+271
         411   1.4934854929858300E+273
         412   3.5372024833874922E+272
         413   5.8953374723124863E+272
         414   5.1092924760041551E+272
         415   4.3232474796958239E+272
         416   6.6813824686208187E+272
         417   2.3581349889249948E+272
         418   4.3232474796958239E+272
         419   1.0218584952008310E+273
         420   1.9651124907708292E+272
         421   7.4674274649291499E+272
         422   9.0395174575458135E+272
         423   3.1441799852333266E+272
         424   1.4148809933549969E+273
         425   5.5023149741583219E+272
         426   5.5023149741583219E+272
         427   5.5023149741583219E+272
         428   7.8604499630833164E+271
         429   3.1441799852333266E+272
         430   5.8953374723124863E+272
         431   3.9302249815416583E+272
         432   8.2534724612374811E+272
         433   1.9651124907708292E+272
         434   7.0744049667749843E+272
         435   3.9302249815416582E+271
         436   9.4325399556999791E+272
         437   3.5372024833874922E+272
         438   4.3232474796958239E+272
         439   3.5372024833874922E+272
         440   2.3581349889249948E+272
         441   1.5327877428012465E+273
         442   1.5720899926166633E+272
         443   7.8604499630833167E+272
         444   1.1790674944624973E+273
         445   8.2534724612374811E+272
         446   4.3232474796958239E+272
         447   3.5372024833874922E+272
         448   2.7511574870791610E+272
         449   3.9302249815416582E+271
         450   6.2883599704666531E+272
         451   4.3232474796958239E+272
         452   3.9302249815416582E+271
         453  -8.2948346128158573E+068
         454   5.5023149741583219E+272
         455   1.1004629948316644E+273
         456   9.4325399556999791E+272
         457   7.8604499630833167E+272
         458   1.1790674944624974E+272
         459  -2.6493528826459757E+127
         460   1.5720899926166633E+272
         461   9.8255624538541447E+272
         462   1.5720899926166633E+272
         463   2.7511574870791610E+272
         464   1.1790674944624974E+272
         465   4.3232474796958239E+272
         466   4.7162699778499895E+272
         467   1.5720899926166633E+272
         468   3.9302249815416583E+272
         469   1.3755787435395801E+273
         470   2.7511574870791610E+272
         471   1.3755787435395801E+273
         472   2.7511574870791610E+272
         473   7.4674274649291499E+272
         474   2.3581349889249948E+272
         475   1.0218584952008310E+273
         476   3.9302249815416583E+272
         477   2.7511574870791610E+272
         478   3.9302249815416583E+272
         479   1.2576719940933306E+273
         480   6.6813824686208187E+272
         481   7.8604499630833167E+272
         482   4.7162699778499895E+272
         483   4.3232474796958239E+272
         484   9.0395174575458135E+272
         485   7.8604499630833164E+271
         486   1.1397652446470807E+273
         487   5.5023149741583219E+272
         488   7.0744049667749843E+272
         489   1.9651124907708292E+272
         490   1.5720899926166633E+272
         491   6.6813824686208187E+272
         492   8.6464949593916479E+272
         493  -3.1310534067634260E+127
         494   4.7162699778499895E+272
         495   3.9302249815416583E+272
         496   1.2969742439087472E+273
         497   4.7162699778499895E+272
         498   9.4325399556999791E+272
         499   5.1092924760041551E+272
         500   6.2883599704666531E+272
         501   7.8604499630833164E+271
         502   2.7511574870791610E+272
         503   4.3232474796958239E+272
         504   5.8953374723124863E+272
         505   2.3581349889249948E+272
         506   1.1790674944624973E+273
         507   7.8604499630833167E+272
         508   3.5372024833874922E+272
         509   8.6464949593916479E+272
         510   8.6464949593916479E+272
         511   4.3232474796958239E+272
         512   1.1004629948316644E+273
         513  -1.9268020964698006E+127
         514   8.6464949593916479E+272
         515   5.1092924760041551E+272
         516   1.2969742439087472E+273
         517   1.5720899926166633E+272
         518   1.9651124907708292E+272
         519   3.1441799852333266E+272
         520   4.7162699778499895E+272
         521   1.1397652446470807E+273
         522   1.5720899926166633E+272
         523   1.1397652446470807E+273
         524   5.1092924760041551E+272
         525   5.5023149741583219E+272
         526   8.6464949593916479E+272
         527   2.7511574870791610E+272
         528   3.9302249815416582E+271
         529   2.7511574870791610E+272
         530   7.0744049667749843E+272
         531   8.6464949593916479E+272
         532  -3.3719036688221512E+127
         533   1.1790674944624973E+273
         534   5.5023149741583219E+272
         535   1.0611607450162477E+273
         536   9.4325399556999791E+272
         537   9.8255624538541447E+272
         538   5.5023149741583219E+272
         539   7.0744049667749843E+272
         540   6.6813824686208187E+272
         541   3.1441799852333266E+272
         542   4.3232474796958239E+272
         543   3.9302249815416582E+271
         544   3.9302249815416582E+271
         545   1.5720899926166633E+272
         546   5.8953374723124863E+272
         547   5.5023149741583219E+272
         548   5.5023149741583219E+272
         549   6.2883599704666531E+272
         550   3.9302249815416582E+271
         551   6.2883599704666531E+272
         552   1.4148809933549969E+273
         553   9.0395174575458135E+272
         554   1.1397652446470807E+273
         555   3.1441799852333266E+272
         556   7.8604499630833167E+272
         557   5.8953374723124863E+272
         558   1.0611607450162477E+273
         559   9.0395174575458135E+272
         560   1.9651124907708292E+272
         561   1.9651124907708292E+272
         562   2.3581349889249948E+272
         563   2.3581349889249948E+272
         564   1.0611607450162477E+273
         565   1.9651124907708292E+272
         566   8.6464949593916479E+272
         567   1.1004629948316644E+273
         568   1.1790674944624974E+272
         569   2.3581349889249948E+272
         570   4.7162699778499895E+272
         571   1.1790674944624974E+272
         572   9.0395174575458135E+272
         573  -3.6127539308808759E+127
         574   1.9651124907708292E+272
         575   6.2883599704666531E+272
         576   4.3232474796958239E+272
         577   3.9302249815416583E+272
         578   7.8604499630833164E+271
         579   5.8953374723124863E+272
         580   6.2883599704666531E+272
         581   1.1790674944624974E+272
         582   5.1092924760041551E+272
         583   5.5023149741583219E+272
         584   1.2969742439087472E+273
         585   2.7511574870791610E+272
         586   1.1397652446470807E+273
         587  -1.2042513102936252E+127
         588   1.1790674944624974E+272
         589   7.0744049667749843E+272
         590   9.8255624538541447E+272
         591   1.3755787435395801E+273
         592   6.6813824686208187E+272
         593   1.9651124907708292E+272
         594   1.5720899926166633E+272
         595   1.0218584952008310E+273
         596   2.3581349889249948E+272
         597   8.2534724612374811E+272
         598   4.3232474796958239E+272
         599   4.3232474796958239E+272
         600   9.0395174575458135E+272
         601   9.4325399556999791E+272
         602   7.0744049667749843E+272
         603   2.7511574870791610E+272
         604   8.2534724612374811E+272
         605   2.3581349889249948E+272
         606   1.5720899926166633E+272
         607  -4.8170052411745009E+127
         608   4.7162699778499895E+272
         609   4.3232474796958239E+272
         610   1.9651124907708292E+272
         611   2.7511574870791610E+272
         612   3.9302249815416582E+271
         613   7.8604499630833167E+272
         614   3.1441799852333266E+272
         615   1.1790674944624974E+272
         616   1.5720899926166633E+272
         617   1.9651124907708292E+272
         618   7.8604499630833164E+271
         619   3.5372024833874922E+272
         620   4.3232474796958239E+272
         621   1.1790674944624974E+272
         622   4.7162699778499895E+272
         623   1.9651124907708292E+272
         624   1.5720899926166633E+272
         625   2.3581349889249948E+272
         626   9.0395174575458135E+272
         627   2.3581349889249948E+272
         628   3.5372024833874922E+272
         629   4.3232474796958239E+272
         630   5.8953374723124863E+272
         631   1.0218584952008310E+273
         632   7.8604499630833167E+272
         633   3.9302249815416582E+271
         634   2.7511574870791610E+272
         635   1.1790674944624974E+272
         636   1.1790674944624973E+273
         637   3.5372024833874922E+272
         638   9.4325399556999791E+272
         639   4.7162699778499895E+272
         640   6.6813824686208187E+272
         641   3.9302249815416583E+272
         642   2.7511574870791610E+272
         643   6.6813824686208187E+272
         644   3.9302249815416583E+272
         645   6.2883599704666531E+272
         646   9.4325399556999791E+272
         647   7.8604499630833164E+271
         648   3.9302249815416582E+271
         649   1.5720899926166633E+272
         650   3.5372024833874922E+272
         651   7.4674274649291499E+272
         652   9.8255624538541447E+272
         653   3.1441799852333266E+272
         654   3.5372024833874922E+272
         655   5.8953374723124863E+272
         656   2.3581349889249948E+272
         657   8.2534724612374811E+272
         658   3.1441799852333266E+272
         659   7.8604499630833164E+271
         660   7.0744049667749843E+272
         661  -1.9268020964698006E+127
         662   4.7162699778499895E+272
         663   6.2883599704666531E+272
         664   1.9651124907708292E+272
         665   1.0218584952008310E+273
         666   1.0611607450162477E+273
         667   3.1441799852333266E+272
         668   4.7162699778499895E+272
         669   7.0744049667749843E+272
         670   7.8604499630833164E+271
         671   3.5372024833874922E+272
         672   2.3581349889249948E+272
         673   1.9651124907708292E+272
         674  -6.7438073376443025E+127
         675   8.6464949593916479E+272
         676   9.0395174575458135E+272
         677   3.9302249815416582E+271
         678   5.8953374723124863E+272
         679   3.5372024833874922E+272
         680   1.1004629948316644E+273
         681   5.5023149741583219E+272
         682   3.9302249815416583E+272
         683  -3.6127539308808759E+127
         684   4.3232474796958239E+272
         685   1.1397652446470807E+273
         686   7.0744049667749843E+272
         687   1.2183697442779138E+273
         688   5.1092924760041551E+272
         689   5.8953374723124863E+272
         690   3.9302249815416582E+271
         691   4.7162699778499895E+272
         692   3.9302249815416582E+271
         693   5.5023149741583219E+272
         694   7.8604499630833164E+271
         695   1.1790674944624974E+272
         696   2.3581349889249948E+272
         697   3.5372024833874922E+272
         698   3.9302249815416583E+272
         699   1.2576719940933306E+273
         700   4.3232474796958239E+272
         701   1.0218584952008310E+273
         702   3.9302249815416582E+271
         703   9.0395174575458135E+272
         704   3.1441799852333266E+272
         705   3.9302249815416582E+271
         706   1.1790674944624974E+272
         707   3.9302249815416583E+272
         708   2.7511574870791610E+272
         709   4.3232474796958239E+272
         710   1.1790674944624974E+272
         711   7.8604499630833164E+271
         712   5.8953374723124863E+272
         713   7.4674274649291499E+272
         714   7.0744049667749843E+272
         715   3.1441799852333266E+272
         716   3.9302249815416583E+272
         717   1.1004629948316644E+273
         718   1.9651124907708292E+272
         719   7.8604499630833164E+271
         720   7.8604499630833167E+272
         721   1.1790674944624974E+272
         722   2.3581349889249948E+272
         723   3.9302249815416582E+271
         724  -1.2042513102936252E+127
         725   1.1790674944624973E+273
         726   3.9302249815416582E+271
         727   3.9302249815416582E+271
         728   7.0744049667749843E+272
         729   1.9651124907708292E+272
         730   1.9651124907708292E+272
         731   1.5720899926166633E+272
         732   1.5720899926166633E+272
         733   2.7511574870791610E+272
         734   3.5372024833874922E+272
         735   3.9302249815416582E+271
         736   5.8953374723124863E+272
         737   1.4934854929858300E+273
         738   2.3581349889249948E+272
         739   7.4674274649291499E+272
         740   1.0611607450162477E+273
         741   6.2883599704666531E+272
         742   1.1790674944624973E+273
         743   1.9651124907708292E+272
         744   1.2969742439087472E+273
         745   3.1441799852333266E+272
         746   3.9302249815416582E+271
         747   8.6464949593916479E+272
         748  -2.1676523585285253E+127
         749   6.6813824686208187E+272
         750   3.9302249815416582E+271
         751   7.0744049667749843E+272
         752   7.8604499630833164E+271
         753   3.1441799852333266E+272
         754   3.5372024833874922E+272
         755   1.2183697442779138E+273
         756   3.5372024833874922E+272
         757   1.1397652446470807E+273
         758   1.5720899926166633E+272
         759   7.8604499630833164E+271
         760   1.5720899926166633E+272
         761   3.5372024833874922E+272
         762   1.2576719940933306E+273
         763   3.1441799852333266E+272
         764   4.7162699778499895E+272
         765   1.6506944922474962E+273
         766   1.9651124907708292E+272
         767   5.8953374723124863E+272
         768   4.3232474796958239E+272
         769   1.0611607450162477E+273
         770   3.9302249815416583E+272
         771   3.9302249815416582E+271
         772   8.2534724612374811E+272
         773   3.9302249815416583E+272
         774   9.4325399556999791E+272
         775   3.9302249815416582E+271
         776   2.7511574870791610E+272
         777   5.1092924760041551E+272
         778   1.9651124907708292E+272
         779   5.8953374723124863E+272
         780   3.9302249815416583E+272
         781   2.3581349889249948E+272
         782   7.4674274649291499E+272
         783   3.5372024833874922E+272
         784   1.1397652446470807E+273
         785   6.2883599704666531E+272
         786   1.1790674944624974E+272
         787   4.7162699778499895E+272
         788   1.1790674944624974E+272
         789   6.2883599704666531E+272
         790   9.4325399556999791E+272
         791   1.5720899926166633E+272
         792   7.8604499630833164E+271
         793   3.9302249815416583E+272
         794   2.7511574870791610E+272
         795   1.1790674944624974E+272
         796   9.4325399556999791E+272
         797   2.7511574870791610E+272
         798   1.9651124907708292E+272
         799   1.0611607450162477E+273
         800   5.1092924760041551E+272
         801   5.8953374723124863E+272
         802   9.4325399556999791E+272
         803   5.8953374723124863E+272
         804   3.9302249815416582E+271
         805   1.2183697442779138E+273
         806   1.1004629948316644E+273
         807   3.9302249815416582E+271
         808   2.3581349889249948E+272
         809   3.5372024833874922E+272
         810   4.3232474796958239E+272
         811   3.1441799852333266E+272
         812   1.2576719940933306E+273
         813   7.0744049667749843E+272
         814   7.8604499630833164E+271
         815   3.9302249815416582E+271
         816   4.3232474796958239E+272
         817   3.5372024833874922E+272
         818   1.5720899926166633E+272
         819   4.7162699778499895E+272
         820   3.1441799852333266E+272
         821   1.1790674944624974E+272
         822   3.9302249815416582E+271
         823   2.7511574870791610E+272
         824   6.2883599704666531E+272
         825   6.6813824686208187E+272
         826   1.0218584952008310E+273
         827   3.1441799852333266E+272
         828   1.0218584952008310E+273
         829   4.7162699778499895E+272
         830   6.2883599704666531E+272
         831   7.8604499630833164E+271
         832   5.1092924760041551E+272
         833   7.0744049667749843E+272
         834   4.9615205808666831E+271
         835   1.0247855407533934E+273
         836   1.0280568171861191E+272
         837   4.8864998842953964E+272
         838   6.4712112507342731E+272
         839   5.1733639480396796E+272
         840   1.0224577952431210E+272
         841   2.4912230949007615E+272
         842   1.0968098571411208E+272
         843   4.8093825419052570E+272
         844   1.1530511188940695E+273
         845   1.2645048484355904E+273
         846   2.0540022139183804E+272
         847   1.0707714658215764E+273
         848   1.2069174705934119E+273
         849   1.1913711824244145E+273
         850   5.0939058216898028E+272
         851   1.9644586307325480E+272
         852   3.5589918600221398E+272
         853   1.4499091609291495E+273
         854   4.3845536712392097E+272
         855   9.3236162407979574E+272
         856   2.2239562566911324E+272
         857   9.5880970533138482E+272
         858   2.9970665246607079E+272
         859   2.3616714887141174E+272
         860   4.8274318102100761E+272
         861   7.6277679347328492E+272
         862   2.7087613177205159E+272
         863   5.8830054474406885E+272
         864   8.1092425026470252E+272
         865   1.4495924655290221E+273
         866   7.5705207496081095E+272
         867   4.9952558561804146E+271
         868   1.4974435524384804E+273
         869   1.0710017417522913E+273
         870   5.0862524327955723E+272
         871   6.4573143176042686E+272
         872   3.3250676156755153E+272
         873   1.0624474604710241E+273
         874   5.4142657934977945E+272
         875   2.4904940477886230E+272
         876   7.0469452002331180E+272
         877   2.6895830451459858E+272
         878   4.0229996517055557E+272
         879   3.9398136867132656E+272
         880   1.4525220389956222E+272
         881   1.9780116836216000E+271
         882   7.2957470775423337E+272
         883   5.0721764304996922E+272
         884   1.3331234634359270E+272
         885   5.2550315049405395E+272
         886   9.1683619774122647E+272
         887   2.1139263605426684E+272
         888   2.2962729474404536E+272
         889   1.1914653283833794E+273
         890   1.1703735739384122E+273
         891   5.3869754050172728E+272
         892   8.0518800279741755E+272
         893   1.2587839323883757E+273
         894   1.6458017609329174E+273
         895   5.8080346182150905E+272
         896   7.1992952164350505E+272
         897   1.7938650754305971E+272
         898   6.4549042104544940E+272
         899   8.7856230010624841E+272
         900   2.9647329369376269E+272
         901   9.7134458112740154E+272
         902   5.3831842896441507E+272
         903   9.6370981261596217E+271
         904   2.4003209115073503E+271
         905   1.0168866004536436E+273
         906   5.5028161513502941E+272
         907   1.3267536077616302E+273
         908   2.0525031028114017E+272
         909   2.7904949930496688E+272
         910   5.4187065462080726E+272
         911   9.6672120201954461E+272
         912   2.3027480815662794E+272
         913   1.8112905196816137E+272
         914   1.3768269274331422E+273
         915   1.1066899507098972E+273
         916   5.0820582256522899E+272
         917   3.4348518595657705E+272
         918   9.0898464944222961E+272
         919   1.8563425061273960E+272
         920   2.7143385188882883E+272
         921   2.8518706323420301E+272
         922   7.3603596910937958E+272
         923   3.5896821696610505E+272
         924   4.6367819055551890E+272
         925   1.2218267622774921E+273
         926   7.8689068518770841E+272
         927   8.8508619158743264E+272
         928   2.3623639826222443E+272
         929   1.5130303716587281E+272
         930   7.0123171859132914E+272
         931   3.1360199858134512E+272
         932   4.3648422987547331E+272
         933   1.2581611428428476E+273
         934   9.8215705926332904E+271
         935   1.5602681377151306E+272
         936   4.7894872881116406E+272
         937   2.5912920860980763E+272
         938   7.1154382811851085E+272
         939   2.1917712461865900E+272
         940   1.4865499278673683E+273
         941   8.3574526473216793E+272
         942   6.2153035359411897E+272
         943   8.5493724271584914E+272
         944   4.1814465379566280E+272
         945   7.0764916348635605E+272
         946   8.9898602633914768E+272
         947   1.8303194946154153E+272
         948   8.1085306865679861E+272
         949   5.5579821143943617E+272
         950   6.4829915173080963E+272
         951   9.3951945093276123E+271
         952   5.2214569666641735E+272
         953   8.6060850554062834E+272
         954   7.4977107427739309E+272
         955   7.4277996684678783E+272
         956   5.5775581743928068E+272
         957   3.6347692560474815E+272
         958   5.6666968139648950E+272
         959   1.2082856380849496E+273
         960   8.1005832931370999E+272
         961   1.1302031119272831E+273
         962   4.8727172691190012E+272
         963   3.6819770302566709E+272
         964   4.4049056201886886E+272
         965   3.2109597766999272E+272
         966   5.4607850797709437E+272
         967   5.2404688114622160E+272
         968   5.1862975739017425E+272
         969   6.1715110591078971E+272
         970   1.1862639646853314E+273
         971   7.3008574267215928E+272
         972   1.0513147456922107E+273
         973   7.4612667725975867E+272
         974   2.8589377280017259E+272
         975   7.5894349038044965E+272
         976   2.6517054372038661E+272
         977   1.0666531642516419E+273
         978   4.3230010826044168E+272
         979   5.8836439276748952E+272
         980   5.8215021025131150E+272
         981   6.8174183664226284E+272
         982   9.4254976190433200E+272
         983   1.3927479597343480E+273
         984   7.3269402069049766E+272
         985   2.0615286968847628E+272
         986   7.2473435832549043E+272
         987   5.3424234143637907E+272
         988   9.9032885185971033E+272
         989   1.8409864860118572E+272
         990   8.9264667768359821E+272
         991   2.9617739948321746E+272
         992   6.5829667196772550E+272
         993   1.6786458921948329E+272
         994   1.5385214604120310E+281
         995   8.7915512416302143E+280
         996   5.1284048604902928E+280
         997   7.3262927376590396E+280
         998   1.4652585788179003E+280
         999   4.3957756011682030E+280
        1000   1.9780990242108082E+281
