           1  0.10000000000000001     
           2   8.0000000000000002E-002
           3  0.34000000000000002     
           4   2.0000000000000000E-002
           5  0.10000000000000001     
           6  0.23999999999999999     
           7   4.0000000000000001E-002
           8  0.10000000000000001     
           9   5.9999999999999998E-002
          10  0.10000000000000001     
          11  0.16000000000000000     
          12  0.20000000000000001     
          13   4.0000000000000001E-002
          14  0.17999999999999999     
          15   2.0000000000000000E-002
          16  0.23999999999999999     
          17  0.12000000000000000     
          18  0.14000000000000001     
          19  0.12000000000000000     
          20  0.16000000000000000     
          21   5.9999999999999998E-002
          22   5.9999999999999998E-002
          23  0.17999999999999999     
          24  0.17999999999999999     
          25  0.29999999999999999     
          26  0.12000000000000000     
          27  0.26000000000000001     
          28  0.22000000000000000     
          29  0.12000000000000000     
          30  0.12000000000000000     
          31  0.10000000000000001     
          32  0.14000000000000001     
          33   0.0000000000000000     
          34   5.9999999999999998E-002
          35   5.9999999999999998E-002
          36   4.0000000000000001E-002
          37  0.12000000000000000     
          38   5.9999999999999998E-002
          39   0.0000000000000000     
          40  0.12000000000000000     
          41   4.0000000000000001E-002
          42  0.12000000000000000     
          43   2.0000000000000000E-002
          44  0.22000000000000000     
          45  0.28000000000000003     
          46  0.12000000000000000     
          47   4.0000000000000001E-002
          48  0.20000000000000001     
          49  0.17999999999999999     
          50  0.22000000000000000     
          51  0.12000000000000000     
          52   2.0000000000000000E-002
          53   4.0000000000000001E-002
          54  0.35999999999999999     
          55  0.28000000000000003     
          56  0.16000000000000000     
          57  0.23999999999999999     
          58  0.20000000000000001     
          59  0.14000000000000001     
          60   5.9999999999999998E-002
          61  0.28000000000000003     
          62   8.0000000000000002E-002
          63  0.12000000000000000     
          64  0.23999999999999999     
          65   2.0000000000000000E-002
          66   8.0000000000000002E-002
          67  0.26000000000000001     
          68  0.12000000000000000     
          69  0.23999999999999999     
          70  0.23999999999999999     
          71  0.22000000000000000     
          72  0.12000000000000000     
          73  0.20000000000000001     
          74   5.9999999999999998E-002
          75  0.17999999999999999     
          76   2.0000000000000000E-002
          77  0.35999999999999999     
          78  0.34000000000000002     
          79   5.9999999999999998E-002
          80  0.10000000000000001     
          81  0.16000000000000000     
          82  0.16000000000000000     
          83  0.23999999999999999     
          84  0.23999999999999999     
          85  0.22000000000000000     
          86  0.14000000000000001     
          87   4.0000000000000001E-002
          88   8.0000000000000002E-002
          89  0.14000000000000001     
          90  0.12000000000000000     
          91   4.0000000000000001E-002
          92  0.34000000000000002     
          93  0.28000000000000003     
          94   5.9999999999999998E-002
          95  0.26000000000000001     
          96   0.0000000000000000     
          97  0.16000000000000000     
          98  0.41999999999999998     
          99  0.16000000000000000     
         100   4.0000000000000001E-002
         101   4.0000000000000001E-002
         102  0.14000000000000001     
         103  0.17999999999999999     
         104  0.12000000000000000     
         105  0.20000000000000001     
         106  0.14000000000000001     
         107  0.12000000000000000     
         108   5.9999999999999998E-002
         109  0.26000000000000001     
         110   0.0000000000000000     
         111  0.28000000000000003     
         112  0.10000000000000001     
         113  0.20000000000000001     
         114   8.0000000000000002E-002
         115  0.10000000000000001     
         116  0.16000000000000000     
         117  0.34000000000000002     
         118  0.10000000000000001     
         119  0.22000000000000000     
         120  0.14000000000000001     
         121  0.14000000000000001     
         122   4.0000000000000001E-002
         123  0.28000000000000003     
         124   8.0000000000000002E-002
         125  0.16000000000000000     
         126  0.22000000000000000     
         127   5.9999999999999998E-002
         128  0.26000000000000001     
         129  0.20000000000000001     
         130  0.12000000000000000     
         131   0.0000000000000000     
         132  0.12000000000000000     
         133  0.17999999999999999     
         134   8.0000000000000002E-002
         135   8.0000000000000002E-002
         136  0.10000000000000001     
         137  0.17999999999999999     
         138  0.32000000000000001     
         139  0.16000000000000000     
         140  0.12000000000000000     
         141  0.14000000000000001     
         142  0.20000000000000001     
         143   2.0000000000000000E-002
         144  0.12000000000000000     
         145  0.46000000000000002     
         146  0.10000000000000001     
         147   2.0000000000000000E-002
         148  0.32000000000000001     
         149  0.20000000000000001     
         150   0.0000000000000000     
         151  0.14000000000000001     
         152   8.0000000000000002E-002
         153  0.16000000000000000     
         154  0.12000000000000000     
         155   2.0000000000000000E-002
         156  0.23999999999999999     
         157  0.12000000000000000     
         158  0.12000000000000000     
         159  0.20000000000000001     
         160   2.0000000000000000E-002
         161  0.17999999999999999     
         162  0.12000000000000000     
         163   5.9999999999999998E-002
         164  0.10000000000000001     
         165   5.9999999999999998E-002
         166   5.9999999999999998E-002
         167   2.0000000000000000E-002
         168  0.20000000000000001     
         169  0.20000000000000001     
         170  0.23999999999999999     
         171   8.0000000000000002E-002
         172  0.32000000000000001     
         173   4.0000000000000001E-002
         174  0.14000000000000001     
         175  0.38000000000000000     
         176   4.0000000000000001E-002
         177  0.12000000000000000     
         178  0.12000000000000000     
         179  0.14000000000000001     
         180   8.0000000000000002E-002
         181   2.0000000000000000E-002
         182  0.41999999999999998     
         183  0.10000000000000001     
         184  0.10000000000000001     
         185   4.0000000000000001E-002
         186   4.0000000000000001E-002
         187  0.29999999999999999     
         188   4.0000000000000001E-002
         189  0.17999999999999999     
         190  0.26000000000000001     
         191  0.34000000000000002     
         192  0.14000000000000001     
         193  0.12000000000000000     
         194  0.14000000000000001     
         195   2.0000000000000000E-002
         196  0.12000000000000000     
         197   4.0000000000000001E-002
         198  0.12000000000000000     
         199   8.0000000000000002E-002
         200  0.40000000000000002     
         201  0.41999999999999998     
         202   8.0000000000000002E-002
         203  0.40000000000000002     
         204  0.10000000000000001     
         205  0.22000000000000000     
         206  0.14000000000000001     
         207   5.9999999999999998E-002
         208  0.17999999999999999     
         209  0.28000000000000003     
         210  0.16000000000000000     
         211  0.23999999999999999     
         212  0.17999999999999999     
         213  0.17999999999999999     
         214  0.22000000000000000     
         215   8.0000000000000002E-002
         216   2.0000000000000000E-002
         217   4.0000000000000001E-002
         218   2.0000000000000000E-002
         219   5.9999999999999998E-002
         220  0.22000000000000000     
         221  0.29999999999999999     
         222   4.0000000000000001E-002
         223   8.0000000000000002E-002
         224  0.29999999999999999     
         225  0.12000000000000000     
         226  0.34000000000000002     
         227  0.16000000000000000     
         228   8.0000000000000002E-002
         229  0.28000000000000003     
         230   4.0000000000000001E-002
         231  0.14000000000000001     
         232   0.0000000000000000     
         233   2.0000000000000000E-002
         234  0.20000000000000001     
         235  0.10000000000000001     
         236  0.22000000000000000     
         237  0.12000000000000000     
         238  0.14000000000000001     
         239  0.14000000000000001     
         240  0.14000000000000001     
         241   8.0000000000000002E-002
         242  0.10000000000000001     
         243  0.32000000000000001     
         244   2.0000000000000000E-002
         245  0.10000000000000001     
         246  0.22000000000000000     
         247   8.0000000000000002E-002
         248  0.14000000000000001     
         249  0.14000000000000001     
         250   4.0000000000000001E-002
         251  0.17999999999999999     
         252  0.28000000000000003     
         253  0.12000000000000000     
         254  0.12000000000000000     
         255  0.22000000000000000     
         256  0.20000000000000001     
         257  0.26000000000000001     
         258  0.28000000000000003     
         259   8.0000000000000002E-002
         260  0.16000000000000000     
         261  0.16000000000000000     
         262  0.35999999999999999     
         263  0.16000000000000000     
         264  0.14000000000000001     
         265   8.0000000000000002E-002
         266   8.0000000000000002E-002
         267   8.0000000000000002E-002
         268   2.0000000000000000E-002
         269  0.35999999999999999     
         270  0.12000000000000000     
         271  0.28000000000000003     
         272   2.0000000000000000E-002
         273  0.56000000000000005     
         274  0.10000000000000001     
         275  0.44000000000000000     
         276   4.0000000000000001E-002
         277   2.0000000000000000E-002
         278   2.0000000000000000E-002
         279  0.10000000000000001     
         280  0.22000000000000000     
         281  0.10000000000000001     
         282  0.14000000000000001     
         283  0.16000000000000000     
         284   2.0000000000000000E-002
         285   5.9999999999999998E-002
         286  0.17999999999999999     
         287   4.0000000000000001E-002
         288  0.32000000000000001     
         289   4.0000000000000001E-002
         290  0.14000000000000001     
         291   4.0000000000000001E-002
         292  0.10000000000000001     
         293   8.0000000000000002E-002
         294  0.26000000000000001     
         295   0.0000000000000000     
         296  0.12000000000000000     
         297  0.12000000000000000     
         298   2.0000000000000000E-002
         299  0.22000000000000000     
         300  0.12000000000000000     
         301   8.0000000000000002E-002
         302  0.26000000000000001     
         303  0.28000000000000003     
         304  0.17999999999999999     
         305  0.14000000000000001     
         306  0.22000000000000000     
         307  0.35999999999999999     
         308  0.12000000000000000     
         309  0.22000000000000000     
         310   5.9999999999999998E-002
         311   0.0000000000000000     
         312  0.12000000000000000     
         313  0.10000000000000001     
         314   2.0000000000000000E-002
         315   5.9999999999999998E-002
         316  0.17999999999999999     
         317  0.10000000000000001     
         318   2.0000000000000000E-002
         319   0.0000000000000000     
         320  0.10000000000000001     
         321   0.0000000000000000     
         322   4.0000000000000001E-002
         323  0.23999999999999999     
         324  0.22000000000000000     
         325  0.16000000000000000     
         326  0.28000000000000003     
         327   4.0000000000000001E-002
         328   5.9999999999999998E-002
         329   8.0000000000000002E-002
         330   8.0000000000000002E-002
         331  0.14000000000000001     
         332  0.23999999999999999     
         333  0.16000000000000000     
         334   0.0000000000000000     
         335   4.0000000000000001E-002
         336   4.0000000000000001E-002
         337  0.20000000000000001     
         338  0.12000000000000000     
         339  0.14000000000000001     
         340  0.22000000000000000     
         341  0.26000000000000001     
         342  0.29999999999999999     
         343   0.0000000000000000     
         344  0.23999999999999999     
         345  0.14000000000000001     
         346   4.0000000000000001E-002
         347  0.44000000000000000     
         348  0.10000000000000001     
         349  0.22000000000000000     
         350   4.0000000000000001E-002
         351   5.9999999999999998E-002
         352   8.0000000000000002E-002
         353  0.14000000000000001     
         354  0.14000000000000001     
         355  0.14000000000000001     
         356  0.14000000000000001     
         357   4.0000000000000001E-002
         358   8.0000000000000002E-002
         359  0.14000000000000001     
         360  0.20000000000000001     
         361   4.0000000000000001E-002
         362  0.10000000000000001     
         363  0.28000000000000003     
         364   2.0000000000000000E-002
         365   0.0000000000000000     
         366   2.0000000000000000E-002
         367  0.22000000000000000     
         368  0.28000000000000003     
         369   8.0000000000000002E-002
         370   5.9999999999999998E-002
         371   2.0000000000000000E-002
         372  0.12000000000000000     
         373  0.12000000000000000     
         374   4.0000000000000001E-002
         375   5.9999999999999998E-002
         376  0.14000000000000001     
         377   4.0000000000000001E-002
         378   0.0000000000000000     
         379   2.0000000000000000E-002
         380   4.0000000000000001E-002
         381  0.20000000000000001     
         382  0.12000000000000000     
         383   2.0000000000000000E-002
         384  0.40000000000000002     
         385  0.10000000000000001     
         386   5.9999999999999998E-002
         387   2.0000000000000000E-002
         388  0.47999999999999998     
         389   5.9999999999999998E-002
         390   4.0000000000000001E-002
         391   4.0000000000000001E-002
         392  0.14000000000000001     
         393  0.26000000000000001     
         394  0.57999999999999996     
         395  0.20000000000000001     
         396  0.10000000000000001     
         397   5.9999999999999998E-002
         398   4.0000000000000001E-002
         399  0.20000000000000001     
         400  0.10000000000000001     
         401  0.16000000000000000     
         402   5.9999999999999998E-002
         403  0.12000000000000000     
         404   2.0000000000000000E-002
         405   0.0000000000000000     
         406   4.0000000000000001E-002
         407   4.0000000000000001E-002
         408  0.17999999999999999     
         409  0.12000000000000000     
         410   2.0000000000000000E-002
         411  0.14000000000000001     
         412  0.17999999999999999     
         413   2.0000000000000000E-002
         414  0.46000000000000002     
         415  0.26000000000000001     
         416  0.20000000000000001     
         417  0.29999999999999999     
         418  0.12000000000000000     
         419   5.9999999999999998E-002
         420  0.14000000000000001     
         421  0.17999999999999999     
         422   8.0000000000000002E-002
         423   4.0000000000000001E-002
         424  0.17999999999999999     
         425   8.0000000000000002E-002
         426  0.40000000000000002     
         427  0.12000000000000000     
         428  0.26000000000000001     
         429  0.12000000000000000     
         430   2.0000000000000000E-002
         431   2.0000000000000000E-002
         432  0.26000000000000001     
         433  0.22000000000000000     
         434   2.0000000000000000E-002
         435   5.9999999999999998E-002
         436   2.0000000000000000E-002
         437   8.0000000000000002E-002
         438   8.0000000000000002E-002
         439   5.9999999999999998E-002
         440  0.10000000000000001     
         441   4.0000000000000001E-002
         442   2.0000000000000000E-002
         443  0.12000000000000000     
         444   5.9999999999999998E-002
         445  0.14000000000000001     
         446   2.0000000000000000E-002
         447   4.0000000000000001E-002
         448  0.28000000000000003     
         449  0.10000000000000001     
         450  0.14000000000000001     
         451   4.0000000000000001E-002
         452  0.10000000000000001     
         453   4.0000000000000001E-002
         454  0.12000000000000000     
         455  0.16000000000000000     
         456   4.0000000000000001E-002
         457  0.20000000000000001     
         458  0.32000000000000001     
         459   4.0000000000000001E-002
         460   5.9999999999999998E-002
         461   2.0000000000000000E-002
         462  0.26000000000000001     
         463  0.22000000000000000     
         464  0.14000000000000001     
         465  0.10000000000000001     
         466  0.12000000000000000     
         467   2.0000000000000000E-002
         468  0.10000000000000001     
         469  0.32000000000000001     
         470  0.14000000000000001     
         471   5.9999999999999998E-002
         472   2.0000000000000000E-002
         473   0.0000000000000000     
         474   5.9999999999999998E-002
         475   2.0000000000000000E-002
         476   4.0000000000000001E-002
         477  0.14000000000000001     
         478  0.22000000000000000     
         479  0.23999999999999999     
         480   2.0000000000000000E-002
         481  0.26000000000000001     
         482  0.28000000000000003     
         483  0.17999999999999999     
         484   8.0000000000000002E-002
         485  0.26000000000000001     
         486  0.16000000000000000     
         487   2.0000000000000000E-002
         488  0.12000000000000000     
         489  0.23999999999999999     
         490  0.38000000000000000     
         491   5.9999999999999998E-002
         492  0.35999999999999999     
         493   4.0000000000000001E-002
         494  0.20000000000000001     
         495  0.17999999999999999     
         496   4.0000000000000001E-002
         497  0.20000000000000001     
         498  0.23999999999999999     
         499   4.0000000000000001E-002
         500   2.0000000000000000E-002
         501   5.9999999999999998E-002
         502  0.16000000000000000     
         503   4.0000000000000001E-002
         504  0.12000000000000000     
         505   4.0000000000000001E-002
         506  0.14000000000000001     
         507  0.17999999999999999     
         508  0.26000000000000001     
         509   5.9999999999999998E-002
         510  0.32000000000000001     
         511  0.23999999999999999     
         512  0.23999999999999999     
         513   4.0000000000000001E-002
         514   0.0000000000000000     
         515  0.10000000000000001     
         516  0.14000000000000001     
         517  0.10000000000000001     
         518  0.16000000000000000     
         519  0.10000000000000001     
         520  0.20000000000000001     
         521  0.12000000000000000     
         522  0.41999999999999998     
         523   4.0000000000000001E-002
         524  0.32000000000000001     
         525  0.17999999999999999     
         526  0.17999999999999999     
         527   4.0000000000000001E-002
         528  0.22000000000000000     
         529  0.20000000000000001     
         530  0.14000000000000001     
         531  0.16000000000000000     
         532  0.34000000000000002     
         533  0.20000000000000001     
         534  0.26000000000000001     
         535  0.17999999999999999     
         536   2.0000000000000000E-002
         537  0.28000000000000003     
         538  0.10000000000000001     
         539   5.9999999999999998E-002
         540  0.28000000000000003     
         541   8.0000000000000002E-002
         542  0.16000000000000000     
         543  0.26000000000000001     
         544  0.23999999999999999     
         545  0.16000000000000000     
         546   0.0000000000000000     
         547   5.9999999999999998E-002
         548  0.16000000000000000     
         549  0.12000000000000000     
         550   8.0000000000000002E-002
         551  0.10000000000000001     
         552  0.14000000000000001     
         553   8.0000000000000002E-002
         554  0.17999999999999999     
         555   5.9999999999999998E-002
         556  0.14000000000000001     
         557  0.14000000000000001     
         558   8.0000000000000002E-002
         559   8.0000000000000002E-002
         560  0.28000000000000003     
         561   2.0000000000000000E-002
         562  0.12000000000000000     
         563   8.0000000000000002E-002
         564  0.14000000000000001     
         565   0.0000000000000000     
         566  0.35999999999999999     
         567   0.0000000000000000     
         568  0.34000000000000002     
         569   2.0000000000000000E-002
         570  0.12000000000000000     
         571   4.0000000000000001E-002
         572  0.28000000000000003     
         573  0.34000000000000002     
         574   5.9999999999999998E-002
         575   2.0000000000000000E-002
         576   0.0000000000000000     
         577   8.0000000000000002E-002
         578  0.14000000000000001     
         579  0.10000000000000001     
         580   5.9999999999999998E-002
         581  0.50000000000000000     
         582  0.29999999999999999     
         583   5.9999999999999998E-002
         584  0.12000000000000000     
         585   8.0000000000000002E-002
         586   5.9999999999999998E-002
         587  0.17999999999999999     
         588   8.0000000000000002E-002
         589  0.32000000000000001     
         590  0.14000000000000001     
         591  0.38000000000000000     
         592  0.35999999999999999     
         593  0.14000000000000001     
         594   4.0000000000000001E-002
         595   4.0000000000000001E-002
         596   8.0000000000000002E-002
         597  0.34000000000000002     
         598  0.12000000000000000     
         599  0.17999999999999999     
         600  0.29999999999999999     
         601   4.0000000000000001E-002
         602  0.10000000000000001     
         603  0.14000000000000001     
         604  0.16000000000000000     
         605  0.29999999999999999     
         606  0.32000000000000001     
         607  0.26000000000000001     
         608  0.23999999999999999     
         609   5.9999999999999998E-002
         610   4.0000000000000001E-002
         611  0.10000000000000001     
         612  0.20000000000000001     
         613   8.0000000000000002E-002
         614  0.26000000000000001     
         615  0.20000000000000001     
         616  0.20000000000000001     
         617  0.17999999999999999     
         618  0.28000000000000003     
         619  0.16000000000000000     
         620  0.20000000000000001     
         621  0.20000000000000001     
         622  0.16000000000000000     
         623   4.0000000000000001E-002
         624   4.0000000000000001E-002
         625   4.0000000000000001E-002
         626  0.23999999999999999     
         627  0.12000000000000000     
         628   4.0000000000000001E-002
         629  0.12000000000000000     
         630  0.28000000000000003     
         631  0.32000000000000001     
         632  0.16000000000000000     
         633  0.34000000000000002     
         634  0.17999999999999999     
         635  0.22000000000000000     
         636  0.23999999999999999     
         637  0.28000000000000003     
         638   2.0000000000000000E-002
         639   0.0000000000000000     
         640  0.22000000000000000     
         641   8.0000000000000002E-002
         642  0.12000000000000000     
         643  0.26000000000000001     
         644   2.0000000000000000E-002
         645  0.10000000000000001     
         646  0.14000000000000001     
         647   2.0000000000000000E-002
         648   8.0000000000000002E-002
         649   0.0000000000000000     
         650   2.0000000000000000E-002
         651   0.0000000000000000     
         652   5.9999999999999998E-002
         653  0.52000000000000002     
         654  0.23999999999999999     
         655  0.10000000000000001     
         656  0.12000000000000000     
         657  0.26000000000000001     
         658  0.12000000000000000     
         659  0.17999999999999999     
         660   8.0000000000000002E-002
         661   8.0000000000000002E-002
         662  0.35999999999999999     
         663   2.0000000000000000E-002
         664   0.0000000000000000     
         665  0.32000000000000001     
         666  0.20000000000000001     
         667  0.14000000000000001     
         668   8.0000000000000002E-002
         669  0.34000000000000002     
         670  0.17999999999999999     
         671  0.23999999999999999     
         672   0.0000000000000000     
         673  0.12000000000000000     
         674   5.9999999999999998E-002
         675  0.16000000000000000     
         676   4.0000000000000001E-002
         677   5.9999999999999998E-002
         678  0.17999999999999999     
         679  0.16000000000000000     
         680  0.20000000000000001     
         681  0.14000000000000001     
         682   2.0000000000000000E-002
         683  0.32000000000000001     
         684  0.28000000000000003     
         685  0.26000000000000001     
         686  0.10000000000000001     
         687   2.0000000000000000E-002
         688   5.9999999999999998E-002
         689   8.0000000000000002E-002
         690   5.9999999999999998E-002
         691  0.16000000000000000     
         692  0.10000000000000001     
         693   0.0000000000000000     
         694   8.0000000000000002E-002
         695  0.35999999999999999     
         696  0.29999999999999999     
         697  0.14000000000000001     
         698  0.14000000000000001     
         699  0.12000000000000000     
         700   2.0000000000000000E-002
         701   8.0000000000000002E-002
         702   2.0000000000000000E-002
         703  0.14000000000000001     
         704  0.20000000000000001     
         705  0.10000000000000001     
         706   5.9999999999999998E-002
         707   5.9999999999999998E-002
         708  0.14000000000000001     
         709   2.0000000000000000E-002
         710   8.0000000000000002E-002
         711  0.14000000000000001     
         712  0.16000000000000000     
         713  0.23999999999999999     
         714  0.32000000000000001     
         715  0.12000000000000000     
         716  0.29999999999999999     
         717   2.0000000000000000E-002
         718  0.17999999999999999     
         719  0.38000000000000000     
         720  0.26000000000000001     
         721   8.0000000000000002E-002
         722  0.34000000000000002     
         723   4.0000000000000001E-002
         724   4.0000000000000001E-002
         725   5.9999999999999998E-002
         726  0.12000000000000000     
         727  0.41999999999999998     
         728   4.0000000000000001E-002
         729   4.0000000000000001E-002
         730  0.16000000000000000     
         731   0.0000000000000000     
         732  0.14000000000000001     
         733   2.0000000000000000E-002
         734  0.12000000000000000     
         735  0.10000000000000001     
         736   4.0000000000000001E-002
         737   5.9999999999999998E-002
         738  0.23999999999999999     
         739  0.17999999999999999     
         740  0.16000000000000000     
         741   4.0000000000000001E-002
         742  0.12000000000000000     
         743   4.0000000000000001E-002
         744  0.14000000000000001     
         745  0.17999999999999999     
         746  0.10000000000000001     
         747  0.22000000000000000     
         748  0.20000000000000001     
         749  0.14000000000000001     
         750  0.20000000000000001     
         751  0.17999999999999999     
         752   2.0000000000000000E-002
         753  0.10000000000000001     
         754  0.20000000000000001     
         755   0.0000000000000000     
         756   5.9999999999999998E-002
         757  0.16000000000000000     
         758  0.10000000000000001     
         759  0.14000000000000001     
         760   2.0000000000000000E-002
         761  0.16000000000000000     
         762   8.0000000000000002E-002
         763   2.0000000000000000E-002
         764   5.9999999999999998E-002
         765  0.10000000000000001     
         766   0.0000000000000000     
         767  0.22000000000000000     
         768   4.0000000000000001E-002
         769   4.0000000000000001E-002
         770   2.0000000000000000E-002
         771   5.9999999999999998E-002
         772  0.38000000000000000     
         773  0.34000000000000002     
         774  0.14000000000000001     
         775  0.16000000000000000     
         776  0.14000000000000001     
         777  0.10000000000000001     
         778  0.10000000000000001     
         779  0.12000000000000000     
         780   5.9999999999999998E-002
         781  0.28000000000000003     
         782  0.17999999999999999     
         783  0.14000000000000001     
         784   8.0000000000000002E-002
         785   5.9999999999999998E-002
         786  0.28000000000000003     
         787   0.0000000000000000     
         788  0.14000000000000001     
         789   4.0000000000000001E-002
         790  0.16000000000000000     
         791  0.32000000000000001     
         792  0.10000000000000001     
         793  0.20000000000000001     
         794  0.26000000000000001     
         795  0.23999999999999999     
         796  0.17999999999999999     
         797  0.10000000000000001     
         798  0.26000000000000001     
         799  0.46000000000000002     
         800   8.0000000000000002E-002
         801  0.22000000000000000     
         802  0.38000000000000000     
         803  0.10000000000000001     
         804   8.0000000000000002E-002
         805   2.0000000000000000E-002
         806  0.14000000000000001     
         807  0.10000000000000001     
         808   4.0000000000000001E-002
         809  0.26000000000000001     
         810  0.14000000000000001     
         811  0.22000000000000000     
         812  0.17999999999999999     
         813   4.0000000000000001E-002
         814   8.0000000000000002E-002
         815   4.0000000000000001E-002
         816  0.10000000000000001     
         817  0.23999999999999999     
         818   4.0000000000000001E-002
         819   2.0000000000000000E-002
         820   8.0000000000000002E-002
         821  0.12000000000000000     
         822  0.12000000000000000     
         823  0.14000000000000001     
         824   8.0000000000000002E-002
         825  0.17999999999999999     
         826  0.12000000000000000     
         827   4.0000000000000001E-002
         828   5.9999999999999998E-002
         829  0.26000000000000001     
         830  0.10000000000000001     
         831  0.34000000000000002     
         832  0.23999999999999999     
         833  0.26000000000000001     
         834   8.0000000000000002E-002
         835  0.17999999999999999     
         836  0.14000000000000001     
         837  0.16000000000000000     
         838   2.0000000000000000E-002
         839   5.9999999999999998E-002
         840  0.12000000000000000     
         841  0.14000000000000001     
         842   2.0000000000000000E-002
         843  0.26000000000000001     
         844   2.0000000000000000E-002
         845  0.34000000000000002     
         846  0.10000000000000001     
         847  0.34000000000000002     
         848   5.9999999999999998E-002
         849   8.0000000000000002E-002
         850  0.17999999999999999     
         851   5.9999999999999998E-002
         852  0.23999999999999999     
         853  0.23999999999999999     
         854   4.0000000000000001E-002
         855   0.0000000000000000     
         856   8.0000000000000002E-002
         857  0.28000000000000003     
         858  0.29999999999999999     
         859  0.14000000000000001     
         860  0.38000000000000000     
         861  0.12000000000000000     
         862   4.0000000000000001E-002
         863  0.10000000000000001     
         864  0.16000000000000000     
         865  0.17999999999999999     
         866  0.12000000000000000     
         867   5.9999999999999998E-002
         868  0.26000000000000001     
         869  0.12000000000000000     
         870  0.16000000000000000     
         871  0.28000000000000003     
         872  0.10000000000000001     
         873  0.12000000000000000     
         874  0.26000000000000001     
         875  0.23999999999999999     
         876   8.0000000000000002E-002
         877  0.10000000000000001     
         878  0.22000000000000000     
         879   2.0000000000000000E-002
         880   2.0000000000000000E-002
         881  0.12000000000000000     
         882  0.17999999999999999     
         883  0.20000000000000001     
         884   8.0000000000000002E-002
         885   5.9999999999999998E-002
         886   5.9999999999999998E-002
         887  0.28000000000000003     
         888   2.0000000000000000E-002
         889   8.0000000000000002E-002
         890  0.12000000000000000     
         891  0.29999999999999999     
         892  0.40000000000000002     
         893  0.17999999999999999     
         894   8.0000000000000002E-002
         895  0.22000000000000000     
         896  0.20000000000000001     
         897   8.0000000000000002E-002
         898   8.0000000000000002E-002
         899  0.40000000000000002     
         900  0.40000000000000002     
         901  0.14000000000000001     
         902  0.28000000000000003     
         903  0.20000000000000001     
         904  0.12000000000000000     
         905   5.9999999999999998E-002
         906   0.0000000000000000     
         907  0.16000000000000000     
         908  0.10000000000000001     
         909  0.10000000000000001     
         910   4.0000000000000001E-002
         911  0.16000000000000000     
         912  0.10000000000000001     
         913  0.10000000000000001     
         914  0.10000000000000001     
         915   8.0000000000000002E-002
         916  0.16000000000000000     
         917  0.14000000000000001     
         918   8.0000000000000002E-002
         919   8.0000000000000002E-002
         920  0.10000000000000001     
         921  0.28000000000000003     
         922  0.14000000000000001     
         923   2.0000000000000000E-002
         924   8.0000000000000002E-002
         925  0.12000000000000000     
         926   5.9999999999999998E-002
         927   0.0000000000000000     
         928   4.0000000000000001E-002
         929   4.0000000000000001E-002
         930  0.20000000000000001     
         931   4.0000000000000001E-002
         932  0.14000000000000001     
         933  0.34000000000000002     
         934  0.16000000000000000     
         935  0.16000000000000000     
         936  0.17999999999999999     
         937  0.22000000000000000     
         938   5.9999999999999998E-002
         939  0.20000000000000001     
         940   2.0000000000000000E-002
         941  0.17999999999999999     
         942  0.41999999999999998     
         943   4.0000000000000001E-002
         944   2.0000000000000000E-002
         945  0.12000000000000000     
         946  0.17999999999999999     
         947  0.16000000000000000     
         948  0.17999999999999999     
         949  0.40000000000000002     
         950  0.10000000000000001     
         951  0.10000000000000001     
         952   4.0000000000000001E-002
         953   4.0000000000000001E-002
         954  0.10000000000000001     
         955  0.32000000000000001     
         956  0.20000000000000001     
         957  0.16000000000000000     
         958  0.14000000000000001     
         959  0.20000000000000001     
         960  0.10000000000000001     
         961   8.0000000000000002E-002
         962   4.0000000000000001E-002
         963  0.29999999999999999     
         964  0.10000000000000001     
         965  0.10000000000000001     
         966  0.28000000000000003     
         967  0.12000000000000000     
         968  0.14000000000000001     
         969  0.20000000000000001     
         970  0.35999999999999999     
         971   4.0000000000000001E-002
         972   5.9999999999999998E-002
         973  0.17999999999999999     
         974  0.20000000000000001     
         975  0.29999999999999999     
         976  0.20000000000000001     
         977  0.10000000000000001     
         978  0.10000000000000001     
         979   2.0000000000000000E-002
         980  0.20000000000000001     
         981   0.0000000000000000     
         982  0.16000000000000000     
         983  0.16000000000000000     
         984   2.0000000000000000E-002
         985   4.0000000000000001E-002
         986   8.0000000000000002E-002
         987  0.12000000000000000     
         988   4.0000000000000001E-002
         989   2.0000000000000000E-002
         990   5.9999999999999998E-002
         991  0.14000000000000001     
         992  0.20000000000000001     
         993  0.10000000000000001     
         994   0.0000000000000000     
         995   2.0000000000000000E-002
         996  0.14000000000000001     
         997  0.22000000000000000     
         998  0.20000000000000001     
         999  0.14000000000000001     
        1000  0.14000000000000001     
