           1  0.22320000000000001     
           2  0.13200000000000001     
           3   5.5199999999999999E-002
           4   4.4800000000000000E-002
           5   4.0000000000000001E-003
           6  0.20799999999999999     
           7   8.4000000000000005E-002
           8  0.16719999999999999     
           9  0.14960000000000001     
          10   6.3200000000000006E-002
          11   6.9599999999999995E-002
          12  0.14240000000000000     
          13   4.1599999999999998E-002
          14   9.8400000000000001E-002
          15   6.1600000000000002E-002
          16  0.18400000000000000     
          17   6.4000000000000003E-003
          18   2.5600000000000001E-002
          19  0.14560000000000001     
          20   4.1599999999999998E-002
          21   4.7999999999999996E-003
          22   9.1999999999999998E-002
          23  0.12000000000000000     
          24   5.0400000000000000E-002
          25  0.21840000000000001     
          26   8.9599999999999999E-002
          27   3.9199999999999999E-002
          28  0.22080000000000000     
          29   7.2800000000000004E-002
          30   7.9200000000000007E-002
          31   7.5999999999999998E-002
          32   1.4400000000000000E-002
          33  0.11520000000000000     
          34  0.15520000000000000     
          35   4.2400000000000000E-002
          36  0.21120000000000000     
          37   9.1999999999999998E-002
          38  0.17760000000000001     
          39  0.16400000000000001     
          40  0.22000000000000000     
          41  0.10160000000000000     
          42  0.16159999999999999     
          43  0.20799999999999999     
          44  0.23680000000000001     
          45   4.7999999999999996E-003
          46  0.17040000000000000     
          47   5.1200000000000002E-002
          48   9.1200000000000003E-002
          49   1.6000000000000001E-003
          50   2.8000000000000001E-002
          51   4.7999999999999996E-003
          52   8.7200000000000000E-002
          53  0.10240000000000000     
          54  0.22559999999999999     
          55  0.11840000000000001     
          56  0.11520000000000000     
          57  0.18800000000000000     
          58   1.8400000000000000E-002
          59   7.1199999999999999E-002
          60   7.7600000000000002E-002
          61  0.11760000000000000     
          62   4.0000000000000001E-002
          63   8.6400000000000005E-002
          64   4.0000000000000001E-003
          65   5.5199999999999999E-002
          66  0.19359999999999999     
          67   3.2000000000000002E-003
          68   9.2799999999999994E-002
          69   4.0000000000000001E-003
          70   3.2000000000000002E-003
          71  0.10720000000000000     
          72  0.10560000000000000     
          73  0.23519999999999999     
          74   7.9200000000000007E-002
          75  0.16000000000000000     
          76  0.25919999999999999     
          77   7.1999999999999995E-002
          78   8.1600000000000006E-002
          79  0.17920000000000000     
          80   5.6000000000000001E-002
          81  0.11040000000000000     
          82   7.1999999999999995E-002
          83  0.10160000000000000     
          84   8.0799999999999997E-002
          85   7.8399999999999997E-002
          86   1.0400000000000000E-002
          87   1.9199999999999998E-002
          88   2.2400000000000000E-002
          89  0.13760000000000000     
          90  0.16159999999999999     
          91   6.5600000000000006E-002
          92   0.0000000000000000     
          93   9.2799999999999994E-002
          94   3.4400000000000000E-002
          95   2.6400000000000000E-002
          96   8.2400000000000001E-002
          97   3.0400000000000000E-002
          98   1.1200000000000000E-002
          99   5.6800000000000003E-002
         100  0.16080000000000000     
         101   5.4399999999999997E-002
         102   3.7600000000000001E-002
         103  0.14240000000000000     
         104   9.4399999999999998E-002
         105   8.0000000000000004E-004
         106   8.6400000000000005E-002
         107  0.10400000000000000     
         108  0.14319999999999999     
         109  0.16400000000000001     
         110   8.3199999999999996E-002
         111  0.13680000000000000     
         112  0.11520000000000000     
         113  0.10080000000000000     
         114   7.0400000000000004E-002
         115   5.3600000000000002E-002
         116   6.2399999999999997E-002
         117  0.13760000000000000     
         118  0.14399999999999999     
         119   5.6800000000000003E-002
         120  0.15120000000000000     
         121   8.6400000000000005E-002
         122   8.9599999999999999E-002
         123   3.5999999999999997E-002
         124   8.7999999999999995E-002
         125   4.7199999999999999E-002
         126   2.1600000000000001E-002
         127   5.5999999999999999E-003
         128   3.5200000000000002E-002
         129   8.0000000000000002E-003
         130   6.7199999999999996E-002
         131   9.1999999999999998E-002
         132   2.0000000000000000E-002
         133   5.9200000000000003E-002
         134  0.15920000000000001     
         135  0.15840000000000001     
         136   6.8800000000000000E-002
         137  0.12479999999999999     
         138   2.2400000000000000E-002
         139  0.10240000000000000     
         140  0.17999999999999999     
         141   7.7600000000000002E-002
         142   5.1200000000000002E-002
         143  0.20319999999999999     
         144  0.17440000000000000     
         145  0.31359999999999999     
         146   8.9599999999999999E-002
         147  0.13280000000000000     
         148  0.18479999999999999     
         149   6.8800000000000000E-002
         150  0.21279999999999999     
         151   1.2800000000000001E-002
         152  0.20880000000000001     
         153   6.9599999999999995E-002
         154   2.7199999999999998E-002
         155   5.6000000000000001E-002
         156   7.2800000000000004E-002
         157  0.14160000000000000     
         158   9.1999999999999998E-002
         159  0.12640000000000001     
         160   4.0000000000000001E-002
         161  0.12400000000000000     
         162   3.8399999999999997E-002
         163   4.3999999999999997E-002
         164   6.5600000000000006E-002
         165  0.10960000000000000     
         166   6.6400000000000001E-002
         167   4.4800000000000000E-002
         168   7.3599999999999999E-002
         169   5.9999999999999998E-002
         170   5.4399999999999997E-002
         171  0.10639999999999999     
         172   7.6799999999999993E-002
         173   1.2800000000000001E-002
         174  0.20080000000000001     
         175  0.11040000000000000     
         176   6.5600000000000006E-002
         177   1.2000000000000000E-002
         178  0.10480000000000000     
         179  0.22239999999999999     
         180   4.6399999999999997E-002
         181   1.3599999999999999E-002
         182   6.8800000000000000E-002
         183   5.7599999999999998E-002
         184   6.1600000000000002E-002
         185   6.5600000000000006E-002
         186   4.0000000000000001E-002
         187   8.8800000000000004E-002
         188  0.11440000000000000     
         189   5.0400000000000000E-002
         190  0.15120000000000000     
         191   3.5999999999999997E-002
         192   9.2799999999999994E-002
         193   1.9199999999999998E-002
         194   7.5200000000000003E-002
         195   9.1200000000000003E-002
         196   5.0400000000000000E-002
         197   1.9199999999999998E-002
         198  0.10240000000000000     
         199   1.9199999999999998E-002
         200  0.10639999999999999     
         201  0.19040000000000001     
         202  0.13360000000000000     
         203   1.2000000000000000E-002
         204   7.4399999999999994E-002
         205   2.3199999999999998E-002
         206   3.3599999999999998E-002
         207  0.32319999999999999     
         208   6.5600000000000006E-002
         209  0.17040000000000000     
         210   3.9199999999999999E-002
         211   8.8800000000000004E-002
         212   1.3599999999999999E-002
         213  0.17999999999999999     
         214  0.28960000000000002     
         215   2.2400000000000000E-002
         216   1.6000000000000000E-002
         217   1.7600000000000001E-002
         218   5.9999999999999998E-002
         219  0.10480000000000000     
         220  0.13280000000000000     
         221  0.15600000000000000     
         222   9.3600000000000003E-002
         223   3.1199999999999999E-002
         224   4.6399999999999997E-002
         225  0.12880000000000000     
         226  0.13200000000000001     
         227   9.1999999999999998E-002
         228  0.14399999999999999     
         229   1.2000000000000000E-002
         230  0.15759999999999999     
         231   1.2000000000000000E-002
         232   4.7999999999999996E-003
         233   8.1600000000000006E-002
         234   4.0000000000000001E-003
         235  0.13840000000000000     
         236  0.14319999999999999     
         237  0.17519999999999999     
         238   4.3999999999999997E-002
         239  0.24560000000000001     
         240   5.5999999999999999E-003
         241   3.9199999999999999E-002
         242  0.10879999999999999     
         243  0.12239999999999999     
         244   7.1199999999999999E-002
         245  0.11600000000000001     
         246   3.3599999999999998E-002
         247  0.13280000000000000     
         248  0.21279999999999999     
         249   1.6799999999999999E-002
         250   4.6399999999999997E-002
         251   1.1200000000000000E-002
         252  0.14080000000000001     
         253   8.0000000000000002E-002
         254  0.15200000000000000     
         255   6.2399999999999997E-002
         256   8.7200000000000000E-002
         257   2.3999999999999998E-003
         258  0.11440000000000000     
         259   4.0000000000000001E-003
         260   4.8000000000000001E-002
         261  0.20399999999999999     
         262   0.0000000000000000     
         263  0.24079999999999999     
         264  0.10080000000000000     
         265   2.3199999999999998E-002
         266   2.7199999999999998E-002
         267  0.16320000000000001     
         268  0.20399999999999999     
         269  0.13039999999999999     
         270   6.8800000000000000E-002
         271  0.14399999999999999     
         272   9.0399999999999994E-002
         273   5.6800000000000003E-002
         274  0.26400000000000001     
         275  0.26400000000000001     
         276   1.9199999999999998E-002
         277  0.13919999999999999     
         278   6.0800000000000000E-002
         279   7.2800000000000004E-002
         280  0.21440000000000001     
         281   3.1199999999999999E-002
         282  0.29039999999999999     
         283   9.9199999999999997E-002
         284   6.1600000000000002E-002
         285  0.25280000000000002     
         286   8.8800000000000004E-002
         287   2.7199999999999998E-002
         288   8.0000000000000002E-002
         289   8.0799999999999997E-002
         290   6.4000000000000003E-003
         291   9.5200000000000007E-002
         292  0.23039999999999999     
         293  0.23999999999999999     
         294  0.15440000000000001     
         295  0.16960000000000000     
         296   7.7600000000000002E-002
         297   5.1200000000000002E-002
         298   8.0000000000000002E-002
         299   8.6400000000000005E-002
         300  0.11840000000000001     
         301   5.4399999999999997E-002
         302   1.7600000000000001E-002
         303  0.20640000000000000     
         304  0.21040000000000000     
         305  0.11760000000000000     
         306   9.8400000000000001E-002
         307  0.10560000000000000     
         308  0.29999999999999999     
         309  0.12720000000000001     
         310   1.2800000000000001E-002
         311   9.6000000000000002E-002
         312  0.16320000000000001     
         313   6.9599999999999995E-002
         314  0.23360000000000000     
         315   3.1199999999999999E-002
         316   2.2400000000000000E-002
         317  0.16639999999999999     
         318   2.4000000000000000E-002
         319   8.8000000000000005E-003
         320   7.6799999999999993E-002
         321   3.1199999999999999E-002
         322  0.20080000000000001     
         323  0.14240000000000000     
         324   6.0800000000000000E-002
         325  0.17599999999999999     
         326   3.2800000000000003E-002
         327  0.14240000000000000     
         328   5.1999999999999998E-002
         329  0.10639999999999999     
         330   2.0000000000000000E-002
         331   5.4399999999999997E-002
         332   3.2800000000000003E-002
         333  0.13519999999999999     
         334  0.12479999999999999     
         335   3.7600000000000001E-002
         336  0.11040000000000000     
         337   6.8000000000000005E-002
         338   6.6400000000000001E-002
         339   7.4399999999999994E-002
         340  0.11840000000000001     
         341  0.16639999999999999     
         342  0.19200000000000000     
         343   1.0400000000000000E-002
         344  0.11280000000000000     
         345   8.0000000000000002E-002
         346  0.19280000000000000     
         347  0.15759999999999999     
         348  0.35039999999999999     
         349   5.6800000000000003E-002
         350   3.6799999999999999E-002
         351  0.13200000000000001     
         352   9.7600000000000006E-002
         353   7.8399999999999997E-002
         354  0.10639999999999999     
         355  0.10720000000000000     
         356   2.4000000000000000E-002
         357   7.7600000000000002E-002
         358   7.9200000000000007E-002
         359   6.3200000000000006E-002
         360  0.28079999999999999     
         361   3.7600000000000001E-002
         362   9.4399999999999998E-002
         363   4.3200000000000002E-002
         364   3.5999999999999997E-002
         365   8.1600000000000006E-002
         366   4.3200000000000002E-002
         367   1.6000000000000001E-003
         368   5.5199999999999999E-002
         369   8.0799999999999997E-002
         370  0.23440000000000000     
         371  0.11920000000000000     
         372  0.10480000000000000     
         373  0.18479999999999999     
         374   5.0400000000000000E-002
         375  0.15759999999999999     
         376   7.2800000000000004E-002
         377  0.16400000000000001     
         378  0.14240000000000000     
         379  0.10560000000000000     
         380   7.1199999999999999E-002
         381   8.9599999999999999E-002
         382   9.4399999999999998E-002
         383   4.0000000000000001E-002
         384   7.1999999999999998E-003
         385  0.10879999999999999     
         386   5.1200000000000002E-002
         387  0.12479999999999999     
         388  0.14799999999999999     
         389   8.7999999999999995E-002
         390   4.0000000000000001E-003
         391   7.6799999999999993E-002
         392  0.14799999999999999     
         393   2.0000000000000000E-002
         394   9.1999999999999998E-002
         395   4.6399999999999997E-002
         396  0.22559999999999999     
         397   6.4000000000000003E-003
         398  0.13680000000000000     
         399  0.12479999999999999     
         400   9.1200000000000003E-002
         401  0.18559999999999999     
         402   7.3599999999999999E-002
         403   2.1600000000000001E-002
         404  0.14879999999999999     
         405   5.8400000000000001E-002
         406   3.3599999999999998E-002
         407   3.0400000000000000E-002
         408  0.14560000000000001     
         409  0.11760000000000000     
         410  0.19280000000000000     
         411   9.5999999999999992E-003
         412  0.24800000000000000     
         413   6.5600000000000006E-002
         414   4.1599999999999998E-002
         415  0.10160000000000000     
         416   8.0799999999999997E-002
         417   9.9199999999999997E-002
         418   8.7999999999999995E-002
         419   1.4400000000000000E-002
         420  0.22720000000000001     
         421   3.6799999999999999E-002
         422   2.4000000000000000E-002
         423  0.13439999999999999     
         424  0.12959999999999999     
         425  0.15520000000000000     
         426  0.14799999999999999     
         427   5.9999999999999998E-002
         428  0.10160000000000000     
         429  0.12720000000000001     
         430   3.3599999999999998E-002
         431  0.11200000000000000     
         432   8.3199999999999996E-002
         433  0.24160000000000001     
         434   4.3999999999999997E-002
         435   1.1200000000000000E-002
         436  0.24479999999999999     
         437  0.24800000000000000     
         438  0.21279999999999999     
         439   2.7199999999999998E-002
         440   4.3999999999999997E-002
         441   4.3999999999999997E-002
         442  0.11200000000000000     
         443  0.10080000000000000     
         444   7.9200000000000007E-002
         445  0.10879999999999999     
         446  0.27039999999999997     
         447   1.4400000000000000E-002
         448   6.4000000000000001E-002
         449  0.22720000000000001     
         450   7.6799999999999993E-002
         451   1.9199999999999998E-002
         452   9.8400000000000001E-002
         453  0.12000000000000000     
         454   7.9200000000000007E-002
         455   5.1999999999999998E-002
         456  0.25200000000000000     
         457   9.5999999999999992E-003
         458   3.3599999999999998E-002
         459   2.3199999999999998E-002
         460   9.0399999999999994E-002
         461   7.2800000000000004E-002
         462   4.3999999999999997E-002
         463  0.22960000000000000     
         464  0.28639999999999999     
         465  0.22720000000000001     
         466   4.6399999999999997E-002
         467  0.12479999999999999     
         468   9.5999999999999992E-003
         469  0.27279999999999999     
         470   2.0799999999999999E-002
         471  0.11360000000000001     
         472  0.18959999999999999     
         473   4.7999999999999996E-003
         474   2.3199999999999998E-002
         475  0.14720000000000000     
         476   8.2400000000000001E-002
         477  0.23440000000000000     
         478  0.10400000000000000     
         479  0.19600000000000001     
         480   1.4400000000000000E-002
         481  0.14240000000000000     
         482   9.3600000000000003E-002
         483   2.6400000000000000E-002
         484   4.3999999999999997E-002
         485   1.0400000000000000E-002
         486  0.13680000000000000     
         487  0.13840000000000000     
         488   1.3599999999999999E-002
         489  0.13200000000000001     
         490   5.3600000000000002E-002
         491  0.12559999999999999     
         492   8.4800000000000000E-002
         493  0.11360000000000001     
         494   1.8400000000000000E-002
         495   3.9199999999999999E-002
         496  0.14000000000000001     
         497   4.2400000000000000E-002
         498  0.10639999999999999     
         499  0.24160000000000001     
         500  0.19200000000000000     
         501  0.15600000000000000     
         502  0.11119999999999999     
         503  0.23680000000000001     
         504   8.5599999999999996E-002
         505   7.1999999999999998E-003
         506   2.6400000000000000E-002
         507   8.5599999999999996E-002
         508   6.2399999999999997E-002
         509   8.0799999999999997E-002
         510  0.12720000000000001     
         511   6.0800000000000000E-002
         512   7.9200000000000007E-002
         513   6.4000000000000001E-002
         514  0.12000000000000000     
         515  0.14720000000000000     
         516  0.10720000000000000     
         517   7.9200000000000007E-002
         518   2.9600000000000001E-002
         519   9.3600000000000003E-002
         520  0.18800000000000000     
         521  0.12959999999999999     
         522  0.27360000000000001     
         523   1.9199999999999998E-002
         524   7.2800000000000004E-002
         525  0.23360000000000000     
         526   8.4800000000000000E-002
         527   2.6400000000000000E-002
         528   6.4000000000000003E-003
         529  0.19919999999999999     
         530   9.7600000000000006E-002
         531   5.6800000000000003E-002
         532  0.12640000000000001     
         533   4.3200000000000002E-002
         534   3.6799999999999999E-002
         535   6.1600000000000002E-002
         536  0.13360000000000000     
         537   5.5199999999999999E-002
         538   5.4399999999999997E-002
         539   1.9199999999999998E-002
         540   4.8000000000000001E-002
         541  0.10000000000000001     
         542   4.1599999999999998E-002
         543  0.27600000000000002     
         544  0.14240000000000000     
         545   4.3999999999999997E-002
         546  0.24479999999999999     
         547  0.11040000000000000     
         548  0.23440000000000000     
         549  0.21600000000000000     
         550  0.30320000000000003     
         551  0.12880000000000000     
         552   4.3200000000000002E-002
         553   5.1999999999999998E-002
         554  0.15520000000000000     
         555   5.1200000000000002E-002
         556   2.3999999999999998E-003
         557  0.13919999999999999     
         558  0.22559999999999999     
         559   4.6399999999999997E-002
         560   3.5200000000000002E-002
         561   6.4799999999999996E-002
         562  0.12640000000000001     
         563  0.12479999999999999     
         564   2.8799999999999999E-002
         565   8.0000000000000004E-004
         566  0.16000000000000000     
         567   6.3200000000000006E-002
         568  0.25600000000000001     
         569  0.11600000000000001     
         570   3.5999999999999997E-002
         571   5.2800000000000000E-002
         572   1.8400000000000000E-002
         573  0.11360000000000001     
         574  0.21679999999999999     
         575   1.9199999999999998E-002
         576   2.4799999999999999E-002
         577  0.10720000000000000     
         578   9.9199999999999997E-002
         579   2.4000000000000000E-002
         580   1.3599999999999999E-002
         581   5.0400000000000000E-002
         582   2.4799999999999999E-002
         583  0.15759999999999999     
         584  0.12000000000000000     
         585   9.9199999999999997E-002
         586  0.12479999999999999     
         587  0.20720000000000000     
         588   7.1999999999999998E-003
         589   1.0400000000000000E-002
         590  0.21840000000000001     
         591   4.3200000000000002E-002
         592   8.0799999999999997E-002
         593  0.22880000000000000     
         594  0.20880000000000001     
         595  0.11119999999999999     
         596   5.6000000000000001E-002
         597   7.5999999999999998E-002
         598   5.0400000000000000E-002
         599   2.4799999999999999E-002
         600   7.6799999999999993E-002
         601   7.1999999999999995E-002
         602  0.25600000000000001     
         603   2.8799999999999999E-002
         604  0.12239999999999999     
         605   8.7200000000000000E-002
         606  0.10720000000000000     
         607   5.9200000000000003E-002
         608  0.18559999999999999     
         609   6.4799999999999996E-002
         610   2.0000000000000000E-002
         611   9.7600000000000006E-002
         612  0.21520000000000000     
         613  0.12720000000000001     
         614   5.8400000000000001E-002
         615   5.7599999999999998E-002
         616  0.22400000000000000     
         617  0.21759999999999999     
         618   9.4399999999999998E-002
         619   5.9999999999999998E-002
         620  0.16400000000000001     
         621  0.17840000000000000     
         622   7.1999999999999995E-002
         623  0.23280000000000001     
         624   7.1999999999999995E-002
         625  0.15600000000000000     
         626  0.10000000000000001     
         627  0.10720000000000000     
         628   6.0800000000000000E-002
         629  0.20319999999999999     
         630  0.11840000000000001     
         631  0.11920000000000000     
         632   9.4399999999999998E-002
         633  0.10560000000000000     
         634  0.27279999999999999     
         635   2.3199999999999998E-002
         636  0.16239999999999999     
         637  0.12959999999999999     
         638  0.12880000000000000     
         639  0.27760000000000001     
         640  0.28880000000000000     
         641   8.7999999999999995E-002
         642   4.0000000000000001E-002
         643  0.17760000000000001     
         644   9.2799999999999994E-002
         645   2.4000000000000000E-002
         646  0.10480000000000000     
         647   3.4400000000000000E-002
         648   4.6399999999999997E-002
         649   9.4399999999999998E-002
         650   8.6400000000000005E-002
         651  0.11520000000000000     
         652   3.4400000000000000E-002
         653   1.2000000000000000E-002
         654   6.3200000000000006E-002
         655   5.1999999999999998E-002
         656   8.6400000000000005E-002
         657  0.13680000000000000     
         658   1.5200000000000000E-002
         659   1.6000000000000000E-002
         660  0.31759999999999999     
         661   1.3599999999999999E-002
         662  0.11760000000000000     
         663   4.4800000000000000E-002
         664   8.0000000000000002E-002
         665   4.2400000000000000E-002
         666  0.16239999999999999     
         667  0.10000000000000001     
         668  0.15279999999999999     
         669   4.8000000000000001E-002
         670   1.9199999999999998E-002
         671   6.2399999999999997E-002
         672   5.1200000000000002E-002
         673  0.15440000000000001     
         674   8.3199999999999996E-002
         675  0.29520000000000002     
         676   5.2800000000000000E-002
         677   3.2000000000000002E-003
         678   7.9200000000000007E-002
         679  0.10080000000000000     
         680   5.3600000000000002E-002
         681  0.24240000000000000     
         682  0.21279999999999999     
         683  0.21840000000000001     
         684  0.22800000000000001     
         685  0.24399999999999999     
         686  0.14480000000000001     
         687  0.11280000000000000     
         688  0.14960000000000001     
         689  0.26319999999999999     
         690   5.6000000000000001E-002
         691   5.5999999999999999E-003
         692   7.6799999999999993E-002
         693   3.1199999999999999E-002
         694   7.1199999999999999E-002
         695   5.5999999999999999E-003
         696   7.6799999999999993E-002
         697  0.12880000000000000     
         698   8.5599999999999996E-002
         699  0.34799999999999998     
         700   7.9200000000000007E-002
         701  0.23200000000000001     
         702   4.0000000000000001E-003
         703   9.3600000000000003E-002
         704   6.8000000000000005E-002
         705  0.31519999999999998     
         706   1.1200000000000000E-002
         707   2.4799999999999999E-002
         708   2.4000000000000000E-002
         709   7.5999999999999998E-002
         710  0.16000000000000000     
         711   7.3599999999999999E-002
         712   6.9599999999999995E-002
         713  0.17199999999999999     
         714   4.4800000000000000E-002
         715   9.7600000000000006E-002
         716   9.9199999999999997E-002
         717   6.5600000000000006E-002
         718   2.8799999999999999E-002
         719   2.4799999999999999E-002
         720   6.4000000000000003E-003
         721   8.2400000000000001E-002
         722   4.5600000000000002E-002
         723  0.11760000000000000     
         724   9.1200000000000003E-002
         725   9.7600000000000006E-002
         726   9.1200000000000003E-002
         727  0.11840000000000001     
         728   2.5600000000000001E-002
         729   1.5200000000000000E-002
         730   1.0400000000000000E-002
         731   8.9599999999999999E-002
         732  0.14879999999999999     
         733  0.20399999999999999     
         734   9.1999999999999998E-002
         735   1.6000000000000000E-002
         736  0.17040000000000000     
         737  0.12479999999999999     
         738   3.8399999999999997E-002
         739  0.16560000000000000     
         740  0.16000000000000000     
         741   5.1200000000000002E-002
         742  0.11440000000000000     
         743   7.1999999999999995E-002
         744  0.14240000000000000     
         745   2.2400000000000000E-002
         746   5.6000000000000001E-002
         747  0.15840000000000001     
         748   6.6400000000000001E-002
         749  0.27839999999999998     
         750  0.16400000000000001     
         751   7.3599999999999999E-002
         752   7.6799999999999993E-002
         753   3.2800000000000003E-002
         754   7.9200000000000007E-002
         755   1.1200000000000000E-002
         756   5.0400000000000000E-002
         757   3.4400000000000000E-002
         758   9.3600000000000003E-002
         759   6.4000000000000001E-002
         760   4.0000000000000001E-003
         761   8.8000000000000005E-003
         762  0.17840000000000000     
         763   7.6799999999999993E-002
         764   3.4400000000000000E-002
         765   6.3200000000000006E-002
         766  0.11920000000000000     
         767  0.22320000000000001     
         768   1.2000000000000000E-002
         769  0.14799999999999999     
         770   3.6799999999999999E-002
         771   4.3999999999999997E-002
         772   1.5200000000000000E-002
         773   3.3599999999999998E-002
         774   6.2399999999999997E-002
         775   4.2400000000000000E-002
         776  0.11440000000000000     
         777  0.14080000000000001     
         778   8.8800000000000004E-002
         779  0.13280000000000000     
         780  0.16000000000000000     
         781   7.1999999999999998E-003
         782  0.11920000000000000     
         783  0.25840000000000002     
         784   1.0400000000000000E-002
         785  0.10720000000000000     
         786   5.1999999999999998E-002
         787  0.14399999999999999     
         788   6.1600000000000002E-002
         789   1.9199999999999998E-002
         790  0.22320000000000001     
         791  0.20560000000000000     
         792   5.5199999999999999E-002
         793  0.19520000000000001     
         794  0.19520000000000001     
         795   5.5199999999999999E-002
         796  0.14720000000000000     
         797  0.16800000000000001     
         798   4.4800000000000000E-002
         799  0.17519999999999999     
         800  0.10160000000000000     
         801   7.5200000000000003E-002
         802   9.5999999999999992E-003
         803  0.19680000000000000     
         804   3.7600000000000001E-002
         805   3.2800000000000003E-002
         806   7.0400000000000004E-002
         807  0.23680000000000001     
         808  0.25519999999999998     
         809   2.8799999999999999E-002
         810   1.7600000000000001E-002
         811   8.7200000000000000E-002
         812  0.11920000000000000     
         813  0.20480000000000001     
         814   9.1200000000000003E-002
         815   9.6799999999999997E-002
         816   6.3200000000000006E-002
         817  0.13760000000000000     
         818  0.18320000000000000     
         819   7.6799999999999993E-002
         820   3.1199999999999999E-002
         821   9.0399999999999994E-002
         822   2.8000000000000001E-002
         823  0.21440000000000001     
         824   8.0799999999999997E-002
         825   2.6400000000000000E-002
         826   3.3599999999999998E-002
         827   7.8399999999999997E-002
         828  0.14480000000000001     
         829   5.9999999999999998E-002
         830   6.8000000000000005E-002
         831   4.3999999999999997E-002
         832  0.13120000000000001     
         833   6.7199999999999996E-002
         834  0.19359999999999999     
         835   5.6000000000000001E-002
         836   3.3599999999999998E-002
         837   1.6799999999999999E-002
         838   1.6000000000000001E-003
         839   5.9200000000000003E-002
         840   6.4000000000000003E-003
         841  0.18559999999999999     
         842  0.18400000000000000     
         843  0.34399999999999997     
         844   5.0400000000000000E-002
         845  0.13760000000000000     
         846   3.5999999999999997E-002
         847  0.16400000000000001     
         848   2.8000000000000001E-002
         849  0.28639999999999999     
         850  0.10400000000000000     
         851  0.14960000000000001     
         852   6.9599999999999995E-002
         853  0.11280000000000000     
         854   4.8000000000000001E-002
         855   1.2800000000000001E-002
         856  0.11840000000000001     
         857  0.21279999999999999     
         858   8.0000000000000002E-003
         859  0.11840000000000001     
         860   4.4800000000000000E-002
         861   5.1999999999999998E-002
         862   8.1600000000000006E-002
         863  0.22480000000000000     
         864  0.10800000000000000     
         865   9.7600000000000006E-002
         866   7.4399999999999994E-002
         867   3.2000000000000001E-002
         868   2.6400000000000000E-002
         869   3.7600000000000001E-002
         870  0.13680000000000000     
         871   9.8400000000000001E-002
         872   4.7199999999999999E-002
         873   6.4000000000000003E-003
         874  0.13680000000000000     
         875   4.3999999999999997E-002
         876   5.7599999999999998E-002
         877   4.9599999999999998E-002
         878   3.2000000000000002E-003
         879   5.9999999999999998E-002
         880   7.0400000000000004E-002
         881   4.1599999999999998E-002
         882   5.5199999999999999E-002
         883   5.4399999999999997E-002
         884   6.4000000000000003E-003
         885   2.2400000000000000E-002
         886   1.6799999999999999E-002
         887   5.3600000000000002E-002
         888  0.11680000000000000     
         889   3.2000000000000002E-003
         890   8.5599999999999996E-002
         891  0.24959999999999999     
         892   7.3599999999999999E-002
         893  0.11520000000000000     
         894   8.3199999999999996E-002
         895   8.5599999999999996E-002
         896  0.18160000000000001     
         897  0.15679999999999999     
         898   1.9199999999999998E-002
         899   4.4800000000000000E-002
         900   3.9199999999999999E-002
         901  0.11200000000000000     
         902   7.0400000000000004E-002
         903   2.4000000000000000E-002
         904   6.0800000000000000E-002
         905   7.6799999999999993E-002
         906  0.18079999999999999     
         907  0.21920000000000001     
         908   5.3600000000000002E-002
         909  0.20399999999999999     
         910   8.8800000000000004E-002
         911   3.5200000000000002E-002
         912   1.0400000000000000E-002
         913   7.1999999999999995E-002
         914  0.38560000000000000     
         915   5.6000000000000001E-002
         916   5.2800000000000000E-002
         917   7.1999999999999998E-003
         918  0.18880000000000000     
         919  0.21920000000000001     
         920   8.9599999999999999E-002
         921  0.13439999999999999     
         922  0.21199999999999999     
         923  0.19359999999999999     
         924  0.12880000000000000     
         925  0.11040000000000000     
         926  0.16239999999999999     
         927  0.23200000000000001     
         928   4.5600000000000002E-002
         929   6.0800000000000000E-002
         930  0.18160000000000001     
         931   2.0799999999999999E-002
         932   6.6400000000000001E-002
         933  0.16320000000000001     
         934   6.8800000000000000E-002
         935   8.5599999999999996E-002
         936   2.3999999999999998E-003
         937   6.8800000000000000E-002
         938  0.19040000000000001     
         939   2.4000000000000000E-002
         940   4.1599999999999998E-002
         941  0.18079999999999999     
         942  0.10560000000000000     
         943  0.13519999999999999     
         944  0.13200000000000001     
         945   2.4799999999999999E-002
         946  0.18720000000000001     
         947   7.5200000000000003E-002
         948   2.3199999999999998E-002
         949   5.0400000000000000E-002
         950   3.7600000000000001E-002
         951   9.4399999999999998E-002
         952   7.6799999999999993E-002
         953   5.8400000000000001E-002
         954   4.2400000000000000E-002
         955  0.16480000000000000     
         956   3.0400000000000000E-002
         957  0.11600000000000001     
         958   8.9599999999999999E-002
         959   7.8399999999999997E-002
         960   5.8400000000000001E-002
         961   8.8000000000000005E-003
         962  0.16400000000000001     
         963  0.19520000000000001     
         964   1.6799999999999999E-002
         965  0.11360000000000001     
         966   8.8800000000000004E-002
         967  0.17920000000000000     
         968   1.6000000000000001E-003
         969   7.1199999999999999E-002
         970   7.3599999999999999E-002
         971   2.8000000000000001E-002
         972  0.17360000000000000     
         973  0.14720000000000000     
         974   9.5999999999999992E-003
         975   5.7599999999999998E-002
         976   6.6400000000000001E-002
         977   6.6400000000000001E-002
         978   2.2400000000000000E-002
         979   7.1199999999999999E-002
         980   5.0400000000000000E-002
         981  0.10720000000000000     
         982  0.10080000000000000     
         983   3.5200000000000002E-002
         984  0.28079999999999999     
         985  0.14720000000000000     
         986   2.6400000000000000E-002
         987   2.0799999999999999E-002
         988  0.21279999999999999     
         989   9.9199999999999997E-002
         990   1.6000000000000001E-003
         991  0.19839999999999999     
         992   3.7600000000000001E-002
         993  0.23519999999999999     
         994  0.15440000000000001     
         995   4.8000000000000001E-002
         996   4.8000000000000001E-002
         997  0.11040000000000000     
         998  0.17599999999999999     
         999   4.0000000000000001E-003
        1000   6.8000000000000005E-002
        1001  0.15279999999999999     
        1002  0.16159999999999999     
        1003   7.1999999999999998E-003
        1004  0.22159999999999999     
        1005   5.2800000000000000E-002
        1006   4.6399999999999997E-002
        1007  0.15920000000000001     
        1008   6.0800000000000000E-002
        1009   6.3200000000000006E-002
        1010  0.13439999999999999     
        1011   5.2800000000000000E-002
        1012  0.26160000000000000     
        1013   1.2000000000000000E-002
        1014   5.6000000000000001E-002
        1015   8.4800000000000000E-002
        1016   6.6400000000000001E-002
        1017  0.25519999999999998     
        1018   2.0799999999999999E-002
        1019  0.12959999999999999     
        1020   3.0400000000000000E-002
        1021   5.1200000000000002E-002
        1022  0.13360000000000000     
        1023   8.0000000000000002E-002
        1024   8.0799999999999997E-002
        1025  0.11680000000000000     
        1026  0.20960000000000001     
        1027   2.6400000000000000E-002
        1028  0.22159999999999999     
        1029  0.20720000000000000     
        1030   6.4000000000000001E-002
        1031  0.10000000000000001     
        1032   8.9599999999999999E-002
        1033  0.11920000000000000     
        1034  0.21440000000000001     
        1035  0.19520000000000001     
        1036   1.1200000000000000E-002
        1037   4.6399999999999997E-002
        1038   5.8400000000000001E-002
        1039   8.7999999999999995E-002
        1040   9.1999999999999998E-002
        1041   6.7199999999999996E-002
        1042   3.5200000000000002E-002
        1043   3.0400000000000000E-002
        1044   8.0000000000000004E-004
        1045  0.31759999999999999     
        1046   5.5999999999999999E-003
        1047   9.6000000000000002E-002
        1048  0.12239999999999999     
        1049   3.2000000000000002E-003
        1050  0.12400000000000000     
        1051  0.10560000000000000     
        1052  0.29759999999999998     
        1053   8.0000000000000002E-003
        1054   3.1199999999999999E-002
        1055   7.9200000000000007E-002
        1056  0.11040000000000000     
        1057  0.15759999999999999     
        1058   8.9599999999999999E-002
        1059   3.7600000000000001E-002
        1060  0.13360000000000000     
        1061   2.4799999999999999E-002
        1062   1.1200000000000000E-002
        1063   3.5999999999999997E-002
        1064   6.3200000000000006E-002
        1065   9.7600000000000006E-002
        1066   5.9999999999999998E-002
        1067  0.23840000000000000     
        1068   8.8000000000000005E-003
        1069   1.7600000000000001E-002
        1070  0.12080000000000000     
        1071   9.5999999999999992E-003
        1072   2.9600000000000001E-002
        1073  0.11280000000000000     
        1074  0.11840000000000001     
        1075   4.3999999999999997E-002
        1076   1.3599999999999999E-002
        1077   5.5999999999999999E-003
        1078   8.4800000000000000E-002
        1079  0.10160000000000000     
        1080  0.17119999999999999     
        1081   7.1999999999999995E-002
        1082   2.3999999999999998E-003
        1083   8.8800000000000004E-002
        1084  0.19919999999999999     
        1085   6.8000000000000005E-002
        1086  0.14640000000000000     
        1087  0.10800000000000000     
        1088   1.0400000000000000E-002
        1089   4.4800000000000000E-002
        1090   8.0000000000000004E-004
        1091   4.2400000000000000E-002
        1092  0.15279999999999999     
        1093  0.22720000000000001     
        1094  0.15440000000000001     
        1095   1.2800000000000001E-002
        1096   6.4000000000000001E-002
        1097  0.16000000000000000     
        1098  0.13439999999999999     
        1099   3.1199999999999999E-002
        1100   7.7600000000000002E-002
        1101  0.12959999999999999     
        1102   7.4399999999999994E-002
        1103  0.21279999999999999     
        1104   9.3600000000000003E-002
        1105   6.2399999999999997E-002
        1106  0.11920000000000000     
        1107  0.10240000000000000     
        1108   2.2400000000000000E-002
        1109  0.17760000000000001     
        1110  0.13519999999999999     
        1111   7.4399999999999994E-002
        1112   6.4799999999999996E-002
        1113  0.12640000000000001     
        1114  0.19760000000000000     
        1115  0.13760000000000000     
        1116  0.12000000000000000     
        1117   9.0399999999999994E-002
        1118  0.23680000000000001     
        1119   7.0400000000000004E-002
        1120   4.5600000000000002E-002
        1121  0.13840000000000000     
        1122   4.2400000000000000E-002
        1123   7.1999999999999998E-003
        1124   8.9599999999999999E-002
        1125   1.5200000000000000E-002
        1126   3.6799999999999999E-002
        1127   1.5200000000000000E-002
        1128   1.8400000000000000E-002
        1129  0.23119999999999999     
        1130  0.16320000000000001     
        1131  0.18640000000000001     
        1132   9.7600000000000006E-002
        1133   9.4399999999999998E-002
        1134  0.13039999999999999     
        1135  0.20080000000000001     
        1136   7.5200000000000003E-002
        1137  0.27120000000000000     
        1138  0.11200000000000000     
        1139  0.17280000000000001     
        1140   7.7600000000000002E-002
        1141   7.0400000000000004E-002
        1142   5.9200000000000003E-002
        1143   6.8800000000000000E-002
        1144  0.14080000000000001     
        1145  0.11440000000000000     
        1146   4.7999999999999996E-003
        1147   7.4399999999999994E-002
        1148   4.7199999999999999E-002
        1149  0.32719999999999999     
        1150   5.1200000000000002E-002
        1151   6.9599999999999995E-002
        1152   8.4000000000000005E-002
        1153   6.5600000000000006E-002
        1154  0.13760000000000000     
        1155   8.5599999999999996E-002
        1156  0.11520000000000000     
        1157  0.14560000000000001     
        1158   5.5999999999999999E-003
        1159   3.3599999999999998E-002
        1160  0.17040000000000000     
        1161   4.0800000000000003E-002
        1162  0.23840000000000000     
        1163  0.10879999999999999     
        1164  0.19520000000000001     
        1165  0.20240000000000000     
        1166  0.15440000000000001     
        1167   2.4000000000000000E-002
        1168   6.2399999999999997E-002
        1169   2.7199999999999998E-002
        1170  0.38479999999999998     
        1171   1.4400000000000000E-002
        1172   7.6799999999999993E-002
        1173   3.2000000000000002E-003
        1174   7.5999999999999998E-002
        1175  0.17440000000000000     
        1176  0.13919999999999999     
        1177   6.4000000000000003E-003
        1178   2.6400000000000000E-002
        1179   5.6800000000000003E-002
        1180  0.10800000000000000     
        1181   8.7999999999999995E-002
        1182  0.10480000000000000     
        1183   1.7600000000000001E-002
        1184   5.8400000000000001E-002
        1185  0.12640000000000001     
        1186  0.10879999999999999     
        1187   5.6800000000000003E-002
        1188   5.2800000000000000E-002
        1189   9.6799999999999997E-002
        1190  0.11280000000000000     
        1191  0.15359999999999999     
        1192   6.5600000000000006E-002
        1193   4.0800000000000003E-002
        1194   6.4000000000000001E-002
        1195   5.6800000000000003E-002
        1196   2.3999999999999998E-003
        1197  0.13039999999999999     
        1198  0.15920000000000001     
        1199  0.23039999999999999     
        1200  0.14720000000000000     
        1201  0.10160000000000000     
        1202  0.14399999999999999     
        1203  0.10639999999999999     
        1204  0.14640000000000000     
        1205   7.8399999999999997E-002
        1206  0.14480000000000001     
        1207   5.9999999999999998E-002
        1208  0.11920000000000000     
        1209   8.4800000000000000E-002
        1210   1.8400000000000000E-002
        1211   4.2400000000000000E-002
        1212  0.11600000000000001     
        1213   2.3999999999999998E-003
        1214   2.4799999999999999E-002
        1215   1.1200000000000000E-002
        1216   4.3999999999999997E-002
        1217  0.16320000000000001     
        1218  0.19919999999999999     
        1219  0.10800000000000000     
        1220   2.5600000000000001E-002
        1221   7.3599999999999999E-002
        1222   6.8800000000000000E-002
        1223   4.8000000000000001E-002
        1224  0.12720000000000001     
        1225  0.10160000000000000     
        1226  0.22720000000000001     
        1227  0.10400000000000000     
        1228   3.0400000000000000E-002
        1229   5.8400000000000001E-002
        1230   9.6799999999999997E-002
        1231   8.0000000000000004E-004
        1232   2.7199999999999998E-002
        1233  0.10320000000000000     
        1234   9.8400000000000001E-002
        1235  0.11600000000000001     
        1236   3.7600000000000001E-002
        1237   1.6799999999999999E-002
        1238   5.9999999999999998E-002
        1239  0.17040000000000000     
        1240   6.8800000000000000E-002
        1241  0.16639999999999999     
        1242   5.1999999999999998E-002
        1243  0.28799999999999998     
        1244   1.2800000000000001E-002
        1245  0.13360000000000000     
        1246   3.5999999999999997E-002
        1247   6.1600000000000002E-002
        1248  0.16000000000000000     
        1249   5.0400000000000000E-002
        1250   8.9599999999999999E-002
        1251   8.4800000000000000E-002
        1252  0.15600000000000000     
        1253  0.24320000000000000     
        1254   6.9599999999999995E-002
        1255  0.17760000000000001     
        1256   3.2000000000000002E-003
        1257  0.20240000000000000     
        1258   1.6799999999999999E-002
        1259  0.12880000000000000     
        1260   6.1600000000000002E-002
        1261  0.11280000000000000     
        1262  0.16080000000000000     
        1263  0.13919999999999999     
        1264  0.11840000000000001     
        1265   6.8000000000000005E-002
        1266   4.0000000000000001E-003
        1267   3.0400000000000000E-002
        1268  0.11440000000000000     
        1269  0.20080000000000001     
        1270  0.25359999999999999     
        1271   2.2400000000000000E-002
        1272   6.5600000000000006E-002
        1273   4.3999999999999997E-002
        1274   2.4799999999999999E-002
        1275  0.23599999999999999     
        1276   8.9599999999999999E-002
        1277  0.13919999999999999     
        1278   8.7999999999999995E-002
        1279   9.1200000000000003E-002
        1280   8.0000000000000002E-002
        1281   3.7600000000000001E-002
        1282  0.15840000000000001     
        1283  0.27360000000000001     
        1284  0.14560000000000001     
        1285  0.12640000000000001     
        1286  0.21600000000000000     
        1287   2.6400000000000000E-002
        1288  0.11600000000000001     
        1289  0.18400000000000000     
        1290   7.2800000000000004E-002
        1291   4.2400000000000000E-002
        1292   9.5200000000000007E-002
        1293   9.4399999999999998E-002
        1294  0.35759999999999997     
        1295   1.1200000000000000E-002
        1296   5.9200000000000003E-002
        1297   3.2000000000000001E-002
        1298  0.23360000000000000     
        1299   5.5999999999999999E-003
        1300  0.17280000000000001     
        1301  0.24320000000000000     
        1302  0.16239999999999999     
        1303   5.3600000000000002E-002
        1304  0.15920000000000001     
        1305   8.8000000000000005E-003
        1306   7.1999999999999998E-003
        1307   1.0400000000000000E-002
        1308   9.1999999999999998E-002
        1309   8.1600000000000006E-002
        1310   1.1200000000000000E-002
        1311   2.5600000000000001E-002
        1312  0.13439999999999999     
        1313  0.14160000000000000     
        1314   9.3600000000000003E-002
        1315   7.5200000000000003E-002
        1316   2.3199999999999998E-002
        1317  0.16719999999999999     
        1318  0.13840000000000000     
        1319   5.1200000000000002E-002
        1320  0.26879999999999998     
        1321   7.3599999999999999E-002
        1322   7.9200000000000007E-002
        1323  0.15440000000000001     
        1324   6.9599999999999995E-002
        1325   3.9199999999999999E-002
        1326  0.15040000000000001     
        1327  0.12640000000000001     
        1328   5.9200000000000003E-002
        1329  0.11840000000000001     
        1330   4.4800000000000000E-002
        1331   4.0000000000000001E-002
        1332  0.14160000000000000     
        1333  0.12880000000000000     
        1334  0.23039999999999999     
        1335   9.0399999999999994E-002
        1336   2.4000000000000000E-002
        1337   1.7600000000000001E-002
        1338   7.5999999999999998E-002
        1339   7.9200000000000007E-002
        1340  0.14799999999999999     
        1341   7.3599999999999999E-002
        1342  0.10240000000000000     
        1343  0.32400000000000001     
        1344   3.1199999999999999E-002
        1345  0.13360000000000000     
        1346  0.10560000000000000     
        1347  0.13760000000000000     
        1348  0.37200000000000000     
        1349   9.0399999999999994E-002
        1350   8.4800000000000000E-002
        1351   2.9600000000000001E-002
        1352   2.4000000000000000E-002
        1353   4.4800000000000000E-002
        1354  0.13039999999999999     
        1355  0.14480000000000001     
        1356   5.2800000000000000E-002
        1357  0.10320000000000000     
        1358   9.7600000000000006E-002
        1359   1.1200000000000000E-002
        1360   4.0000000000000001E-002
        1361   2.1600000000000001E-002
        1362   8.8800000000000004E-002
        1363   2.0000000000000000E-002
        1364  0.16480000000000000     
        1365  0.12320000000000000     
        1366   6.8800000000000000E-002
        1367   6.6400000000000001E-002
        1368  0.16639999999999999     
        1369   5.5199999999999999E-002
        1370   7.4399999999999994E-002
        1371   7.1199999999999999E-002
        1372  0.16159999999999999     
        1373  0.18640000000000001     
        1374   2.4000000000000000E-002
        1375   7.1999999999999998E-003
        1376  0.10000000000000001     
        1377  0.18240000000000001     
        1378  0.13680000000000000     
        1379  0.27039999999999997     
        1380   3.0400000000000000E-002
        1381  0.20160000000000000     
        1382   1.1200000000000000E-002
        1383  0.16080000000000000     
        1384   4.8800000000000003E-002
        1385   1.9199999999999998E-002
        1386   7.3599999999999999E-002
        1387   4.7999999999999996E-003
        1388   1.9199999999999998E-002
        1389  0.10960000000000000     
        1390   9.5200000000000007E-002
        1391  0.17920000000000000     
        1392   6.9599999999999995E-002
        1393   8.1600000000000006E-002
        1394   9.2799999999999994E-002
        1395  0.10160000000000000     
        1396  0.20240000000000000     
        1397   1.7600000000000001E-002
        1398   4.7199999999999999E-002
        1399  0.15440000000000001     
        1400  0.13439999999999999     
        1401  0.10960000000000000     
        1402  0.21199999999999999     
        1403   8.5599999999999996E-002
        1404   8.5599999999999996E-002
        1405   7.1999999999999995E-002
        1406  0.22080000000000000     
        1407   1.2000000000000000E-002
        1408  0.10639999999999999     
        1409  0.23680000000000001     
        1410   7.6799999999999993E-002
        1411  0.25440000000000002     
        1412   9.5999999999999992E-003
        1413  0.19280000000000000     
        1414   4.7999999999999996E-003
        1415   2.0799999999999999E-002
        1416   2.3199999999999998E-002
        1417   7.0400000000000004E-002
        1418   8.7999999999999995E-002
        1419   8.7999999999999995E-002
        1420   7.2800000000000004E-002
        1421   9.8400000000000001E-002
        1422   5.1200000000000002E-002
        1423  0.16880000000000001     
        1424   7.5200000000000003E-002
        1425  0.14560000000000001     
        1426   7.7600000000000002E-002
        1427   3.5999999999999997E-002
        1428   1.4400000000000000E-002
        1429   6.0800000000000000E-002
        1430   9.3600000000000003E-002
        1431   9.7600000000000006E-002
        1432  0.24720000000000000     
        1433  0.13439999999999999     
        1434  0.14240000000000000     
        1435   5.0400000000000000E-002
        1436  0.39920000000000000     
        1437   9.7600000000000006E-002
        1438  0.14799999999999999     
        1439  0.11600000000000001     
        1440   6.6400000000000001E-002
        1441  0.12160000000000000     
        1442   3.8399999999999997E-002
        1443   9.1200000000000003E-002
        1444   2.8000000000000001E-002
        1445   2.0000000000000000E-002
        1446   1.4400000000000000E-002
        1447   2.5600000000000001E-002
        1448  0.12479999999999999     
        1449   5.1200000000000002E-002
        1450   1.1200000000000000E-002
        1451   1.9199999999999998E-002
        1452   4.0000000000000001E-003
        1453  0.10879999999999999     
        1454   9.5999999999999992E-003
        1455   5.2800000000000000E-002
        1456   5.3600000000000002E-002
        1457   1.6000000000000000E-002
        1458  0.10240000000000000     
        1459   1.8400000000000000E-002
        1460  0.12880000000000000     
        1461  0.27200000000000002     
        1462  0.11840000000000001     
        1463  0.15600000000000000     
        1464  0.13519999999999999     
        1465  0.21920000000000001     
        1466   5.7599999999999998E-002
        1467  0.31280000000000002     
        1468   5.1200000000000002E-002
        1469   4.8800000000000003E-002
        1470  0.23519999999999999     
        1471   2.7199999999999998E-002
        1472   3.2800000000000003E-002
        1473   7.3599999999999999E-002
        1474   3.3599999999999998E-002
        1475  0.11840000000000001     
        1476  0.20880000000000001     
        1477   2.3199999999999998E-002
        1478  0.11760000000000000     
        1479   3.7600000000000001E-002
        1480   9.5999999999999992E-003
        1481   5.9999999999999998E-002
        1482  0.17999999999999999     
        1483   5.7599999999999998E-002
        1484   6.9599999999999995E-002
        1485  0.10320000000000000     
        1486   5.1999999999999998E-002
        1487  0.10960000000000000     
        1488   6.8000000000000005E-002
        1489  0.16960000000000000     
        1490  0.17199999999999999     
        1491  0.16800000000000001     
        1492   3.9199999999999999E-002
        1493  0.17920000000000000     
        1494   3.4400000000000000E-002
        1495  0.11920000000000000     
        1496  0.13360000000000000     
        1497  0.21920000000000001     
        1498   3.5200000000000002E-002
        1499   5.9999999999999998E-002
        1500   5.6000000000000001E-002
        1501  0.12800000000000000     
        1502   5.1999999999999998E-002
        1503   1.3599999999999999E-002
        1504   8.3199999999999996E-002
        1505  0.13039999999999999     
        1506   1.0400000000000000E-002
        1507   2.2400000000000000E-002
        1508   8.0000000000000002E-002
        1509   1.5200000000000000E-002
        1510   5.5199999999999999E-002
        1511  0.10160000000000000     
        1512   2.3999999999999998E-003
        1513   4.9599999999999998E-002
        1514   8.0799999999999997E-002
        1515   8.7999999999999995E-002
        1516   3.5200000000000002E-002
        1517  0.11040000000000000     
        1518  0.14879999999999999     
        1519   4.8800000000000003E-002
        1520   6.1600000000000002E-002
        1521   6.9599999999999995E-002
        1522   6.4799999999999996E-002
        1523   2.3999999999999998E-003
        1524   4.9599999999999998E-002
        1525  0.20240000000000000     
        1526   9.5200000000000007E-002
        1527   6.8800000000000000E-002
        1528   1.4400000000000000E-002
        1529   6.4000000000000003E-003
        1530  0.14799999999999999     
        1531   2.0000000000000000E-002
        1532   7.5200000000000003E-002
        1533   7.1999999999999998E-003
        1534   1.4400000000000000E-002
        1535   8.0000000000000002E-002
        1536   9.5999999999999992E-003
        1537   9.1200000000000003E-002
        1538   6.5600000000000006E-002
        1539  0.18479999999999999     
        1540  0.25119999999999998     
        1541   8.7200000000000000E-002
        1542  0.17840000000000000     
        1543   4.7199999999999999E-002
        1544   6.4000000000000003E-003
        1545   4.0000000000000001E-003
        1546   7.2800000000000004E-002
        1547   9.5200000000000007E-002
        1548   1.6000000000000001E-003
        1549  0.14480000000000001     
        1550   7.3599999999999999E-002
        1551  0.13360000000000000     
        1552  0.18400000000000000     
        1553  0.13280000000000000     
        1554  0.22960000000000000     
        1555  0.14319999999999999     
        1556   1.2000000000000000E-002
        1557  0.28720000000000001     
        1558   6.8000000000000005E-002
        1559   2.0000000000000000E-002
        1560   8.0799999999999997E-002
        1561   4.0000000000000001E-003
        1562   8.0000000000000002E-002
        1563   2.8799999999999999E-002
        1564  0.14879999999999999     
        1565  0.18880000000000000     
        1566  0.29759999999999998     
        1567   3.5999999999999997E-002
        1568  0.10560000000000000     
        1569  0.14080000000000001     
        1570  0.10080000000000000     
        1571  0.12239999999999999     
        1572   7.5999999999999998E-002
        1573   4.1599999999999998E-002
        1574   2.0799999999999999E-002
        1575   7.6799999999999993E-002
        1576   1.6000000000000001E-003
        1577   6.9599999999999995E-002
        1578  0.26000000000000001     
        1579  0.11040000000000000     
        1580   7.3599999999999999E-002
        1581  0.21759999999999999     
        1582   6.3200000000000006E-002
        1583   9.2799999999999994E-002
        1584  0.11760000000000000     
        1585   8.3199999999999996E-002
        1586   4.7199999999999999E-002
        1587   9.8400000000000001E-002
        1588  0.17760000000000001     
        1589   8.8800000000000004E-002
        1590  0.15440000000000001     
        1591  0.18479999999999999     
        1592  0.20960000000000001     
        1593  0.19600000000000001     
        1594   8.9599999999999999E-002
        1595  0.10000000000000001     
        1596  0.15120000000000000     
        1597   3.0400000000000000E-002
        1598  0.16320000000000001     
        1599   1.2000000000000000E-002
        1600   8.0000000000000004E-004
        1601  0.16719999999999999     
        1602   6.6400000000000001E-002
        1603  0.10160000000000000     
        1604  0.14080000000000001     
        1605   3.4400000000000000E-002
        1606   5.6000000000000001E-002
        1607   1.4400000000000000E-002
        1608   1.2800000000000001E-002
        1609   5.9999999999999998E-002
        1610   2.1600000000000001E-002
        1611  0.20319999999999999     
        1612   8.0000000000000002E-002
        1613   9.6799999999999997E-002
        1614   8.4000000000000005E-002
        1615   1.9199999999999998E-002
        1616   1.6799999999999999E-002
        1617  0.14319999999999999     
        1618  0.10080000000000000     
        1619   3.0400000000000000E-002
        1620  0.23760000000000001     
        1621  0.24800000000000000     
        1622  0.18800000000000000     
        1623  0.10879999999999999     
        1624   9.4399999999999998E-002
        1625  0.14399999999999999     
        1626   5.9200000000000003E-002
        1627   6.7199999999999996E-002
        1628  0.18079999999999999     
        1629   8.4000000000000005E-002
        1630   1.6000000000000000E-002
        1631   3.6799999999999999E-002
        1632   4.0800000000000003E-002
        1633   6.0800000000000000E-002
        1634  0.13519999999999999     
        1635  0.10400000000000000     
        1636  0.25200000000000000     
        1637   2.3199999999999998E-002
        1638   2.3199999999999998E-002
        1639   8.5599999999999996E-002
        1640  0.17040000000000000     
        1641   3.2800000000000003E-002
        1642  0.10480000000000000     
        1643   3.8399999999999997E-002
        1644  0.13280000000000000     
        1645   5.9200000000000003E-002
        1646  0.11520000000000000     
        1647  0.20480000000000001     
        1648   5.1200000000000002E-002
        1649   1.9199999999999998E-002
        1650  0.15200000000000000     
        1651   9.5200000000000007E-002
        1652   1.9199999999999998E-002
        1653   6.5600000000000006E-002
        1654  0.10720000000000000     
        1655   8.4000000000000005E-002
        1656  0.25040000000000001     
        1657  0.16320000000000001     
        1658  0.12239999999999999     
        1659  0.14080000000000001     
        1660   3.2000000000000002E-003
        1661  0.14319999999999999     
        1662  0.29280000000000000     
        1663   6.6400000000000001E-002
        1664   8.5599999999999996E-002
        1665   2.0799999999999999E-002
        1666   9.1999999999999998E-002
        1667   5.0400000000000000E-002
        1668  0.12640000000000001     
        1669  0.10160000000000000     
        1670   2.8000000000000001E-002
        1671   7.1999999999999998E-003
        1672   9.7600000000000006E-002
        1673  0.22080000000000000     
        1674   3.8399999999999997E-002
        1675   3.9199999999999999E-002
        1676  0.18559999999999999     
        1677   2.4799999999999999E-002
        1678  0.22320000000000001     
        1679   8.0000000000000002E-002
        1680   1.9199999999999998E-002
        1681   7.5999999999999998E-002
        1682   1.7600000000000001E-002
        1683  0.22720000000000001     
        1684  0.17519999999999999     
        1685  0.10400000000000000     
        1686   6.5600000000000006E-002
        1687   1.6799999999999999E-002
        1688   5.4399999999999997E-002
        1689   8.4800000000000000E-002
        1690   2.4799999999999999E-002
        1691   9.7600000000000006E-002
        1692   8.8000000000000005E-003
        1693   6.5600000000000006E-002
        1694  0.12080000000000000     
        1695  0.10560000000000000     
        1696   9.4399999999999998E-002
        1697  0.10480000000000000     
        1698   2.8000000000000001E-002
        1699   6.8000000000000005E-002
        1700   7.5999999999999998E-002
        1701  0.11280000000000000     
        1702   8.7200000000000000E-002
        1703   4.7199999999999999E-002
        1704   5.9999999999999998E-002
        1705  0.24800000000000000     
        1706   5.4399999999999997E-002
        1707   3.4400000000000000E-002
        1708  0.14560000000000001     
        1709   4.7999999999999996E-003
        1710   6.4799999999999996E-002
        1711   3.0400000000000000E-002
        1712   8.7999999999999995E-002
        1713   3.2800000000000003E-002
        1714   4.7999999999999996E-003
        1715  0.12239999999999999     
        1716  0.19439999999999999     
        1717   8.0799999999999997E-002
        1718  0.11040000000000000     
        1719  0.23039999999999999     
        1720   9.6000000000000002E-002
        1721  0.14960000000000001     
        1722   8.6400000000000005E-002
        1723   3.5200000000000002E-002
        1724   6.4000000000000003E-003
        1725  0.15920000000000001     
        1726   9.5999999999999992E-003
        1727  0.17360000000000000     
        1728  0.23680000000000001     
        1729  0.10000000000000001     
        1730  0.23680000000000001     
        1731  0.16560000000000000     
        1732  0.18559999999999999     
        1733   5.0400000000000000E-002
        1734   7.1999999999999998E-003
        1735   5.8400000000000001E-002
        1736  0.11040000000000000     
        1737  0.18240000000000001     
        1738  0.19280000000000000     
        1739  0.14399999999999999     
        1740   1.9199999999999998E-002
        1741  0.13840000000000000     
        1742   2.0799999999999999E-002
        1743   8.7999999999999995E-002
        1744  0.12000000000000000     
        1745   5.6000000000000001E-002
        1746   1.2800000000000001E-002
        1747  0.22720000000000001     
        1748  0.11600000000000001     
        1749  0.13519999999999999     
        1750   2.0000000000000000E-002
        1751   3.4400000000000000E-002
        1752  0.12000000000000000     
        1753  0.16480000000000000     
        1754   2.4799999999999999E-002
        1755  0.25840000000000002     
        1756   0.0000000000000000     
        1757   0.0000000000000000     
        1758  0.22960000000000000     
        1759   4.8800000000000003E-002
        1760   9.8400000000000001E-002
        1761   8.4000000000000005E-002
        1762  0.13600000000000001     
        1763   8.6400000000000005E-002
        1764  0.14879999999999999     
        1765  0.15440000000000001     
        1766  0.31040000000000001     
        1767  0.14720000000000000     
        1768  0.17760000000000001     
        1769   6.8000000000000005E-002
        1770   4.7199999999999999E-002
        1771   1.0400000000000000E-002
        1772   8.3199999999999996E-002
        1773   2.1600000000000001E-002
        1774  0.24160000000000001     
        1775   8.4800000000000000E-002
        1776   3.2000000000000002E-003
        1777  0.31759999999999999     
        1778   6.0800000000000000E-002
        1779  0.13760000000000000     
        1780   5.9999999999999998E-002
        1781   4.3200000000000002E-002
        1782  0.11119999999999999     
        1783  0.16239999999999999     
        1784  0.15440000000000001     
        1785  0.11040000000000000     
        1786   1.6000000000000000E-002
        1787   8.7999999999999995E-002
        1788   5.4399999999999997E-002
        1789  0.13600000000000001     
        1790  0.14000000000000001     
        1791  0.15200000000000000     
        1792  0.10320000000000000     
        1793  0.26640000000000003     
        1794   9.0399999999999994E-002
        1795  0.11760000000000000     
        1796   1.0400000000000000E-002
        1797   2.6400000000000000E-002
        1798   2.0799999999999999E-002
        1799  0.12239999999999999     
        1800   4.0800000000000003E-002
        1801   5.6800000000000003E-002
        1802   4.3999999999999997E-002
        1803   7.5999999999999998E-002
        1804  0.25679999999999997     
        1805  0.12640000000000001     
        1806   8.5599999999999996E-002
        1807  0.26560000000000000     
        1808  0.11360000000000001     
        1809   7.1999999999999998E-003
        1810  0.19439999999999999     
        1811  0.23999999999999999     
        1812  0.23200000000000001     
        1813  0.25679999999999997     
        1814   8.4000000000000005E-002
        1815   2.7199999999999998E-002
        1816   7.2800000000000004E-002
        1817  0.19839999999999999     
        1818   2.2400000000000000E-002
        1819  0.11040000000000000     
        1820   5.8400000000000001E-002
        1821  0.18559999999999999     
        1822  0.11440000000000000     
        1823  0.14000000000000001     
        1824  0.31280000000000002     
        1825   4.0000000000000001E-003
        1826   5.2800000000000000E-002
        1827  0.11280000000000000     
        1828  0.16080000000000000     
        1829   8.0000000000000002E-002
        1830   9.6000000000000002E-002
        1831  0.21360000000000001     
        1832   1.4400000000000000E-002
        1833  0.17119999999999999     
        1834  0.16159999999999999     
        1835  0.12080000000000000     
        1836   5.0400000000000000E-002
        1837  0.13760000000000000     
        1838   4.8800000000000003E-002
        1839  0.19359999999999999     
        1840  0.12160000000000000     
        1841  0.16719999999999999     
        1842   8.1600000000000006E-002
        1843   7.3599999999999999E-002
        1844   1.6000000000000000E-002
        1845  0.23039999999999999     
        1846  0.24160000000000001     
        1847   5.2800000000000000E-002
        1848   1.7600000000000001E-002
        1849  0.19600000000000001     
        1850   4.6399999999999997E-002
        1851   4.8000000000000001E-002
        1852  0.15840000000000001     
        1853  0.19200000000000000     
        1854   7.3599999999999999E-002
        1855  0.16800000000000001     
        1856  0.10960000000000000     
        1857   6.4799999999999996E-002
        1858  0.21360000000000001     
        1859   2.8000000000000001E-002
        1860   8.8000000000000005E-003
        1861   3.2000000000000002E-003
        1862   6.6400000000000001E-002
        1863   7.5200000000000003E-002
        1864   3.4400000000000000E-002
        1865   7.2800000000000004E-002
        1866  0.18320000000000000     
        1867  0.24640000000000001     
        1868   6.8800000000000000E-002
        1869   4.3999999999999997E-002
        1870  0.22159999999999999     
        1871  0.20240000000000000     
        1872  0.12239999999999999     
        1873  0.19120000000000001     
        1874   4.0800000000000003E-002
        1875  0.14560000000000001     
        1876   9.1999999999999998E-002
        1877   1.6000000000000000E-002
        1878   3.2800000000000003E-002
        1879   2.1600000000000001E-002
        1880   2.4000000000000000E-002
        1881   3.9199999999999999E-002
        1882   1.3599999999999999E-002
        1883  0.13680000000000000     
        1884  0.12479999999999999     
        1885   4.0800000000000003E-002
        1886   8.0000000000000002E-003
        1887   2.5600000000000001E-002
        1888   9.4399999999999998E-002
        1889   6.1600000000000002E-002
        1890   3.2800000000000003E-002
        1891  0.10879999999999999     
        1892  0.13120000000000001     
        1893   1.3599999999999999E-002
        1894  0.16880000000000001     
        1895  0.15520000000000000     
        1896   1.3599999999999999E-002
        1897   4.3999999999999997E-002
        1898   6.1600000000000002E-002
        1899  0.21360000000000001     
        1900  0.10480000000000000     
        1901   4.7199999999999999E-002
        1902   3.3599999999999998E-002
        1903  0.15520000000000000     
        1904   3.2800000000000003E-002
        1905  0.13280000000000000     
        1906  0.18559999999999999     
        1907   4.4800000000000000E-002
        1908   5.6000000000000001E-002
        1909  0.11280000000000000     
        1910  0.22000000000000000     
        1911   5.0400000000000000E-002
        1912   8.1600000000000006E-002
        1913   2.4799999999999999E-002
        1914  0.16000000000000000     
        1915   3.8399999999999997E-002
        1916  0.14560000000000001     
        1917   4.4800000000000000E-002
        1918  0.12800000000000000     
        1919  0.12400000000000000     
        1920   3.9199999999999999E-002
        1921   7.1999999999999998E-003
        1922   4.5600000000000002E-002
        1923   3.4400000000000000E-002
        1924  0.18800000000000000     
        1925   1.6799999999999999E-002
        1926   3.8399999999999997E-002
        1927   2.6400000000000000E-002
        1928   3.2800000000000003E-002
        1929   3.4400000000000000E-002
        1930   0.0000000000000000     
        1931   2.8799999999999999E-002
        1932  0.11600000000000001     
        1933   7.7600000000000002E-002
        1934  0.22400000000000000     
        1935   4.9599999999999998E-002
        1936   2.3999999999999998E-003
        1937  0.10480000000000000     
        1938  0.23200000000000001     
        1939   1.3599999999999999E-002
        1940  0.21520000000000000     
        1941  0.18880000000000000     
        1942   2.8799999999999999E-002
        1943  0.17040000000000000     
        1944   4.3999999999999997E-002
        1945  0.13519999999999999     
        1946   6.8000000000000005E-002
        1947  0.12880000000000000     
        1948  0.10480000000000000     
        1949   4.4800000000000000E-002
        1950  0.23599999999999999     
        1951  0.12000000000000000     
        1952  0.13039999999999999     
        1953  0.12880000000000000     
        1954  0.12720000000000001     
        1955   4.2400000000000000E-002
        1956   9.7600000000000006E-002
        1957  0.14799999999999999     
        1958   5.6800000000000003E-002
        1959   4.0000000000000001E-002
        1960   8.2400000000000001E-002
        1961   2.8799999999999999E-002
        1962   6.1600000000000002E-002
        1963  0.18640000000000001     
        1964   6.8000000000000005E-002
        1965  0.16080000000000000     
        1966  0.11600000000000001     
        1967  0.17119999999999999     
        1968   7.1999999999999995E-002
        1969  0.16960000000000000     
        1970   8.1600000000000006E-002
        1971  0.10560000000000000     
        1972   2.2400000000000000E-002
        1973  0.14720000000000000     
        1974  0.10320000000000000     
        1975  0.17599999999999999     
        1976   4.0000000000000001E-002
        1977   3.2000000000000001E-002
        1978   3.4400000000000000E-002
        1979   1.6000000000000001E-003
        1980   6.4799999999999996E-002
        1981  0.15840000000000001     
        1982   5.6800000000000003E-002
        1983  0.21600000000000000     
        1984  0.22320000000000001     
        1985   8.5599999999999996E-002
        1986  0.20240000000000000     
        1987  0.13439999999999999     
        1988   7.4399999999999994E-002
        1989   5.9200000000000003E-002
        1990  0.18800000000000000     
        1991   4.6399999999999997E-002
        1992   3.8399999999999997E-002
        1993  0.10639999999999999     
        1994  0.15040000000000001     
        1995   2.2400000000000000E-002
        1996   3.3599999999999998E-002
        1997  0.10400000000000000     
        1998   2.7199999999999998E-002
        1999   1.4400000000000000E-002
        2000  0.20880000000000001     
