           1   9.5999999999999992E-003
           2   1.0400000000000000E-002
           3   8.5599999999999996E-002
           4   4.6399999999999997E-002
           5   5.6800000000000003E-002
           6   1.4400000000000000E-002
           7   5.8400000000000001E-002
           8  0.10080000000000000     
           9   6.7199999999999996E-002
          10  0.11440000000000000     
          11   6.9599999999999995E-002
          12   3.6799999999999999E-002
          13   1.0400000000000000E-002
          14   2.6400000000000000E-002
          15   1.9199999999999998E-002
          16   1.8400000000000000E-002
          17   5.0400000000000000E-002
          18   7.3599999999999999E-002
          19   5.6800000000000003E-002
          20   2.3199999999999998E-002
          21   4.3999999999999997E-002
          22   4.7999999999999996E-003
          23   4.0000000000000001E-002
          24   6.4799999999999996E-002
          25   6.4000000000000003E-003
          26   1.2000000000000000E-002
          27   4.4800000000000000E-002
          28   8.4000000000000005E-002
          29  0.10000000000000001     
          30   8.3199999999999996E-002
          31   3.8399999999999997E-002
          32   7.2800000000000004E-002
          33   2.4799999999999999E-002
          34   4.0000000000000001E-003
          35   1.6799999999999999E-002
          36   8.0000000000000002E-003
          37   1.6000000000000001E-003
          38   5.6800000000000003E-002
          39   5.3600000000000002E-002
          40   4.8800000000000003E-002
          41   4.0000000000000001E-003
          42   8.0000000000000002E-002
          43   3.2000000000000001E-002
          44   1.6000000000000001E-003
          45   3.5999999999999997E-002
          46   3.3599999999999998E-002
          47   4.0800000000000003E-002
          48   2.8000000000000001E-002
          49   1.5200000000000000E-002
          50   1.4400000000000000E-002
          51  0.11440000000000000     
          52   4.8000000000000001E-002
          53   2.7199999999999998E-002
          54   6.6400000000000001E-002
          55   6.4799999999999996E-002
          56   5.2800000000000000E-002
          57   1.4400000000000000E-002
          58   3.0400000000000000E-002
          59   1.8400000000000000E-002
          60   5.3600000000000002E-002
          61   3.3599999999999998E-002
          62   3.3599999999999998E-002
          63   4.4800000000000000E-002
          64   3.9199999999999999E-002
          65   2.3999999999999998E-003
          66   2.5600000000000001E-002
          67   1.6000000000000001E-003
          68   2.3199999999999998E-002
          69   5.6800000000000003E-002
          70   2.0799999999999999E-002
          71   5.5199999999999999E-002
          72   4.5600000000000002E-002
          73   6.3200000000000006E-002
          74   4.6399999999999997E-002
          75   2.1600000000000001E-002
          76   1.3599999999999999E-002
          77   5.2800000000000000E-002
          78   3.7600000000000001E-002
          79   2.0799999999999999E-002
          80   7.3599999999999999E-002
          81   7.2800000000000004E-002
          82  0.10080000000000000     
          83  0.10960000000000000     
          84  0.11440000000000000     
          85  0.10320000000000000     
          86   1.9199999999999998E-002
          87   4.2400000000000000E-002
          88   2.9600000000000001E-002
          89   1.5200000000000000E-002
          90   5.5999999999999999E-003
          91   8.8800000000000004E-002
          92   9.1999999999999998E-002
          93  0.10879999999999999     
          94   3.8399999999999997E-002
          95   4.8000000000000001E-002
          96   2.6400000000000000E-002
          97   3.8399999999999997E-002
          98   5.5999999999999999E-003
          99   3.3599999999999998E-002
         100   6.1600000000000002E-002
         101   4.3999999999999997E-002
         102   3.9199999999999999E-002
         103   5.2800000000000000E-002
         104   7.0400000000000004E-002
         105   3.5200000000000002E-002
         106   2.4799999999999999E-002
         107   1.9199999999999998E-002
         108   2.2400000000000000E-002
         109   1.6000000000000001E-003
         110   9.5999999999999992E-003
         111   6.2399999999999997E-002
         112   6.2399999999999997E-002
         113   8.0000000000000004E-004
         114   3.9199999999999999E-002
         115   5.5999999999999999E-003
         116   5.6000000000000001E-002
         117  0.10800000000000000     
         118   5.4399999999999997E-002
         119   3.2000000000000001E-002
         120   1.5200000000000000E-002
         121   4.0800000000000003E-002
         122   8.0000000000000004E-004
         123   5.8400000000000001E-002
         124   4.0000000000000001E-002
         125   4.1599999999999998E-002
         126   2.0799999999999999E-002
         127   4.7999999999999996E-003
         128   1.7600000000000001E-002
         129   4.1599999999999998E-002
         130   2.0000000000000000E-002
         131   1.3599999999999999E-002
         132   1.2800000000000001E-002
         133   2.0799999999999999E-002
         134   8.8000000000000005E-003
         135   4.0000000000000001E-003
         136   3.7600000000000001E-002
         137   2.7199999999999998E-002
         138   4.5600000000000002E-002
         139   3.2000000000000001E-002
         140   1.6799999999999999E-002
         141   1.1200000000000000E-002
         142   4.3999999999999997E-002
         143   5.4399999999999997E-002
         144   3.2000000000000001E-002
         145   2.0799999999999999E-002
         146   1.6799999999999999E-002
         147   1.6000000000000001E-003
         148   2.6400000000000000E-002
         149   6.4000000000000003E-003
         150   1.3599999999999999E-002
         151   8.0000000000000004E-004
         152   4.5600000000000002E-002
         153   5.8400000000000001E-002
         154   3.2000000000000002E-003
         155   1.8400000000000000E-002
         156   3.0400000000000000E-002
         157   5.9999999999999998E-002
         158   7.1999999999999995E-002
         159   2.0799999999999999E-002
         160   5.2800000000000000E-002
         161   2.8799999999999999E-002
         162  0.10800000000000000     
         163   8.7999999999999995E-002
         164   3.1199999999999999E-002
         165   1.6799999999999999E-002
         166   2.2400000000000000E-002
         167   2.4799999999999999E-002
         168   3.0400000000000000E-002
         169   3.6799999999999999E-002
         170   7.0400000000000004E-002
         171   4.1599999999999998E-002
         172   8.9599999999999999E-002
         173   5.3600000000000002E-002
         174   4.7999999999999996E-003
         175   2.1600000000000001E-002
         176   6.2399999999999997E-002
         177   0.0000000000000000     
         178   7.1999999999999998E-003
         179   1.6000000000000000E-002
         180   3.4400000000000000E-002
         181   8.0000000000000002E-003
         182   1.5200000000000000E-002
         183   5.5999999999999999E-003
         184   5.1200000000000002E-002
         185  0.14560000000000001     
         186  0.11920000000000000     
         187   6.1600000000000002E-002
         188   7.4399999999999994E-002
         189   3.5200000000000002E-002
         190   4.3200000000000002E-002
         191   3.9199999999999999E-002
         192   3.5200000000000002E-002
         193   6.7199999999999996E-002
         194   6.2399999999999997E-002
         195   3.0400000000000000E-002
         196   6.4000000000000001E-002
         197   4.5600000000000002E-002
         198   5.1999999999999998E-002
         199   5.5999999999999999E-003
         200   8.8000000000000005E-003
         201   2.9600000000000001E-002
         202   1.0400000000000000E-002
         203   1.3599999999999999E-002
         204   6.0800000000000000E-002
         205   6.8000000000000005E-002
         206   5.1200000000000002E-002
         207  0.10240000000000000     
         208   9.1200000000000003E-002
         209   7.0400000000000004E-002
         210   4.3999999999999997E-002
         211   1.6000000000000001E-003
         212   1.6000000000000001E-003
         213   2.6400000000000000E-002
         214   2.6400000000000000E-002
         215   7.5200000000000003E-002
         216   5.1200000000000002E-002
         217   3.2000000000000002E-003
         218   7.1999999999999998E-003
         219   1.9199999999999998E-002
         220   1.6799999999999999E-002
         221   1.7600000000000001E-002
         222   2.8000000000000001E-002
         223   1.2000000000000000E-002
         224   3.8399999999999997E-002
         225   2.3999999999999998E-003
         226   1.0400000000000000E-002
         227   1.4400000000000000E-002
         228   5.2800000000000000E-002
         229   1.5200000000000000E-002
         230   8.0000000000000004E-004
         231   2.4799999999999999E-002
         232   3.2000000000000002E-003
         233   1.7600000000000001E-002
         234   1.3599999999999999E-002
         235   2.1600000000000001E-002
         236   8.0000000000000002E-003
         237   8.0000000000000004E-004
         238   1.4400000000000000E-002
         239   2.5600000000000001E-002
         240   1.6799999999999999E-002
         241   5.3600000000000002E-002
         242   2.1600000000000001E-002
         243   1.7600000000000001E-002
         244   2.1600000000000001E-002
         245   1.4400000000000000E-002
         246   2.9600000000000001E-002
         247  0.10000000000000001     
         248   8.6400000000000005E-002
         249   9.8400000000000001E-002
         250   2.2400000000000000E-002
         251   7.1999999999999995E-002
         252   6.3200000000000006E-002
         253   1.7600000000000001E-002
         254   1.5200000000000000E-002
         255   1.6000000000000001E-003
         256   3.1199999999999999E-002
         257   2.3199999999999998E-002
         258   1.9199999999999998E-002
         259   3.3599999999999998E-002
         260   2.4799999999999999E-002
         261   7.1199999999999999E-002
         262   8.0799999999999997E-002
         263   4.4800000000000000E-002
         264   7.7600000000000002E-002
         265   8.3199999999999996E-002
         266   6.5600000000000006E-002
         267   7.1999999999999995E-002
         268   3.3599999999999998E-002
         269   3.2000000000000002E-003
         270   4.1599999999999998E-002
         271   1.7600000000000001E-002
         272   3.7600000000000001E-002
         273   9.1999999999999998E-002
         274   4.3999999999999997E-002
         275   2.3999999999999998E-003
         276   5.1999999999999998E-002
         277   4.2400000000000000E-002
         278   6.4000000000000001E-002
         279   4.7199999999999999E-002
         280   1.4400000000000000E-002
         281   5.7599999999999998E-002
         282   1.8400000000000000E-002
         283   8.0000000000000004E-004
         284   3.9199999999999999E-002
         285   1.2000000000000000E-002
         286   6.4000000000000001E-002
         287   8.4800000000000000E-002
         288   1.3599999999999999E-002
         289   1.5200000000000000E-002
         290   5.5199999999999999E-002
         291   2.3999999999999998E-003
         292   2.2400000000000000E-002
         293   3.1199999999999999E-002
         294   3.5999999999999997E-002
         295   4.6399999999999997E-002
         296   9.3600000000000003E-002
         297   2.1600000000000001E-002
         298   1.2000000000000000E-002
         299   2.4799999999999999E-002
         300   4.7199999999999999E-002
         301   3.9199999999999999E-002
         302   6.1600000000000002E-002
         303   3.7600000000000001E-002
         304   3.4400000000000000E-002
         305   2.8000000000000001E-002
         306   3.5999999999999997E-002
         307   2.4000000000000000E-002
         308   1.1200000000000000E-002
         309   3.9199999999999999E-002
         310   6.1600000000000002E-002
         311   1.1200000000000000E-002
         312   1.2800000000000001E-002
         313   1.7600000000000001E-002
         314   7.0400000000000004E-002
         315   2.4000000000000000E-002
         316   6.4000000000000003E-003
         317   5.1999999999999998E-002
         318   2.8000000000000001E-002
         319   2.0000000000000000E-002
         320   4.3200000000000002E-002
         321   4.3999999999999997E-002
         322   8.8000000000000005E-003
         323   6.2399999999999997E-002
         324   9.5999999999999992E-003
         325   4.8800000000000003E-002
         326   4.4800000000000000E-002
         327   3.5200000000000002E-002
         328   1.2000000000000000E-002
         329   1.5200000000000000E-002
         330   2.2400000000000000E-002
         331   7.1999999999999998E-003
         332   6.0800000000000000E-002
         333   1.6000000000000000E-002
         334   5.5999999999999999E-003
         335   4.4800000000000000E-002
         336  0.12239999999999999     
         337   7.7600000000000002E-002
         338   7.7600000000000002E-002
         339   8.0799999999999997E-002
         340   8.9599999999999999E-002
         341   7.8399999999999997E-002
         342   1.0400000000000000E-002
         343   4.1599999999999998E-002
         344   2.7199999999999998E-002
         345   8.0000000000000004E-004
         346   4.0000000000000001E-002
         347   4.8000000000000001E-002
         348   2.7199999999999998E-002
         349   3.0400000000000000E-002
         350   8.3199999999999996E-002
         351   4.9599999999999998E-002
         352  0.12559999999999999     
         353   7.1999999999999995E-002
         354   4.1599999999999998E-002
         355   0.0000000000000000     
         356   9.5999999999999992E-003
         357   1.2800000000000001E-002
         358   1.3599999999999999E-002
         359   5.4399999999999997E-002
         360   6.4000000000000001E-002
         361   5.5999999999999999E-003
         362   3.5999999999999997E-002
         363   3.6799999999999999E-002
         364   1.1200000000000000E-002
         365   3.2000000000000001E-002
         366   3.2800000000000003E-002
         367   6.3200000000000006E-002
         368   4.9599999999999998E-002
         369   4.7999999999999996E-003
         370   4.8000000000000001E-002
         371   4.7199999999999999E-002
         372   3.8399999999999997E-002
         373   4.8800000000000003E-002
         374   4.6399999999999997E-002
         375   2.0799999999999999E-002
         376   4.0000000000000001E-002
         377   3.3599999999999998E-002
         378   5.6800000000000003E-002
         379   8.0000000000000004E-004
         380   6.4000000000000001E-002
         381   7.8399999999999997E-002
         382   1.6000000000000001E-003
         383   3.2000000000000002E-003
         384   2.6400000000000000E-002
         385   3.2000000000000002E-003
         386   4.3200000000000002E-002
         387   7.0400000000000004E-002
         388   5.3600000000000002E-002
         389   4.7199999999999999E-002
         390   5.9200000000000003E-002
         391   4.0800000000000003E-002
         392   1.3599999999999999E-002
         393   7.1999999999999998E-003
         394   1.2800000000000001E-002
         395   2.2400000000000000E-002
         396   2.3999999999999998E-003
         397   2.9600000000000001E-002
         398   5.4399999999999997E-002
         399   1.6000000000000000E-002
         400   1.6000000000000001E-003
         401   3.0400000000000000E-002
         402   1.8400000000000000E-002
         403   6.0800000000000000E-002
         404   1.6799999999999999E-002
         405   1.9199999999999998E-002
         406   7.0400000000000004E-002
         407   5.2800000000000000E-002
         408   4.3200000000000002E-002
         409   8.2400000000000001E-002
         410   3.1199999999999999E-002
         411   8.6400000000000005E-002
         412   1.7600000000000001E-002
         413   1.2000000000000000E-002
         414   6.2399999999999997E-002
         415   4.2400000000000000E-002
         416   4.1599999999999998E-002
         417   7.1999999999999998E-003
         418   2.3199999999999998E-002
         419   4.3200000000000002E-002
         420   4.0000000000000001E-003
         421   3.5999999999999997E-002
         422   4.6399999999999997E-002
         423   6.4799999999999996E-002
         424   2.4000000000000000E-002
         425   7.1999999999999998E-003
         426   9.5200000000000007E-002
         427   3.2800000000000003E-002
         428   4.6399999999999997E-002
         429   6.9599999999999995E-002
         430   6.7199999999999996E-002
         431   3.3599999999999998E-002
         432   1.6000000000000000E-002
         433   4.8000000000000001E-002
         434   2.2400000000000000E-002
         435   1.0400000000000000E-002
         436   6.9599999999999995E-002
         437   4.5600000000000002E-002
         438   4.8000000000000001E-002
         439   1.4400000000000000E-002
         440   3.5999999999999997E-002
         441   4.8800000000000003E-002
         442   2.1600000000000001E-002
         443   5.5999999999999999E-003
         444   1.6799999999999999E-002
         445   4.6399999999999997E-002
         446   3.5999999999999997E-002
         447   3.5200000000000002E-002
         448   5.5199999999999999E-002
         449   2.1600000000000001E-002
         450   3.8399999999999997E-002
         451   7.3599999999999999E-002
         452   8.8800000000000004E-002
         453   2.6400000000000000E-002
         454   2.5600000000000001E-002
         455   7.1199999999999999E-002
         456   4.0000000000000001E-002
         457   8.4800000000000000E-002
         458  0.11680000000000000     
         459   6.4799999999999996E-002
         460   2.7199999999999998E-002
         461   2.4000000000000000E-002
         462   2.3199999999999998E-002
         463   6.4799999999999996E-002
         464   2.2400000000000000E-002
         465   3.7600000000000001E-002
         466   1.6000000000000000E-002
         467   5.8400000000000001E-002
         468   3.5999999999999997E-002
         469   2.0000000000000000E-002
         470   2.3199999999999998E-002
         471   9.5999999999999992E-003
         472   4.7999999999999996E-003
         473   2.9600000000000001E-002
         474   1.8400000000000000E-002
         475   8.8000000000000005E-003
         476   8.0000000000000004E-004
         477   6.0800000000000000E-002
         478   3.0400000000000000E-002
         479   8.0000000000000004E-004
         480   2.8799999999999999E-002
         481   1.2000000000000000E-002
         482   6.4000000000000003E-003
         483   5.5999999999999999E-003
         484   1.2800000000000001E-002
         485   1.7600000000000001E-002
         486   1.8400000000000000E-002
         487   8.0000000000000002E-003
         488   3.2000000000000002E-003
         489   2.1600000000000001E-002
         490   1.5200000000000000E-002
         491   4.3999999999999997E-002
         492   2.9600000000000001E-002
         493   8.0000000000000002E-003
         494   4.4800000000000000E-002
         495   2.0000000000000000E-002
         496   4.0000000000000001E-002
         497   1.1200000000000000E-002
         498   1.9199999999999998E-002
         499   8.8000000000000005E-003
         500   4.1599999999999998E-002
         501   3.3599999999999998E-002
         502   1.7600000000000001E-002
         503   2.8799999999999999E-002
         504   1.8400000000000000E-002
         505   1.3599999999999999E-002
         506   2.3999999999999998E-003
         507   2.5600000000000001E-002
         508   1.0400000000000000E-002
         509   5.5999999999999999E-003
         510   1.8400000000000000E-002
         511   6.4000000000000003E-003
         512   4.9599999999999998E-002
         513   1.1200000000000000E-002
         514   4.9599999999999998E-002
         515   5.2800000000000000E-002
         516   5.2800000000000000E-002
         517   2.9600000000000001E-002
         518   1.9199999999999998E-002
         519   8.8000000000000005E-003
         520   1.6000000000000001E-003
         521   4.0000000000000001E-003
         522   5.0400000000000000E-002
         523   1.4400000000000000E-002
         524   4.0000000000000001E-002
         525   7.3599999999999999E-002
         526   7.3599999999999999E-002
         527   6.4000000000000001E-002
         528   2.7199999999999998E-002
         529   1.2000000000000000E-002
         530   5.5999999999999999E-003
         531   1.0400000000000000E-002
         532   5.1999999999999998E-002
         533   1.9199999999999998E-002
         534   8.2400000000000001E-002
         535   9.6799999999999997E-002
         536   9.1200000000000003E-002
         537   8.3199999999999996E-002
         538   4.2400000000000000E-002
         539   4.3999999999999997E-002
         540   6.2399999999999997E-002
         541   6.4000000000000003E-003
         542   1.0400000000000000E-002
         543   1.6000000000000001E-003
         544   4.0000000000000001E-002
         545   5.5199999999999999E-002
         546   5.2800000000000000E-002
         547   8.6400000000000005E-002
         548   7.2800000000000004E-002
         549   1.5200000000000000E-002
         550   2.4000000000000000E-002
         551   9.2799999999999994E-002
         552   3.2000000000000002E-003
         553   5.3600000000000002E-002
         554   3.8399999999999997E-002
         555   2.0799999999999999E-002
         556   3.5999999999999997E-002
         557   2.6400000000000000E-002
         558   4.6399999999999997E-002
         559   4.0800000000000003E-002
         560   4.4800000000000000E-002
         561   2.6400000000000000E-002
         562   2.0799999999999999E-002
         563   3.2000000000000002E-003
         564   3.4400000000000000E-002
         565   5.7599999999999998E-002
         566   6.3200000000000006E-002
         567   3.5200000000000002E-002
         568   1.6000000000000000E-002
         569   4.3200000000000002E-002
         570   3.0400000000000000E-002
         571   1.8400000000000000E-002
         572   8.0000000000000004E-004
         573   1.3599999999999999E-002
         574   3.6799999999999999E-002
         575   4.8800000000000003E-002
         576   1.2800000000000001E-002
         577   4.7999999999999996E-003
         578   2.1600000000000001E-002
         579   9.5999999999999992E-003
         580   4.9599999999999998E-002
         581  0.10800000000000000     
         582   4.4800000000000000E-002
         583   1.3599999999999999E-002
         584   5.4399999999999997E-002
         585   1.9199999999999998E-002
         586   0.0000000000000000     
         587   1.9199999999999998E-002
         588   6.4000000000000003E-003
         589   2.8000000000000001E-002
         590   7.0400000000000004E-002
         591   9.5999999999999992E-003
         592   7.2800000000000004E-002
         593   3.2000000000000002E-003
         594   1.2000000000000000E-002
         595   3.8399999999999997E-002
         596   6.2399999999999997E-002
         597   8.1600000000000006E-002
         598   9.6799999999999997E-002
         599   5.5199999999999999E-002
         600   3.6799999999999999E-002
         601   3.7600000000000001E-002
         602   0.0000000000000000     
         603   1.2800000000000001E-002
         604   2.2400000000000000E-002
         605   8.8000000000000005E-003
         606   2.2400000000000000E-002
         607   2.6400000000000000E-002
         608   5.1200000000000002E-002
         609   2.4000000000000000E-002
         610   4.8000000000000001E-002
         611   4.4800000000000000E-002
         612   8.1600000000000006E-002
         613   3.6799999999999999E-002
         614   1.5200000000000000E-002
         615   4.8800000000000003E-002
         616   1.6000000000000000E-002
         617   2.1600000000000001E-002
         618   3.2000000000000002E-003
         619   1.0400000000000000E-002
         620   1.2000000000000000E-002
         621   5.6800000000000003E-002
         622   8.1600000000000006E-002
         623   2.4000000000000000E-002
         624   5.1200000000000002E-002
         625   5.1200000000000002E-002
         626   5.1999999999999998E-002
         627   4.0800000000000003E-002
         628   2.1600000000000001E-002
         629   8.0000000000000004E-004
         630   3.4400000000000000E-002
         631   7.1999999999999998E-003
         632   7.9200000000000007E-002
         633   1.2800000000000001E-002
         634   4.0000000000000001E-003
         635   4.0800000000000003E-002
         636   1.8400000000000000E-002
         637   2.5600000000000001E-002
         638   2.8799999999999999E-002
         639   5.9200000000000003E-002
         640   1.2000000000000000E-002
         641   4.6399999999999997E-002
         642   6.4000000000000003E-003
         643   9.7600000000000006E-002
         644   3.5200000000000002E-002
         645   7.3599999999999999E-002
         646   4.4800000000000000E-002
         647   1.6000000000000000E-002
         648   5.1200000000000002E-002
         649   2.4000000000000000E-002
         650   2.5600000000000001E-002
         651   3.5200000000000002E-002
         652   2.4000000000000000E-002
         653   4.6399999999999997E-002
         654   8.0000000000000002E-003
         655   1.2000000000000000E-002
         656   1.6000000000000000E-002
         657   8.0000000000000004E-004
         658   2.4799999999999999E-002
         659   1.8400000000000000E-002
         660   3.7600000000000001E-002
         661   4.3999999999999997E-002
         662   5.6800000000000003E-002
         663   5.6000000000000001E-002
         664  0.10160000000000000     
         665   5.4399999999999997E-002
         666   7.9200000000000007E-002
         667   4.7199999999999999E-002
         668   3.2000000000000002E-003
         669   2.6400000000000000E-002
         670   6.4000000000000003E-003
         671   3.3599999999999998E-002
         672   1.6799999999999999E-002
         673   3.4400000000000000E-002
         674   1.6000000000000000E-002
         675   4.9599999999999998E-002
         676   6.7199999999999996E-002
         677   2.6400000000000000E-002
         678   3.6799999999999999E-002
         679   9.7600000000000006E-002
         680   7.1999999999999998E-003
         681   6.4799999999999996E-002
         682   3.5999999999999997E-002
         683   3.6799999999999999E-002
         684   6.0800000000000000E-002
         685   7.2800000000000004E-002
         686   5.2800000000000000E-002
         687   6.0800000000000000E-002
         688  0.10400000000000000     
         689  0.10639999999999999     
         690   7.8399999999999997E-002
         691   8.2400000000000001E-002
         692   3.9199999999999999E-002
         693   8.8000000000000005E-003
         694   3.0400000000000000E-002
         695   2.4799999999999999E-002
         696   1.5200000000000000E-002
         697   0.0000000000000000     
         698   1.6000000000000000E-002
         699   8.0000000000000002E-003
         700   3.0400000000000000E-002
         701   4.8800000000000003E-002
         702   5.3600000000000002E-002
         703   2.7199999999999998E-002
         704   8.0000000000000002E-003
         705   2.7199999999999998E-002
         706   2.5600000000000001E-002
         707   1.1200000000000000E-002
         708  0.12320000000000000     
         709   6.2399999999999997E-002
         710   8.0000000000000002E-002
         711   2.8799999999999999E-002
         712   5.5999999999999999E-003
         713   7.1999999999999998E-003
         714   1.3599999999999999E-002
         715   5.3600000000000002E-002
         716   3.2000000000000001E-002
         717   1.6799999999999999E-002
         718   3.5999999999999997E-002
         719   6.4000000000000003E-003
         720   1.5200000000000000E-002
         721   2.3999999999999998E-003
         722   8.0000000000000004E-004
         723   4.9599999999999998E-002
         724   8.2400000000000001E-002
         725   8.7999999999999995E-002
         726   1.0400000000000000E-002
         727   8.8000000000000005E-003
         728   1.2000000000000000E-002
         729   1.6799999999999999E-002
         730   2.0799999999999999E-002
         731   1.8400000000000000E-002
         732   1.3599999999999999E-002
         733   5.0400000000000000E-002
         734   2.8000000000000001E-002
         735   4.9599999999999998E-002
         736   5.7599999999999998E-002
         737   1.9199999999999998E-002
         738   5.2800000000000000E-002
         739   3.8399999999999997E-002
         740   3.7600000000000001E-002
         741   9.1200000000000003E-002
         742  0.11280000000000000     
         743   7.5999999999999998E-002
         744  0.11920000000000000     
         745   8.2400000000000001E-002
         746  0.10720000000000000     
         747   2.5600000000000001E-002
         748   4.6399999999999997E-002
         749   3.7600000000000001E-002
         750   4.0000000000000001E-002
         751   7.3599999999999999E-002
         752   7.1199999999999999E-002
         753   9.8400000000000001E-002
         754   2.8799999999999999E-002
         755   6.3200000000000006E-002
         756   4.6399999999999997E-002
         757   4.5600000000000002E-002
         758   2.2400000000000000E-002
         759   8.0000000000000002E-003
         760   8.0000000000000004E-004
         761   2.7199999999999998E-002
         762   8.0000000000000002E-002
         763   2.8799999999999999E-002
         764   4.8800000000000003E-002
         765   4.9599999999999998E-002
         766   2.7199999999999998E-002
         767   4.8800000000000003E-002
         768   2.5600000000000001E-002
         769   5.6800000000000003E-002
         770   6.2399999999999997E-002
         771   1.6000000000000000E-002
         772   4.0000000000000001E-002
         773   5.8400000000000001E-002
         774   5.1200000000000002E-002
         775   5.5999999999999999E-003
         776   4.3999999999999997E-002
         777   9.5999999999999992E-003
         778   3.3599999999999998E-002
         779   8.0000000000000004E-004
         780   1.0400000000000000E-002
         781   1.0400000000000000E-002
         782   4.7999999999999996E-003
         783   2.8799999999999999E-002
         784   3.2000000000000001E-002
         785   1.5200000000000000E-002
         786   2.9600000000000001E-002
         787   3.4400000000000000E-002
         788   6.4000000000000003E-003
         789   4.0800000000000003E-002
         790   3.5200000000000002E-002
         791   1.7600000000000001E-002
         792   3.5999999999999997E-002
         793   3.4400000000000000E-002
         794   3.2800000000000003E-002
         795   2.4000000000000000E-002
         796   4.7999999999999996E-003
         797   3.3599999999999998E-002
         798   1.2800000000000001E-002
         799   8.5599999999999996E-002
         800  0.10720000000000000     
         801  0.10080000000000000     
         802   2.9600000000000001E-002
         803   2.9600000000000001E-002
         804   3.5200000000000002E-002
         805  0.10160000000000000     
         806   9.1200000000000003E-002
         807  0.11040000000000000     
         808   6.8000000000000005E-002
         809   5.6000000000000001E-002
         810   2.3999999999999998E-003
         811   1.2000000000000000E-002
         812   4.3999999999999997E-002
         813   5.8400000000000001E-002
         814   5.6800000000000003E-002
         815   1.7600000000000001E-002
         816   4.8000000000000001E-002
         817   2.0000000000000000E-002
         818   1.3599999999999999E-002
         819   7.1999999999999998E-003
         820   5.5199999999999999E-002
         821   4.1599999999999998E-002
         822   6.4000000000000003E-003
         823   5.0400000000000000E-002
         824   1.6799999999999999E-002
         825   2.8000000000000001E-002
         826   8.6400000000000005E-002
         827   9.2799999999999994E-002
         828   3.2800000000000003E-002
         829   6.4799999999999996E-002
         830   8.3199999999999996E-002
         831   6.2399999999999997E-002
         832  0.10320000000000000     
         833   3.2000000000000001E-002
         834   3.2000000000000001E-002
         835   9.5999999999999992E-003
         836   1.5200000000000000E-002
         837   7.9200000000000007E-002
         838   5.1999999999999998E-002
         839   8.0000000000000004E-004
         840   5.9999999999999998E-002
         841   8.4000000000000005E-002
         842   8.2400000000000001E-002
         843   5.6000000000000001E-002
         844   5.6800000000000003E-002
         845   5.2800000000000000E-002
         846   1.5200000000000000E-002
         847   8.8000000000000005E-003
         848   1.3599999999999999E-002
         849   2.2400000000000000E-002
         850   2.4000000000000000E-002
         851   4.3999999999999997E-002
         852   8.7999999999999995E-002
         853   8.8800000000000004E-002
         854   3.5999999999999997E-002
         855   1.4400000000000000E-002
         856   5.2800000000000000E-002
         857   8.0799999999999997E-002
         858  0.10480000000000000     
         859   1.1200000000000000E-002
         860   6.8000000000000005E-002
         861   1.0400000000000000E-002
         862   2.2400000000000000E-002
         863   3.7600000000000001E-002
         864   2.0000000000000000E-002
         865   2.0799999999999999E-002
         866   8.1600000000000006E-002
         867   9.2799999999999994E-002
         868   4.8800000000000003E-002
         869   1.3599999999999999E-002
         870   2.1600000000000001E-002
         871   7.5200000000000003E-002
         872   6.6400000000000001E-002
         873   4.2400000000000000E-002
         874   5.4399999999999997E-002
         875   1.3599999999999999E-002
         876   1.6799999999999999E-002
         877   1.9199999999999998E-002
         878   4.0800000000000003E-002
         879   3.2000000000000002E-003
         880   5.2800000000000000E-002
         881   4.7999999999999996E-003
         882   6.6400000000000001E-002
         883   8.8800000000000004E-002
         884   2.6400000000000000E-002
         885   7.5200000000000003E-002
         886   3.2800000000000003E-002
         887   1.1200000000000000E-002
         888   2.4799999999999999E-002
         889   4.0000000000000001E-002
         890   4.2400000000000000E-002
         891   3.0400000000000000E-002
         892   3.2800000000000003E-002
         893   1.6799999999999999E-002
         894   1.8400000000000000E-002
         895   2.7199999999999998E-002
         896   4.9599999999999998E-002
         897   2.4000000000000000E-002
         898   5.1200000000000002E-002
         899   7.1999999999999998E-003
         900   2.8000000000000001E-002
         901   8.4800000000000000E-002
         902   8.4800000000000000E-002
         903   4.1599999999999998E-002
         904   4.4800000000000000E-002
         905   5.1200000000000002E-002
         906   1.4400000000000000E-002
         907   3.6799999999999999E-002
         908   4.0000000000000001E-003
         909  0.14319999999999999     
         910   9.8400000000000001E-002
         911   6.0800000000000000E-002
         912   8.0000000000000002E-002
         913   9.1200000000000003E-002
         914   4.1599999999999998E-002
         915   2.7199999999999998E-002
         916   5.5999999999999999E-003
         917   2.4799999999999999E-002
         918   3.7600000000000001E-002
         919   7.2800000000000004E-002
         920   4.2400000000000000E-002
         921   3.3599999999999998E-002
         922   5.2800000000000000E-002
         923   2.0000000000000000E-002
         924   5.6800000000000003E-002
         925   1.2800000000000001E-002
         926   4.0000000000000001E-003
         927   1.2000000000000000E-002
         928   6.4000000000000003E-003
         929   1.2000000000000000E-002
         930   3.6799999999999999E-002
         931   4.7199999999999999E-002
         932   6.2399999999999997E-002
         933   3.3599999999999998E-002
         934   2.5600000000000001E-002
         935   2.2400000000000000E-002
         936   4.4800000000000000E-002
         937   8.8800000000000004E-002
         938   6.4000000000000001E-002
         939   1.7600000000000001E-002
         940   4.8000000000000001E-002
         941   8.7999999999999995E-002
         942  0.11360000000000001     
         943   2.7199999999999998E-002
         944   1.2000000000000000E-002
         945   7.2800000000000004E-002
         946   1.6799999999999999E-002
         947   4.0000000000000001E-003
         948   8.0000000000000004E-004
         949   2.3999999999999998E-003
         950   1.1200000000000000E-002
         951   5.8400000000000001E-002
         952   1.3599999999999999E-002
         953   2.0799999999999999E-002
         954   6.4799999999999996E-002
         955   3.6799999999999999E-002
         956   2.7199999999999998E-002
         957   3.3599999999999998E-002
         958   3.3599999999999998E-002
         959   3.2800000000000003E-002
         960   1.5200000000000000E-002
         961   1.8400000000000000E-002
         962   4.1599999999999998E-002
         963   1.2000000000000000E-002
         964   1.6799999999999999E-002
         965  0.11119999999999999     
         966   1.2000000000000000E-002
         967   1.4400000000000000E-002
         968   5.3600000000000002E-002
         969   4.6399999999999997E-002
         970   3.5200000000000002E-002
         971   3.3599999999999998E-002
         972   9.3600000000000003E-002
         973   8.7200000000000000E-002
         974   1.6799999999999999E-002
         975   1.9199999999999998E-002
         976   1.2800000000000001E-002
         977   3.1199999999999999E-002
         978   1.5200000000000000E-002
         979   4.3200000000000002E-002
         980   6.2399999999999997E-002
         981   1.0400000000000000E-002
         982   1.5200000000000000E-002
         983   3.2800000000000003E-002
         984   1.6799999999999999E-002
         985   8.0000000000000002E-003
         986   3.2000000000000001E-002
         987   0.0000000000000000     
         988   0.0000000000000000     
         989   9.5999999999999992E-003
         990   2.3199999999999998E-002
         991   8.4000000000000005E-002
         992   2.3999999999999998E-003
         993   4.0800000000000003E-002
         994   2.8799999999999999E-002
         995   7.5999999999999998E-002
         996   7.0400000000000004E-002
         997   5.5199999999999999E-002
         998   2.5600000000000001E-002
         999   1.6799999999999999E-002
        1000   2.9600000000000001E-002
        1001   4.8000000000000001E-002
        1002   4.0000000000000001E-003
        1003   2.6400000000000000E-002
        1004   8.4800000000000000E-002
        1005  0.11760000000000000     
        1006   4.4800000000000000E-002
        1007   5.5999999999999999E-003
        1008   3.2000000000000002E-003
        1009   2.7199999999999998E-002
        1010   5.2800000000000000E-002
        1011   5.3600000000000002E-002
        1012   5.2800000000000000E-002
        1013   6.7199999999999996E-002
        1014   4.8800000000000003E-002
        1015   1.6799999999999999E-002
        1016   4.0000000000000001E-003
        1017   1.3599999999999999E-002
        1018   4.1599999999999998E-002
        1019   6.8800000000000000E-002
        1020   2.3199999999999998E-002
        1021   9.5999999999999992E-003
        1022   4.5600000000000002E-002
        1023   2.5600000000000001E-002
        1024   7.3599999999999999E-002
        1025   2.8799999999999999E-002
        1026   4.5600000000000002E-002
        1027   6.4000000000000003E-003
        1028   2.0799999999999999E-002
        1029   3.9199999999999999E-002
        1030   3.4400000000000000E-002
        1031   3.3599999999999998E-002
        1032   3.5999999999999997E-002
        1033   3.7600000000000001E-002
        1034   2.3999999999999998E-003
        1035   6.4000000000000003E-003
        1036   2.9600000000000001E-002
        1037   2.3999999999999998E-003
        1038   8.4000000000000005E-002
        1039   4.3999999999999997E-002
        1040   1.3599999999999999E-002
        1041   3.5200000000000002E-002
        1042   3.2000000000000001E-002
        1043   1.9199999999999998E-002
        1044   5.2800000000000000E-002
        1045   5.1200000000000002E-002
        1046   6.9599999999999995E-002
        1047   6.8800000000000000E-002
        1048   9.5999999999999992E-003
        1049   6.3200000000000006E-002
        1050   8.6400000000000005E-002
        1051   7.4399999999999994E-002
        1052   7.1199999999999999E-002
        1053   1.1200000000000000E-002
        1054   7.7600000000000002E-002
        1055   8.0000000000000004E-004
        1056   2.1600000000000001E-002
        1057   1.7600000000000001E-002
        1058   4.0000000000000001E-003
        1059   7.3599999999999999E-002
        1060   7.4399999999999994E-002
        1061   9.8400000000000001E-002
        1062   5.1999999999999998E-002
        1063   1.6799999999999999E-002
        1064   2.6400000000000000E-002
        1065   8.0000000000000002E-003
        1066   9.5999999999999992E-003
        1067   4.7999999999999996E-003
        1068   3.1199999999999999E-002
        1069   4.0000000000000001E-002
        1070   6.5600000000000006E-002
        1071   9.6799999999999997E-002
        1072   2.3999999999999998E-003
        1073   1.0400000000000000E-002
        1074   2.5600000000000001E-002
        1075   2.1600000000000001E-002
        1076   1.6799999999999999E-002
        1077   4.7999999999999996E-003
        1078   4.0000000000000001E-003
        1079   5.5999999999999999E-003
        1080   2.9600000000000001E-002
        1081   3.5200000000000002E-002
        1082   9.5999999999999992E-003
        1083   4.7999999999999996E-003
        1084   6.6400000000000001E-002
        1085   5.4399999999999997E-002
        1086   4.0000000000000001E-002
        1087   4.3999999999999997E-002
        1088   9.1200000000000003E-002
        1089   5.6000000000000001E-002
        1090   5.4399999999999997E-002
        1091   2.0000000000000000E-002
        1092   2.8799999999999999E-002
        1093   4.0000000000000001E-002
        1094   2.8000000000000001E-002
        1095   5.0400000000000000E-002
        1096   2.0000000000000000E-002
        1097   4.0000000000000001E-003
        1098   1.5200000000000000E-002
        1099   6.8000000000000005E-002
        1100   5.0400000000000000E-002
        1101   2.1600000000000001E-002
        1102   5.5999999999999999E-003
        1103   8.0000000000000002E-003
        1104   1.4400000000000000E-002
        1105   1.5200000000000000E-002
        1106   6.4000000000000003E-003
        1107   4.7999999999999996E-003
        1108   3.0400000000000000E-002
        1109   6.1600000000000002E-002
        1110  0.11920000000000000     
        1111   2.8000000000000001E-002
        1112   8.0000000000000002E-003
        1113   4.2400000000000000E-002
        1114   1.9199999999999998E-002
        1115   3.4400000000000000E-002
        1116   2.0000000000000000E-002
        1117   4.0800000000000003E-002
        1118   3.0400000000000000E-002
        1119   4.5600000000000002E-002
        1120   6.8800000000000000E-002
        1121   5.7599999999999998E-002
        1122   3.2000000000000001E-002
        1123   8.0000000000000002E-003
        1124   4.3999999999999997E-002
        1125   6.1600000000000002E-002
        1126   5.5999999999999999E-003
        1127   1.1200000000000000E-002
        1128   1.1200000000000000E-002
        1129   4.7999999999999996E-003
        1130   8.8000000000000005E-003
        1131   1.4400000000000000E-002
        1132   3.5999999999999997E-002
        1133   2.8000000000000001E-002
        1134   0.0000000000000000     
        1135   7.1999999999999998E-003
        1136   2.8799999999999999E-002
        1137   3.2000000000000002E-003
        1138   1.1200000000000000E-002
        1139   3.0400000000000000E-002
        1140   1.8400000000000000E-002
        1141   4.3999999999999997E-002
        1142   3.2800000000000003E-002
        1143   5.6000000000000001E-002
        1144   4.2400000000000000E-002
        1145   8.0000000000000004E-004
        1146   5.6800000000000003E-002
        1147   4.3200000000000002E-002
        1148   5.8400000000000001E-002
        1149  0.10480000000000000     
        1150   2.3199999999999998E-002
        1151   1.9199999999999998E-002
        1152   5.6000000000000001E-002
        1153   2.3999999999999998E-003
        1154   4.0000000000000001E-003
        1155   1.0400000000000000E-002
        1156   5.5999999999999999E-003
        1157   7.1999999999999998E-003
        1158   1.1200000000000000E-002
        1159   2.4000000000000000E-002
        1160  0.10639999999999999     
        1161   2.8799999999999999E-002
        1162   9.5999999999999992E-003
        1163   8.0000000000000004E-004
        1164   6.2399999999999997E-002
        1165   4.0800000000000003E-002
        1166   4.7999999999999996E-003
        1167   2.1600000000000001E-002
        1168   8.0000000000000002E-003
        1169   1.1200000000000000E-002
        1170   5.9999999999999998E-002
        1171   6.4799999999999996E-002
        1172   7.3599999999999999E-002
        1173   7.2800000000000004E-002
        1174   6.2399999999999997E-002
        1175   5.1200000000000002E-002
        1176   7.5999999999999998E-002
        1177   5.7599999999999998E-002
        1178   5.6000000000000001E-002
        1179   4.3200000000000002E-002
        1180   1.0400000000000000E-002
        1181   3.2000000000000001E-002
        1182   2.1600000000000001E-002
        1183   5.9200000000000003E-002
        1184   1.6000000000000001E-003
        1185   8.0000000000000002E-003
        1186   8.0000000000000002E-003
        1187   3.6799999999999999E-002
        1188   1.0400000000000000E-002
        1189   4.0000000000000001E-003
        1190   2.0000000000000000E-002
        1191   3.2000000000000001E-002
        1192   6.6400000000000001E-002
        1193   8.4800000000000000E-002
        1194   3.5200000000000002E-002
        1195   3.3599999999999998E-002
        1196   4.3999999999999997E-002
        1197   4.5600000000000002E-002
        1198   7.5200000000000003E-002
        1199   3.0400000000000000E-002
        1200   2.6400000000000000E-002
        1201   1.2800000000000001E-002
        1202   2.5600000000000001E-002
        1203   4.5600000000000002E-002
        1204   6.4000000000000003E-003
        1205   1.1200000000000000E-002
        1206   2.0799999999999999E-002
        1207   7.1999999999999998E-003
        1208   3.2000000000000001E-002
        1209   4.4800000000000000E-002
        1210   9.5999999999999992E-003
        1211   4.0000000000000001E-003
        1212   2.3999999999999998E-003
        1213   4.7999999999999996E-003
        1214   1.1200000000000000E-002
        1215   4.2400000000000000E-002
        1216   2.8000000000000001E-002
        1217   6.8000000000000005E-002
        1218   4.4800000000000000E-002
        1219   8.0000000000000004E-004
        1220   1.1200000000000000E-002
        1221   3.3599999999999998E-002
        1222   4.1599999999999998E-002
        1223   2.3999999999999998E-003
        1224   5.5199999999999999E-002
        1225   5.0400000000000000E-002
        1226   5.8400000000000001E-002
        1227   3.2800000000000003E-002
        1228   8.0000000000000004E-004
        1229   7.8399999999999997E-002
        1230   4.0000000000000001E-002
        1231   2.1600000000000001E-002
        1232   2.0799999999999999E-002
        1233   2.7199999999999998E-002
        1234   2.2400000000000000E-002
        1235   2.5600000000000001E-002
        1236   2.0000000000000000E-002
        1237   8.0000000000000004E-004
        1238   8.0000000000000004E-004
        1239   3.4400000000000000E-002
        1240   8.8000000000000005E-003
        1241   3.1199999999999999E-002
        1242   1.6000000000000001E-003
        1243   9.5999999999999992E-003
        1244   4.5600000000000002E-002
        1245   4.9599999999999998E-002
        1246   4.0800000000000003E-002
        1247   9.2799999999999994E-002
        1248   6.6400000000000001E-002
        1249   5.0400000000000000E-002
        1250   1.6000000000000001E-003
        1251   1.3599999999999999E-002
        1252   2.3199999999999998E-002
        1253   2.5600000000000001E-002
        1254   7.8399999999999997E-002
        1255   2.4799999999999999E-002
        1256   4.3200000000000002E-002
        1257   8.8000000000000005E-003
        1258   7.1999999999999998E-003
        1259   1.4400000000000000E-002
        1260   3.2800000000000003E-002
        1261   4.0000000000000001E-002
        1262   2.4799999999999999E-002
        1263   2.9600000000000001E-002
        1264   2.8799999999999999E-002
        1265   2.0000000000000000E-002
        1266   6.8800000000000000E-002
        1267   5.7599999999999998E-002
        1268   5.1200000000000002E-002
        1269   2.8000000000000001E-002
        1270   2.8799999999999999E-002
        1271   1.2800000000000001E-002
        1272   1.6000000000000000E-002
        1273   1.1200000000000000E-002
        1274   1.6799999999999999E-002
        1275   4.0000000000000001E-003
        1276   5.1200000000000002E-002
        1277   2.8799999999999999E-002
        1278   2.8799999999999999E-002
        1279   8.0000000000000004E-004
        1280   3.0400000000000000E-002
        1281   4.4800000000000000E-002
        1282   4.8000000000000001E-002
        1283  0.10800000000000000     
        1284   2.6400000000000000E-002
        1285   2.3999999999999998E-003
        1286   2.1600000000000001E-002
        1287   4.1599999999999998E-002
        1288   3.9199999999999999E-002
        1289   0.0000000000000000     
        1290   6.7199999999999996E-002
        1291   4.0800000000000003E-002
        1292   8.4800000000000000E-002
        1293   4.6399999999999997E-002
        1294   7.6799999999999993E-002
        1295   5.9200000000000003E-002
        1296   6.1600000000000002E-002
        1297   8.0000000000000004E-004
        1298   8.0000000000000002E-003
        1299   8.0000000000000002E-003
        1300   3.1199999999999999E-002
        1301   8.0000000000000002E-003
        1302   3.2000000000000002E-003
        1303   1.5200000000000000E-002
        1304   1.7600000000000001E-002
        1305   3.5999999999999997E-002
        1306   2.0799999999999999E-002
        1307   2.1600000000000001E-002
        1308   3.0400000000000000E-002
        1309   5.6000000000000001E-002
        1310   5.0400000000000000E-002
        1311   8.7200000000000000E-002
        1312   3.2800000000000003E-002
        1313   3.9199999999999999E-002
        1314   4.8800000000000003E-002
        1315   8.8000000000000005E-003
        1316   6.8000000000000005E-002
        1317   5.5999999999999999E-003
        1318   8.2400000000000001E-002
        1319   1.7600000000000001E-002
        1320   2.3999999999999998E-003
        1321   1.6000000000000000E-002
        1322   1.9199999999999998E-002
        1323   4.7999999999999996E-003
        1324   2.1600000000000001E-002
        1325   2.7199999999999998E-002
        1326   3.1199999999999999E-002
        1327   2.6400000000000000E-002
        1328   2.0799999999999999E-002
        1329   7.2800000000000004E-002
        1330   2.8799999999999999E-002
        1331   1.4400000000000000E-002
        1332   2.0000000000000000E-002
        1333   2.8799999999999999E-002
        1334   4.0000000000000001E-003
        1335   1.7600000000000001E-002
        1336   1.1200000000000000E-002
        1337   2.4799999999999999E-002
        1338   2.0000000000000000E-002
        1339   0.0000000000000000     
        1340   3.4400000000000000E-002
        1341   5.1999999999999998E-002
        1342   7.6799999999999993E-002
        1343   7.6799999999999993E-002
        1344   5.5999999999999999E-003
        1345   5.1999999999999998E-002
        1346   9.3600000000000003E-002
        1347   4.0800000000000003E-002
        1348   6.8800000000000000E-002
        1349   3.8399999999999997E-002
        1350   4.0800000000000003E-002
        1351   3.2800000000000003E-002
        1352   1.0400000000000000E-002
        1353   1.9199999999999998E-002
        1354   4.0000000000000001E-002
        1355   5.9999999999999998E-002
        1356   3.1199999999999999E-002
        1357   2.8000000000000001E-002
        1358   5.9200000000000003E-002
        1359   2.8799999999999999E-002
        1360   2.0799999999999999E-002
        1361   4.7999999999999996E-003
        1362   1.0400000000000000E-002
        1363   2.0799999999999999E-002
        1364   2.7199999999999998E-002
        1365   5.6800000000000003E-002
        1366   4.7999999999999996E-003
        1367   1.6000000000000000E-002
        1368   3.0400000000000000E-002
        1369   6.2399999999999997E-002
        1370   4.0000000000000001E-003
        1371   5.6800000000000003E-002
        1372   2.8000000000000001E-002
        1373   2.6400000000000000E-002
        1374   2.3199999999999998E-002
        1375   7.2800000000000004E-002
        1376  0.10240000000000000     
        1377   4.4800000000000000E-002
        1378   5.1999999999999998E-002
        1379   4.8800000000000003E-002
        1380   4.1599999999999998E-002
        1381   8.0799999999999997E-002
        1382   7.5999999999999998E-002
        1383   3.9199999999999999E-002
        1384   2.2400000000000000E-002
        1385   2.4799999999999999E-002
        1386   1.6799999999999999E-002
        1387   1.2000000000000000E-002
        1388   5.5999999999999999E-003
        1389   2.3199999999999998E-002
        1390   5.5999999999999999E-003
        1391   2.7199999999999998E-002
        1392   5.1200000000000002E-002
        1393   7.4399999999999994E-002
        1394   4.7999999999999996E-003
        1395   1.4400000000000000E-002
        1396   2.0799999999999999E-002
        1397   1.6000000000000000E-002
        1398   3.1199999999999999E-002
        1399   7.0400000000000004E-002
        1400   2.2400000000000000E-002
        1401   2.2400000000000000E-002
        1402   3.2800000000000003E-002
        1403   1.6000000000000000E-002
        1404   3.7600000000000001E-002
        1405   1.6799999999999999E-002
        1406   2.0799999999999999E-002
        1407   1.6000000000000000E-002
        1408   1.9199999999999998E-002
        1409   1.7600000000000001E-002
        1410   1.2800000000000001E-002
        1411   3.2000000000000001E-002
        1412   6.5600000000000006E-002
        1413   9.1999999999999998E-002
        1414   2.9600000000000001E-002
        1415   1.6000000000000000E-002
        1416   1.6799999999999999E-002
        1417   2.6400000000000000E-002
        1418   4.1599999999999998E-002
        1419   2.3999999999999998E-003
        1420   6.7199999999999996E-002
        1421   8.0000000000000004E-004
        1422   2.2400000000000000E-002
        1423   1.5200000000000000E-002
        1424   3.5999999999999997E-002
        1425   1.5200000000000000E-002
        1426   2.8000000000000001E-002
        1427   1.5200000000000000E-002
        1428   2.4799999999999999E-002
        1429   1.4400000000000000E-002
        1430   1.5200000000000000E-002
        1431   2.3999999999999998E-003
        1432   2.4000000000000000E-002
        1433   2.3999999999999998E-003
        1434   3.2000000000000001E-002
        1435   8.0000000000000002E-003
        1436   3.1199999999999999E-002
        1437   2.3199999999999998E-002
        1438   1.7600000000000001E-002
        1439   1.8400000000000000E-002
        1440   6.0800000000000000E-002
        1441   3.5999999999999997E-002
        1442   5.8400000000000001E-002
        1443   6.1600000000000002E-002
        1444   7.1999999999999998E-003
        1445   7.1999999999999998E-003
        1446   3.2800000000000003E-002
        1447   1.3599999999999999E-002
        1448   1.4400000000000000E-002
        1449   1.1200000000000000E-002
        1450   3.8399999999999997E-002
        1451   4.0000000000000001E-003
        1452   8.5599999999999996E-002
        1453   1.1200000000000000E-002
        1454   7.7600000000000002E-002
        1455   3.4400000000000000E-002
        1456   2.0799999999999999E-002
        1457   1.0400000000000000E-002
        1458   7.6799999999999993E-002
        1459  0.14720000000000000     
        1460   4.8000000000000001E-002
        1461   2.8799999999999999E-002
        1462   2.3199999999999998E-002
        1463   2.2400000000000000E-002
        1464   6.4000000000000003E-003
        1465   3.4400000000000000E-002
        1466   3.2000000000000002E-003
        1467   2.8000000000000001E-002
        1468   1.1200000000000000E-002
        1469   2.3999999999999998E-003
        1470   2.2400000000000000E-002
        1471   3.5200000000000002E-002
        1472   2.4799999999999999E-002
        1473   7.2800000000000004E-002
        1474   6.6400000000000001E-002
        1475   0.0000000000000000     
        1476   1.1200000000000000E-002
        1477   2.8000000000000001E-002
        1478   1.6000000000000001E-003
        1479   3.2800000000000003E-002
        1480   1.2000000000000000E-002
        1481   2.8000000000000001E-002
        1482   5.5999999999999999E-003
        1483   8.0000000000000002E-003
        1484   2.5600000000000001E-002
        1485   1.5200000000000000E-002
        1486   1.2800000000000001E-002
        1487   1.4400000000000000E-002
        1488   4.7999999999999996E-003
        1489   2.4000000000000000E-002
        1490   3.2000000000000002E-003
        1491   5.1200000000000002E-002
        1492   3.8399999999999997E-002
        1493   7.0400000000000004E-002
        1494   7.0400000000000004E-002
        1495   1.7600000000000001E-002
        1496   8.8000000000000005E-003
        1497   4.0000000000000001E-003
        1498   4.0000000000000001E-003
        1499   5.0400000000000000E-002
        1500   6.4000000000000003E-003
        1501   3.2800000000000003E-002
        1502   5.5999999999999999E-003
        1503   1.2800000000000001E-002
        1504   4.0000000000000001E-002
        1505   1.3599999999999999E-002
        1506   3.1199999999999999E-002
        1507   1.6799999999999999E-002
        1508   3.2000000000000001E-002
        1509   1.6000000000000001E-003
        1510   4.0000000000000001E-003
        1511   2.1600000000000001E-002
        1512   2.7199999999999998E-002
        1513   8.8000000000000005E-003
        1514   1.6799999999999999E-002
        1515   8.0000000000000004E-004
        1516   1.7600000000000001E-002
        1517   0.0000000000000000     
        1518   1.1200000000000000E-002
        1519   4.0000000000000001E-003
        1520   4.5600000000000002E-002
        1521   6.8000000000000005E-002
        1522   2.8000000000000001E-002
        1523   4.3200000000000002E-002
        1524   6.4799999999999996E-002
        1525   5.7599999999999998E-002
        1526   4.8800000000000003E-002
        1527   4.6399999999999997E-002
        1528   1.3599999999999999E-002
        1529   8.0000000000000002E-003
        1530   3.7600000000000001E-002
        1531   4.5600000000000002E-002
        1532   1.2000000000000000E-002
        1533   2.1600000000000001E-002
        1534   5.4399999999999997E-002
        1535   4.8800000000000003E-002
        1536   7.2800000000000004E-002
        1537   9.7600000000000006E-002
        1538   7.0400000000000004E-002
        1539   2.2400000000000000E-002
        1540   7.1999999999999998E-003
        1541   7.2800000000000004E-002
        1542   4.8000000000000001E-002
        1543   3.3599999999999998E-002
        1544   2.3199999999999998E-002
        1545   2.2400000000000000E-002
        1546   3.2000000000000002E-003
        1547   8.8000000000000005E-003
        1548   1.9199999999999998E-002
        1549   2.1600000000000001E-002
        1550   1.7600000000000001E-002
        1551   4.3200000000000002E-002
        1552   5.6800000000000003E-002
        1553   4.0800000000000003E-002
        1554   7.4399999999999994E-002
        1555   1.8400000000000000E-002
        1556   1.2000000000000000E-002
        1557   4.7999999999999996E-003
        1558   2.8799999999999999E-002
        1559   1.8400000000000000E-002
        1560   2.6400000000000000E-002
        1561   2.9600000000000001E-002
        1562   3.2800000000000003E-002
        1563   2.7199999999999998E-002
        1564   4.0000000000000001E-003
        1565   4.2400000000000000E-002
        1566   1.9199999999999998E-002
        1567   2.9600000000000001E-002
        1568   5.2800000000000000E-002
        1569   3.8399999999999997E-002
        1570   3.3599999999999998E-002
        1571   3.5999999999999997E-002
        1572   1.9199999999999998E-002
        1573   5.9200000000000003E-002
        1574   1.0400000000000000E-002
        1575   2.6400000000000000E-002
        1576   4.7999999999999996E-003
        1577   6.3200000000000006E-002
        1578  0.10160000000000000     
        1579  0.10240000000000000     
        1580   9.1200000000000003E-002
        1581   6.7199999999999996E-002
        1582   7.1999999999999995E-002
        1583   8.6400000000000005E-002
        1584   2.4799999999999999E-002
        1585   3.3599999999999998E-002
        1586   1.4400000000000000E-002
        1587   3.4400000000000000E-002
        1588   3.5999999999999997E-002
        1589   5.5999999999999999E-003
        1590   6.4000000000000001E-002
        1591   3.0400000000000000E-002
        1592   5.5999999999999999E-003
        1593   2.7199999999999998E-002
        1594   1.8400000000000000E-002
        1595   8.0000000000000002E-003
        1596   2.2400000000000000E-002
        1597   5.1999999999999998E-002
        1598   1.8400000000000000E-002
        1599   3.7600000000000001E-002
        1600   1.1200000000000000E-002
        1601   8.0000000000000002E-003
        1602   1.6000000000000001E-003
        1603   1.6000000000000001E-003
        1604   3.5200000000000002E-002
        1605   1.0400000000000000E-002
        1606   3.1199999999999999E-002
        1607   5.6800000000000003E-002
        1608   3.9199999999999999E-002
        1609   4.5600000000000002E-002
        1610   6.1600000000000002E-002
        1611   6.0800000000000000E-002
        1612   8.0000000000000004E-004
        1613   1.8400000000000000E-002
        1614   4.3999999999999997E-002
        1615   4.3999999999999997E-002
        1616   3.8399999999999997E-002
        1617   6.4000000000000003E-003
        1618   3.5999999999999997E-002
        1619   4.7999999999999996E-003
        1620   3.0400000000000000E-002
        1621   3.2800000000000003E-002
        1622   3.2000000000000001E-002
        1623   5.1999999999999998E-002
        1624   1.8400000000000000E-002
        1625   4.1599999999999998E-002
        1626   8.0000000000000004E-004
        1627   1.7600000000000001E-002
        1628   6.4000000000000003E-003
        1629   3.1199999999999999E-002
        1630   2.0799999999999999E-002
        1631   5.1999999999999998E-002
        1632   7.3599999999999999E-002
        1633   1.3599999999999999E-002
        1634   5.1999999999999998E-002
        1635   0.0000000000000000     
        1636   1.2800000000000001E-002
        1637   4.0000000000000001E-003
        1638   4.9599999999999998E-002
        1639   8.4800000000000000E-002
        1640   4.0000000000000001E-003
        1641   3.4400000000000000E-002
        1642   3.6799999999999999E-002
        1643   5.9999999999999998E-002
        1644   1.5200000000000000E-002
        1645   4.8000000000000001E-002
        1646   2.3999999999999998E-003
        1647   1.9199999999999998E-002
        1648   3.2000000000000002E-003
        1649   4.3200000000000002E-002
        1650   4.3999999999999997E-002
        1651   7.1999999999999995E-002
        1652   3.0400000000000000E-002
        1653   7.5200000000000003E-002
        1654   2.8000000000000001E-002
        1655   5.2800000000000000E-002
        1656   6.4000000000000003E-003
        1657   4.3999999999999997E-002
        1658   6.4799999999999996E-002
        1659   8.4000000000000005E-002
        1660   2.2400000000000000E-002
        1661   7.8399999999999997E-002
        1662   8.4000000000000005E-002
        1663   5.3600000000000002E-002
        1664   3.0400000000000000E-002
        1665   5.0400000000000000E-002
        1666   5.6000000000000001E-002
        1667  0.10320000000000000     
        1668   4.2400000000000000E-002
        1669   8.3199999999999996E-002
        1670   9.9199999999999997E-002
        1671   1.3599999999999999E-002
        1672   3.8399999999999997E-002
        1673   3.5999999999999997E-002
        1674   6.2399999999999997E-002
        1675   5.0400000000000000E-002
        1676  0.10000000000000001     
        1677   4.0000000000000001E-002
        1678   7.1999999999999995E-002
        1679   9.0399999999999994E-002
        1680   8.8000000000000005E-003
        1681   3.6799999999999999E-002
        1682   4.7999999999999996E-003
        1683   4.2400000000000000E-002
        1684   6.7199999999999996E-002
        1685   7.6799999999999993E-002
        1686   3.2800000000000003E-002
        1687   2.7199999999999998E-002
        1688   4.3200000000000002E-002
        1689   4.8000000000000001E-002
        1690   5.8400000000000001E-002
        1691   3.4400000000000000E-002
        1692   4.9599999999999998E-002
        1693   7.0400000000000004E-002
        1694   8.7999999999999995E-002
        1695   4.1599999999999998E-002
        1696   3.5200000000000002E-002
        1697   3.3599999999999998E-002
        1698   3.9199999999999999E-002
        1699   1.2800000000000001E-002
        1700   3.1199999999999999E-002
        1701   4.0800000000000003E-002
        1702   4.3999999999999997E-002
        1703   1.6000000000000001E-003
        1704   1.4400000000000000E-002
        1705   1.2800000000000001E-002
        1706   4.9599999999999998E-002
        1707   4.1599999999999998E-002
        1708   5.8400000000000001E-002
        1709   2.4000000000000000E-002
        1710   4.0800000000000003E-002
        1711   2.9600000000000001E-002
        1712   3.2000000000000002E-003
        1713   1.4400000000000000E-002
        1714   5.8400000000000001E-002
        1715   8.6400000000000005E-002
        1716   8.6400000000000005E-002
        1717   3.6799999999999999E-002
        1718   1.4400000000000000E-002
        1719   2.2400000000000000E-002
        1720   2.8799999999999999E-002
        1721   1.9199999999999998E-002
        1722   2.0799999999999999E-002
        1723   2.1600000000000001E-002
        1724   6.4000000000000003E-003
        1725   4.3999999999999997E-002
        1726   3.5200000000000002E-002
        1727   1.8400000000000000E-002
        1728   6.1600000000000002E-002
        1729   1.8400000000000000E-002
        1730   1.0400000000000000E-002
        1731   1.3599999999999999E-002
        1732   8.0000000000000002E-003
        1733   1.2800000000000001E-002
        1734   4.0000000000000001E-003
        1735   9.5999999999999992E-003
        1736   2.2400000000000000E-002
        1737   4.0000000000000001E-002
        1738   1.6000000000000001E-003
        1739   6.5600000000000006E-002
        1740   2.3199999999999998E-002
        1741   6.8800000000000000E-002
        1742   1.7600000000000001E-002
        1743   4.3999999999999997E-002
        1744   3.5999999999999997E-002
        1745   2.0799999999999999E-002
        1746   1.5200000000000000E-002
        1747   1.7600000000000001E-002
        1748   1.5200000000000000E-002
        1749   5.3600000000000002E-002
        1750   2.7199999999999998E-002
        1751   3.2000000000000001E-002
        1752   6.4799999999999996E-002
        1753   2.7199999999999998E-002
        1754   2.4000000000000000E-002
        1755   3.5200000000000002E-002
        1756   1.3599999999999999E-002
        1757   7.7600000000000002E-002
        1758   4.8800000000000003E-002
        1759   4.8800000000000003E-002
        1760   4.0800000000000003E-002
        1761   3.5200000000000002E-002
        1762   2.3999999999999998E-003
        1763   2.4799999999999999E-002
        1764   1.2800000000000001E-002
        1765   8.3199999999999996E-002
        1766   5.1999999999999998E-002
        1767  0.11680000000000000     
        1768   6.4000000000000001E-002
        1769   6.0800000000000000E-002
        1770   4.1599999999999998E-002
        1771   4.7199999999999999E-002
        1772   5.8400000000000001E-002
        1773   7.6799999999999993E-002
        1774   5.7599999999999998E-002
        1775   1.8400000000000000E-002
        1776   3.5999999999999997E-002
        1777   2.4000000000000000E-002
        1778   2.4000000000000000E-002
        1779   6.9599999999999995E-002
        1780   5.1999999999999998E-002
        1781   4.7999999999999996E-003
        1782   2.0000000000000000E-002
        1783   4.3999999999999997E-002
        1784   6.4000000000000003E-003
        1785   1.9199999999999998E-002
        1786   2.4799999999999999E-002
        1787   3.6799999999999999E-002
        1788   2.8799999999999999E-002
        1789   6.4000000000000003E-003
        1790   6.4000000000000003E-003
        1791   1.6000000000000000E-002
        1792   8.0799999999999997E-002
        1793   5.6000000000000001E-002
        1794   4.0000000000000001E-002
        1795   2.7199999999999998E-002
        1796   3.4400000000000000E-002
        1797   3.9199999999999999E-002
        1798   2.1600000000000001E-002
        1799   4.8800000000000003E-002
        1800   5.1200000000000002E-002
        1801   3.6799999999999999E-002
        1802   3.1199999999999999E-002
        1803   1.7600000000000001E-002
        1804   2.1600000000000001E-002
        1805   1.9199999999999998E-002
        1806   8.0000000000000004E-004
        1807   2.8000000000000001E-002
        1808   3.2000000000000001E-002
        1809   5.0400000000000000E-002
        1810   2.8799999999999999E-002
        1811   3.2000000000000002E-003
        1812   8.8000000000000005E-003
        1813   1.8400000000000000E-002
        1814   2.4000000000000000E-002
        1815   1.4400000000000000E-002
        1816   3.1199999999999999E-002
        1817   6.4000000000000003E-003
        1818   2.8799999999999999E-002
        1819   1.6000000000000001E-003
        1820   7.4399999999999994E-002
        1821   8.0000000000000004E-004
        1822   4.7999999999999996E-003
        1823   4.0800000000000003E-002
        1824   5.5999999999999999E-003
        1825   4.0000000000000001E-003
        1826   6.2399999999999997E-002
        1827   2.3999999999999998E-003
        1828   3.3599999999999998E-002
        1829   8.8000000000000005E-003
        1830   3.2800000000000003E-002
        1831   6.4000000000000001E-002
        1832   2.4000000000000000E-002
        1833   6.4000000000000003E-003
        1834   1.7600000000000001E-002
        1835   5.5999999999999999E-003
        1836   8.0000000000000004E-004
        1837   3.2000000000000002E-003
        1838   1.1200000000000000E-002
        1839   2.1600000000000001E-002
        1840   3.0400000000000000E-002
        1841   3.5200000000000002E-002
        1842   1.3599999999999999E-002
        1843   2.8799999999999999E-002
        1844   1.7600000000000001E-002
        1845   8.0000000000000004E-004
        1846   1.2000000000000000E-002
        1847   6.4000000000000003E-003
        1848   1.6000000000000001E-003
        1849   2.8799999999999999E-002
        1850   6.4799999999999996E-002
        1851   3.9199999999999999E-002
        1852   1.0400000000000000E-002
        1853   7.1999999999999998E-003
        1854   4.0000000000000001E-002
        1855   1.0400000000000000E-002
        1856   2.3999999999999998E-003
        1857   8.0000000000000004E-004
        1858   8.8000000000000005E-003
        1859   2.4799999999999999E-002
        1860   4.9599999999999998E-002
        1861   4.0800000000000003E-002
        1862   3.7600000000000001E-002
        1863   6.9599999999999995E-002
        1864   9.5200000000000007E-002
        1865   3.9199999999999999E-002
        1866   5.1200000000000002E-002
        1867   0.0000000000000000     
        1868   3.0400000000000000E-002
        1869   7.1999999999999998E-003
        1870   5.1200000000000002E-002
        1871   5.1200000000000002E-002
        1872   2.2400000000000000E-002
        1873   8.8000000000000005E-003
        1874   4.7999999999999996E-003
        1875   7.1999999999999998E-003
        1876   3.7600000000000001E-002
        1877   8.8000000000000005E-003
        1878   3.5999999999999997E-002
        1879   2.8000000000000001E-002
        1880   3.5999999999999997E-002
        1881   2.6400000000000000E-002
        1882   7.1999999999999998E-003
        1883   2.8799999999999999E-002
        1884   4.2400000000000000E-002
        1885   4.7199999999999999E-002
        1886   1.2800000000000001E-002
        1887   7.1999999999999998E-003
        1888   1.6000000000000001E-003
        1889   1.1200000000000000E-002
        1890   1.6799999999999999E-002
        1891   4.8800000000000003E-002
        1892   8.2400000000000001E-002
        1893  0.10400000000000000     
        1894   9.6799999999999997E-002
        1895  0.12160000000000000     
        1896   8.7999999999999995E-002
        1897   9.3600000000000003E-002
        1898  0.11200000000000000     
        1899   5.7599999999999998E-002
        1900   2.3999999999999998E-003
        1901   9.5999999999999992E-003
        1902   3.5999999999999997E-002
        1903   2.2400000000000000E-002
        1904   1.7600000000000001E-002
        1905   1.1200000000000000E-002
        1906   5.1200000000000002E-002
        1907   4.3200000000000002E-002
        1908   7.2800000000000004E-002
        1909   6.9599999999999995E-002
        1910   4.0000000000000001E-003
        1911   4.1599999999999998E-002
        1912   3.4400000000000000E-002
        1913   8.1600000000000006E-002
        1914   8.3199999999999996E-002
        1915   2.8799999999999999E-002
        1916   7.1999999999999998E-003
        1917   0.0000000000000000     
        1918   2.5600000000000001E-002
        1919   2.3999999999999998E-003
        1920  0.14960000000000001     
        1921   7.5999999999999998E-002
        1922   9.0399999999999994E-002
        1923   3.4400000000000000E-002
        1924   8.0000000000000004E-004
        1925   5.5999999999999999E-003
        1926   1.1200000000000000E-002
        1927   5.9200000000000003E-002
        1928   4.7199999999999999E-002
        1929   5.1999999999999998E-002
        1930  0.11280000000000000     
        1931   6.1600000000000002E-002
        1932   3.4400000000000000E-002
        1933   3.9199999999999999E-002
        1934   3.2000000000000001E-002
        1935  0.10800000000000000     
        1936  0.10160000000000000     
        1937   8.0000000000000002E-003
        1938   2.4799999999999999E-002
        1939   1.1200000000000000E-002
        1940   2.6400000000000000E-002
        1941   1.9199999999999998E-002
        1942   2.3199999999999998E-002
        1943   1.3599999999999999E-002
        1944   1.7600000000000001E-002
        1945   1.1200000000000000E-002
        1946   1.3599999999999999E-002
        1947   2.3199999999999998E-002
        1948   2.4799999999999999E-002
        1949   5.3600000000000002E-002
        1950   5.5999999999999999E-003
        1951   1.6000000000000001E-003
        1952   0.0000000000000000     
        1953   3.4400000000000000E-002
        1954   5.5999999999999999E-003
        1955   8.0000000000000002E-003
        1956   3.3599999999999998E-002
        1957   3.2800000000000003E-002
        1958   5.5999999999999999E-003
        1959   7.0400000000000004E-002
        1960   5.8400000000000001E-002
        1961   1.6000000000000000E-002
        1962   1.4400000000000000E-002
        1963   5.5199999999999999E-002
        1964   2.3199999999999998E-002
        1965   3.4400000000000000E-002
        1966   4.2400000000000000E-002
        1967   2.4799999999999999E-002
        1968   6.5600000000000006E-002
        1969   2.0799999999999999E-002
        1970   4.9599999999999998E-002
        1971   4.7999999999999996E-003
        1972   6.6400000000000001E-002
        1973  0.12080000000000000     
        1974   9.5200000000000007E-002
        1975   2.3199999999999998E-002
        1976   4.4800000000000000E-002
        1977   3.4400000000000000E-002
        1978   3.9199999999999999E-002
        1979   9.5999999999999992E-003
        1980   1.6000000000000000E-002
        1981   2.4799999999999999E-002
        1982   4.7199999999999999E-002
        1983   1.0400000000000000E-002
        1984   1.2000000000000000E-002
        1985   5.0400000000000000E-002
        1986   8.0000000000000002E-003
        1987   1.1200000000000000E-002
        1988   3.6799999999999999E-002
        1989   3.7600000000000001E-002
        1990   2.3999999999999998E-003
        1991   3.9199999999999999E-002
        1992   1.5200000000000000E-002
        1993   1.6000000000000000E-002
        1994   4.0000000000000001E-002
        1995   9.5999999999999992E-003
        1996   4.6399999999999997E-002
        1997   2.4799999999999999E-002
        1998   3.2800000000000003E-002
        1999   2.5600000000000001E-002
        2000   2.1600000000000001E-002
