           1   1.0000000000000000     
           2  0.99760000000000004     
           3  0.99680000000000002     
           4  0.99760000000000004     
           5  0.99600000000000000     
           6  0.99839999999999995     
           7  0.99839999999999995     
           8  0.99760000000000004     
           9  0.99280000000000002     
          10  0.99760000000000004     
          11  0.99519999999999997     
          12   1.0000000000000000     
          13  0.99760000000000004     
          14  0.99519999999999997     
          15  0.99760000000000004     
          16  0.99919999999999998     
          17  0.99280000000000002     
          18  0.99600000000000000     
          19  0.99919999999999998     
          20  0.99839999999999995     
          21  0.99839999999999995     
          22  0.99839999999999995     
          23  0.99600000000000000     
          24  0.99919999999999998     
          25  0.99919999999999998     
          26  0.99680000000000002     
          27  0.99919999999999998     
          28  0.99839999999999995     
          29  0.99680000000000002     
          30  0.99919999999999998     
          31  0.99839999999999995     
          32  0.99839999999999995     
          33  0.99600000000000000     
          34  0.99839999999999995     
          35  0.99760000000000004     
          36  0.99760000000000004     
          37  0.99760000000000004     
          38  0.99919999999999998     
          39  0.99680000000000002     
          40  0.99839999999999995     
          41  0.99839999999999995     
          42  0.99680000000000002     
          43  0.99839999999999995     
          44   1.0000000000000000     
          45   1.0000000000000000     
          46  0.99680000000000002     
          47  0.99760000000000004     
          48  0.99600000000000000     
          49  0.99680000000000002     
          50  0.99760000000000004     
          51  0.99760000000000004     
          52  0.99839999999999995     
          53  0.99839999999999995     
          54  0.99839999999999995     
          55  0.99760000000000004     
          56  0.99839999999999995     
          57  0.99680000000000002     
          58  0.99680000000000002     
          59  0.99839999999999995     
          60  0.99919999999999998     
          61  0.99680000000000002     
          62  0.99680000000000002     
          63   1.0000000000000000     
          64  0.99919999999999998     
          65  0.99519999999999997     
          66  0.99919999999999998     
          67  0.99839999999999995     
          68  0.99839999999999995     
          69  0.99839999999999995     
          70  0.99680000000000002     
          71  0.99760000000000004     
          72  0.99760000000000004     
          73  0.99919999999999998     
          74  0.99680000000000002     
          75  0.99839999999999995     
          76  0.99760000000000004     
          77  0.99919999999999998     
          78  0.99839999999999995     
          79  0.99680000000000002     
          80   1.0000000000000000     
          81  0.99839999999999995     
          82  0.99760000000000004     
          83  0.99839999999999995     
          84  0.99439999999999995     
          85  0.99919999999999998     
          86  0.99519999999999997     
          87  0.99919999999999998     
          88  0.99839999999999995     
          89  0.99680000000000002     
          90  0.99839999999999995     
          91  0.99600000000000000     
          92  0.99680000000000002     
          93   1.0000000000000000     
          94  0.99839999999999995     
          95  0.99680000000000002     
          96  0.99839999999999995     
          97  0.99680000000000002     
          98  0.99600000000000000     
          99  0.99919999999999998     
         100  0.99919999999999998     
         101  0.99519999999999997     
         102  0.99760000000000004     
         103  0.99839999999999995     
         104  0.99199999999999999     
         105  0.99839999999999995     
         106  0.99839999999999995     
         107   1.0000000000000000     
         108  0.99839999999999995     
         109  0.99919999999999998     
         110  0.99760000000000004     
         111  0.99680000000000002     
         112  0.99919999999999998     
         113  0.99680000000000002     
         114  0.99919999999999998     
         115  0.99919999999999998     
         116   1.0000000000000000     
         117  0.99680000000000002     
         118  0.99839999999999995     
         119  0.99760000000000004     
         120  0.99839999999999995     
         121  0.99600000000000000     
         122  0.99600000000000000     
         123  0.99600000000000000     
         124  0.99680000000000002     
         125  0.99760000000000004     
         126  0.99600000000000000     
         127  0.99839999999999995     
         128  0.99839999999999995     
         129  0.99839999999999995     
         130  0.99680000000000002     
         131  0.99919999999999998     
         132  0.99760000000000004     
         133  0.99760000000000004     
         134  0.99919999999999998     
         135  0.99760000000000004     
         136  0.99600000000000000     
         137  0.99680000000000002     
         138  0.99919999999999998     
         139  0.99600000000000000     
         140  0.99839999999999995     
         141  0.99760000000000004     
         142  0.99839999999999995     
         143  0.99760000000000004     
         144  0.99760000000000004     
         145  0.99760000000000004     
         146  0.99919999999999998     
         147  0.99919999999999998     
         148  0.99919999999999998     
         149   1.0000000000000000     
         150  0.99760000000000004     
         151  0.99760000000000004     
         152  0.99600000000000000     
         153  0.99760000000000004     
         154  0.99760000000000004     
         155  0.99680000000000002     
         156  0.99680000000000002     
         157  0.99839999999999995     
         158  0.99760000000000004     
         159  0.99680000000000002     
         160  0.99839999999999995     
         161  0.99839999999999995     
         162  0.99519999999999997     
         163   1.0000000000000000     
         164  0.99839999999999995     
         165   1.0000000000000000     
         166  0.99760000000000004     
         167  0.99600000000000000     
         168  0.99680000000000002     
         169  0.99760000000000004     
         170  0.99839999999999995     
         171  0.99839999999999995     
         172  0.99919999999999998     
         173  0.99839999999999995     
         174  0.99919999999999998     
         175  0.99680000000000002     
         176  0.99600000000000000     
         177  0.99839999999999995     
         178  0.99839999999999995     
         179  0.99760000000000004     
         180  0.99760000000000004     
         181  0.99919999999999998     
         182  0.99680000000000002     
         183  0.99839999999999995     
         184  0.99839999999999995     
         185  0.99919999999999998     
         186  0.99600000000000000     
         187  0.99919999999999998     
         188  0.99760000000000004     
         189   1.0000000000000000     
         190  0.99760000000000004     
         191  0.99760000000000004     
         192  0.99839999999999995     
         193  0.99680000000000002     
         194   1.0000000000000000     
         195  0.99680000000000002     
         196  0.99839999999999995     
         197  0.99760000000000004     
         198  0.99600000000000000     
         199  0.99519999999999997     
         200  0.99839999999999995     
         201  0.99760000000000004     
         202  0.99839999999999995     
         203  0.99839999999999995     
         204  0.99680000000000002     
         205  0.99519999999999997     
         206  0.99680000000000002     
         207  0.99519999999999997     
         208  0.99760000000000004     
         209  0.99919999999999998     
         210  0.99760000000000004     
         211  0.99760000000000004     
         212  0.99760000000000004     
         213  0.99919999999999998     
         214  0.99839999999999995     
         215  0.99760000000000004     
         216  0.99439999999999995     
         217  0.99760000000000004     
         218  0.99760000000000004     
         219  0.99839999999999995     
         220  0.99680000000000002     
         221  0.99919999999999998     
         222  0.99839999999999995     
         223  0.99760000000000004     
         224  0.99519999999999997     
         225  0.99760000000000004     
         226  0.99680000000000002     
         227  0.99680000000000002     
         228  0.99680000000000002     
         229  0.99919999999999998     
         230  0.99839999999999995     
         231  0.99519999999999997     
         232  0.99439999999999995     
         233  0.99919999999999998     
         234  0.99760000000000004     
         235  0.99360000000000004     
         236  0.99760000000000004     
         237  0.99919999999999998     
         238  0.99760000000000004     
         239   1.0000000000000000     
         240  0.99839999999999995     
         241   1.0000000000000000     
         242  0.99280000000000002     
         243  0.99600000000000000     
         244  0.99760000000000004     
         245  0.99760000000000004     
         246   1.0000000000000000     
         247  0.99839999999999995     
         248  0.99760000000000004     
         249   1.0000000000000000     
         250  0.99600000000000000     
         251  0.99680000000000002     
         252  0.99839999999999995     
         253  0.99839999999999995     
         254  0.99600000000000000     
         255  0.99919999999999998     
         256   1.0000000000000000     
         257  0.99839999999999995     
         258  0.99839999999999995     
         259  0.99919999999999998     
         260  0.99760000000000004     
         261  0.99519999999999997     
         262  0.99760000000000004     
         263  0.99839999999999995     
         264  0.99839999999999995     
         265  0.99760000000000004     
         266  0.99839999999999995     
         267  0.99760000000000004     
         268  0.99839999999999995     
         269  0.99839999999999995     
         270  0.99919999999999998     
         271  0.99919999999999998     
         272  0.99680000000000002     
         273  0.99760000000000004     
         274  0.99919999999999998     
         275  0.99839999999999995     
         276  0.99760000000000004     
         277  0.99760000000000004     
         278  0.99760000000000004     
         279  0.99839999999999995     
         280  0.99600000000000000     
         281  0.99919999999999998     
         282  0.99919999999999998     
         283  0.99760000000000004     
         284  0.99839999999999995     
         285  0.99680000000000002     
         286  0.99839999999999995     
         287   1.0000000000000000     
         288  0.99919999999999998     
         289  0.99839999999999995     
         290  0.99839999999999995     
         291  0.99919999999999998     
         292  0.99919999999999998     
         293   1.0000000000000000     
         294  0.99680000000000002     
         295  0.99919999999999998     
         296  0.99760000000000004     
         297   1.0000000000000000     
         298  0.99919999999999998     
         299  0.99919999999999998     
         300  0.99760000000000004     
         301  0.99680000000000002     
         302   1.0000000000000000     
         303  0.99839999999999995     
         304  0.99919999999999998     
         305  0.99760000000000004     
         306   1.0000000000000000     
         307  0.99600000000000000     
         308  0.99839999999999995     
         309   1.0000000000000000     
         310  0.99680000000000002     
         311   1.0000000000000000     
         312  0.99680000000000002     
         313  0.99760000000000004     
         314  0.99839999999999995     
         315  0.99680000000000002     
         316  0.99760000000000004     
         317  0.99839999999999995     
         318  0.99680000000000002     
         319  0.99839999999999995     
         320  0.99919999999999998     
         321  0.99680000000000002     
         322  0.99760000000000004     
         323  0.99680000000000002     
         324  0.99760000000000004     
         325  0.99919999999999998     
         326  0.99600000000000000     
         327  0.99919999999999998     
         328  0.99919999999999998     
         329  0.99760000000000004     
         330  0.99760000000000004     
         331  0.99760000000000004     
         332  0.99600000000000000     
         333   1.0000000000000000     
         334  0.99919999999999998     
         335  0.99839999999999995     
         336  0.99760000000000004     
         337  0.99919999999999998     
         338   1.0000000000000000     
         339  0.99600000000000000     
         340  0.99680000000000002     
         341   1.0000000000000000     
         342  0.99919999999999998     
         343   1.0000000000000000     
         344  0.99680000000000002     
         345  0.99760000000000004     
         346  0.99839999999999995     
         347  0.99839999999999995     
         348  0.99839999999999995     
         349  0.99760000000000004     
         350  0.99760000000000004     
         351  0.99600000000000000     
         352  0.99919999999999998     
         353  0.99760000000000004     
         354  0.99919999999999998     
         355  0.99760000000000004     
         356  0.99680000000000002     
         357   1.0000000000000000     
         358  0.99600000000000000     
         359  0.99760000000000004     
         360  0.99600000000000000     
         361  0.99839999999999995     
         362  0.99680000000000002     
         363  0.99839999999999995     
         364  0.99760000000000004     
         365  0.99760000000000004     
         366  0.99760000000000004     
         367   1.0000000000000000     
         368  0.99600000000000000     
         369  0.99839999999999995     
         370  0.99680000000000002     
         371  0.99600000000000000     
         372  0.99760000000000004     
         373  0.99839999999999995     
         374  0.99600000000000000     
         375  0.99680000000000002     
         376  0.99919999999999998     
         377  0.99919999999999998     
         378  0.99839999999999995     
         379  0.99839999999999995     
         380  0.99519999999999997     
         381  0.99519999999999997     
         382  0.99839999999999995     
         383  0.99839999999999995     
         384  0.99839999999999995     
         385  0.99439999999999995     
         386  0.99919999999999998     
         387  0.99680000000000002     
         388  0.99839999999999995     
         389  0.99839999999999995     
         390  0.99519999999999997     
         391  0.99680000000000002     
         392  0.99519999999999997     
         393  0.99839999999999995     
         394  0.99680000000000002     
         395  0.99839999999999995     
         396  0.99919999999999998     
         397  0.99600000000000000     
         398  0.99680000000000002     
         399  0.99839999999999995     
         400  0.99839999999999995     
         401  0.99760000000000004     
         402  0.99760000000000004     
         403   1.0000000000000000     
         404  0.99839999999999995     
         405  0.99839999999999995     
         406  0.99680000000000002     
         407  0.99439999999999995     
         408  0.99680000000000002     
         409  0.99760000000000004     
         410  0.99839999999999995     
         411  0.99839999999999995     
         412  0.99839999999999995     
         413  0.99839999999999995     
         414  0.99919999999999998     
         415  0.99839999999999995     
         416  0.99680000000000002     
         417  0.99600000000000000     
         418  0.99760000000000004     
         419  0.99760000000000004     
         420  0.99839999999999995     
         421  0.99839999999999995     
         422  0.99760000000000004     
         423  0.99919999999999998     
         424  0.99760000000000004     
         425  0.99680000000000002     
         426  0.99760000000000004     
         427  0.99680000000000002     
         428  0.99760000000000004     
         429  0.99839999999999995     
         430  0.99839999999999995     
         431  0.99760000000000004     
         432  0.99919999999999998     
         433  0.99680000000000002     
         434  0.99919999999999998     
         435  0.99839999999999995     
         436   1.0000000000000000     
         437  0.99839999999999995     
         438   1.0000000000000000     
         439  0.99680000000000002     
         440  0.99760000000000004     
         441  0.99839999999999995     
         442  0.99839999999999995     
         443  0.99839999999999995     
         444  0.99680000000000002     
         445   1.0000000000000000     
         446  0.99839999999999995     
         447  0.99600000000000000     
         448  0.99680000000000002     
         449  0.99839999999999995     
         450  0.99680000000000002     
         451  0.99680000000000002     
         452  0.99760000000000004     
         453  0.99919999999999998     
         454  0.99439999999999995     
         455  0.99760000000000004     
         456  0.99519999999999997     
         457  0.99919999999999998     
         458  0.99760000000000004     
         459  0.99839999999999995     
         460  0.99839999999999995     
         461   1.0000000000000000     
         462  0.99919999999999998     
         463  0.99680000000000002     
         464  0.99680000000000002     
         465  0.99760000000000004     
         466  0.99919999999999998     
         467  0.99760000000000004     
         468  0.99919999999999998     
         469  0.99839999999999995     
         470  0.99760000000000004     
         471  0.99760000000000004     
         472  0.99760000000000004     
         473  0.99600000000000000     
         474  0.99839999999999995     
         475  0.99919999999999998     
         476   1.0000000000000000     
         477  0.99839999999999995     
         478  0.99839999999999995     
         479  0.99919999999999998     
         480  0.99680000000000002     
         481  0.99919999999999998     
         482  0.99760000000000004     
         483  0.99839999999999995     
         484  0.99919999999999998     
         485  0.99680000000000002     
         486   1.0000000000000000     
         487   1.0000000000000000     
         488  0.99760000000000004     
         489  0.99760000000000004     
         490  0.99919999999999998     
         491  0.99680000000000002     
         492   1.0000000000000000     
         493  0.99919999999999998     
         494  0.99760000000000004     
         495  0.99839999999999995     
         496  0.99919999999999998     
         497  0.99839999999999995     
         498  0.99600000000000000     
         499  0.99600000000000000     
         500  0.99680000000000002     
         501  0.99519999999999997     
         502  0.99439999999999995     
         503  0.99519999999999997     
         504  0.99839999999999995     
         505  0.99839999999999995     
         506  0.99919999999999998     
         507   1.0000000000000000     
         508  0.99600000000000000     
         509  0.99760000000000004     
         510  0.99760000000000004     
         511  0.99760000000000004     
         512  0.99680000000000002     
         513  0.99680000000000002     
         514  0.99839999999999995     
         515  0.99680000000000002     
         516   1.0000000000000000     
         517  0.99839999999999995     
         518  0.99600000000000000     
         519  0.99919999999999998     
         520  0.99839999999999995     
         521  0.99919999999999998     
         522  0.99680000000000002     
         523  0.99839999999999995     
         524  0.99919999999999998     
         525  0.99839999999999995     
         526  0.99519999999999997     
         527  0.99839999999999995     
         528  0.99919999999999998     
         529  0.99680000000000002     
         530  0.99839999999999995     
         531  0.99760000000000004     
         532  0.99919999999999998     
         533  0.99919999999999998     
         534  0.99760000000000004     
         535  0.99760000000000004     
         536  0.99919999999999998     
         537  0.99600000000000000     
         538  0.99680000000000002     
         539  0.99680000000000002     
         540  0.99680000000000002     
         541  0.99919999999999998     
         542  0.99600000000000000     
         543   1.0000000000000000     
         544  0.99839999999999995     
         545  0.99360000000000004     
         546  0.99680000000000002     
         547  0.99919999999999998     
         548  0.99439999999999995     
         549  0.99839999999999995     
         550  0.99839999999999995     
         551  0.99839999999999995     
         552  0.99680000000000002     
         553  0.99839999999999995     
         554  0.99839999999999995     
         555  0.99919999999999998     
         556  0.99839999999999995     
         557   1.0000000000000000     
         558  0.99919999999999998     
         559  0.99919999999999998     
         560   1.0000000000000000     
         561  0.99919999999999998     
         562  0.99760000000000004     
         563  0.99839999999999995     
         564  0.99680000000000002     
         565  0.99760000000000004     
         566  0.99839999999999995     
         567  0.99680000000000002     
         568  0.99680000000000002     
         569  0.99839999999999995     
         570  0.99519999999999997     
         571  0.99760000000000004     
         572   1.0000000000000000     
         573  0.99839999999999995     
         574  0.99680000000000002     
         575  0.99839999999999995     
         576  0.99839999999999995     
         577  0.99600000000000000     
         578  0.99600000000000000     
         579  0.99919999999999998     
         580  0.99760000000000004     
         581  0.99519999999999997     
         582  0.99680000000000002     
         583  0.99919999999999998     
         584  0.99680000000000002     
         585  0.99519999999999997     
         586  0.99919999999999998     
         587  0.99839999999999995     
         588  0.99919999999999998     
         589  0.99680000000000002     
         590  0.99680000000000002     
         591   1.0000000000000000     
         592  0.99760000000000004     
         593  0.99600000000000000     
         594  0.99760000000000004     
         595  0.99680000000000002     
         596  0.99919999999999998     
         597  0.99680000000000002     
         598  0.99839999999999995     
         599  0.99760000000000004     
         600  0.99839999999999995     
         601  0.99919999999999998     
         602  0.99760000000000004     
         603  0.99919999999999998     
         604  0.99600000000000000     
         605  0.99760000000000004     
         606  0.99680000000000002     
         607  0.99760000000000004     
         608  0.99919999999999998     
         609  0.99519999999999997     
         610  0.99839999999999995     
         611  0.99919999999999998     
         612   1.0000000000000000     
         613  0.99919999999999998     
         614  0.99519999999999997     
         615  0.99760000000000004     
         616  0.99519999999999997     
         617  0.99760000000000004     
         618  0.99760000000000004     
         619   1.0000000000000000     
         620  0.99839999999999995     
         621  0.99600000000000000     
         622  0.99439999999999995     
         623  0.99919999999999998     
         624  0.99519999999999997     
         625  0.99680000000000002     
         626  0.99760000000000004     
         627   1.0000000000000000     
         628   1.0000000000000000     
         629  0.99600000000000000     
         630  0.99760000000000004     
         631   1.0000000000000000     
         632  0.99839999999999995     
         633  0.99839999999999995     
         634  0.99919999999999998     
         635  0.99519999999999997     
         636  0.99680000000000002     
         637  0.99519999999999997     
         638  0.99760000000000004     
         639  0.99839999999999995     
         640  0.99760000000000004     
         641  0.99839999999999995     
         642  0.99760000000000004     
         643  0.99919999999999998     
         644  0.99839999999999995     
         645  0.99919999999999998     
         646  0.99839999999999995     
         647  0.99600000000000000     
         648  0.99360000000000004     
         649  0.99839999999999995     
         650  0.99760000000000004     
         651  0.99760000000000004     
         652  0.99600000000000000     
         653   1.0000000000000000     
         654  0.99839999999999995     
         655  0.99839999999999995     
         656   1.0000000000000000     
         657  0.99760000000000004     
         658  0.99600000000000000     
         659  0.99519999999999997     
         660  0.99839999999999995     
         661  0.99919999999999998     
         662  0.99919999999999998     
         663  0.99760000000000004     
         664  0.99919999999999998     
         665  0.99919999999999998     
         666  0.99919999999999998     
         667  0.99839999999999995     
         668  0.99600000000000000     
         669  0.99919999999999998     
         670  0.99839999999999995     
         671  0.99919999999999998     
         672  0.99760000000000004     
         673  0.99680000000000002     
         674  0.99760000000000004     
         675  0.99839999999999995     
         676  0.99919999999999998     
         677  0.99919999999999998     
         678  0.99680000000000002     
         679  0.99919999999999998     
         680  0.99600000000000000     
         681   1.0000000000000000     
         682  0.99839999999999995     
         683  0.99919999999999998     
         684  0.99760000000000004     
         685   1.0000000000000000     
         686  0.99519999999999997     
         687  0.99760000000000004     
         688  0.99760000000000004     
         689  0.99360000000000004     
         690  0.99919999999999998     
         691  0.99760000000000004     
         692  0.99680000000000002     
         693  0.99919999999999998     
         694  0.99839999999999995     
         695  0.99760000000000004     
         696  0.99839999999999995     
         697  0.99680000000000002     
         698   1.0000000000000000     
         699  0.99760000000000004     
         700  0.99519999999999997     
         701  0.99839999999999995     
         702  0.99760000000000004     
         703  0.99680000000000002     
         704  0.99760000000000004     
         705  0.99760000000000004     
         706  0.99600000000000000     
         707  0.99680000000000002     
         708  0.99600000000000000     
         709  0.99839999999999995     
         710  0.99760000000000004     
         711  0.99839999999999995     
         712  0.99839999999999995     
         713  0.99760000000000004     
         714  0.99760000000000004     
         715  0.99839999999999995     
         716  0.99919999999999998     
         717   1.0000000000000000     
         718  0.99600000000000000     
         719   1.0000000000000000     
         720  0.99519999999999997     
         721  0.99839999999999995     
         722  0.99760000000000004     
         723  0.99839999999999995     
         724  0.99839999999999995     
         725  0.99839999999999995     
         726  0.99839999999999995     
         727  0.99919999999999998     
         728  0.99839999999999995     
         729  0.99919999999999998     
         730  0.99680000000000002     
         731  0.99760000000000004     
         732  0.99839999999999995     
         733  0.99760000000000004     
         734  0.99839999999999995     
         735  0.99680000000000002     
         736  0.99919999999999998     
         737   1.0000000000000000     
         738  0.99839999999999995     
         739  0.99680000000000002     
         740  0.99680000000000002     
         741  0.99839999999999995     
         742  0.99600000000000000     
         743  0.99600000000000000     
         744  0.99839999999999995     
         745  0.99760000000000004     
         746  0.99839999999999995     
         747  0.99680000000000002     
         748  0.99919999999999998     
         749  0.99839999999999995     
         750  0.99919999999999998     
         751  0.99600000000000000     
         752  0.99839999999999995     
         753  0.99760000000000004     
         754   1.0000000000000000     
         755  0.99760000000000004     
         756  0.99839999999999995     
         757  0.99760000000000004     
         758  0.99760000000000004     
         759  0.99839999999999995     
         760  0.99839999999999995     
         761  0.99919999999999998     
         762  0.99919999999999998     
         763  0.99680000000000002     
         764  0.99919999999999998     
         765  0.99519999999999997     
         766   1.0000000000000000     
         767  0.99680000000000002     
         768  0.99600000000000000     
         769  0.99839999999999995     
         770  0.99760000000000004     
         771  0.99760000000000004     
         772  0.99600000000000000     
         773  0.99839999999999995     
         774  0.99919999999999998     
         775  0.99839999999999995     
         776  0.99839999999999995     
         777  0.99600000000000000     
         778  0.99839999999999995     
         779  0.99760000000000004     
         780   1.0000000000000000     
         781  0.99680000000000002     
         782  0.99839999999999995     
         783  0.99919999999999998     
         784   1.0000000000000000     
         785  0.99360000000000004     
         786  0.99839999999999995     
         787  0.99919999999999998     
         788  0.99600000000000000     
         789  0.99839999999999995     
         790  0.99760000000000004     
         791  0.99760000000000004     
         792  0.99600000000000000     
         793  0.99760000000000004     
         794  0.99919999999999998     
         795  0.99760000000000004     
         796  0.99919999999999998     
         797  0.99760000000000004     
         798  0.99919999999999998     
         799  0.99760000000000004     
         800  0.99839999999999995     
         801  0.99760000000000004     
         802  0.99839999999999995     
         803  0.99839999999999995     
         804  0.99919999999999998     
         805  0.99760000000000004     
         806  0.99919999999999998     
         807  0.99760000000000004     
         808  0.99839999999999995     
         809  0.99760000000000004     
         810  0.99680000000000002     
         811  0.99600000000000000     
         812   1.0000000000000000     
         813  0.99680000000000002     
         814  0.99760000000000004     
         815   1.0000000000000000     
         816  0.99519999999999997     
         817  0.99760000000000004     
         818  0.99600000000000000     
         819  0.99760000000000004     
         820  0.99919999999999998     
         821  0.99760000000000004     
         822  0.99919999999999998     
         823  0.99839999999999995     
         824  0.99919999999999998     
         825  0.99680000000000002     
         826  0.99839999999999995     
         827  0.99919999999999998     
         828  0.99919999999999998     
         829  0.99439999999999995     
         830  0.99839999999999995     
         831  0.99839999999999995     
         832  0.99680000000000002     
         833  0.99760000000000004     
         834  0.99600000000000000     
         835  0.99919999999999998     
         836  0.99760000000000004     
         837  0.99919999999999998     
         838  0.99760000000000004     
         839  0.99919999999999998     
         840  0.99839999999999995     
         841  0.99839999999999995     
         842  0.99760000000000004     
         843  0.99919999999999998     
         844  0.99280000000000002     
         845  0.99839999999999995     
         846   1.0000000000000000     
         847   1.0000000000000000     
         848  0.99680000000000002     
         849  0.99680000000000002     
         850  0.99760000000000004     
         851  0.99919999999999998     
         852  0.99839999999999995     
         853  0.99600000000000000     
         854  0.99760000000000004     
         855   1.0000000000000000     
         856  0.99919999999999998     
         857  0.99680000000000002     
         858  0.99680000000000002     
         859  0.99919999999999998     
         860  0.99839999999999995     
         861  0.99760000000000004     
         862  0.99760000000000004     
         863  0.99919999999999998     
         864   1.0000000000000000     
         865  0.99919999999999998     
         866  0.99760000000000004     
         867  0.99760000000000004     
         868  0.99919999999999998     
         869  0.99919999999999998     
         870  0.99919999999999998     
         871  0.99919999999999998     
         872  0.99839999999999995     
         873  0.99839999999999995     
         874  0.99439999999999995     
         875  0.99680000000000002     
         876  0.99760000000000004     
         877  0.99839999999999995     
         878  0.99839999999999995     
         879  0.99680000000000002     
         880  0.99919999999999998     
         881  0.99839999999999995     
         882  0.99760000000000004     
         883  0.99760000000000004     
         884  0.99360000000000004     
         885  0.99680000000000002     
         886  0.99600000000000000     
         887   1.0000000000000000     
         888  0.99439999999999995     
         889  0.99519999999999997     
         890  0.99760000000000004     
         891  0.99760000000000004     
         892  0.99680000000000002     
         893  0.99839999999999995     
         894  0.99760000000000004     
         895  0.99680000000000002     
         896   1.0000000000000000     
         897  0.99839999999999995     
         898  0.99680000000000002     
         899  0.99839999999999995     
         900   1.0000000000000000     
         901  0.99919999999999998     
         902  0.99680000000000002     
         903  0.99839999999999995     
         904  0.99839999999999995     
         905  0.99839999999999995     
         906   1.0000000000000000     
         907  0.99760000000000004     
         908  0.99760000000000004     
         909  0.99360000000000004     
         910  0.99919999999999998     
         911  0.99919999999999998     
         912  0.99839999999999995     
         913  0.99680000000000002     
         914  0.99600000000000000     
         915  0.99919999999999998     
         916  0.99600000000000000     
         917  0.99760000000000004     
         918  0.99680000000000002     
         919  0.99680000000000002     
         920  0.99600000000000000     
         921  0.99839999999999995     
         922  0.99919999999999998     
         923  0.99839999999999995     
         924  0.99760000000000004     
         925  0.99600000000000000     
         926  0.99760000000000004     
         927  0.99839999999999995     
         928  0.99760000000000004     
         929  0.99839999999999995     
         930  0.99600000000000000     
         931  0.99760000000000004     
         932  0.99839999999999995     
         933  0.99760000000000004     
         934  0.99919999999999998     
         935  0.99760000000000004     
         936  0.99760000000000004     
         937  0.99600000000000000     
         938  0.99839999999999995     
         939   1.0000000000000000     
         940  0.99919999999999998     
         941  0.99680000000000002     
         942  0.99600000000000000     
         943  0.99680000000000002     
         944  0.99760000000000004     
         945  0.99680000000000002     
         946  0.99760000000000004     
         947  0.99919999999999998     
         948  0.99839999999999995     
         949  0.99519999999999997     
         950  0.99839999999999995     
         951  0.99839999999999995     
         952   1.0000000000000000     
         953   1.0000000000000000     
         954  0.99600000000000000     
         955  0.99680000000000002     
         956  0.99839999999999995     
         957   1.0000000000000000     
         958  0.99919999999999998     
         959  0.99760000000000004     
         960   1.0000000000000000     
         961  0.99680000000000002     
         962  0.99680000000000002     
         963  0.99760000000000004     
         964  0.99760000000000004     
         965  0.99680000000000002     
         966  0.99760000000000004     
         967  0.99839999999999995     
         968  0.99839999999999995     
         969  0.99839999999999995     
         970  0.99839999999999995     
         971  0.99760000000000004     
         972   1.0000000000000000     
         973  0.99680000000000002     
         974  0.99600000000000000     
         975  0.99839999999999995     
         976  0.99839999999999995     
         977  0.99839999999999995     
         978  0.99839999999999995     
         979  0.99760000000000004     
         980  0.99760000000000004     
         981  0.99760000000000004     
         982  0.99519999999999997     
         983  0.99919999999999998     
         984  0.99919999999999998     
         985  0.99680000000000002     
         986  0.99839999999999995     
         987  0.99839999999999995     
         988  0.99839999999999995     
         989  0.99919999999999998     
         990  0.99680000000000002     
         991  0.99760000000000004     
         992  0.99760000000000004     
         993  0.99680000000000002     
         994  0.99680000000000002     
         995  0.99760000000000004     
         996  0.99760000000000004     
         997   1.0000000000000000     
         998  0.99600000000000000     
         999  0.99760000000000004     
        1000  0.99519999999999997     
        1001  0.99839999999999995     
        1002  0.99839999999999995     
        1003  0.99919999999999998     
        1004  0.99600000000000000     
        1005  0.99839999999999995     
        1006  0.99760000000000004     
        1007   1.0000000000000000     
        1008   1.0000000000000000     
        1009  0.99680000000000002     
        1010   1.0000000000000000     
        1011  0.99839999999999995     
        1012  0.99839999999999995     
        1013  0.99680000000000002     
        1014  0.99600000000000000     
        1015  0.99760000000000004     
        1016  0.99919999999999998     
        1017  0.99919999999999998     
        1018  0.99919999999999998     
        1019  0.99919999999999998     
        1020  0.99760000000000004     
        1021  0.99919999999999998     
        1022  0.99760000000000004     
        1023  0.99519999999999997     
        1024   1.0000000000000000     
        1025  0.99839999999999995     
        1026  0.99839999999999995     
        1027  0.99760000000000004     
        1028  0.99600000000000000     
        1029  0.99760000000000004     
        1030   1.0000000000000000     
        1031  0.99680000000000002     
        1032  0.99919999999999998     
        1033  0.99919999999999998     
        1034  0.99919999999999998     
        1035  0.99760000000000004     
        1036  0.99760000000000004     
        1037  0.99919999999999998     
        1038  0.99919999999999998     
        1039  0.99760000000000004     
        1040  0.99839999999999995     
        1041  0.99919999999999998     
        1042  0.99760000000000004     
        1043  0.99760000000000004     
        1044  0.99760000000000004     
        1045  0.99839999999999995     
        1046   1.0000000000000000     
        1047  0.99680000000000002     
        1048  0.99919999999999998     
        1049  0.99680000000000002     
        1050  0.99760000000000004     
        1051  0.99839999999999995     
        1052   1.0000000000000000     
        1053  0.99919999999999998     
        1054  0.99680000000000002     
        1055  0.99839999999999995     
        1056  0.99600000000000000     
        1057  0.99680000000000002     
        1058  0.99760000000000004     
        1059   1.0000000000000000     
        1060  0.99600000000000000     
        1061   1.0000000000000000     
        1062  0.99839999999999995     
        1063   1.0000000000000000     
        1064  0.99760000000000004     
        1065  0.99839999999999995     
        1066  0.99600000000000000     
        1067  0.99919999999999998     
        1068  0.99760000000000004     
        1069  0.99760000000000004     
        1070  0.99760000000000004     
        1071  0.99760000000000004     
        1072  0.99919999999999998     
        1073  0.99680000000000002     
        1074  0.99680000000000002     
        1075  0.99760000000000004     
        1076  0.99760000000000004     
        1077  0.99600000000000000     
        1078  0.99839999999999995     
        1079  0.99919999999999998     
        1080  0.99760000000000004     
        1081  0.99760000000000004     
        1082  0.99919999999999998     
        1083  0.99680000000000002     
        1084  0.99919999999999998     
        1085  0.99600000000000000     
        1086  0.99600000000000000     
        1087  0.99680000000000002     
        1088  0.99760000000000004     
        1089  0.99839999999999995     
        1090  0.99760000000000004     
        1091  0.99919999999999998     
        1092   1.0000000000000000     
        1093  0.99519999999999997     
        1094  0.99839999999999995     
        1095  0.99919999999999998     
        1096  0.99839999999999995     
        1097   1.0000000000000000     
        1098  0.99839999999999995     
        1099  0.99760000000000004     
        1100  0.99760000000000004     
        1101  0.99919999999999998     
        1102  0.99919999999999998     
        1103  0.99760000000000004     
        1104  0.99919999999999998     
        1105  0.99360000000000004     
        1106  0.99360000000000004     
        1107  0.99439999999999995     
        1108  0.99839999999999995     
        1109  0.99919999999999998     
        1110  0.99839999999999995     
        1111  0.99919999999999998     
        1112  0.99600000000000000     
        1113  0.99919999999999998     
        1114  0.99600000000000000     
        1115  0.99600000000000000     
        1116  0.99680000000000002     
        1117  0.99760000000000004     
        1118  0.99519999999999997     
        1119  0.99839999999999995     
        1120  0.99839999999999995     
        1121  0.99919999999999998     
        1122  0.99680000000000002     
        1123  0.99439999999999995     
        1124   1.0000000000000000     
        1125  0.99600000000000000     
        1126  0.99839999999999995     
        1127  0.99919999999999998     
        1128  0.99760000000000004     
        1129  0.99600000000000000     
        1130   1.0000000000000000     
        1131  0.99600000000000000     
        1132  0.99760000000000004     
        1133  0.99760000000000004     
        1134   1.0000000000000000     
        1135  0.99760000000000004     
        1136  0.99680000000000002     
        1137  0.99919999999999998     
        1138  0.99839999999999995     
        1139  0.99760000000000004     
        1140  0.99680000000000002     
        1141  0.99919999999999998     
        1142  0.99680000000000002     
        1143  0.99839999999999995     
        1144  0.99760000000000004     
        1145  0.99839999999999995     
        1146  0.99600000000000000     
        1147  0.99519999999999997     
        1148  0.99760000000000004     
        1149  0.99919999999999998     
        1150  0.99680000000000002     
        1151  0.99919999999999998     
        1152  0.99600000000000000     
        1153   1.0000000000000000     
        1154  0.99760000000000004     
        1155  0.99680000000000002     
        1156  0.99919999999999998     
        1157  0.99680000000000002     
        1158  0.99360000000000004     
        1159  0.99839999999999995     
        1160  0.99760000000000004     
        1161  0.99760000000000004     
        1162  0.99760000000000004     
        1163  0.99600000000000000     
        1164  0.99919999999999998     
        1165   1.0000000000000000     
        1166  0.99680000000000002     
        1167  0.99839999999999995     
        1168  0.99839999999999995     
        1169  0.99919999999999998     
        1170  0.99600000000000000     
        1171  0.99839999999999995     
        1172  0.99839999999999995     
        1173  0.99680000000000002     
        1174  0.99760000000000004     
        1175  0.99839999999999995     
        1176  0.99760000000000004     
        1177  0.99919999999999998     
        1178  0.99919999999999998     
        1179  0.99760000000000004     
        1180  0.99600000000000000     
        1181  0.99680000000000002     
        1182   1.0000000000000000     
        1183  0.99760000000000004     
        1184  0.99519999999999997     
        1185  0.99600000000000000     
        1186  0.99360000000000004     
        1187  0.99760000000000004     
        1188  0.99760000000000004     
        1189  0.99919999999999998     
        1190  0.99839999999999995     
        1191  0.99600000000000000     
        1192  0.99680000000000002     
        1193  0.99760000000000004     
        1194  0.99760000000000004     
        1195  0.99760000000000004     
        1196  0.99839999999999995     
        1197  0.99680000000000002     
        1198  0.99760000000000004     
        1199  0.99519999999999997     
        1200  0.99760000000000004     
        1201  0.99919999999999998     
        1202  0.99839999999999995     
        1203  0.99600000000000000     
        1204  0.99360000000000004     
        1205  0.99680000000000002     
        1206  0.99839999999999995     
        1207  0.99760000000000004     
        1208  0.99839999999999995     
        1209  0.99680000000000002     
        1210  0.99600000000000000     
        1211  0.99839999999999995     
        1212  0.99919999999999998     
        1213  0.99680000000000002     
        1214  0.99839999999999995     
        1215  0.99839999999999995     
        1216  0.99919999999999998     
        1217   1.0000000000000000     
        1218   1.0000000000000000     
        1219  0.99680000000000002     
        1220  0.99839999999999995     
        1221  0.99760000000000004     
        1222  0.99680000000000002     
        1223  0.99680000000000002     
        1224  0.99839999999999995     
        1225  0.99919999999999998     
        1226  0.99919999999999998     
        1227  0.99839999999999995     
        1228   1.0000000000000000     
        1229  0.99600000000000000     
        1230  0.99519999999999997     
        1231  0.99839999999999995     
        1232  0.99919999999999998     
        1233  0.99600000000000000     
        1234  0.99760000000000004     
        1235  0.99680000000000002     
        1236  0.99839999999999995     
        1237   1.0000000000000000     
        1238  0.99600000000000000     
        1239   1.0000000000000000     
        1240  0.99760000000000004     
        1241  0.99760000000000004     
        1242  0.99919999999999998     
        1243  0.99919999999999998     
        1244  0.99439999999999995     
        1245  0.99760000000000004     
        1246  0.99919999999999998     
        1247  0.99760000000000004     
        1248  0.99600000000000000     
        1249  0.99919999999999998     
        1250  0.99600000000000000     
        1251  0.99680000000000002     
        1252  0.99839999999999995     
        1253  0.99600000000000000     
        1254  0.99760000000000004     
        1255  0.99680000000000002     
        1256  0.99839999999999995     
        1257  0.99519999999999997     
        1258  0.99760000000000004     
        1259   1.0000000000000000     
        1260  0.99919999999999998     
        1261  0.99600000000000000     
        1262  0.99680000000000002     
        1263  0.99919999999999998     
        1264  0.99760000000000004     
        1265  0.99919999999999998     
        1266   1.0000000000000000     
        1267  0.99680000000000002     
        1268  0.99839999999999995     
        1269  0.99919999999999998     
        1270  0.99760000000000004     
        1271  0.99839999999999995     
        1272  0.99760000000000004     
        1273  0.99680000000000002     
        1274  0.99839999999999995     
        1275  0.99839999999999995     
        1276  0.99919999999999998     
        1277  0.99919999999999998     
        1278  0.99760000000000004     
        1279  0.99760000000000004     
        1280  0.99760000000000004     
        1281  0.99680000000000002     
        1282  0.99680000000000002     
        1283   1.0000000000000000     
        1284  0.99519999999999997     
        1285  0.99519999999999997     
        1286  0.99919999999999998     
        1287  0.99760000000000004     
        1288  0.99839999999999995     
        1289  0.99519999999999997     
        1290  0.99839999999999995     
        1291  0.99839999999999995     
        1292  0.99839999999999995     
        1293  0.99919999999999998     
        1294  0.99760000000000004     
        1295  0.99919999999999998     
        1296  0.99760000000000004     
        1297  0.99760000000000004     
        1298  0.99919999999999998     
        1299  0.99839999999999995     
        1300   1.0000000000000000     
        1301  0.99919999999999998     
        1302  0.99760000000000004     
        1303  0.99680000000000002     
        1304  0.99919999999999998     
        1305  0.99439999999999995     
        1306  0.99600000000000000     
        1307  0.99839999999999995     
        1308  0.99760000000000004     
        1309  0.99839999999999995     
        1310  0.99760000000000004     
        1311  0.99680000000000002     
        1312  0.99600000000000000     
        1313  0.99839999999999995     
        1314  0.99760000000000004     
        1315  0.99919999999999998     
        1316  0.99519999999999997     
        1317   1.0000000000000000     
        1318  0.99919999999999998     
        1319  0.99760000000000004     
        1320  0.99680000000000002     
        1321  0.99839999999999995     
        1322  0.99600000000000000     
        1323  0.99839999999999995     
        1324  0.99839999999999995     
        1325  0.99760000000000004     
        1326  0.99839999999999995     
        1327  0.99680000000000002     
        1328   1.0000000000000000     
        1329  0.99919999999999998     
        1330  0.99600000000000000     
        1331  0.99919999999999998     
        1332  0.99839999999999995     
        1333  0.99119999999999997     
        1334  0.99839999999999995     
        1335  0.99760000000000004     
        1336  0.99760000000000004     
        1337  0.99760000000000004     
        1338  0.99760000000000004     
        1339  0.99839999999999995     
        1340  0.99760000000000004     
        1341   1.0000000000000000     
        1342  0.99919999999999998     
        1343  0.99919999999999998     
        1344  0.99519999999999997     
        1345  0.99600000000000000     
        1346  0.99919999999999998     
        1347  0.99839999999999995     
        1348  0.99839999999999995     
        1349  0.99839999999999995     
        1350  0.99680000000000002     
        1351  0.99680000000000002     
        1352  0.99600000000000000     
        1353  0.99680000000000002     
        1354   1.0000000000000000     
        1355  0.99760000000000004     
        1356  0.99839999999999995     
        1357   1.0000000000000000     
        1358  0.99680000000000002     
        1359  0.99760000000000004     
        1360  0.99519999999999997     
        1361  0.99839999999999995     
        1362  0.99839999999999995     
        1363  0.99919999999999998     
        1364  0.99760000000000004     
        1365  0.99760000000000004     
        1366   1.0000000000000000     
        1367   1.0000000000000000     
        1368  0.99680000000000002     
        1369  0.99839999999999995     
        1370  0.99919999999999998     
        1371  0.99600000000000000     
        1372  0.99919999999999998     
        1373  0.99839999999999995     
        1374  0.99600000000000000     
        1375  0.99760000000000004     
        1376  0.99680000000000002     
        1377  0.99760000000000004     
        1378  0.99839999999999995     
        1379  0.99519999999999997     
        1380  0.99919999999999998     
        1381  0.99839999999999995     
        1382  0.99519999999999997     
        1383  0.99519999999999997     
        1384  0.99919999999999998     
        1385  0.99760000000000004     
        1386  0.99760000000000004     
        1387   1.0000000000000000     
        1388  0.99919999999999998     
        1389   1.0000000000000000     
        1390  0.99919999999999998     
        1391  0.99760000000000004     
        1392  0.99760000000000004     
        1393  0.99519999999999997     
        1394  0.99839999999999995     
        1395  0.99760000000000004     
        1396  0.99519999999999997     
        1397  0.99839999999999995     
        1398   1.0000000000000000     
        1399  0.99839999999999995     
        1400  0.99919999999999998     
        1401  0.99919999999999998     
        1402  0.99760000000000004     
        1403  0.99680000000000002     
        1404  0.99680000000000002     
        1405  0.99360000000000004     
        1406  0.99680000000000002     
        1407  0.99680000000000002     
        1408  0.99839999999999995     
        1409  0.99600000000000000     
        1410  0.99680000000000002     
        1411  0.99680000000000002     
        1412   1.0000000000000000     
        1413  0.99919999999999998     
        1414  0.99839999999999995     
        1415   1.0000000000000000     
        1416  0.99680000000000002     
        1417  0.99760000000000004     
        1418  0.99839999999999995     
        1419  0.99839999999999995     
        1420  0.99680000000000002     
        1421  0.99839999999999995     
        1422  0.99839999999999995     
        1423  0.99600000000000000     
        1424  0.99760000000000004     
        1425  0.99680000000000002     
        1426  0.99519999999999997     
        1427  0.99519999999999997     
        1428  0.99760000000000004     
        1429  0.99919999999999998     
        1430  0.99919999999999998     
        1431  0.99600000000000000     
        1432  0.99119999999999997     
        1433  0.99680000000000002     
        1434  0.99519999999999997     
        1435   1.0000000000000000     
        1436  0.99919999999999998     
        1437  0.99680000000000002     
        1438  0.99360000000000004     
        1439  0.99760000000000004     
        1440  0.99760000000000004     
        1441  0.99519999999999997     
        1442  0.99839999999999995     
        1443  0.99919999999999998     
        1444  0.99680000000000002     
        1445  0.99760000000000004     
        1446  0.99439999999999995     
        1447  0.99680000000000002     
        1448  0.99839999999999995     
        1449  0.99600000000000000     
        1450  0.99519999999999997     
        1451  0.99760000000000004     
        1452  0.99760000000000004     
        1453  0.99760000000000004     
        1454  0.99680000000000002     
        1455  0.99600000000000000     
        1456  0.99919999999999998     
        1457  0.99839999999999995     
        1458  0.99600000000000000     
        1459  0.99760000000000004     
        1460   1.0000000000000000     
        1461  0.99760000000000004     
        1462  0.99919999999999998     
        1463  0.99839999999999995     
        1464  0.99839999999999995     
        1465  0.99760000000000004     
        1466  0.99919999999999998     
        1467  0.99760000000000004     
        1468  0.99839999999999995     
        1469  0.99760000000000004     
        1470   1.0000000000000000     
        1471   1.0000000000000000     
        1472  0.99919999999999998     
        1473  0.99680000000000002     
        1474  0.99680000000000002     
        1475  0.99919999999999998     
        1476  0.99680000000000002     
        1477  0.99839999999999995     
        1478  0.99839999999999995     
        1479  0.99839999999999995     
        1480  0.99919999999999998     
        1481  0.99839999999999995     
        1482  0.99919999999999998     
        1483  0.99919999999999998     
        1484  0.99760000000000004     
        1485  0.99919999999999998     
        1486  0.99760000000000004     
        1487  0.99839999999999995     
        1488  0.99600000000000000     
        1489  0.99680000000000002     
        1490  0.99760000000000004     
        1491   1.0000000000000000     
        1492   1.0000000000000000     
        1493  0.99839999999999995     
        1494  0.99919999999999998     
        1495  0.99600000000000000     
        1496  0.99919999999999998     
        1497  0.99680000000000002     
        1498  0.99760000000000004     
        1499  0.99680000000000002     
        1500  0.99839999999999995     
        1501  0.99760000000000004     
        1502  0.99839999999999995     
        1503  0.99280000000000002     
        1504   1.0000000000000000     
        1505  0.99680000000000002     
        1506  0.99680000000000002     
        1507  0.99600000000000000     
        1508  0.99680000000000002     
        1509  0.99680000000000002     
        1510  0.99839999999999995     
        1511  0.99760000000000004     
        1512  0.99919999999999998     
        1513  0.99919999999999998     
        1514   1.0000000000000000     
        1515  0.99839999999999995     
        1516  0.99839999999999995     
        1517   1.0000000000000000     
        1518  0.99839999999999995     
        1519  0.99919999999999998     
        1520  0.99680000000000002     
        1521  0.99680000000000002     
        1522  0.99919999999999998     
        1523  0.99919999999999998     
        1524   1.0000000000000000     
        1525  0.99839999999999995     
        1526  0.99680000000000002     
        1527   1.0000000000000000     
        1528  0.99919999999999998     
        1529  0.99680000000000002     
        1530  0.99680000000000002     
        1531  0.99839999999999995     
        1532  0.99680000000000002     
        1533  0.99919999999999998     
        1534  0.99839999999999995     
        1535  0.99839999999999995     
        1536  0.99439999999999995     
        1537  0.99919999999999998     
        1538  0.99839999999999995     
        1539   1.0000000000000000     
        1540   1.0000000000000000     
        1541  0.99680000000000002     
        1542  0.99600000000000000     
        1543  0.99760000000000004     
        1544  0.99839999999999995     
        1545  0.99680000000000002     
        1546  0.99600000000000000     
        1547  0.99919999999999998     
        1548   1.0000000000000000     
        1549  0.99760000000000004     
        1550  0.99600000000000000     
        1551  0.99760000000000004     
        1552  0.99760000000000004     
        1553  0.99600000000000000     
        1554   1.0000000000000000     
        1555  0.99519999999999997     
        1556  0.99600000000000000     
        1557  0.99839999999999995     
        1558  0.99919999999999998     
        1559  0.99760000000000004     
        1560  0.99760000000000004     
        1561  0.99680000000000002     
        1562  0.99760000000000004     
        1563  0.99360000000000004     
        1564  0.99919999999999998     
        1565  0.99760000000000004     
        1566  0.99680000000000002     
        1567  0.99760000000000004     
        1568  0.99919999999999998     
        1569   1.0000000000000000     
        1570  0.99919999999999998     
        1571   1.0000000000000000     
        1572   1.0000000000000000     
        1573  0.99839999999999995     
        1574  0.99680000000000002     
        1575   1.0000000000000000     
        1576  0.99760000000000004     
        1577  0.99839999999999995     
        1578  0.99919999999999998     
        1579  0.99919999999999998     
        1580  0.99439999999999995     
        1581  0.99760000000000004     
        1582  0.99839999999999995     
        1583  0.99839999999999995     
        1584  0.99680000000000002     
        1585  0.99760000000000004     
        1586  0.99919999999999998     
        1587  0.99839999999999995     
        1588  0.99760000000000004     
        1589  0.99680000000000002     
        1590   1.0000000000000000     
        1591  0.99839999999999995     
        1592  0.99839999999999995     
        1593  0.99760000000000004     
        1594  0.99919999999999998     
        1595  0.99760000000000004     
        1596  0.99600000000000000     
        1597  0.99919999999999998     
        1598  0.99680000000000002     
        1599  0.99519999999999997     
        1600  0.99839999999999995     
        1601  0.99760000000000004     
        1602  0.99839999999999995     
        1603  0.99839999999999995     
        1604  0.99919999999999998     
        1605  0.99760000000000004     
        1606  0.99919999999999998     
        1607  0.99919999999999998     
        1608  0.99839999999999995     
        1609  0.99680000000000002     
        1610  0.99760000000000004     
        1611  0.99760000000000004     
        1612  0.99760000000000004     
        1613  0.99760000000000004     
        1614  0.99839999999999995     
        1615  0.99760000000000004     
        1616  0.99680000000000002     
        1617  0.99919999999999998     
        1618  0.99919999999999998     
        1619  0.99839999999999995     
        1620  0.99680000000000002     
        1621  0.99760000000000004     
        1622  0.99839999999999995     
        1623  0.99919999999999998     
        1624  0.99760000000000004     
        1625  0.99680000000000002     
        1626  0.99600000000000000     
        1627  0.99280000000000002     
        1628  0.99680000000000002     
        1629  0.99760000000000004     
        1630  0.99839999999999995     
        1631  0.99839999999999995     
        1632  0.99839999999999995     
        1633  0.99680000000000002     
        1634  0.99600000000000000     
        1635  0.99760000000000004     
        1636  0.99760000000000004     
        1637  0.99839999999999995     
        1638  0.99280000000000002     
        1639  0.99680000000000002     
        1640  0.99680000000000002     
        1641  0.99839999999999995     
        1642   1.0000000000000000     
        1643  0.99760000000000004     
        1644  0.99839999999999995     
        1645   1.0000000000000000     
        1646  0.99839999999999995     
        1647  0.99760000000000004     
        1648  0.99680000000000002     
        1649  0.99839999999999995     
        1650  0.99919999999999998     
        1651  0.99680000000000002     
        1652  0.99680000000000002     
        1653  0.99519999999999997     
        1654  0.99680000000000002     
        1655   1.0000000000000000     
        1656  0.99760000000000004     
        1657  0.99439999999999995     
        1658  0.99839999999999995     
        1659  0.99680000000000002     
        1660  0.99839999999999995     
        1661  0.99760000000000004     
        1662  0.99919999999999998     
        1663   1.0000000000000000     
        1664  0.99919999999999998     
        1665  0.99519999999999997     
        1666  0.99919999999999998     
        1667  0.99839999999999995     
        1668  0.99839999999999995     
        1669  0.99919999999999998     
        1670  0.99760000000000004     
        1671   1.0000000000000000     
        1672  0.99760000000000004     
        1673  0.99519999999999997     
        1674  0.99839999999999995     
        1675  0.99280000000000002     
        1676   1.0000000000000000     
        1677   1.0000000000000000     
        1678  0.99760000000000004     
        1679  0.99760000000000004     
        1680  0.99919999999999998     
        1681  0.99760000000000004     
        1682  0.99919999999999998     
        1683  0.99919999999999998     
        1684  0.99760000000000004     
        1685  0.99680000000000002     
        1686  0.99839999999999995     
        1687  0.99839999999999995     
        1688  0.99760000000000004     
        1689  0.99760000000000004     
        1690  0.99839999999999995     
        1691  0.99760000000000004     
        1692  0.99600000000000000     
        1693  0.99839999999999995     
        1694  0.99839999999999995     
        1695  0.99680000000000002     
        1696  0.99680000000000002     
        1697  0.99839999999999995     
        1698  0.99839999999999995     
        1699  0.99760000000000004     
        1700  0.99600000000000000     
        1701  0.99760000000000004     
        1702  0.99760000000000004     
        1703  0.99839999999999995     
        1704   1.0000000000000000     
        1705  0.99760000000000004     
        1706  0.99600000000000000     
        1707   1.0000000000000000     
        1708  0.99839999999999995     
        1709  0.99760000000000004     
        1710  0.99760000000000004     
        1711  0.99680000000000002     
        1712  0.99839999999999995     
        1713  0.99839999999999995     
        1714  0.99680000000000002     
        1715  0.99760000000000004     
        1716  0.99919999999999998     
        1717  0.99839999999999995     
        1718  0.99760000000000004     
        1719   1.0000000000000000     
        1720  0.99519999999999997     
        1721  0.99360000000000004     
        1722  0.99680000000000002     
        1723  0.99839999999999995     
        1724  0.99600000000000000     
        1725  0.99519999999999997     
        1726  0.99600000000000000     
        1727  0.99760000000000004     
        1728  0.99680000000000002     
        1729  0.99519999999999997     
        1730  0.99760000000000004     
        1731  0.99839999999999995     
        1732  0.99839999999999995     
        1733  0.99839999999999995     
        1734  0.99680000000000002     
        1735  0.99839999999999995     
        1736   1.0000000000000000     
        1737  0.99839999999999995     
        1738  0.99600000000000000     
        1739  0.99519999999999997     
        1740  0.99919999999999998     
        1741  0.99680000000000002     
        1742  0.99919999999999998     
        1743  0.99839999999999995     
        1744   1.0000000000000000     
        1745  0.99919999999999998     
        1746  0.99839999999999995     
        1747  0.99919999999999998     
        1748  0.99680000000000002     
        1749  0.99680000000000002     
        1750  0.99839999999999995     
        1751  0.99839999999999995     
        1752  0.99839999999999995     
        1753   1.0000000000000000     
        1754  0.99680000000000002     
        1755  0.99839999999999995     
        1756  0.99839999999999995     
        1757  0.99839999999999995     
        1758  0.99760000000000004     
        1759  0.99760000000000004     
        1760  0.99839999999999995     
        1761  0.99839999999999995     
        1762  0.99760000000000004     
        1763  0.99760000000000004     
        1764  0.99680000000000002     
        1765  0.99760000000000004     
        1766  0.99839999999999995     
        1767  0.99600000000000000     
        1768  0.99680000000000002     
        1769  0.99760000000000004     
        1770  0.99039999999999995     
        1771  0.99600000000000000     
        1772  0.99919999999999998     
        1773  0.99439999999999995     
        1774  0.99839999999999995     
        1775  0.99919999999999998     
        1776  0.99919999999999998     
        1777  0.99600000000000000     
        1778   1.0000000000000000     
        1779  0.99360000000000004     
        1780  0.99760000000000004     
        1781  0.99600000000000000     
        1782  0.99680000000000002     
        1783  0.99760000000000004     
        1784  0.99600000000000000     
        1785  0.99680000000000002     
        1786  0.99839999999999995     
        1787  0.99360000000000004     
        1788   1.0000000000000000     
        1789  0.99760000000000004     
        1790  0.99919999999999998     
        1791  0.99680000000000002     
        1792  0.99919999999999998     
        1793  0.99919999999999998     
        1794  0.99680000000000002     
        1795   1.0000000000000000     
        1796  0.99519999999999997     
        1797  0.99919999999999998     
        1798  0.99680000000000002     
        1799  0.99760000000000004     
        1800  0.99919999999999998     
        1801  0.99839999999999995     
        1802  0.99680000000000002     
        1803  0.99680000000000002     
        1804  0.99600000000000000     
        1805  0.99760000000000004     
        1806  0.99680000000000002     
        1807  0.99839999999999995     
        1808  0.99600000000000000     
        1809  0.99839999999999995     
        1810  0.99680000000000002     
        1811  0.99919999999999998     
        1812  0.99760000000000004     
        1813  0.99600000000000000     
        1814  0.99760000000000004     
        1815  0.99600000000000000     
        1816  0.99680000000000002     
        1817   1.0000000000000000     
        1818  0.99600000000000000     
        1819  0.99600000000000000     
        1820  0.99919999999999998     
        1821  0.99839999999999995     
        1822  0.99839999999999995     
        1823  0.99760000000000004     
        1824  0.99839999999999995     
        1825  0.99760000000000004     
        1826  0.99600000000000000     
        1827  0.99919999999999998     
        1828  0.99600000000000000     
        1829  0.99919999999999998     
        1830  0.99680000000000002     
        1831   1.0000000000000000     
        1832  0.99760000000000004     
        1833  0.99760000000000004     
        1834  0.99519999999999997     
        1835  0.99839999999999995     
        1836  0.99760000000000004     
        1837   1.0000000000000000     
        1838  0.99680000000000002     
        1839  0.99760000000000004     
        1840  0.99839999999999995     
        1841  0.99839999999999995     
        1842  0.99760000000000004     
        1843  0.99680000000000002     
        1844  0.99839999999999995     
        1845  0.99600000000000000     
        1846  0.99760000000000004     
        1847  0.99680000000000002     
        1848  0.99839999999999995     
        1849  0.99760000000000004     
        1850  0.99680000000000002     
        1851   1.0000000000000000     
        1852  0.99439999999999995     
        1853  0.99519999999999997     
        1854  0.99680000000000002     
        1855  0.99839999999999995     
        1856  0.99439999999999995     
        1857  0.99600000000000000     
        1858  0.99760000000000004     
        1859  0.99680000000000002     
        1860  0.99600000000000000     
        1861  0.99839999999999995     
        1862  0.99839999999999995     
        1863  0.99919999999999998     
        1864  0.99680000000000002     
        1865  0.99839999999999995     
        1866  0.99600000000000000     
        1867  0.99760000000000004     
        1868  0.99919999999999998     
        1869  0.99839999999999995     
        1870  0.99839999999999995     
        1871  0.99919999999999998     
        1872  0.99760000000000004     
        1873  0.99919999999999998     
        1874  0.99760000000000004     
        1875  0.99760000000000004     
        1876  0.99919999999999998     
        1877  0.99680000000000002     
        1878  0.99760000000000004     
        1879  0.99680000000000002     
        1880  0.99839999999999995     
        1881  0.99919999999999998     
        1882  0.99839999999999995     
        1883  0.99680000000000002     
        1884  0.99119999999999997     
        1885  0.99760000000000004     
        1886  0.99839999999999995     
        1887  0.99839999999999995     
        1888  0.99680000000000002     
        1889  0.99839999999999995     
        1890  0.99760000000000004     
        1891  0.99919999999999998     
        1892  0.99919999999999998     
        1893  0.99680000000000002     
        1894  0.99760000000000004     
        1895  0.99680000000000002     
        1896  0.99919999999999998     
        1897  0.99680000000000002     
        1898   1.0000000000000000     
        1899  0.99919999999999998     
        1900  0.99919999999999998     
        1901  0.99919999999999998     
        1902  0.99839999999999995     
        1903  0.99919999999999998     
        1904  0.99919999999999998     
        1905  0.99760000000000004     
        1906  0.99439999999999995     
        1907  0.99760000000000004     
        1908  0.99919999999999998     
        1909  0.99600000000000000     
        1910  0.99760000000000004     
        1911  0.99839999999999995     
        1912  0.99760000000000004     
        1913  0.99600000000000000     
        1914  0.99600000000000000     
        1915  0.99760000000000004     
        1916  0.99680000000000002     
        1917  0.99760000000000004     
        1918  0.99600000000000000     
        1919  0.99760000000000004     
        1920  0.99839999999999995     
        1921  0.99680000000000002     
        1922   1.0000000000000000     
        1923   1.0000000000000000     
        1924  0.99839999999999995     
        1925  0.99760000000000004     
        1926  0.99680000000000002     
        1927  0.99760000000000004     
        1928  0.99839999999999995     
        1929  0.99760000000000004     
        1930  0.99919999999999998     
        1931  0.99760000000000004     
        1932  0.99680000000000002     
        1933  0.99760000000000004     
        1934  0.99839999999999995     
        1935  0.99919999999999998     
        1936  0.99919999999999998     
        1937  0.99839999999999995     
        1938  0.99919999999999998     
        1939  0.99919999999999998     
        1940  0.99680000000000002     
        1941  0.99760000000000004     
        1942  0.99760000000000004     
        1943  0.99760000000000004     
        1944  0.99919999999999998     
        1945  0.99919999999999998     
        1946  0.99839999999999995     
        1947  0.99919999999999998     
        1948  0.99839999999999995     
        1949  0.99919999999999998     
        1950   1.0000000000000000     
        1951  0.99839999999999995     
        1952  0.99519999999999997     
        1953  0.99839999999999995     
        1954  0.99600000000000000     
        1955  0.99839999999999995     
        1956  0.99760000000000004     
        1957  0.99519999999999997     
        1958  0.99919999999999998     
        1959  0.99760000000000004     
        1960  0.99839999999999995     
        1961  0.99680000000000002     
        1962  0.99519999999999997     
        1963  0.99760000000000004     
        1964  0.99600000000000000     
        1965  0.99360000000000004     
        1966  0.99600000000000000     
        1967  0.99839999999999995     
        1968  0.99839999999999995     
        1969   1.0000000000000000     
        1970  0.99439999999999995     
        1971  0.99839999999999995     
        1972   1.0000000000000000     
        1973  0.99680000000000002     
        1974  0.99839999999999995     
        1975  0.99839999999999995     
        1976  0.99919999999999998     
        1977   1.0000000000000000     
        1978  0.99919999999999998     
        1979  0.99280000000000002     
        1980  0.99680000000000002     
        1981  0.99680000000000002     
        1982  0.99919999999999998     
        1983  0.99760000000000004     
        1984  0.99919999999999998     
        1985  0.99839999999999995     
        1986  0.99919999999999998     
        1987  0.99680000000000002     
        1988   1.0000000000000000     
        1989  0.99760000000000004     
        1990  0.99919999999999998     
        1991  0.99680000000000002     
        1992  0.99680000000000002     
        1993  0.99519999999999997     
        1994   1.0000000000000000     
        1995  0.99919999999999998     
        1996  0.99919999999999998     
        1997  0.99919999999999998     
        1998  0.99600000000000000     
        1999  0.99839999999999995     
        2000  0.99680000000000002     
