           1  0.10720000000000000     
           2   8.9599999999999999E-002
           3   3.3599999999999998E-002
           4   1.7600000000000001E-002
           5   6.4000000000000003E-003
           6   1.6799999999999999E-002
           7   2.8000000000000001E-002
           8   4.0800000000000003E-002
           9   3.9199999999999999E-002
          10   8.8000000000000005E-003
          11   4.7199999999999999E-002
          12   3.2800000000000003E-002
          13   2.0000000000000000E-002
          14   4.7999999999999996E-003
          15   1.1200000000000000E-002
          16   3.5200000000000002E-002
          17   5.9200000000000003E-002
          18   5.4399999999999997E-002
          19   8.0000000000000002E-003
          20   1.0400000000000000E-002
          21   7.1999999999999998E-003
          22   1.5200000000000000E-002
          23   1.2000000000000000E-002
          24   4.5600000000000002E-002
          25   1.6000000000000000E-002
          26   3.0400000000000000E-002
          27   4.6399999999999997E-002
          28   5.1200000000000002E-002
          29   6.4000000000000003E-003
          30   8.0000000000000004E-004
          31   5.5999999999999999E-003
          32   8.8000000000000005E-003
          33   2.9600000000000001E-002
          34   3.5200000000000002E-002
          35   6.0800000000000000E-002
          36   3.3599999999999998E-002
          37   5.6800000000000003E-002
          38   2.4000000000000000E-002
          39   3.6799999999999999E-002
          40   5.1999999999999998E-002
          41   1.5200000000000000E-002
          42   1.2000000000000000E-002
          43   9.5999999999999992E-003
          44   4.2400000000000000E-002
          45   2.0000000000000000E-002
          46   2.4000000000000000E-002
          47   5.1200000000000002E-002
          48   3.3599999999999998E-002
          49   3.5200000000000002E-002
          50   8.0000000000000004E-004
          51   1.6000000000000001E-003
          52   2.0000000000000000E-002
          53   3.2000000000000001E-002
          54   1.5200000000000000E-002
          55   1.6799999999999999E-002
          56   1.1200000000000000E-002
          57   4.3999999999999997E-002
          58   5.4399999999999997E-002
          59   1.2000000000000000E-002
          60   6.4000000000000003E-003
          61   8.0000000000000002E-003
          62   5.5199999999999999E-002
          63   2.9600000000000001E-002
          64   2.1600000000000001E-002
          65   8.0000000000000002E-003
          66   1.1200000000000000E-002
          67   3.8399999999999997E-002
          68   8.0000000000000002E-003
          69   2.7199999999999998E-002
          70   2.9600000000000001E-002
          71   4.1599999999999998E-002
          72   3.2000000000000001E-002
          73   1.5200000000000000E-002
          74   2.3999999999999998E-003
          75   2.7199999999999998E-002
          76   4.9599999999999998E-002
          77   5.8400000000000001E-002
          78   2.8799999999999999E-002
          79   4.0000000000000001E-003
          80   1.6000000000000000E-002
          81   9.5999999999999992E-003
          82   2.4000000000000000E-002
          83   2.0799999999999999E-002
          84   1.4400000000000000E-002
          85   1.9199999999999998E-002
          86   1.2000000000000000E-002
          87   0.0000000000000000     
          88   2.6400000000000000E-002
          89   2.0799999999999999E-002
          90   1.4400000000000000E-002
          91   2.3999999999999998E-003
          92   4.0800000000000003E-002
          93   4.3999999999999997E-002
          94   6.9599999999999995E-002
          95   8.8800000000000004E-002
          96   9.5200000000000007E-002
          97   5.7599999999999998E-002
          98   5.6000000000000001E-002
          99   5.5199999999999999E-002
         100   1.5200000000000000E-002
         101   1.6799999999999999E-002
         102   1.9199999999999998E-002
         103   2.1600000000000001E-002
         104   2.4000000000000000E-002
         105   7.1999999999999998E-003
         106   5.5199999999999999E-002
         107   5.1999999999999998E-002
         108   4.1599999999999998E-002
         109   3.2000000000000002E-003
         110   1.2800000000000001E-002
         111   3.5999999999999997E-002
         112   1.5200000000000000E-002
         113   2.6400000000000000E-002
         114   3.5200000000000002E-002
         115   3.3599999999999998E-002
         116   5.1999999999999998E-002
         117   2.8000000000000001E-002
         118   2.9600000000000001E-002
         119   4.7999999999999996E-003
         120   2.2400000000000000E-002
         121   1.6000000000000000E-002
         122   1.4400000000000000E-002
         123   1.4400000000000000E-002
         124   9.5999999999999992E-003
         125   3.2000000000000002E-003
         126   9.5999999999999992E-003
         127   8.0000000000000002E-003
         128   2.4799999999999999E-002
         129   3.3599999999999998E-002
         130   2.1600000000000001E-002
         131   3.3599999999999998E-002
         132   3.1199999999999999E-002
         133   4.9599999999999998E-002
         134   1.6799999999999999E-002
         135   2.1600000000000001E-002
         136   3.6799999999999999E-002
         137   4.3999999999999997E-002
         138   3.2000000000000001E-002
         139   2.3199999999999998E-002
         140   3.5999999999999997E-002
         141   1.0400000000000000E-002
         142   1.2800000000000001E-002
         143   3.9199999999999999E-002
         144   5.2800000000000000E-002
         145   4.3999999999999997E-002
         146   7.9200000000000007E-002
         147   7.2800000000000004E-002
         148   3.6799999999999999E-002
         149   1.2000000000000000E-002
         150   3.0400000000000000E-002
         151   5.5999999999999999E-003
         152   5.7599999999999998E-002
         153   4.0800000000000003E-002
         154   7.6799999999999993E-002
         155   4.1599999999999998E-002
         156   1.6000000000000000E-002
         157   5.5999999999999999E-003
         158   1.5200000000000000E-002
         159   6.4000000000000003E-003
         160   6.4000000000000003E-003
         161   1.0400000000000000E-002
         162   4.8800000000000003E-002
         163   2.6400000000000000E-002
         164   4.8800000000000003E-002
         165   4.0800000000000003E-002
         166   8.7999999999999995E-002
         167   6.2399999999999997E-002
         168   5.8400000000000001E-002
         169   1.6799999999999999E-002
         170   3.9199999999999999E-002
         171   5.5999999999999999E-003
         172   2.5600000000000001E-002
         173   2.7199999999999998E-002
         174   7.0400000000000004E-002
         175   2.1600000000000001E-002
         176   2.3199999999999998E-002
         177   6.8000000000000005E-002
         178   1.9199999999999998E-002
         179   1.6000000000000001E-003
         180   3.3599999999999998E-002
         181   5.5999999999999999E-003
         182   6.4000000000000003E-003
         183   2.8799999999999999E-002
         184   6.4000000000000003E-003
         185   3.2000000000000001E-002
         186   4.0000000000000001E-003
         187   7.1999999999999998E-003
         188   1.6000000000000000E-002
         189   6.0800000000000000E-002
         190   6.8000000000000005E-002
         191   8.1600000000000006E-002
         192   5.7599999999999998E-002
         193   6.4000000000000001E-002
         194   9.3600000000000003E-002
         195   4.5600000000000002E-002
         196   4.0000000000000001E-002
         197   9.5999999999999992E-003
         198   1.5200000000000000E-002
         199   1.4400000000000000E-002
         200   6.4799999999999996E-002
         201   9.1999999999999998E-002
         202   8.9599999999999999E-002
         203   7.2800000000000004E-002
         204   4.3200000000000002E-002
         205   1.3599999999999999E-002
         206   1.7600000000000001E-002
         207   7.1999999999999998E-003
         208   9.5999999999999992E-003
         209   4.0800000000000003E-002
         210   2.3999999999999998E-003
         211   1.6000000000000000E-002
         212   2.4000000000000000E-002
         213   6.4000000000000003E-003
         214   4.7999999999999996E-003
         215   1.7600000000000001E-002
         216   2.8799999999999999E-002
         217   3.0400000000000000E-002
         218   2.0000000000000000E-002
         219   5.0400000000000000E-002
         220   4.0800000000000003E-002
         221   3.7600000000000001E-002
         222   8.0000000000000004E-004
         223   3.3599999999999998E-002
         224   2.4000000000000000E-002
         225   2.4000000000000000E-002
         226   7.1999999999999998E-003
         227   8.0000000000000002E-003
         228   4.3200000000000002E-002
         229   3.3599999999999998E-002
         230   3.1199999999999999E-002
         231   1.4400000000000000E-002
         232   8.0000000000000004E-004
         233   1.5200000000000000E-002
         234   5.9200000000000003E-002
         235   4.0000000000000001E-003
         236   2.3999999999999998E-003
         237   4.0000000000000001E-003
         238   2.5600000000000001E-002
         239   4.4800000000000000E-002
         240   4.0800000000000003E-002
         241   4.5600000000000002E-002
         242   3.9199999999999999E-002
         243   0.0000000000000000     
         244   9.5999999999999992E-003
         245   9.5999999999999992E-003
         246   1.6000000000000001E-003
         247   1.0400000000000000E-002
         248   4.6399999999999997E-002
         249   6.2399999999999997E-002
         250   6.6400000000000001E-002
         251   6.3200000000000006E-002
         252   2.8799999999999999E-002
         253   4.0000000000000001E-003
         254   4.0800000000000003E-002
         255   1.0400000000000000E-002
         256   2.8000000000000001E-002
         257   7.5200000000000003E-002
         258   4.8800000000000003E-002
         259   8.0000000000000002E-003
         260   2.5600000000000001E-002
         261   8.8000000000000005E-003
         262   3.2000000000000002E-003
         263   3.2000000000000002E-003
         264   1.1200000000000000E-002
         265   3.5200000000000002E-002
         266   5.0400000000000000E-002
         267   8.6400000000000005E-002
         268   8.6400000000000005E-002
         269   9.1200000000000003E-002
         270   5.0400000000000000E-002
         271   1.2000000000000000E-002
         272   5.8400000000000001E-002
         273   7.4399999999999994E-002
         274   7.2800000000000004E-002
         275   2.8799999999999999E-002
         276   5.6800000000000003E-002
         277   1.6799999999999999E-002
         278   0.0000000000000000     
         279   7.1999999999999998E-003
         280   0.0000000000000000     
         281   3.8399999999999997E-002
         282   5.7599999999999998E-002
         283   9.5999999999999992E-003
         284   8.0000000000000002E-003
         285   1.2000000000000000E-002
         286   2.5600000000000001E-002
         287   2.5600000000000001E-002
         288   2.0000000000000000E-002
         289   1.0400000000000000E-002
         290   2.4000000000000000E-002
         291   2.3199999999999998E-002
         292   3.2000000000000001E-002
         293   2.5600000000000001E-002
         294   2.3999999999999998E-003
         295   1.1200000000000000E-002
         296   2.4799999999999999E-002
         297   2.3999999999999998E-003
         298   1.5200000000000000E-002
         299   4.3999999999999997E-002
         300   2.8000000000000001E-002
         301   1.7600000000000001E-002
         302   3.5999999999999997E-002
         303   2.6400000000000000E-002
         304   4.8000000000000001E-002
         305   3.6799999999999999E-002
         306   4.0000000000000001E-003
         307   1.1200000000000000E-002
         308   2.7199999999999998E-002
         309   2.0799999999999999E-002
         310   1.2800000000000001E-002
         311   3.3599999999999998E-002
         312   4.2400000000000000E-002
         313   2.6400000000000000E-002
         314   2.0000000000000000E-002
         315   1.5200000000000000E-002
         316   7.1999999999999998E-003
         317   8.8000000000000005E-003
         318   2.7199999999999998E-002
         319   3.2000000000000001E-002
         320   3.8399999999999997E-002
         321   1.4400000000000000E-002
         322   1.6000000000000001E-003
         323   2.8799999999999999E-002
         324   3.0400000000000000E-002
         325   2.8000000000000001E-002
         326   2.8000000000000001E-002
         327   3.1199999999999999E-002
         328   1.0400000000000000E-002
         329   7.1999999999999998E-003
         330   2.0000000000000000E-002
         331   2.3199999999999998E-002
         332   2.0799999999999999E-002
         333   1.1200000000000000E-002
         334   1.4400000000000000E-002
         335   2.7199999999999998E-002
         336   3.3599999999999998E-002
         337   8.8000000000000005E-003
         338   3.2000000000000001E-002
         339   8.0000000000000004E-004
         340   5.5999999999999999E-003
         341   2.0000000000000000E-002
         342   8.0000000000000002E-003
         343   1.0400000000000000E-002
         344   1.0400000000000000E-002
         345   2.2400000000000000E-002
         346   2.8000000000000001E-002
         347   7.1199999999999999E-002
         348   6.5600000000000006E-002
         349   4.2400000000000000E-002
         350   5.6000000000000001E-002
         351   4.4800000000000000E-002
         352   1.2000000000000000E-002
         353   7.1999999999999998E-003
         354   2.4799999999999999E-002
         355   1.3599999999999999E-002
         356   4.0000000000000001E-003
         357   3.0400000000000000E-002
         358   1.6000000000000001E-003
         359   1.6799999999999999E-002
         360   1.6000000000000001E-003
         361   4.2400000000000000E-002
         362   8.8000000000000005E-003
         363   6.3200000000000006E-002
         364   7.8399999999999997E-002
         365  0.10720000000000000     
         366  0.10720000000000000     
         367   9.1200000000000003E-002
         368  0.14399999999999999     
         369  0.10000000000000001     
         370   7.5999999999999998E-002
         371   7.9200000000000007E-002
         372   8.5599999999999996E-002
         373   2.5600000000000001E-002
         374   1.0400000000000000E-002
         375   2.7199999999999998E-002
         376   2.6400000000000000E-002
         377   6.3200000000000006E-002
         378   5.6000000000000001E-002
         379   2.8799999999999999E-002
         380   3.5200000000000002E-002
         381   3.4400000000000000E-002
         382   4.7999999999999996E-003
         383   4.6399999999999997E-002
         384   5.0400000000000000E-002
         385   2.1600000000000001E-002
         386   1.6000000000000001E-003
         387   3.2000000000000002E-003
         388   3.2000000000000002E-003
         389   4.1599999999999998E-002
         390   3.7600000000000001E-002
         391   3.2000000000000001E-002
         392   3.5200000000000002E-002
         393   4.7199999999999999E-002
         394   6.8800000000000000E-002
         395   7.0400000000000004E-002
         396   7.9200000000000007E-002
         397   3.6799999999999999E-002
         398   4.8800000000000003E-002
         399   3.2000000000000001E-002
         400   3.6799999999999999E-002
         401   5.5999999999999999E-003
         402   2.0799999999999999E-002
         403   3.2000000000000001E-002
         404   7.1999999999999998E-003
         405   7.1999999999999998E-003
         406   1.9199999999999998E-002
         407   3.3599999999999998E-002
         408   2.4000000000000000E-002
         409   6.8800000000000000E-002
         410   2.0000000000000000E-002
         411   8.0000000000000002E-003
         412   3.1199999999999999E-002
         413   1.6799999999999999E-002
         414   4.3999999999999997E-002
         415   1.1200000000000000E-002
         416   7.1999999999999998E-003
         417   5.5999999999999999E-003
         418   3.2000000000000001E-002
         419   2.9600000000000001E-002
         420   1.6000000000000000E-002
         421   0.0000000000000000     
         422   2.1600000000000001E-002
         423   4.3200000000000002E-002
         424   5.7599999999999998E-002
         425   8.8800000000000004E-002
         426   5.6800000000000003E-002
         427   3.6799999999999999E-002
         428   1.9199999999999998E-002
         429   1.6000000000000000E-002
         430   6.4000000000000001E-002
         431   9.6000000000000002E-002
         432   4.9599999999999998E-002
         433   5.1999999999999998E-002
         434   4.0000000000000001E-002
         435   7.8399999999999997E-002
         436   5.1999999999999998E-002
         437   2.4000000000000000E-002
         438   2.8799999999999999E-002
         439   1.3599999999999999E-002
         440   2.1600000000000001E-002
         441   1.0400000000000000E-002
         442   1.6000000000000001E-003
         443   8.0000000000000004E-004
         444   1.7600000000000001E-002
         445   1.6000000000000001E-003
         446   1.6000000000000001E-003
         447   2.1600000000000001E-002
         448   8.0000000000000004E-004
         449   4.7999999999999996E-003
         450   1.7600000000000001E-002
         451   4.0000000000000001E-002
         452   5.1200000000000002E-002
         453   5.3600000000000002E-002
         454   6.4000000000000003E-003
         455   4.3999999999999997E-002
         456   2.7199999999999998E-002
         457   2.9600000000000001E-002
         458   3.5200000000000002E-002
         459   1.5200000000000000E-002
         460   3.7600000000000001E-002
         461   1.3599999999999999E-002
         462   8.0000000000000002E-003
         463   2.8000000000000001E-002
         464   4.3200000000000002E-002
         465   5.6000000000000001E-002
         466   6.5600000000000006E-002
         467   7.5999999999999998E-002
         468   9.1200000000000003E-002
         469   8.3199999999999996E-002
         470   8.0799999999999997E-002
         471   4.4800000000000000E-002
         472   5.5199999999999999E-002
         473   4.8000000000000001E-002
         474   2.3199999999999998E-002
         475   2.4799999999999999E-002
         476   1.6000000000000001E-003
         477   1.6799999999999999E-002
         478   7.1999999999999998E-003
         479   8.8000000000000005E-003
         480   2.6400000000000000E-002
         481   9.5999999999999992E-003
         482   1.6799999999999999E-002
         483   3.5200000000000002E-002
         484   1.1200000000000000E-002
         485   3.5200000000000002E-002
         486   6.6400000000000001E-002
         487   5.9200000000000003E-002
         488   2.2400000000000000E-002
         489   4.0800000000000003E-002
         490   4.5600000000000002E-002
         491   2.2400000000000000E-002
         492   2.3999999999999998E-003
         493   8.0000000000000002E-002
         494   6.0800000000000000E-002
         495   1.6799999999999999E-002
         496   1.8400000000000000E-002
         497   1.6000000000000001E-003
         498   3.2000000000000002E-003
         499   4.0800000000000003E-002
         500   6.8800000000000000E-002
         501   6.2399999999999997E-002
         502   6.4000000000000003E-003
         503   3.2000000000000001E-002
         504   4.4800000000000000E-002
         505   4.6399999999999997E-002
         506   2.2400000000000000E-002
         507   1.3599999999999999E-002
         508   8.0000000000000004E-004
         509   1.1200000000000000E-002
         510   3.8399999999999997E-002
         511   6.2399999999999997E-002
         512   1.9199999999999998E-002
         513   6.4000000000000003E-003
         514   2.1600000000000001E-002
         515   2.8000000000000001E-002
         516   1.2000000000000000E-002
         517   3.4400000000000000E-002
         518   3.2800000000000003E-002
         519   3.5200000000000002E-002
         520   1.3599999999999999E-002
         521   1.2800000000000001E-002
         522   3.2000000000000001E-002
         523   3.3599999999999998E-002
         524   2.8799999999999999E-002
         525   2.0000000000000000E-002
         526   3.1199999999999999E-002
         527   3.2800000000000003E-002
         528   8.0000000000000002E-003
         529   2.0000000000000000E-002
         530   1.7600000000000001E-002
         531   1.3599999999999999E-002
         532   5.9999999999999998E-002
         533   5.6000000000000001E-002
         534   3.5999999999999997E-002
         535   5.6800000000000003E-002
         536   5.7599999999999998E-002
         537   6.0800000000000000E-002
         538   2.5600000000000001E-002
         539   1.1200000000000000E-002
         540   1.2800000000000001E-002
         541   5.4399999999999997E-002
         542   5.1999999999999998E-002
         543   3.6799999999999999E-002
         544   3.2000000000000002E-003
         545   0.0000000000000000     
         546   4.0000000000000001E-003
         547   2.3199999999999998E-002
         548   1.9199999999999998E-002
         549   2.4000000000000000E-002
         550   2.8000000000000001E-002
         551   9.6799999999999997E-002
         552   6.4799999999999996E-002
         553   4.3999999999999997E-002
         554   4.1599999999999998E-002
         555   6.7199999999999996E-002
         556  0.10800000000000000     
         557   9.5200000000000007E-002
         558   1.6000000000000000E-002
         559   1.6000000000000001E-003
         560   5.5999999999999999E-003
         561   1.2000000000000000E-002
         562   4.4800000000000000E-002
         563   1.3599999999999999E-002
         564   1.2000000000000000E-002
         565   3.2000000000000001E-002
         566   1.4400000000000000E-002
         567   2.4799999999999999E-002
         568   1.2000000000000000E-002
         569   2.2400000000000000E-002
         570   1.5200000000000000E-002
         571   3.5999999999999997E-002
         572   4.5600000000000002E-002
         573   2.6400000000000000E-002
         574   5.5999999999999999E-003
         575   1.9199999999999998E-002
         576   2.0000000000000000E-002
         577   8.0000000000000004E-004
         578   6.1600000000000002E-002
         579   4.9599999999999998E-002
         580   4.2400000000000000E-002
         581   2.5600000000000001E-002
         582   1.5200000000000000E-002
         583   1.6799999999999999E-002
         584   1.6000000000000001E-003
         585   3.4400000000000000E-002
         586   4.7999999999999996E-003
         587   5.8400000000000001E-002
         588   3.2000000000000001E-002
         589   5.1999999999999998E-002
         590   2.8000000000000001E-002
         591   1.5200000000000000E-002
         592   2.4000000000000000E-002
         593   6.2399999999999997E-002
         594   7.5999999999999998E-002
         595   6.0800000000000000E-002
         596   3.5999999999999997E-002
         597   5.4399999999999997E-002
         598   3.0400000000000000E-002
         599   3.0400000000000000E-002
         600   1.6799999999999999E-002
         601   2.7199999999999998E-002
         602   4.7999999999999996E-003
         603   3.2000000000000002E-003
         604   2.3199999999999998E-002
         605   2.8000000000000001E-002
         606   9.5999999999999992E-003
         607   1.3599999999999999E-002
         608   1.1200000000000000E-002
         609   5.1200000000000002E-002
         610   6.5600000000000006E-002
         611   1.8400000000000000E-002
         612   1.0400000000000000E-002
         613   2.6400000000000000E-002
         614   7.1999999999999998E-003
         615   2.4000000000000000E-002
         616   1.7600000000000001E-002
         617   1.6000000000000000E-002
         618   4.0000000000000001E-003
         619   1.7600000000000001E-002
         620   3.1199999999999999E-002
         621   1.4400000000000000E-002
         622   6.8000000000000005E-002
         623   8.5599999999999996E-002
         624   5.3600000000000002E-002
         625   4.1599999999999998E-002
         626   4.7999999999999996E-003
         627   1.8400000000000000E-002
         628   2.2400000000000000E-002
         629   1.5200000000000000E-002
         630   1.6000000000000001E-003
         631   4.1599999999999998E-002
         632   3.5200000000000002E-002
         633   8.0000000000000002E-003
         634   2.5600000000000001E-002
         635   8.8000000000000005E-003
         636   2.5600000000000001E-002
         637   1.6799999999999999E-002
         638   0.0000000000000000     
         639   0.0000000000000000     
         640   3.2000000000000001E-002
         641   3.8399999999999997E-002
         642   2.0000000000000000E-002
         643   2.3199999999999998E-002
         644   5.9200000000000003E-002
         645   5.6800000000000003E-002
         646   8.5599999999999996E-002
         647   3.6799999999999999E-002
         648   0.0000000000000000     
         649   4.0000000000000001E-002
         650   2.2400000000000000E-002
         651   8.8000000000000005E-003
         652   1.0400000000000000E-002
         653   3.2800000000000003E-002
         654   3.3599999999999998E-002
         655   3.4400000000000000E-002
         656   2.2400000000000000E-002
         657   1.6000000000000001E-003
         658   4.8000000000000001E-002
         659   5.6800000000000003E-002
         660   5.6000000000000001E-002
         661   3.8399999999999997E-002
         662   9.5999999999999992E-003
         663   2.4799999999999999E-002
         664   2.0799999999999999E-002
         665   4.7999999999999996E-003
         666   1.9199999999999998E-002
         667   4.8800000000000003E-002
         668   2.5600000000000001E-002
         669   7.1999999999999998E-003
         670   1.7600000000000001E-002
         671   4.3200000000000002E-002
         672   4.2400000000000000E-002
         673   5.6800000000000003E-002
         674   2.9600000000000001E-002
         675   4.3200000000000002E-002
         676   3.7600000000000001E-002
         677   1.6000000000000001E-003
         678   3.1199999999999999E-002
         679   4.5600000000000002E-002
         680   3.5200000000000002E-002
         681   3.7600000000000001E-002
         682   3.2000000000000001E-002
         683   7.9200000000000007E-002
         684   4.5600000000000002E-002
         685   5.2800000000000000E-002
         686   2.5600000000000001E-002
         687   3.0400000000000000E-002
         688   8.0000000000000002E-003
         689   7.1999999999999998E-003
         690   2.2400000000000000E-002
         691   2.4000000000000000E-002
         692   6.0800000000000000E-002
         693   1.7600000000000001E-002
         694   1.5200000000000000E-002
         695   3.2800000000000003E-002
         696   4.3999999999999997E-002
         697   2.2400000000000000E-002
         698   4.5600000000000002E-002
         699   3.2800000000000003E-002
         700   5.1999999999999998E-002
         701   3.2000000000000001E-002
         702   1.7600000000000001E-002
         703   5.9200000000000003E-002
         704   2.0799999999999999E-002
         705   1.1200000000000000E-002
         706   9.5999999999999992E-003
         707   1.0400000000000000E-002
         708   1.2800000000000001E-002
         709   9.5999999999999992E-003
         710   2.7199999999999998E-002
         711   2.2400000000000000E-002
         712   4.0000000000000001E-003
         713   3.2000000000000001E-002
         714   6.5600000000000006E-002
         715   8.4000000000000005E-002
         716  0.10000000000000001     
         717   7.5999999999999998E-002
         718   9.3600000000000003E-002
         719   6.5600000000000006E-002
         720   2.7199999999999998E-002
         721   7.7600000000000002E-002
         722   4.0800000000000003E-002
         723   5.2800000000000000E-002
         724   8.0000000000000002E-002
         725   3.4400000000000000E-002
         726   0.0000000000000000     
         727   2.1600000000000001E-002
         728   2.3199999999999998E-002
         729   2.9600000000000001E-002
         730   3.8399999999999997E-002
         731   8.0000000000000004E-004
         732   2.2400000000000000E-002
         733   1.5200000000000000E-002
         734   8.8000000000000005E-003
         735   2.1600000000000001E-002
         736   4.7999999999999996E-003
         737   1.6000000000000000E-002
         738   3.4400000000000000E-002
         739   2.2400000000000000E-002
         740   4.9599999999999998E-002
         741   2.1600000000000001E-002
         742   2.3999999999999998E-003
         743   3.0400000000000000E-002
         744   1.2000000000000000E-002
         745   2.0000000000000000E-002
         746   4.6399999999999997E-002
         747   4.7199999999999999E-002
         748   4.1599999999999998E-002
         749   5.1999999999999998E-002
         750   8.5599999999999996E-002
         751   8.1600000000000006E-002
         752   3.0400000000000000E-002
         753   6.4000000000000003E-003
         754   1.8400000000000000E-002
         755   2.3199999999999998E-002
         756   1.9199999999999998E-002
         757   2.8000000000000001E-002
         758   3.4400000000000000E-002
         759   6.2399999999999997E-002
         760   2.8000000000000001E-002
         761   2.8799999999999999E-002
         762   3.1199999999999999E-002
         763   1.9199999999999998E-002
         764   4.5600000000000002E-002
         765   7.7600000000000002E-002
         766   7.5200000000000003E-002
         767   7.9200000000000007E-002
         768   1.4400000000000000E-002
         769   4.0000000000000001E-002
         770   2.4799999999999999E-002
         771   2.9600000000000001E-002
         772   4.7999999999999996E-003
         773   5.5999999999999999E-003
         774   2.4000000000000000E-002
         775   2.2400000000000000E-002
         776   1.1200000000000000E-002
         777   2.5600000000000001E-002
         778   1.7600000000000001E-002
         779   1.4400000000000000E-002
         780   5.6800000000000003E-002
         781   8.2400000000000001E-002
         782   2.6400000000000000E-002
         783   1.6000000000000001E-003
         784   8.8000000000000005E-003
         785   1.6000000000000001E-003
         786   8.8000000000000005E-003
         787   1.6000000000000001E-003
         788   1.8400000000000000E-002
         789   1.8400000000000000E-002
         790   2.8000000000000001E-002
         791   1.2800000000000001E-002
         792   4.0000000000000001E-003
         793   2.8799999999999999E-002
         794   8.0000000000000004E-004
         795   1.2000000000000000E-002
         796   1.6000000000000001E-003
         797   8.8000000000000005E-003
         798   0.0000000000000000     
         799   2.4799999999999999E-002
         800   2.0799999999999999E-002
         801   4.0000000000000001E-003
         802   7.0400000000000004E-002
         803   5.2800000000000000E-002
         804   2.6400000000000000E-002
         805   7.1999999999999998E-003
         806   5.6800000000000003E-002
         807   4.9599999999999998E-002
         808   5.6000000000000001E-002
         809   5.6800000000000003E-002
         810   3.8399999999999997E-002
         811   4.4800000000000000E-002
         812   3.0400000000000000E-002
         813   4.9599999999999998E-002
         814   4.0000000000000001E-003
         815   2.0000000000000000E-002
         816   2.3199999999999998E-002
         817   3.5200000000000002E-002
         818   3.2000000000000002E-003
         819   3.7600000000000001E-002
         820   2.3999999999999998E-003
         821   1.2000000000000000E-002
         822   8.0000000000000002E-003
         823   2.8799999999999999E-002
         824   8.0000000000000002E-003
         825   1.8400000000000000E-002
         826   2.9600000000000001E-002
         827   3.8399999999999997E-002
         828   4.4800000000000000E-002
         829   7.1999999999999995E-002
         830   4.0800000000000003E-002
         831   4.7999999999999996E-003
         832   2.1600000000000001E-002
         833   3.2000000000000001E-002
         834   1.6799999999999999E-002
         835   3.2000000000000002E-003
         836   1.9199999999999998E-002
         837   5.5999999999999999E-003
         838   4.5600000000000002E-002
         839   6.5600000000000006E-002
         840   8.0799999999999997E-002
         841   3.7600000000000001E-002
         842   3.0400000000000000E-002
         843   4.6399999999999997E-002
         844   8.0000000000000002E-003
         845   3.9199999999999999E-002
         846   3.9199999999999999E-002
         847   1.5200000000000000E-002
         848   3.3599999999999998E-002
         849   8.8000000000000005E-003
         850   3.2000000000000002E-003
         851   4.7999999999999996E-003
         852   1.4400000000000000E-002
         853   4.7999999999999996E-003
         854   1.0400000000000000E-002
         855   2.3999999999999998E-003
         856   2.9600000000000001E-002
         857   4.0000000000000001E-003
         858   1.7600000000000001E-002
         859   4.9599999999999998E-002
         860   5.2800000000000000E-002
         861  0.10160000000000000     
         862   9.7600000000000006E-002
         863  0.11360000000000001     
         864   9.5200000000000007E-002
         865   8.3199999999999996E-002
         866   5.1200000000000002E-002
         867   2.6400000000000000E-002
         868   2.3199999999999998E-002
         869   9.5999999999999992E-003
         870   2.6400000000000000E-002
         871   5.5999999999999999E-003
         872   3.2800000000000003E-002
         873   4.4800000000000000E-002
         874   1.7600000000000001E-002
         875   3.6799999999999999E-002
         876   0.0000000000000000     
         877   1.2800000000000001E-002
         878   2.1600000000000001E-002
         879   4.7199999999999999E-002
         880   5.4399999999999997E-002
         881   4.0000000000000001E-003
         882   9.5999999999999992E-003
         883   1.2800000000000001E-002
         884   1.5200000000000000E-002
         885   1.5200000000000000E-002
         886   3.9199999999999999E-002
         887   1.3599999999999999E-002
         888   1.6799999999999999E-002
         889   3.0400000000000000E-002
         890   1.2000000000000000E-002
         891   2.1600000000000001E-002
         892   1.7600000000000001E-002
         893   4.2400000000000000E-002
         894   2.1600000000000001E-002
         895   4.0800000000000003E-002
         896   2.3999999999999998E-003
         897   2.4799999999999999E-002
         898   3.5200000000000002E-002
         899   3.4400000000000000E-002
         900   2.0799999999999999E-002
         901   3.7600000000000001E-002
         902   8.0000000000000004E-004
         903   1.6000000000000000E-002
         904   3.1199999999999999E-002
         905   8.8000000000000005E-003
         906   2.3999999999999998E-003
         907   5.2800000000000000E-002
         908   8.3199999999999996E-002
         909   9.0399999999999994E-002
         910   4.3200000000000002E-002
         911   3.6799999999999999E-002
         912   6.4000000000000003E-003
         913   3.2000000000000002E-003
         914   2.4000000000000000E-002
         915   1.7600000000000001E-002
         916   3.8399999999999997E-002
         917   3.2000000000000001E-002
         918   4.3200000000000002E-002
         919   1.7600000000000001E-002
         920   8.0000000000000002E-003
         921   3.2000000000000001E-002
         922   1.0400000000000000E-002
         923   1.1200000000000000E-002
         924   9.5999999999999992E-003
         925   4.7999999999999996E-003
         926   3.5200000000000002E-002
         927   7.0400000000000004E-002
         928   3.2800000000000003E-002
         929   3.2800000000000003E-002
         930   8.0000000000000004E-004
         931   1.6000000000000001E-003
         932   1.0400000000000000E-002
         933   1.1200000000000000E-002
         934   1.0400000000000000E-002
         935   1.3599999999999999E-002
         936   1.0400000000000000E-002
         937   3.8399999999999997E-002
         938   6.1600000000000002E-002
         939   5.9200000000000003E-002
         940   1.5200000000000000E-002
         941   3.7600000000000001E-002
         942   1.6799999999999999E-002
         943   2.8000000000000001E-002
         944   5.6000000000000001E-002
         945   5.6800000000000003E-002
         946   5.6000000000000001E-002
         947   5.9999999999999998E-002
         948   7.7600000000000002E-002
         949   7.6799999999999993E-002
         950  0.10000000000000001     
         951   5.1200000000000002E-002
         952   9.0399999999999994E-002
         953   7.5200000000000003E-002
         954   8.7200000000000000E-002
         955   2.0799999999999999E-002
         956   2.4799999999999999E-002
         957   1.6000000000000000E-002
         958   2.0000000000000000E-002
         959   1.1200000000000000E-002
         960   4.8000000000000001E-002
         961   3.5200000000000002E-002
         962   1.4400000000000000E-002
         963   3.6799999999999999E-002
         964   5.9999999999999998E-002
         965   4.9599999999999998E-002
         966   1.2000000000000000E-002
         967   2.4799999999999999E-002
         968   7.1999999999999998E-003
         969   4.7999999999999996E-003
         970   2.8000000000000001E-002
         971   3.4400000000000000E-002
         972   9.5999999999999992E-003
         973   1.0400000000000000E-002
         974   9.5999999999999992E-003
         975   3.2000000000000001E-002
         976   4.7999999999999996E-003
         977   2.7199999999999998E-002
         978   4.7199999999999999E-002
         979   2.8799999999999999E-002
         980   3.8399999999999997E-002
         981   3.0400000000000000E-002
         982   1.6000000000000000E-002
         983   3.2000000000000002E-003
         984   2.2400000000000000E-002
         985   6.4000000000000003E-003
         986   1.3599999999999999E-002
         987   0.0000000000000000     
         988   1.6000000000000000E-002
         989   3.0400000000000000E-002
         990   3.9199999999999999E-002
         991   3.2800000000000003E-002
         992   5.5999999999999999E-003
         993   3.2800000000000003E-002
         994   6.4799999999999996E-002
         995   3.6799999999999999E-002
         996   2.4000000000000000E-002
         997   7.1999999999999998E-003
         998   1.6000000000000001E-003
         999   5.9200000000000003E-002
        1000   4.3999999999999997E-002
        1001   1.5200000000000000E-002
        1002   2.8000000000000001E-002
        1003   8.0000000000000002E-003
        1004   2.9600000000000001E-002
        1005   4.0000000000000001E-002
        1006   3.2800000000000003E-002
        1007   3.0400000000000000E-002
        1008   9.5999999999999992E-003
        1009   1.2000000000000000E-002
        1010   4.2400000000000000E-002
        1011   3.7600000000000001E-002
        1012   5.7599999999999998E-002
        1013   4.9599999999999998E-002
        1014   4.3200000000000002E-002
        1015   3.2800000000000003E-002
        1016   3.2000000000000002E-003
        1017   4.0000000000000001E-003
        1018   2.4799999999999999E-002
        1019   4.3200000000000002E-002
        1020   6.4799999999999996E-002
        1021   2.9600000000000001E-002
        1022   5.5999999999999999E-003
        1023   8.0000000000000002E-003
        1024   4.0000000000000001E-003
        1025   1.3599999999999999E-002
        1026   8.0000000000000002E-003
        1027   1.3599999999999999E-002
        1028   2.9600000000000001E-002
        1029   2.8799999999999999E-002
        1030   2.2400000000000000E-002
        1031   3.7600000000000001E-002
        1032   9.5999999999999992E-003
        1033   2.8000000000000001E-002
        1034   2.2400000000000000E-002
        1035   3.5999999999999997E-002
        1036   2.6400000000000000E-002
        1037   4.0000000000000001E-002
        1038   4.8800000000000003E-002
        1039   4.4800000000000000E-002
        1040   7.4399999999999994E-002
        1041   7.7600000000000002E-002
        1042   8.4800000000000000E-002
        1043   9.4399999999999998E-002
        1044   6.3200000000000006E-002
        1045   9.1200000000000003E-002
        1046   6.1600000000000002E-002
        1047   2.2400000000000000E-002
        1048   1.4400000000000000E-002
        1049   1.1200000000000000E-002
        1050   7.1999999999999998E-003
        1051   4.0000000000000001E-003
        1052   0.0000000000000000     
        1053   8.8000000000000005E-003
        1054   0.0000000000000000     
        1055   1.1200000000000000E-002
        1056   1.8400000000000000E-002
        1057   3.3599999999999998E-002
        1058   8.1600000000000006E-002
        1059   6.8800000000000000E-002
        1060   4.5600000000000002E-002
        1061   5.2800000000000000E-002
        1062   6.0800000000000000E-002
        1063   4.2400000000000000E-002
        1064   4.8800000000000003E-002
        1065   7.1999999999999998E-003
        1066   9.1200000000000003E-002
        1067   8.8800000000000004E-002
        1068   2.8000000000000001E-002
        1069   7.1999999999999998E-003
        1070   2.0000000000000000E-002
        1071   8.0000000000000004E-004
        1072   3.4400000000000000E-002
        1073   5.7599999999999998E-002
        1074   4.3999999999999997E-002
        1075   6.8000000000000005E-002
        1076   4.9599999999999998E-002
        1077   2.0799999999999999E-002
        1078   4.0000000000000001E-003
        1079   1.1200000000000000E-002
        1080   1.1200000000000000E-002
        1081   7.1999999999999998E-003
        1082   2.0000000000000000E-002
        1083   5.1999999999999998E-002
        1084   9.4399999999999998E-002
        1085   6.8000000000000005E-002
        1086  0.12160000000000000     
        1087  0.11040000000000000     
        1088   5.3600000000000002E-002
        1089   4.1599999999999998E-002
        1090   3.2000000000000001E-002
        1091   3.2800000000000003E-002
        1092   2.0799999999999999E-002
        1093   1.6000000000000001E-003
        1094   3.2800000000000003E-002
        1095   2.0799999999999999E-002
        1096   4.3999999999999997E-002
        1097   4.8800000000000003E-002
        1098   7.3599999999999999E-002
        1099   8.3199999999999996E-002
        1100   4.8800000000000003E-002
        1101   9.5999999999999992E-003
        1102   1.6799999999999999E-002
        1103   5.5999999999999999E-003
        1104   9.5999999999999992E-003
        1105   0.0000000000000000     
        1106   8.0000000000000002E-003
        1107   2.3999999999999998E-003
        1108   8.0000000000000002E-003
        1109   4.7999999999999996E-003
        1110   3.2800000000000003E-002
        1111   2.7199999999999998E-002
        1112   3.2000000000000001E-002
        1113   1.9199999999999998E-002
        1114   1.6000000000000000E-002
        1115   2.0799999999999999E-002
        1116   3.9199999999999999E-002
        1117   6.4000000000000001E-002
        1118   7.3599999999999999E-002
        1119   3.5999999999999997E-002
        1120   4.4800000000000000E-002
        1121   8.0000000000000002E-003
        1122   1.5200000000000000E-002
        1123   3.7600000000000001E-002
        1124   1.6000000000000001E-003
        1125   3.2800000000000003E-002
        1126   3.7600000000000001E-002
        1127   3.0400000000000000E-002
        1128   2.9600000000000001E-002
        1129   6.4000000000000003E-003
        1130   5.6000000000000001E-002
        1131   6.4000000000000003E-003
        1132   4.8000000000000001E-002
        1133   6.9599999999999995E-002
        1134   6.4000000000000003E-003
        1135   2.2400000000000000E-002
        1136   8.0000000000000002E-003
        1137   4.7999999999999996E-003
        1138   5.5999999999999999E-003
        1139   3.2000000000000002E-003
        1140   4.3999999999999997E-002
        1141   6.4000000000000001E-002
        1142   2.5600000000000001E-002
        1143   5.1200000000000002E-002
        1144   5.1200000000000002E-002
        1145   5.9200000000000003E-002
        1146   3.2000000000000002E-003
        1147   8.0000000000000002E-003
        1148   3.9199999999999999E-002
        1149   6.0800000000000000E-002
        1150   8.0799999999999997E-002
        1151   6.1600000000000002E-002
        1152   6.1600000000000002E-002
        1153   3.2800000000000003E-002
        1154   4.4800000000000000E-002
        1155   2.8799999999999999E-002
        1156   4.7999999999999996E-003
        1157   9.5999999999999992E-003
        1158   8.8000000000000005E-003
        1159   2.4799999999999999E-002
        1160   8.0000000000000002E-003
        1161   6.4000000000000003E-003
        1162   2.3999999999999998E-003
        1163   5.2800000000000000E-002
        1164   5.3600000000000002E-002
        1165   1.6799999999999999E-002
        1166   6.4000000000000003E-003
        1167   5.5999999999999999E-003
        1168   1.9199999999999998E-002
        1169   2.2400000000000000E-002
        1170   2.0000000000000000E-002
        1171   3.3599999999999998E-002
        1172   2.7199999999999998E-002
        1173   4.8000000000000001E-002
        1174   2.4000000000000000E-002
        1175   1.9199999999999998E-002
        1176   5.5999999999999999E-003
        1177   2.3199999999999998E-002
        1178   4.3200000000000002E-002
        1179   2.6400000000000000E-002
        1180   3.6799999999999999E-002
        1181   1.8400000000000000E-002
        1182   1.9199999999999998E-002
        1183   4.0000000000000001E-003
        1184   3.2800000000000003E-002
        1185   4.0000000000000001E-002
        1186   1.3599999999999999E-002
        1187   2.4000000000000000E-002
        1188   2.0799999999999999E-002
        1189   4.0000000000000001E-002
        1190   6.4000000000000003E-003
        1191   1.7600000000000001E-002
        1192   6.4000000000000003E-003
        1193   1.4400000000000000E-002
        1194   2.4000000000000000E-002
        1195   2.3999999999999998E-003
        1196   5.1999999999999998E-002
        1197   4.8800000000000003E-002
        1198   4.2400000000000000E-002
        1199   3.3599999999999998E-002
        1200   4.2400000000000000E-002
        1201   2.3999999999999998E-003
        1202   7.1999999999999998E-003
        1203   2.9600000000000001E-002
        1204   1.5200000000000000E-002
        1205   0.0000000000000000     
        1206   3.7600000000000001E-002
        1207   1.0400000000000000E-002
        1208   3.4400000000000000E-002
        1209   1.6799999999999999E-002
        1210   2.1600000000000001E-002
        1211   1.1200000000000000E-002
        1212   4.5600000000000002E-002
        1213   3.5200000000000002E-002
        1214   8.2400000000000001E-002
        1215   3.0400000000000000E-002
        1216   3.4400000000000000E-002
        1217   3.7600000000000001E-002
        1218   3.3599999999999998E-002
        1219   2.9600000000000001E-002
        1220   4.3999999999999997E-002
        1221   7.5200000000000003E-002
        1222   4.7199999999999999E-002
        1223   2.4799999999999999E-002
        1224   4.0000000000000001E-002
        1225   5.0400000000000000E-002
        1226   9.5999999999999992E-003
        1227   1.4400000000000000E-002
        1228   2.8799999999999999E-002
        1229   7.1999999999999998E-003
        1230   2.3999999999999998E-003
        1231   9.5999999999999992E-003
        1232   1.6799999999999999E-002
        1233   1.4400000000000000E-002
        1234   4.7999999999999996E-003
        1235   1.5200000000000000E-002
        1236   8.0000000000000002E-003
        1237   2.5600000000000001E-002
        1238   2.4000000000000000E-002
        1239   7.0400000000000004E-002
        1240   7.0400000000000004E-002
        1241   4.7199999999999999E-002
        1242   5.8400000000000001E-002
        1243   4.0000000000000001E-003
        1244   6.5600000000000006E-002
        1245   5.9200000000000003E-002
        1246   2.0799999999999999E-002
        1247   9.5999999999999992E-003
        1248   5.5999999999999999E-003
        1249   2.3199999999999998E-002
        1250   7.2800000000000004E-002
        1251   2.8799999999999999E-002
        1252   7.1999999999999998E-003
        1253   4.3200000000000002E-002
        1254   3.8399999999999997E-002
        1255   9.5999999999999992E-003
        1256   4.7999999999999996E-003
        1257   3.8399999999999997E-002
        1258   1.6000000000000001E-003
        1259   2.8000000000000001E-002
        1260   1.0400000000000000E-002
        1261   1.0400000000000000E-002
        1262   1.5200000000000000E-002
        1263   7.1999999999999998E-003
        1264   0.0000000000000000     
        1265   8.0000000000000004E-004
        1266   2.6400000000000000E-002
        1267   2.5600000000000001E-002
        1268   2.5600000000000001E-002
        1269   8.8000000000000005E-003
        1270   2.2400000000000000E-002
        1271   3.8399999999999997E-002
        1272   8.0000000000000004E-004
        1273   5.5999999999999999E-003
        1274   4.5600000000000002E-002
        1275   2.9600000000000001E-002
        1276   1.0400000000000000E-002
        1277   2.3199999999999998E-002
        1278   9.1200000000000003E-002
        1279   9.0399999999999994E-002
        1280   6.4000000000000001E-002
        1281   7.6799999999999993E-002
        1282   6.0800000000000000E-002
        1283   7.5999999999999998E-002
        1284   9.4399999999999998E-002
        1285   4.6399999999999997E-002
        1286   6.3200000000000006E-002
        1287   2.7199999999999998E-002
        1288   1.9199999999999998E-002
        1289   4.0000000000000001E-003
        1290   4.0000000000000001E-003
        1291   2.8799999999999999E-002
        1292   6.4000000000000003E-003
        1293   3.9199999999999999E-002
        1294   4.7199999999999999E-002
        1295   5.8400000000000001E-002
        1296   4.7199999999999999E-002
        1297   1.6000000000000001E-003
        1298   3.4400000000000000E-002
        1299   1.8400000000000000E-002
        1300   1.6000000000000000E-002
        1301   3.4400000000000000E-002
        1302   1.1200000000000000E-002
        1303   1.7600000000000001E-002
        1304   1.9199999999999998E-002
        1305   2.4000000000000000E-002
        1306   3.2000000000000001E-002
        1307   2.1600000000000001E-002
        1308   4.5600000000000002E-002
        1309   2.9600000000000001E-002
        1310   7.5200000000000003E-002
        1311   7.6799999999999993E-002
        1312   5.4399999999999997E-002
        1313   8.4000000000000005E-002
        1314   6.2399999999999997E-002
        1315   5.2800000000000000E-002
        1316   4.4800000000000000E-002
        1317   4.3200000000000002E-002
        1318   7.1999999999999998E-003
        1319   9.5999999999999992E-003
        1320   2.4799999999999999E-002
        1321   9.5999999999999992E-003
        1322   7.1999999999999998E-003
        1323   2.9600000000000001E-002
        1324   6.0800000000000000E-002
        1325   2.3199999999999998E-002
        1326   2.0000000000000000E-002
        1327   2.3999999999999998E-003
        1328   4.0000000000000001E-003
        1329   4.0000000000000001E-003
        1330   1.8400000000000000E-002
        1331   1.6000000000000001E-003
        1332   1.7600000000000001E-002
        1333   2.0799999999999999E-002
        1334   1.2000000000000000E-002
        1335   2.0799999999999999E-002
        1336   8.0000000000000002E-003
        1337   2.3999999999999998E-003
        1338   4.3999999999999997E-002
        1339   6.8000000000000005E-002
        1340   6.3200000000000006E-002
        1341   2.9600000000000001E-002
        1342   2.8799999999999999E-002
        1343   1.0400000000000000E-002
        1344   4.9599999999999998E-002
        1345   0.0000000000000000     
        1346   2.0799999999999999E-002
        1347   5.6000000000000001E-002
        1348   6.3200000000000006E-002
        1349   1.2000000000000000E-002
        1350   3.0400000000000000E-002
        1351   2.0799999999999999E-002
        1352   6.4000000000000003E-003
        1353   8.0000000000000004E-004
        1354   2.0799999999999999E-002
        1355   4.7199999999999999E-002
        1356   4.2400000000000000E-002
        1357   1.4400000000000000E-002
        1358   2.3199999999999998E-002
        1359   3.2000000000000002E-003
        1360   1.7600000000000001E-002
        1361   1.9199999999999998E-002
        1362   6.4000000000000003E-003
        1363   1.1200000000000000E-002
        1364   1.5200000000000000E-002
        1365   1.7600000000000001E-002
        1366   4.1599999999999998E-002
        1367   2.6400000000000000E-002
        1368   7.1999999999999998E-003
        1369   2.7199999999999998E-002
        1370   4.7999999999999996E-003
        1371   3.3599999999999998E-002
        1372   4.6399999999999997E-002
        1373   4.0800000000000003E-002
        1374   1.2800000000000001E-002
        1375   1.6000000000000001E-003
        1376   2.4000000000000000E-002
        1377   3.7600000000000001E-002
        1378   5.2800000000000000E-002
        1379   2.2400000000000000E-002
        1380   1.6000000000000001E-003
        1381   9.5999999999999992E-003
        1382   4.6399999999999997E-002
        1383   1.3599999999999999E-002
        1384   8.0000000000000004E-004
        1385   6.4000000000000003E-003
        1386   1.6799999999999999E-002
        1387   2.8000000000000001E-002
        1388   9.5999999999999992E-003
        1389   6.4000000000000003E-003
        1390   1.8400000000000000E-002
        1391   4.0000000000000001E-003
        1392   2.3999999999999998E-003
        1393   1.3599999999999999E-002
        1394   2.8799999999999999E-002
        1395   2.0000000000000000E-002
        1396   2.7199999999999998E-002
        1397   4.1599999999999998E-002
        1398   2.0799999999999999E-002
        1399   4.7999999999999996E-003
        1400   8.8000000000000005E-003
        1401   6.4000000000000003E-003
        1402   1.0400000000000000E-002
        1403   4.7999999999999996E-003
        1404   1.5200000000000000E-002
        1405   8.8000000000000005E-003
        1406   1.2800000000000001E-002
        1407   4.0000000000000001E-003
        1408   3.2000000000000001E-002
        1409   2.5600000000000001E-002
        1410   4.3200000000000002E-002
        1411   8.7200000000000000E-002
        1412   3.1199999999999999E-002
        1413   1.6000000000000001E-003
        1414   1.4400000000000000E-002
        1415   1.2000000000000000E-002
        1416   3.1199999999999999E-002
        1417   2.6400000000000000E-002
        1418   1.8400000000000000E-002
        1419   1.2800000000000001E-002
        1420   3.4400000000000000E-002
        1421   4.0000000000000001E-002
        1422   1.7600000000000001E-002
        1423   3.3599999999999998E-002
        1424   4.3999999999999997E-002
        1425   2.0000000000000000E-002
        1426   1.3599999999999999E-002
        1427   1.6000000000000000E-002
        1428   2.2400000000000000E-002
        1429   3.2000000000000002E-003
        1430   2.3999999999999998E-003
        1431   5.0400000000000000E-002
        1432   5.1200000000000002E-002
        1433   1.8400000000000000E-002
        1434   2.4000000000000000E-002
        1435   1.6000000000000000E-002
        1436   5.6800000000000003E-002
        1437   7.0400000000000004E-002
        1438   6.8000000000000005E-002
        1439   6.9599999999999995E-002
        1440   6.3200000000000006E-002
        1441   7.8399999999999997E-002
        1442   3.2000000000000001E-002
        1443   4.7199999999999999E-002
        1444   3.2000000000000002E-003
        1445   5.6000000000000001E-002
        1446   5.7599999999999998E-002
        1447   7.8399999999999997E-002
        1448   5.9999999999999998E-002
        1449   4.4800000000000000E-002
        1450   3.5200000000000002E-002
        1451   3.1199999999999999E-002
        1452   1.6799999999999999E-002
        1453   8.8000000000000005E-003
        1454   3.0400000000000000E-002
        1455   7.1999999999999998E-003
        1456   2.8000000000000001E-002
        1457   1.0400000000000000E-002
        1458   8.8000000000000005E-003
        1459   1.4400000000000000E-002
        1460   2.5600000000000001E-002
        1461   4.3999999999999997E-002
        1462   6.4000000000000003E-003
        1463   5.1200000000000002E-002
        1464   2.0000000000000000E-002
        1465   6.4000000000000003E-003
        1466   2.1600000000000001E-002
        1467   1.0400000000000000E-002
        1468   2.5600000000000001E-002
        1469   3.2000000000000001E-002
        1470   1.7600000000000001E-002
        1471   8.0000000000000002E-003
        1472   6.4000000000000003E-003
        1473   8.0000000000000004E-004
        1474   5.3600000000000002E-002
        1475   4.0000000000000001E-003
        1476   1.2800000000000001E-002
        1477   1.6799999999999999E-002
        1478   6.9599999999999995E-002
        1479   5.6800000000000003E-002
        1480   5.4399999999999997E-002
        1481   4.0000000000000001E-002
        1482   1.8400000000000000E-002
        1483   2.4000000000000000E-002
        1484   4.3200000000000002E-002
        1485   6.4000000000000003E-003
        1486   2.3999999999999998E-003
        1487   3.5999999999999997E-002
        1488   2.8000000000000001E-002
        1489   4.7999999999999996E-003
        1490   2.3999999999999998E-003
        1491   3.2800000000000003E-002
        1492   8.8000000000000005E-003
        1493   3.5999999999999997E-002
        1494   3.2800000000000003E-002
        1495   5.9200000000000003E-002
        1496   7.5200000000000003E-002
        1497   3.7600000000000001E-002
        1498   1.5200000000000000E-002
        1499   8.0000000000000004E-004
        1500   1.3599999999999999E-002
        1501   2.7199999999999998E-002
        1502   3.5999999999999997E-002
        1503   6.4000000000000003E-003
        1504   1.4400000000000000E-002
        1505   0.0000000000000000     
        1506   6.2399999999999997E-002
        1507   2.7199999999999998E-002
        1508   1.4400000000000000E-002
        1509   9.5999999999999992E-003
        1510   3.1199999999999999E-002
        1511   4.3200000000000002E-002
        1512   5.8400000000000001E-002
        1513   4.0800000000000003E-002
        1514   5.9999999999999998E-002
        1515   5.2800000000000000E-002
        1516   2.4799999999999999E-002
        1517   4.6399999999999997E-002
        1518   5.0400000000000000E-002
        1519   1.2000000000000000E-002
        1520   2.1600000000000001E-002
        1521   1.6000000000000001E-003
        1522   2.3999999999999998E-003
        1523   3.6799999999999999E-002
        1524   1.5200000000000000E-002
        1525   7.1999999999999998E-003
        1526   9.5999999999999992E-003
        1527   3.3599999999999998E-002
        1528   2.2400000000000000E-002
        1529   4.3999999999999997E-002
        1530   4.9599999999999998E-002
        1531   6.8000000000000005E-002
        1532   6.4000000000000001E-002
        1533   4.0800000000000003E-002
        1534   3.2000000000000001E-002
        1535   1.4400000000000000E-002
        1536   2.4799999999999999E-002
        1537   1.2000000000000000E-002
        1538   4.3200000000000002E-002
        1539   1.5200000000000000E-002
        1540   2.4799999999999999E-002
        1541   3.9199999999999999E-002
        1542   2.4000000000000000E-002
        1543   2.8000000000000001E-002
        1544   3.2800000000000003E-002
        1545   4.0000000000000001E-003
        1546   2.6400000000000000E-002
        1547   1.8400000000000000E-002
        1548   6.4000000000000003E-003
        1549   4.7999999999999996E-003
        1550   2.2400000000000000E-002
        1551   7.1999999999999998E-003
        1552   9.5999999999999992E-003
        1553   2.3199999999999998E-002
        1554   2.6400000000000000E-002
        1555   2.0000000000000000E-002
        1556   4.3200000000000002E-002
        1557   4.0000000000000001E-002
        1558   2.2400000000000000E-002
        1559   3.0400000000000000E-002
        1560   3.2800000000000003E-002
        1561   2.4000000000000000E-002
        1562   7.1999999999999998E-003
        1563   8.0000000000000002E-003
        1564   1.2000000000000000E-002
        1565   1.9199999999999998E-002
        1566   3.2000000000000002E-003
        1567   3.5999999999999997E-002
        1568   1.6000000000000000E-002
        1569   1.8400000000000000E-002
        1570   2.0000000000000000E-002
        1571   3.4400000000000000E-002
        1572   5.2800000000000000E-002
        1573   5.8400000000000001E-002
        1574   2.1600000000000001E-002
        1575   4.8000000000000001E-002
        1576   3.6799999999999999E-002
        1577   5.7599999999999998E-002
        1578  0.11200000000000000     
        1579  0.10160000000000000     
        1580   8.0000000000000002E-002
        1581   2.3199999999999998E-002
        1582   4.3200000000000002E-002
        1583   8.0000000000000002E-003
        1584   3.5999999999999997E-002
        1585   1.2000000000000000E-002
        1586   2.3199999999999998E-002
        1587   1.8400000000000000E-002
        1588   4.8000000000000001E-002
        1589   4.3200000000000002E-002
        1590   1.1200000000000000E-002
        1591   2.0000000000000000E-002
        1592   3.0400000000000000E-002
        1593   3.8399999999999997E-002
        1594  0.10879999999999999     
        1595   2.3199999999999998E-002
        1596   1.6000000000000000E-002
        1597   4.0800000000000003E-002
        1598   4.0000000000000001E-002
        1599   1.6000000000000000E-002
        1600   3.3599999999999998E-002
        1601   2.5600000000000001E-002
        1602   1.6799999999999999E-002
        1603   1.6799999999999999E-002
        1604   2.2400000000000000E-002
        1605   4.0800000000000003E-002
        1606   8.8000000000000005E-003
        1607   7.4399999999999994E-002
        1608   3.2000000000000001E-002
        1609   1.6000000000000000E-002
        1610   1.9199999999999998E-002
        1611   5.6800000000000003E-002
        1612   6.3200000000000006E-002
        1613   7.1999999999999995E-002
        1614   8.0000000000000004E-004
        1615   9.5999999999999992E-003
        1616   8.0000000000000002E-003
        1617   3.2800000000000003E-002
        1618   1.1200000000000000E-002
        1619   1.4400000000000000E-002
        1620   2.8000000000000001E-002
        1621   3.4400000000000000E-002
        1622   8.0000000000000002E-003
        1623   1.6000000000000001E-003
        1624   5.5999999999999999E-003
        1625   5.9200000000000003E-002
        1626   8.0000000000000002E-003
        1627   5.5999999999999999E-003
        1628   2.2400000000000000E-002
        1629   2.6400000000000000E-002
        1630   1.0400000000000000E-002
        1631   1.2000000000000000E-002
        1632   3.2000000000000002E-003
        1633   2.3999999999999998E-003
        1634   2.0000000000000000E-002
        1635   7.8399999999999997E-002
        1636   5.6000000000000001E-002
        1637   3.6799999999999999E-002
        1638   4.9599999999999998E-002
        1639   4.9599999999999998E-002
        1640   3.2800000000000003E-002
        1641   1.9199999999999998E-002
        1642   8.0000000000000002E-003
        1643   1.2800000000000001E-002
        1644   8.8000000000000005E-003
        1645   1.6799999999999999E-002
        1646   8.0000000000000004E-004
        1647   2.5600000000000001E-002
        1648   4.2400000000000000E-002
        1649   1.2800000000000001E-002
        1650   5.5999999999999999E-003
        1651   2.0799999999999999E-002
        1652   5.5999999999999999E-003
        1653   2.8799999999999999E-002
        1654   1.1200000000000000E-002
        1655   8.0000000000000004E-004
        1656   2.7199999999999998E-002
        1657   5.5999999999999999E-003
        1658   2.0000000000000000E-002
        1659   1.2000000000000000E-002
        1660   6.4799999999999996E-002
        1661   5.2800000000000000E-002
        1662   5.0400000000000000E-002
        1663   2.8000000000000001E-002
        1664   2.5600000000000001E-002
        1665   5.7599999999999998E-002
        1666   7.5999999999999998E-002
        1667   3.9199999999999999E-002
        1668   6.5600000000000006E-002
        1669  0.10400000000000000     
        1670   4.9599999999999998E-002
        1671   8.8000000000000005E-003
        1672   1.1200000000000000E-002
        1673   1.6000000000000001E-003
        1674   8.8000000000000005E-003
        1675   4.0800000000000003E-002
        1676   2.3199999999999998E-002
        1677   8.8000000000000005E-003
        1678   2.6400000000000000E-002
        1679   2.7199999999999998E-002
        1680   3.3599999999999998E-002
        1681   4.0800000000000003E-002
        1682   9.5999999999999992E-003
        1683   1.6799999999999999E-002
        1684   4.3200000000000002E-002
        1685   2.3199999999999998E-002
        1686   6.6400000000000001E-002
        1687   6.4799999999999996E-002
        1688   5.6800000000000003E-002
        1689   8.0000000000000004E-004
        1690   5.5999999999999999E-003
        1691   4.0000000000000001E-003
        1692   5.5999999999999999E-003
        1693   3.5200000000000002E-002
        1694   3.1199999999999999E-002
        1695   1.9199999999999998E-002
        1696   7.4399999999999994E-002
        1697   4.5600000000000002E-002
        1698   3.5200000000000002E-002
        1699   2.8799999999999999E-002
        1700   8.8000000000000005E-003
        1701   1.6799999999999999E-002
        1702   1.6000000000000001E-003
        1703   1.1200000000000000E-002
        1704   2.0799999999999999E-002
        1705   7.1999999999999998E-003
        1706   6.3200000000000006E-002
        1707   3.9199999999999999E-002
        1708   1.5200000000000000E-002
        1709   3.2800000000000003E-002
        1710   5.6000000000000001E-002
        1711   1.6000000000000000E-002
        1712   6.4000000000000003E-003
        1713   1.4400000000000000E-002
        1714   3.3599999999999998E-002
        1715   3.5200000000000002E-002
        1716   4.3999999999999997E-002
        1717   4.0000000000000001E-002
        1718   5.5999999999999999E-003
        1719   2.0799999999999999E-002
        1720   5.5999999999999999E-003
        1721   4.8000000000000001E-002
        1722   3.8399999999999997E-002
        1723   4.3999999999999997E-002
        1724   5.7599999999999998E-002
        1725   5.3600000000000002E-002
        1726   3.2800000000000003E-002
        1727   2.8799999999999999E-002
        1728   3.3599999999999998E-002
        1729   6.4000000000000001E-002
        1730   3.1199999999999999E-002
        1731   5.1200000000000002E-002
        1732   1.8400000000000000E-002
        1733   1.0400000000000000E-002
        1734   1.1200000000000000E-002
        1735   2.8000000000000001E-002
        1736   4.7999999999999996E-003
        1737   1.7600000000000001E-002
        1738   1.7600000000000001E-002
        1739   4.7199999999999999E-002
        1740   1.8400000000000000E-002
        1741   3.5999999999999997E-002
        1742   6.5600000000000006E-002
        1743   8.0000000000000002E-002
        1744   5.4399999999999997E-002
        1745   4.6399999999999997E-002
        1746   1.6000000000000000E-002
        1747   2.4799999999999999E-002
        1748   5.3600000000000002E-002
        1749   3.5200000000000002E-002
        1750   8.0000000000000002E-003
        1751   2.9600000000000001E-002
        1752   1.1200000000000000E-002
        1753   1.7600000000000001E-002
        1754   0.0000000000000000     
        1755   8.8000000000000005E-003
        1756   1.7600000000000001E-002
        1757   1.9199999999999998E-002
        1758   1.1200000000000000E-002
        1759   4.0000000000000001E-003
        1760   1.4400000000000000E-002
        1761   4.3200000000000002E-002
        1762   1.0400000000000000E-002
        1763   2.0000000000000000E-002
        1764   1.6000000000000000E-002
        1765   1.4400000000000000E-002
        1766   2.3999999999999998E-003
        1767   3.5999999999999997E-002
        1768   3.2800000000000003E-002
        1769   5.7599999999999998E-002
        1770   7.1999999999999998E-003
        1771   3.2800000000000003E-002
        1772   4.7999999999999996E-003
        1773   7.5999999999999998E-002
        1774   4.4800000000000000E-002
        1775   3.8399999999999997E-002
        1776   6.4000000000000001E-002
        1777   4.8800000000000003E-002
        1778   5.5199999999999999E-002
        1779   2.9600000000000001E-002
        1780   2.3999999999999998E-003
        1781   1.0400000000000000E-002
        1782   2.8799999999999999E-002
        1783   8.0000000000000002E-003
        1784   3.2000000000000001E-002
        1785   7.1999999999999998E-003
        1786   4.0000000000000001E-003
        1787   3.0400000000000000E-002
        1788   4.7999999999999996E-003
        1789   2.6400000000000000E-002
        1790   4.9599999999999998E-002
        1791   4.0000000000000001E-002
        1792   7.0400000000000004E-002
        1793   8.0799999999999997E-002
        1794  0.10800000000000000     
        1795   8.0000000000000002E-002
        1796   5.9200000000000003E-002
        1797   5.6000000000000001E-002
        1798   5.7599999999999998E-002
        1799   1.6799999999999999E-002
        1800   1.8400000000000000E-002
        1801   3.2000000000000001E-002
        1802   3.9199999999999999E-002
        1803   7.6799999999999993E-002
        1804   6.3200000000000006E-002
        1805   3.4400000000000000E-002
        1806   9.5999999999999992E-003
        1807   9.5999999999999992E-003
        1808   3.0400000000000000E-002
        1809   1.6799999999999999E-002
        1810   8.0000000000000002E-003
        1811   0.0000000000000000     
        1812   3.2000000000000002E-003
        1813   1.4400000000000000E-002
        1814   3.2000000000000002E-003
        1815   1.4400000000000000E-002
        1816   5.5999999999999999E-003
        1817   3.2000000000000002E-003
        1818   2.0000000000000000E-002
        1819   1.6799999999999999E-002
        1820   6.8000000000000005E-002
        1821   4.8000000000000001E-002
        1822   4.7999999999999996E-003
        1823   8.8000000000000005E-003
        1824   3.4400000000000000E-002
        1825   3.3599999999999998E-002
        1826   1.6799999999999999E-002
        1827   8.0000000000000004E-004
        1828   7.1999999999999998E-003
        1829   4.3999999999999997E-002
        1830   2.9600000000000001E-002
        1831   3.3599999999999998E-002
        1832   3.5200000000000002E-002
        1833   1.4400000000000000E-002
        1834   4.7999999999999996E-003
        1835   1.7600000000000001E-002
        1836   6.4000000000000003E-003
        1837   4.5600000000000002E-002
        1838  0.10000000000000001     
        1839   7.2800000000000004E-002
        1840   8.6400000000000005E-002
        1841   3.2800000000000003E-002
        1842   4.0800000000000003E-002
        1843   4.5600000000000002E-002
        1844   3.7600000000000001E-002
        1845   9.5999999999999992E-003
        1846   1.2800000000000001E-002
        1847   1.9199999999999998E-002
        1848   2.9600000000000001E-002
        1849   2.8000000000000001E-002
        1850   8.8000000000000005E-003
        1851   1.4400000000000000E-002
        1852   2.9600000000000001E-002
        1853   3.8399999999999997E-002
        1854   2.9600000000000001E-002
        1855   1.0400000000000000E-002
        1856   3.6799999999999999E-002
        1857   2.8000000000000001E-002
        1858   3.1199999999999999E-002
        1859   1.8400000000000000E-002
        1860   1.4400000000000000E-002
        1861   2.1600000000000001E-002
        1862   3.2000000000000002E-003
        1863   1.5200000000000000E-002
        1864   2.7199999999999998E-002
        1865   6.4000000000000003E-003
        1866   5.1200000000000002E-002
        1867   8.0799999999999997E-002
        1868   4.6399999999999997E-002
        1869   1.4400000000000000E-002
        1870   2.0000000000000000E-002
        1871   2.3999999999999998E-003
        1872   2.7199999999999998E-002
        1873   8.0000000000000002E-003
        1874   4.7999999999999996E-003
        1875   2.7199999999999998E-002
        1876   1.6000000000000001E-003
        1877   8.0000000000000004E-004
        1878   1.1200000000000000E-002
        1879   8.0000000000000002E-003
        1880   4.5600000000000002E-002
        1881   1.3599999999999999E-002
        1882   2.3999999999999998E-003
        1883   2.0000000000000000E-002
        1884   2.2400000000000000E-002
        1885   2.3999999999999998E-003
        1886   2.0000000000000000E-002
        1887   2.7199999999999998E-002
        1888   2.9600000000000001E-002
        1889   3.2000000000000001E-002
        1890   2.4799999999999999E-002
        1891   8.0000000000000004E-004
        1892   5.5999999999999999E-003
        1893   2.3999999999999998E-003
        1894   2.4000000000000000E-002
        1895   1.6799999999999999E-002
        1896   1.5200000000000000E-002
        1897   2.3999999999999998E-003
        1898   3.6799999999999999E-002
        1899   4.7999999999999996E-003
        1900   6.4000000000000003E-003
        1901   8.0000000000000002E-003
        1902   2.7199999999999998E-002
        1903   3.2800000000000003E-002
        1904   4.4800000000000000E-002
        1905   4.3999999999999997E-002
        1906   4.3999999999999997E-002
        1907   4.7199999999999999E-002
        1908   2.8799999999999999E-002
        1909   5.5999999999999999E-003
        1910   1.6000000000000001E-003
        1911   3.4400000000000000E-002
        1912   2.4799999999999999E-002
        1913   1.3599999999999999E-002
        1914   4.0000000000000001E-003
        1915   3.0400000000000000E-002
        1916   4.0000000000000001E-003
        1917   1.1200000000000000E-002
        1918   8.8000000000000005E-003
        1919   2.6400000000000000E-002
        1920   4.8000000000000001E-002
        1921   7.2800000000000004E-002
        1922   6.8000000000000005E-002
        1923   4.6399999999999997E-002
        1924   8.0000000000000002E-003
        1925   1.8400000000000000E-002
        1926   6.4000000000000003E-003
        1927   4.2400000000000000E-002
        1928   2.7199999999999998E-002
        1929   2.0799999999999999E-002
        1930   1.8400000000000000E-002
        1931   1.6000000000000000E-002
        1932   9.5999999999999992E-003
        1933   4.0000000000000001E-002
        1934   2.7199999999999998E-002
        1935   4.3200000000000002E-002
        1936   6.4799999999999996E-002
        1937   8.8800000000000004E-002
        1938   5.4399999999999997E-002
        1939   2.2400000000000000E-002
        1940   7.1999999999999998E-003
        1941   2.4000000000000000E-002
        1942   1.5200000000000000E-002
        1943   3.2000000000000002E-003
        1944   2.4000000000000000E-002
        1945   1.2000000000000000E-002
        1946   1.0400000000000000E-002
        1947   0.0000000000000000     
        1948   9.5999999999999992E-003
        1949   3.2000000000000001E-002
        1950   4.9599999999999998E-002
        1951   3.2000000000000001E-002
        1952   5.0400000000000000E-002
        1953   4.8800000000000003E-002
        1954  0.10000000000000001     
        1955   9.1999999999999998E-002
        1956   4.0800000000000003E-002
        1957   8.8000000000000005E-003
        1958   1.3599999999999999E-002
        1959   2.9600000000000001E-002
        1960   2.8000000000000001E-002
        1961   8.0000000000000004E-004
        1962   8.0000000000000004E-004
        1963   4.5600000000000002E-002
        1964   1.6799999999999999E-002
        1965   1.5200000000000000E-002
        1966   2.0000000000000000E-002
        1967   2.5600000000000001E-002
        1968   2.3199999999999998E-002
        1969   8.8000000000000005E-003
        1970   8.0000000000000002E-003
        1971   3.5200000000000002E-002
        1972   2.4799999999999999E-002
        1973   2.5600000000000001E-002
        1974   1.7600000000000001E-002
        1975   7.1999999999999998E-003
        1976   1.6799999999999999E-002
        1977   8.0000000000000004E-004
        1978   2.3999999999999998E-003
        1979   4.0000000000000001E-002
        1980   3.9199999999999999E-002
        1981   1.6000000000000001E-003
        1982   1.6000000000000001E-003
        1983   4.0000000000000001E-003
        1984   2.6400000000000000E-002
        1985   4.7199999999999999E-002
        1986   2.8799999999999999E-002
        1987   3.2000000000000002E-003
        1988   5.5999999999999999E-003
        1989   4.0000000000000001E-002
        1990   3.7600000000000001E-002
        1991   3.8399999999999997E-002
        1992   5.5199999999999999E-002
        1993   1.4400000000000000E-002
        1994   2.5600000000000001E-002
        1995   1.1200000000000000E-002
        1996   4.7999999999999996E-003
        1997   1.6000000000000000E-002
        1998   3.2800000000000003E-002
        1999   5.5999999999999999E-003
        2000   1.0400000000000000E-002
