           1   3.2000000000000002E-003
           2   2.8000000000000001E-002
           3   8.8000000000000005E-003
           4   4.0000000000000001E-003
           5   5.5199999999999999E-002
           6   6.9599999999999995E-002
           7   4.1599999999999998E-002
           8   6.4000000000000001E-002
           9   3.6799999999999999E-002
          10   5.1200000000000002E-002
          11   5.3600000000000002E-002
          12   5.9999999999999998E-002
          13   2.4000000000000000E-002
          14   6.2399999999999997E-002
          15  0.10720000000000000     
          16   9.1200000000000003E-002
          17   6.4000000000000001E-002
          18   4.3200000000000002E-002
          19   6.7199999999999996E-002
          20  0.10080000000000000     
          21   9.6000000000000002E-002
          22   4.2400000000000000E-002
          23   1.1200000000000000E-002
          24   8.0000000000000004E-004
          25   2.0000000000000000E-002
          26   1.5200000000000000E-002
          27   2.4799999999999999E-002
          28   1.2000000000000000E-002
          29   6.4799999999999996E-002
          30   6.4000000000000001E-002
          31  0.10400000000000000     
          32   5.8400000000000001E-002
          33   1.8400000000000000E-002
          34   1.3599999999999999E-002
          35   2.4000000000000000E-002
          36   1.8400000000000000E-002
          37   3.8399999999999997E-002
          38   1.6000000000000000E-002
          39   1.0400000000000000E-002
          40   4.6399999999999997E-002
          41   5.6000000000000001E-002
          42   5.1999999999999998E-002
          43   2.3999999999999998E-003
          44   4.1599999999999998E-002
          45   2.5600000000000001E-002
          46   3.3599999999999998E-002
          47   5.9999999999999998E-002
          48   2.5600000000000001E-002
          49   2.8799999999999999E-002
          50   3.2000000000000001E-002
          51   2.8799999999999999E-002
          52   4.0000000000000001E-002
          53   1.6799999999999999E-002
          54   1.4400000000000000E-002
          55   4.0000000000000001E-002
          56   5.9200000000000003E-002
          57   3.1199999999999999E-002
          58   4.0000000000000001E-002
          59   4.4800000000000000E-002
          60   2.0000000000000000E-002
          61   3.0400000000000000E-002
          62   6.1600000000000002E-002
          63   9.1999999999999998E-002
          64   5.8400000000000001E-002
          65   5.9200000000000003E-002
          66   3.6799999999999999E-002
          67   1.2000000000000000E-002
          68   2.4799999999999999E-002
          69   1.2000000000000000E-002
          70   7.1999999999999998E-003
          71   3.5200000000000002E-002
          72   3.9199999999999999E-002
          73   1.4400000000000000E-002
          74   4.7999999999999996E-003
          75   7.1999999999999995E-002
          76   6.6400000000000001E-002
          77   4.8000000000000001E-002
          78   5.7599999999999998E-002
          79   6.4000000000000001E-002
          80   2.4799999999999999E-002
          81   9.5999999999999992E-003
          82   2.4799999999999999E-002
          83   2.3999999999999998E-003
          84   8.0000000000000004E-004
          85   6.8000000000000005E-002
          86   7.6799999999999993E-002
          87   5.0400000000000000E-002
          88   7.2800000000000004E-002
          89   5.6000000000000001E-002
          90   1.9199999999999998E-002
          91   3.1199999999999999E-002
          92   1.9199999999999998E-002
          93   3.7600000000000001E-002
          94   5.8400000000000001E-002
          95   5.7599999999999998E-002
          96   3.1199999999999999E-002
          97   5.5999999999999999E-003
          98   1.6000000000000001E-003
          99   3.8399999999999997E-002
         100   6.4000000000000003E-003
         101   3.2000000000000002E-003
         102   4.6399999999999997E-002
         103   5.9999999999999998E-002
         104   1.5200000000000000E-002
         105   1.0400000000000000E-002
         106   1.4400000000000000E-002
         107   8.0000000000000004E-004
         108   2.3999999999999998E-003
         109   8.0000000000000004E-004
         110   1.9199999999999998E-002
         111   3.3599999999999998E-002
         112   7.1999999999999998E-003
         113   8.0000000000000004E-004
         114   1.9199999999999998E-002
         115   1.9199999999999998E-002
         116   3.0400000000000000E-002
         117   3.7600000000000001E-002
         118   3.8399999999999997E-002
         119   2.0000000000000000E-002
         120   1.6000000000000001E-003
         121   5.1200000000000002E-002
         122   4.1599999999999998E-002
         123   5.9200000000000003E-002
         124   3.7600000000000001E-002
         125   4.0000000000000001E-003
         126   1.8400000000000000E-002
         127   9.6000000000000002E-002
         128   8.4800000000000000E-002
         129   4.1599999999999998E-002
         130   1.6000000000000000E-002
         131   2.1600000000000001E-002
         132   2.0000000000000000E-002
         133   3.2000000000000002E-003
         134   2.6400000000000000E-002
         135   4.8800000000000003E-002
         136   4.0000000000000001E-003
         137   3.3599999999999998E-002
         138   2.2400000000000000E-002
         139   2.8000000000000001E-002
         140   2.0000000000000000E-002
         141   5.4399999999999997E-002
         142   7.1199999999999999E-002
         143   4.3999999999999997E-002
         144   6.4799999999999996E-002
         145   5.6000000000000001E-002
         146   2.1600000000000001E-002
         147   3.8399999999999997E-002
         148   2.3199999999999998E-002
         149   3.5999999999999997E-002
         150   1.4400000000000000E-002
         151   1.6000000000000001E-003
         152   5.5999999999999999E-003
         153   7.1999999999999998E-003
         154   3.7600000000000001E-002
         155   1.6799999999999999E-002
         156   2.9600000000000001E-002
         157   6.4000000000000003E-003
         158   8.8000000000000005E-003
         159   3.2800000000000003E-002
         160   1.6000000000000000E-002
         161   3.5999999999999997E-002
         162   1.0400000000000000E-002
         163   1.7600000000000001E-002
         164   6.4000000000000003E-003
         165   8.8000000000000005E-003
         166   3.2000000000000002E-003
         167   3.2800000000000003E-002
         168   2.1600000000000001E-002
         169   3.6799999999999999E-002
         170   2.2400000000000000E-002
         171   6.4000000000000003E-003
         172   9.5999999999999992E-003
         173   1.6000000000000000E-002
         174   2.2400000000000000E-002
         175   1.6000000000000001E-003
         176   3.2000000000000001E-002
         177   2.0799999999999999E-002
         178   1.7600000000000001E-002
         179   1.6000000000000000E-002
         180   1.9199999999999998E-002
         181   2.4000000000000000E-002
         182   4.8000000000000001E-002
         183   5.2800000000000000E-002
         184   6.4000000000000001E-002
         185   3.6799999999999999E-002
         186   2.0000000000000000E-002
         187   3.3599999999999998E-002
         188   5.6800000000000003E-002
         189   4.2400000000000000E-002
         190   4.0000000000000001E-002
         191   3.3599999999999998E-002
         192   7.0400000000000004E-002
         193   5.8400000000000001E-002
         194   3.2000000000000001E-002
         195   5.5199999999999999E-002
         196   5.9200000000000003E-002
         197   6.6400000000000001E-002
         198   4.4800000000000000E-002
         199   6.4799999999999996E-002
         200   5.8400000000000001E-002
         201   4.9599999999999998E-002
         202   8.3199999999999996E-002
         203   5.4399999999999997E-002
         204   5.6800000000000003E-002
         205   3.7600000000000001E-002
         206   2.5600000000000001E-002
         207   9.5999999999999992E-003
         208   0.0000000000000000     
         209   3.2000000000000001E-002
         210   3.3599999999999998E-002
         211   2.6400000000000000E-002
         212   3.1199999999999999E-002
         213   2.8000000000000001E-002
         214   1.9199999999999998E-002
         215   1.3599999999999999E-002
         216   1.4400000000000000E-002
         217   3.8399999999999997E-002
         218   5.3600000000000002E-002
         219   6.3200000000000006E-002
         220   2.3199999999999998E-002
         221   1.1200000000000000E-002
         222   6.4000000000000003E-003
         223   2.6400000000000000E-002
         224   4.8000000000000001E-002
         225   6.4799999999999996E-002
         226   6.2399999999999997E-002
         227   6.3200000000000006E-002
         228   8.1600000000000006E-002
         229   6.0800000000000000E-002
         230   1.3599999999999999E-002
         231   0.0000000000000000     
         232   1.6799999999999999E-002
         233   3.1199999999999999E-002
         234   3.4400000000000000E-002
         235   1.0400000000000000E-002
         236   8.0000000000000002E-003
         237   3.2000000000000002E-003
         238   1.6000000000000001E-003
         239   1.2800000000000001E-002
         240   4.2400000000000000E-002
         241   2.7199999999999998E-002
         242   1.6000000000000000E-002
         243   7.3599999999999999E-002
         244   5.9999999999999998E-002
         245   3.6799999999999999E-002
         246   5.4399999999999997E-002
         247   1.8400000000000000E-002
         248   3.2000000000000001E-002
         249   3.5999999999999997E-002
         250   4.8800000000000003E-002
         251   5.6000000000000001E-002
         252   1.6799999999999999E-002
         253   1.2800000000000001E-002
         254   3.5999999999999997E-002
         255   1.0400000000000000E-002
         256   1.6000000000000001E-003
         257   2.8000000000000001E-002
         258   4.0000000000000001E-003
         259   1.7600000000000001E-002
         260   5.0400000000000000E-002
         261   9.5999999999999992E-003
         262   2.3199999999999998E-002
         263   6.7199999999999996E-002
         264   3.1199999999999999E-002
         265   0.0000000000000000     
         266   1.9199999999999998E-002
         267   3.3599999999999998E-002
         268   8.0000000000000002E-003
         269   1.2000000000000000E-002
         270   2.9600000000000001E-002
         271   3.2000000000000002E-003
         272   6.4000000000000003E-003
         273   4.0000000000000001E-002
         274   2.8799999999999999E-002
         275   5.3600000000000002E-002
         276   9.5999999999999992E-003
         277   4.4800000000000000E-002
         278   5.8400000000000001E-002
         279   7.9200000000000007E-002
         280   6.4799999999999996E-002
         281   8.5599999999999996E-002
         282   5.9999999999999998E-002
         283   6.8000000000000005E-002
         284   4.8800000000000003E-002
         285   3.2800000000000003E-002
         286   2.0799999999999999E-002
         287   1.2000000000000000E-002
         288   5.6000000000000001E-002
         289   4.3999999999999997E-002
         290   2.3199999999999998E-002
         291   2.1600000000000001E-002
         292   4.0000000000000001E-002
         293   2.1600000000000001E-002
         294   1.6000000000000001E-003
         295   2.1600000000000001E-002
         296   1.6799999999999999E-002
         297   4.0000000000000001E-003
         298   1.6000000000000001E-003
         299   2.8000000000000001E-002
         300   4.7999999999999996E-003
         301   1.1200000000000000E-002
         302   1.3599999999999999E-002
         303   5.9200000000000003E-002
         304   5.6000000000000001E-002
         305   3.0400000000000000E-002
         306   1.3599999999999999E-002
         307   3.6799999999999999E-002
         308   3.2000000000000002E-003
         309   1.2000000000000000E-002
         310   1.1200000000000000E-002
         311   1.4400000000000000E-002
         312   2.3199999999999998E-002
         313   4.7199999999999999E-002
         314   3.5999999999999997E-002
         315   5.0400000000000000E-002
         316   4.7999999999999996E-003
         317   8.0000000000000002E-003
         318   3.7600000000000001E-002
         319   3.1199999999999999E-002
         320   1.2800000000000001E-002
         321   4.0000000000000001E-003
         322   3.1199999999999999E-002
         323   3.8399999999999997E-002
         324   3.2800000000000003E-002
         325   3.7600000000000001E-002
         326   2.1600000000000001E-002
         327   1.0400000000000000E-002
         328   9.5999999999999992E-003
         329   2.5600000000000001E-002
         330   4.3999999999999997E-002
         331   1.3599999999999999E-002
         332   1.1200000000000000E-002
         333   1.9199999999999998E-002
         334   8.8000000000000005E-003
         335   2.3999999999999998E-003
         336   9.5999999999999992E-003
         337   3.7600000000000001E-002
         338   5.8400000000000001E-002
         339   1.8400000000000000E-002
         340   1.5200000000000000E-002
         341   2.0000000000000000E-002
         342   1.2000000000000000E-002
         343   2.0799999999999999E-002
         344   3.4400000000000000E-002
         345   3.4400000000000000E-002
         346   2.9600000000000001E-002
         347   1.9199999999999998E-002
         348   2.6400000000000000E-002
         349   1.4400000000000000E-002
         350   7.8399999999999997E-002
         351   4.5600000000000002E-002
         352   1.0400000000000000E-002
         353   6.1600000000000002E-002
         354   3.5999999999999997E-002
         355   5.2800000000000000E-002
         356   5.2800000000000000E-002
         357   2.3999999999999998E-003
         358   5.5199999999999999E-002
         359   8.1600000000000006E-002
         360   4.0800000000000003E-002
         361   1.6000000000000001E-003
         362   2.2400000000000000E-002
         363   2.2400000000000000E-002
         364   8.0000000000000004E-004
         365   6.4000000000000003E-003
         366   7.9200000000000007E-002
         367   8.8800000000000004E-002
         368   8.8800000000000004E-002
         369   7.4399999999999994E-002
         370   7.0400000000000004E-002
         371   6.2399999999999997E-002
         372   6.8800000000000000E-002
         373   7.5200000000000003E-002
         374   6.1600000000000002E-002
         375   1.3599999999999999E-002
         376   1.5200000000000000E-002
         377   1.9199999999999998E-002
         378   9.5999999999999992E-003
         379   6.2399999999999997E-002
         380   5.5199999999999999E-002
         381   6.3200000000000006E-002
         382   1.6799999999999999E-002
         383   0.0000000000000000     
         384   1.5200000000000000E-002
         385   2.4000000000000000E-002
         386   5.5199999999999999E-002
         387   2.0799999999999999E-002
         388   3.3599999999999998E-002
         389   4.0800000000000003E-002
         390   1.7600000000000001E-002
         391   2.4799999999999999E-002
         392   2.5600000000000001E-002
         393   2.3199999999999998E-002
         394   8.8000000000000005E-003
         395   1.9199999999999998E-002
         396   2.5600000000000001E-002
         397   3.3599999999999998E-002
         398   8.0000000000000004E-004
         399   3.5999999999999997E-002
         400   1.3599999999999999E-002
         401   5.0400000000000000E-002
         402   6.4000000000000003E-003
         403   8.4000000000000005E-002
         404   7.6799999999999993E-002
         405   4.3200000000000002E-002
         406   2.3999999999999998E-003
         407   4.2400000000000000E-002
         408   8.8000000000000005E-003
         409   5.4399999999999997E-002
         410   4.5600000000000002E-002
         411   3.0400000000000000E-002
         412   4.8800000000000003E-002
         413   3.5200000000000002E-002
         414   2.0799999999999999E-002
         415   3.0400000000000000E-002
         416   4.6399999999999997E-002
         417   2.8000000000000001E-002
         418   4.3200000000000002E-002
         419   2.1600000000000001E-002
         420   3.2000000000000002E-003
         421   3.3599999999999998E-002
         422   1.2000000000000000E-002
         423   2.2400000000000000E-002
         424   3.3599999999999998E-002
         425   6.4000000000000001E-002
         426   4.5600000000000002E-002
         427   5.4399999999999997E-002
         428   4.0000000000000001E-002
         429   6.4000000000000003E-003
         430   1.8400000000000000E-002
         431   2.0799999999999999E-002
         432   6.0800000000000000E-002
         433   2.8799999999999999E-002
         434   1.6799999999999999E-002
         435   4.0000000000000001E-003
         436   4.4800000000000000E-002
         437   2.4000000000000000E-002
         438   2.7199999999999998E-002
         439   3.2000000000000002E-003
         440   6.4000000000000003E-003
         441   1.8400000000000000E-002
         442   9.5999999999999992E-003
         443   8.8000000000000005E-003
         444   1.6000000000000000E-002
         445   5.0400000000000000E-002
         446   2.3199999999999998E-002
         447   1.6799999999999999E-002
         448   2.3999999999999998E-003
         449   2.3999999999999998E-003
         450   9.5999999999999992E-003
         451   4.6399999999999997E-002
         452   8.8000000000000005E-003
         453   1.6799999999999999E-002
         454   1.6000000000000000E-002
         455   1.6000000000000001E-003
         456   1.3599999999999999E-002
         457   2.7199999999999998E-002
         458   2.3199999999999998E-002
         459   1.7600000000000001E-002
         460   2.1600000000000001E-002
         461   3.5200000000000002E-002
         462   2.1600000000000001E-002
         463   7.1999999999999995E-002
         464   8.6400000000000005E-002
         465   2.1600000000000001E-002
         466   1.6000000000000001E-003
         467   2.3999999999999998E-003
         468   3.2800000000000003E-002
         469   1.6000000000000001E-003
         470   4.7999999999999996E-003
         471   4.5600000000000002E-002
         472   5.1999999999999998E-002
         473   7.9200000000000007E-002
         474   4.1599999999999998E-002
         475   1.0400000000000000E-002
         476   4.8800000000000003E-002
         477   7.8399999999999997E-002
         478   4.5600000000000002E-002
         479   5.0400000000000000E-002
         480   1.3599999999999999E-002
         481   1.5200000000000000E-002
         482   0.0000000000000000     
         483   2.4799999999999999E-002
         484   3.4400000000000000E-002
         485   7.5999999999999998E-002
         486   5.1999999999999998E-002
         487   3.6799999999999999E-002
         488   3.5200000000000002E-002
         489   7.7600000000000002E-002
         490   2.2400000000000000E-002
         491   2.6400000000000000E-002
         492   4.7999999999999996E-003
         493   1.2000000000000000E-002
         494   8.0000000000000004E-004
         495   2.5600000000000001E-002
         496   3.1199999999999999E-002
         497   2.0799999999999999E-002
         498   2.2400000000000000E-002
         499   5.5999999999999999E-003
         500   1.5200000000000000E-002
         501   7.1999999999999998E-003
         502   5.5999999999999999E-003
         503   2.4000000000000000E-002
         504   1.0400000000000000E-002
         505   6.4000000000000003E-003
         506   7.1999999999999998E-003
         507   0.0000000000000000     
         508   4.7999999999999996E-003
         509   1.6799999999999999E-002
         510   8.2400000000000001E-002
         511   8.6400000000000005E-002
         512   6.2399999999999997E-002
         513   3.5999999999999997E-002
         514   9.5999999999999992E-003
         515   4.8800000000000003E-002
         516   3.6799999999999999E-002
         517   1.6000000000000001E-003
         518   2.0000000000000000E-002
         519   1.0400000000000000E-002
         520   6.5600000000000006E-002
         521   1.1200000000000000E-002
         522   8.0000000000000004E-004
         523   2.6400000000000000E-002
         524   1.4400000000000000E-002
         525   1.8400000000000000E-002
         526   9.5999999999999992E-003
         527   0.0000000000000000     
         528   6.4000000000000003E-003
         529   3.0400000000000000E-002
         530   8.0000000000000004E-004
         531   7.1999999999999998E-003
         532   8.0000000000000002E-003
         533   2.7199999999999998E-002
         534   2.3999999999999998E-003
         535   3.5200000000000002E-002
         536   9.5999999999999992E-003
         537   3.0400000000000000E-002
         538   1.8400000000000000E-002
         539   3.2000000000000002E-003
         540   1.2800000000000001E-002
         541   1.6000000000000001E-003
         542   1.5200000000000000E-002
         543   1.6000000000000001E-003
         544   4.4800000000000000E-002
         545   6.6400000000000001E-002
         546   6.4000000000000001E-002
         547   2.8799999999999999E-002
         548   1.4400000000000000E-002
         549   5.8400000000000001E-002
         550   5.2800000000000000E-002
         551   2.2400000000000000E-002
         552   5.9999999999999998E-002
         553   4.8000000000000001E-002
         554   2.8799999999999999E-002
         555   7.1999999999999998E-003
         556   2.8000000000000001E-002
         557   3.2800000000000003E-002
         558   5.7599999999999998E-002
         559   1.5200000000000000E-002
         560   2.3999999999999998E-003
         561   4.1599999999999998E-002
         562   1.6799999999999999E-002
         563   1.3599999999999999E-002
         564   1.9199999999999998E-002
         565   4.6399999999999997E-002
         566   5.9999999999999998E-002
         567   4.0000000000000001E-002
         568   1.4400000000000000E-002
         569   1.2800000000000001E-002
         570   2.6400000000000000E-002
         571   2.1600000000000001E-002
         572   5.0400000000000000E-002
         573   4.6399999999999997E-002
         574   4.5600000000000002E-002
         575   6.2399999999999997E-002
         576   7.0400000000000004E-002
         577   5.6000000000000001E-002
         578   4.0800000000000003E-002
         579   2.3199999999999998E-002
         580   5.5999999999999999E-003
         581   4.0000000000000001E-003
         582   1.8400000000000000E-002
         583   5.5999999999999999E-003
         584   3.2000000000000002E-003
         585   2.0000000000000000E-002
         586   2.4000000000000000E-002
         587   6.3200000000000006E-002
         588   6.6400000000000001E-002
         589   4.0800000000000003E-002
         590   2.3999999999999998E-003
         591   8.0000000000000004E-004
         592   8.0000000000000004E-004
         593   5.4399999999999997E-002
         594   3.5999999999999997E-002
         595   1.5200000000000000E-002
         596   1.1200000000000000E-002
         597   3.1199999999999999E-002
         598   3.3599999999999998E-002
         599   5.2800000000000000E-002
         600   5.3600000000000002E-002
         601   1.6799999999999999E-002
         602   4.8000000000000001E-002
         603   6.0800000000000000E-002
         604   9.1999999999999998E-002
         605   4.3200000000000002E-002
         606   2.7199999999999998E-002
         607   8.9599999999999999E-002
         608   5.5199999999999999E-002
         609   8.8000000000000005E-003
         610   5.0400000000000000E-002
         611   1.3599999999999999E-002
         612   1.2000000000000000E-002
         613   1.6000000000000000E-002
         614   8.0000000000000002E-003
         615   5.4399999999999997E-002
         616   5.2800000000000000E-002
         617   2.8799999999999999E-002
         618   1.2800000000000001E-002
         619   8.0000000000000002E-003
         620   1.1200000000000000E-002
         621   1.5200000000000000E-002
         622   0.0000000000000000     
         623   2.6400000000000000E-002
         624   8.0000000000000004E-004
         625   2.9600000000000001E-002
         626   1.0400000000000000E-002
         627   1.7600000000000001E-002
         628   2.4799999999999999E-002
         629   4.0800000000000003E-002
         630   1.7600000000000001E-002
         631   4.3999999999999997E-002
         632   5.1999999999999998E-002
         633   3.6799999999999999E-002
         634   1.9199999999999998E-002
         635   1.1200000000000000E-002
         636   5.9999999999999998E-002
         637   8.4800000000000000E-002
         638  0.11680000000000000     
         639   7.9200000000000007E-002
         640   8.4000000000000005E-002
         641   6.1600000000000002E-002
         642   5.1200000000000002E-002
         643   1.6000000000000000E-002
         644   1.2800000000000001E-002
         645   5.4399999999999997E-002
         646   4.1599999999999998E-002
         647   4.0800000000000003E-002
         648   9.6799999999999997E-002
         649   6.3200000000000006E-002
         650   5.7599999999999998E-002
         651   3.9199999999999999E-002
         652   8.0000000000000002E-003
         653   8.0000000000000004E-004
         654   4.1599999999999998E-002
         655   3.1199999999999999E-002
         656   9.1200000000000003E-002
         657   3.5999999999999997E-002
         658   2.4000000000000000E-002
         659   6.2399999999999997E-002
         660   5.1200000000000002E-002
         661   5.2800000000000000E-002
         662   1.0400000000000000E-002
         663   3.4400000000000000E-002
         664   9.5999999999999992E-003
         665   1.7600000000000001E-002
         666   1.6000000000000000E-002
         667   7.1999999999999998E-003
         668   2.3999999999999998E-003
         669   2.8000000000000001E-002
         670   6.4000000000000003E-003
         671   8.8000000000000005E-003
         672   1.6000000000000000E-002
         673   1.6799999999999999E-002
         674   7.1999999999999998E-003
         675   2.2400000000000000E-002
         676   6.6400000000000001E-002
         677   9.0399999999999994E-002
         678  0.10800000000000000     
         679   7.2800000000000004E-002
         680   6.2399999999999997E-002
         681   5.3600000000000002E-002
         682   1.6799999999999999E-002
         683   6.4000000000000003E-003
         684   2.0000000000000000E-002
         685   8.7200000000000000E-002
         686   1.5200000000000000E-002
         687   1.2000000000000000E-002
         688   1.5200000000000000E-002
         689   4.3200000000000002E-002
         690   1.2800000000000001E-002
         691   8.0000000000000004E-004
         692   5.1200000000000002E-002
         693   4.0000000000000001E-002
         694   4.5600000000000002E-002
         695   4.0800000000000003E-002
         696   3.6799999999999999E-002
         697   2.4000000000000000E-002
         698   5.1999999999999998E-002
         699   1.7600000000000001E-002
         700   1.4400000000000000E-002
         701   4.1599999999999998E-002
         702   8.8000000000000005E-003
         703   2.3199999999999998E-002
         704   2.7199999999999998E-002
         705   2.5600000000000001E-002
         706   6.4000000000000003E-003
         707   3.1199999999999999E-002
         708   1.1200000000000000E-002
         709   2.3199999999999998E-002
         710   3.5999999999999997E-002
         711   2.3999999999999998E-003
         712   3.7600000000000001E-002
         713   4.1599999999999998E-002
         714   2.5600000000000001E-002
         715   1.4400000000000000E-002
         716   8.0000000000000004E-004
         717   6.4000000000000003E-003
         718   9.5999999999999992E-003
         719   3.9199999999999999E-002
         720   4.0000000000000001E-002
         721   1.6799999999999999E-002
         722   5.5999999999999999E-003
         723   1.7600000000000001E-002
         724   5.5199999999999999E-002
         725   5.2800000000000000E-002
         726   9.6000000000000002E-002
         727   7.2800000000000004E-002
         728   9.4399999999999998E-002
         729   4.8800000000000003E-002
         730   4.0800000000000003E-002
         731   4.0800000000000003E-002
         732   7.1999999999999998E-003
         733   1.2800000000000001E-002
         734   2.4000000000000000E-002
         735   4.4800000000000000E-002
         736   1.1200000000000000E-002
         737   1.6000000000000001E-003
         738   8.8000000000000005E-003
         739   5.6000000000000001E-002
         740   5.6800000000000003E-002
         741   2.5600000000000001E-002
         742   2.7199999999999998E-002
         743   5.4399999999999997E-002
         744   5.2800000000000000E-002
         745   3.5200000000000002E-002
         746   3.5999999999999997E-002
         747   2.4000000000000000E-002
         748   3.8399999999999997E-002
         749   2.9600000000000001E-002
         750   1.5200000000000000E-002
         751   4.0000000000000001E-003
         752   1.9199999999999998E-002
         753   1.9199999999999998E-002
         754   0.0000000000000000     
         755   2.1600000000000001E-002
         756   3.0400000000000000E-002
         757   1.0400000000000000E-002
         758   1.7600000000000001E-002
         759   7.1999999999999998E-003
         760   5.9200000000000003E-002
         761   7.2800000000000004E-002
         762   3.5200000000000002E-002
         763   3.6799999999999999E-002
         764   4.8000000000000001E-002
         765   4.1599999999999998E-002
         766   1.8400000000000000E-002
         767   1.6000000000000000E-002
         768   4.0000000000000001E-003
         769   4.7999999999999996E-003
         770   1.2000000000000000E-002
         771   1.9199999999999998E-002
         772   5.3600000000000002E-002
         773   7.2800000000000004E-002
         774   6.4000000000000001E-002
         775   4.1599999999999998E-002
         776   4.6399999999999997E-002
         777   5.8400000000000001E-002
         778   8.6400000000000005E-002
         779   5.7599999999999998E-002
         780   3.7600000000000001E-002
         781   5.6800000000000003E-002
         782   7.9200000000000007E-002
         783   4.7199999999999999E-002
         784   1.1200000000000000E-002
         785   0.0000000000000000     
         786   9.5999999999999992E-003
         787   3.2000000000000002E-003
         788   4.7999999999999996E-003
         789   4.3200000000000002E-002
         790   1.7600000000000001E-002
         791   5.5999999999999999E-003
         792   3.2800000000000003E-002
         793   2.6400000000000000E-002
         794   6.8000000000000005E-002
         795   4.3200000000000002E-002
         796   3.5200000000000002E-002
         797   3.2800000000000003E-002
         798   6.4799999999999996E-002
         799   6.6400000000000001E-002
         800   6.2399999999999997E-002
         801   5.4399999999999997E-002
         802   4.8800000000000003E-002
         803   4.1599999999999998E-002
         804   4.3999999999999997E-002
         805   2.2400000000000000E-002
         806   6.5600000000000006E-002
         807   6.4000000000000003E-003
         808   1.6000000000000001E-003
         809   2.3199999999999998E-002
         810   4.4800000000000000E-002
         811   1.8400000000000000E-002
         812   1.0400000000000000E-002
         813   3.2000000000000002E-003
         814   3.5999999999999997E-002
         815   2.4799999999999999E-002
         816   3.9199999999999999E-002
         817   3.5999999999999997E-002
         818   2.4000000000000000E-002
         819   3.4400000000000000E-002
         820   3.0400000000000000E-002
         821   3.1199999999999999E-002
         822   4.4800000000000000E-002
         823   1.4400000000000000E-002
         824   8.0000000000000004E-004
         825   1.8400000000000000E-002
         826   1.5200000000000000E-002
         827   2.3199999999999998E-002
         828   1.2000000000000000E-002
         829   1.6000000000000000E-002
         830   3.2000000000000001E-002
         831   8.8800000000000004E-002
         832   4.5600000000000002E-002
         833   5.2800000000000000E-002
         834   2.0000000000000000E-002
         835   0.0000000000000000     
         836   0.0000000000000000     
         837   2.2400000000000000E-002
         838   2.4000000000000000E-002
         839   3.2000000000000002E-003
         840   4.3200000000000002E-002
         841   2.5600000000000001E-002
         842   6.8000000000000005E-002
         843   4.7999999999999996E-003
         844   6.4000000000000003E-003
         845   1.1200000000000000E-002
         846   5.5999999999999999E-003
         847   8.0000000000000002E-003
         848   2.0799999999999999E-002
         849   1.6000000000000000E-002
         850   2.8000000000000001E-002
         851   4.7999999999999996E-003
         852   4.0000000000000001E-003
         853   1.8400000000000000E-002
         854   3.2000000000000002E-003
         855   2.4000000000000000E-002
         856   1.2000000000000000E-002
         857   8.0000000000000004E-004
         858   4.1599999999999998E-002
         859   3.0400000000000000E-002
         860   3.7600000000000001E-002
         861   2.9600000000000001E-002
         862   4.6399999999999997E-002
         863   2.6400000000000000E-002
         864   0.0000000000000000     
         865   3.1199999999999999E-002
         866   3.2000000000000001E-002
         867   3.2000000000000002E-003
         868   1.7600000000000001E-002
         869   2.8000000000000001E-002
         870   7.1999999999999998E-003
         871   8.8000000000000005E-003
         872   3.4400000000000000E-002
         873   1.6000000000000001E-003
         874   2.3999999999999998E-003
         875   1.7600000000000001E-002
         876   5.5999999999999999E-003
         877   8.8000000000000005E-003
         878   1.9199999999999998E-002
         879   5.8400000000000001E-002
         880   6.0800000000000000E-002
         881   5.4399999999999997E-002
         882   4.1599999999999998E-002
         883   5.5999999999999999E-003
         884   3.1199999999999999E-002
         885   3.1199999999999999E-002
         886   1.4400000000000000E-002
         887   8.0000000000000004E-004
         888   6.2399999999999997E-002
         889   8.0000000000000002E-002
         890  0.10879999999999999     
         891   6.0800000000000000E-002
         892   3.2000000000000002E-003
         893   3.2800000000000003E-002
         894   1.6000000000000000E-002
         895   2.6400000000000000E-002
         896   2.3199999999999998E-002
         897   7.1999999999999998E-003
         898   1.7600000000000001E-002
         899   2.4000000000000000E-002
         900   3.7600000000000001E-002
         901   1.6799999999999999E-002
         902   3.2000000000000002E-003
         903   8.0000000000000002E-003
         904   1.6799999999999999E-002
         905   1.6000000000000000E-002
         906   2.4000000000000000E-002
         907   4.1599999999999998E-002
         908   7.2800000000000004E-002
         909   1.5200000000000000E-002
         910   3.0400000000000000E-002
         911   1.9199999999999998E-002
         912   1.6000000000000000E-002
         913   6.4000000000000003E-003
         914   1.3599999999999999E-002
         915   8.0000000000000002E-003
         916   4.3200000000000002E-002
         917   1.8400000000000000E-002
         918   1.5200000000000000E-002
         919   2.8000000000000001E-002
         920   1.9199999999999998E-002
         921   3.2800000000000003E-002
         922   7.3599999999999999E-002
         923   9.1999999999999998E-002
         924   1.8400000000000000E-002
         925   2.3999999999999998E-003
         926   4.7999999999999996E-003
         927   7.1999999999999998E-003
         928   1.7600000000000001E-002
         929   1.6799999999999999E-002
         930   1.7600000000000001E-002
         931   3.6799999999999999E-002
         932   5.0400000000000000E-002
         933   6.0800000000000000E-002
         934   5.0400000000000000E-002
         935   5.1999999999999998E-002
         936   5.1999999999999998E-002
         937   1.6000000000000001E-003
         938   2.3199999999999998E-002
         939   1.9199999999999998E-002
         940   6.4799999999999996E-002
         941   2.4000000000000000E-002
         942   6.3200000000000006E-002
         943   6.4799999999999996E-002
         944   8.9599999999999999E-002
         945   6.5600000000000006E-002
         946   1.8400000000000000E-002
         947   1.5200000000000000E-002
         948   2.0799999999999999E-002
         949   4.1599999999999998E-002
         950   6.8000000000000005E-002
         951   3.2800000000000003E-002
         952   2.8799999999999999E-002
         953   2.1600000000000001E-002
         954   2.4000000000000000E-002
         955   1.4400000000000000E-002
         956   5.2800000000000000E-002
         957   4.9599999999999998E-002
         958   4.2400000000000000E-002
         959   3.8399999999999997E-002
         960   3.2800000000000003E-002
         961   2.5600000000000001E-002
         962   3.5999999999999997E-002
         963   6.3200000000000006E-002
         964   4.1599999999999998E-002
         965   1.0400000000000000E-002
         966   4.7999999999999996E-003
         967   8.0000000000000004E-004
         968   8.0000000000000004E-004
         969   3.2800000000000003E-002
         970   1.7600000000000001E-002
         971   1.8400000000000000E-002
         972   3.5999999999999997E-002
         973   5.1999999999999998E-002
         974   6.7199999999999996E-002
         975   5.1200000000000002E-002
         976   5.5199999999999999E-002
         977   4.3999999999999997E-002
         978   8.5599999999999996E-002
         979   9.8400000000000001E-002
         980  0.10480000000000000     
         981   9.9199999999999997E-002
         982   4.8000000000000001E-002
         983   2.6400000000000000E-002
         984   8.4800000000000000E-002
         985   8.0799999999999997E-002
         986   6.1600000000000002E-002
         987   8.0000000000000002E-003
         988   8.0000000000000002E-003
         989   2.5600000000000001E-002
         990   0.0000000000000000     
         991   2.0000000000000000E-002
         992   4.1599999999999998E-002
         993   4.8800000000000003E-002
         994   7.4399999999999994E-002
         995   5.2800000000000000E-002
         996   5.6000000000000001E-002
         997   8.0000000000000002E-003
         998   3.2000000000000002E-003
         999   4.1599999999999998E-002
        1000   4.3200000000000002E-002
        1001   2.9600000000000001E-002
        1002   3.7600000000000001E-002
        1003   1.6000000000000000E-002
        1004   8.8000000000000005E-003
        1005   8.0000000000000004E-004
        1006   1.2000000000000000E-002
        1007   2.8000000000000001E-002
        1008   5.0400000000000000E-002
        1009   3.9199999999999999E-002
        1010   5.5999999999999999E-003
        1011   1.7600000000000001E-002
        1012   2.7199999999999998E-002
        1013   1.4400000000000000E-002
        1014   3.5200000000000002E-002
        1015   8.8000000000000005E-003
        1016   3.3599999999999998E-002
        1017   1.2000000000000000E-002
        1018   6.0800000000000000E-002
        1019   9.0399999999999994E-002
        1020   2.4799999999999999E-002
        1021   4.1599999999999998E-002
        1022   4.7199999999999999E-002
        1023   1.7600000000000001E-002
        1024   7.1999999999999998E-003
        1025   1.6000000000000001E-003
        1026   4.3999999999999997E-002
        1027   2.5600000000000001E-002
        1028   3.1199999999999999E-002
        1029   2.0000000000000000E-002
        1030   2.3199999999999998E-002
        1031   1.6000000000000000E-002
        1032   6.4000000000000003E-003
        1033   2.0000000000000000E-002
        1034   1.2800000000000001E-002
        1035   1.2800000000000001E-002
        1036   1.6000000000000001E-003
        1037   2.6400000000000000E-002
        1038   2.8000000000000001E-002
        1039   1.2000000000000000E-002
        1040   1.0400000000000000E-002
        1041   3.2800000000000003E-002
        1042   8.0000000000000004E-004
        1043   2.8799999999999999E-002
        1044   3.2800000000000003E-002
        1045   6.0800000000000000E-002
        1046   1.6799999999999999E-002
        1047   3.5999999999999997E-002
        1048   6.5600000000000006E-002
        1049   6.8800000000000000E-002
        1050   5.2800000000000000E-002
        1051   1.0400000000000000E-002
        1052   6.4000000000000003E-003
        1053   4.3200000000000002E-002
        1054   3.2800000000000003E-002
        1055   3.6799999999999999E-002
        1056   5.9200000000000003E-002
        1057   1.1200000000000000E-002
        1058   3.8399999999999997E-002
        1059   2.5600000000000001E-002
        1060   4.5600000000000002E-002
        1061   6.4000000000000003E-003
        1062   3.0400000000000000E-002
        1063   5.0400000000000000E-002
        1064   5.7599999999999998E-002
        1065   6.1600000000000002E-002
        1066   2.3199999999999998E-002
        1067   1.4400000000000000E-002
        1068   2.3199999999999998E-002
        1069   1.4400000000000000E-002
        1070   4.1599999999999998E-002
        1071   2.8799999999999999E-002
        1072   1.6000000000000001E-003
        1073   1.2800000000000001E-002
        1074   5.1200000000000002E-002
        1075   5.9999999999999998E-002
        1076   1.5200000000000000E-002
        1077   2.2400000000000000E-002
        1078   1.2800000000000001E-002
        1079   3.7600000000000001E-002
        1080   5.6800000000000003E-002
        1081   6.2399999999999997E-002
        1082   9.1200000000000003E-002
        1083   6.7199999999999996E-002
        1084   6.6400000000000001E-002
        1085   7.8399999999999997E-002
        1086   9.2799999999999994E-002
        1087   9.6000000000000002E-002
        1088  0.10480000000000000     
        1089   9.6799999999999997E-002
        1090   5.5199999999999999E-002
        1091   2.9600000000000001E-002
        1092   5.1999999999999998E-002
        1093   4.0800000000000003E-002
        1094   6.3200000000000006E-002
        1095   8.1600000000000006E-002
        1096   6.8800000000000000E-002
        1097   4.6399999999999997E-002
        1098   2.0799999999999999E-002
        1099   1.7600000000000001E-002
        1100   6.3200000000000006E-002
        1101   6.4000000000000003E-003
        1102   2.6400000000000000E-002
        1103   3.2000000000000002E-003
        1104   4.6399999999999997E-002
        1105   2.4000000000000000E-002
        1106   4.7999999999999996E-003
        1107   1.3599999999999999E-002
        1108   2.2400000000000000E-002
        1109   1.2000000000000000E-002
        1110   3.8399999999999997E-002
        1111   1.0400000000000000E-002
        1112   5.5999999999999999E-003
        1113   5.4399999999999997E-002
        1114   5.7599999999999998E-002
        1115   4.0800000000000003E-002
        1116   5.3600000000000002E-002
        1117   7.1199999999999999E-002
        1118  0.10960000000000000     
        1119   9.6799999999999997E-002
        1120   1.9199999999999998E-002
        1121   1.7600000000000001E-002
        1122   3.2800000000000003E-002
        1123   4.8800000000000003E-002
        1124   6.1600000000000002E-002
        1125   3.2800000000000003E-002
        1126   5.4399999999999997E-002
        1127   4.3999999999999997E-002
        1128   1.6799999999999999E-002
        1129   2.0000000000000000E-002
        1130   8.4000000000000005E-002
        1131   2.8799999999999999E-002
        1132   1.6000000000000001E-003
        1133   8.0000000000000004E-004
        1134   2.0799999999999999E-002
        1135   1.5200000000000000E-002
        1136   8.8000000000000005E-003
        1137   8.0000000000000004E-004
        1138   2.8000000000000001E-002
        1139   5.1200000000000002E-002
        1140   4.3200000000000002E-002
        1141   5.7599999999999998E-002
        1142   4.9599999999999998E-002
        1143   3.8399999999999997E-002
        1144   2.7199999999999998E-002
        1145   1.6000000000000001E-003
        1146   9.5999999999999992E-003
        1147   4.7999999999999996E-003
        1148   1.2000000000000000E-002
        1149   4.0000000000000001E-003
        1150   1.8400000000000000E-002
        1151   1.2800000000000001E-002
        1152   4.8000000000000001E-002
        1153   6.4000000000000001E-002
        1154   7.1999999999999995E-002
        1155   6.8000000000000005E-002
        1156   3.7600000000000001E-002
        1157   1.9199999999999998E-002
        1158   1.6799999999999999E-002
        1159   3.4400000000000000E-002
        1160   2.8000000000000001E-002
        1161   7.1199999999999999E-002
        1162  0.10000000000000001     
        1163   8.6400000000000005E-002
        1164   6.5600000000000006E-002
        1165   4.5600000000000002E-002
        1166   5.9200000000000003E-002
        1167  0.10000000000000001     
        1168   5.2800000000000000E-002
        1169   8.6400000000000005E-002
        1170   9.1999999999999998E-002
        1171   7.4399999999999994E-002
        1172   2.3199999999999998E-002
        1173   1.9199999999999998E-002
        1174   1.4400000000000000E-002
        1175   3.1199999999999999E-002
        1176   3.2000000000000001E-002
        1177   4.0000000000000001E-003
        1178   3.4400000000000000E-002
        1179   5.0400000000000000E-002
        1180   4.7199999999999999E-002
        1181   2.0799999999999999E-002
        1182   1.1200000000000000E-002
        1183   7.1999999999999998E-003
        1184   6.3200000000000006E-002
        1185   5.1999999999999998E-002
        1186   5.5199999999999999E-002
        1187   5.4399999999999997E-002
        1188   1.2800000000000001E-002
        1189   1.6799999999999999E-002
        1190   1.2800000000000001E-002
        1191   9.5999999999999992E-003
        1192   2.6400000000000000E-002
        1193   8.0000000000000004E-004
        1194   1.2000000000000000E-002
        1195   3.2800000000000003E-002
        1196   3.4400000000000000E-002
        1197   4.8800000000000003E-002
        1198   6.6400000000000001E-002
        1199   9.7600000000000006E-002
        1200   9.2799999999999994E-002
        1201   7.4399999999999994E-002
        1202   2.8799999999999999E-002
        1203   2.6400000000000000E-002
        1204   4.4800000000000000E-002
        1205   8.0000000000000002E-003
        1206   2.3999999999999998E-003
        1207   3.2000000000000001E-002
        1208   1.7600000000000001E-002
        1209   7.1999999999999998E-003
        1210   2.4799999999999999E-002
        1211   2.8799999999999999E-002
        1212   1.0400000000000000E-002
        1213   8.0000000000000002E-003
        1214   1.6799999999999999E-002
        1215   5.2800000000000000E-002
        1216   9.5999999999999992E-003
        1217   1.1200000000000000E-002
        1218   4.0000000000000001E-003
        1219   3.7600000000000001E-002
        1220   5.3600000000000002E-002
        1221   1.7600000000000001E-002
        1222   5.9200000000000003E-002
        1223   6.4000000000000003E-003
        1224   1.1200000000000000E-002
        1225   2.9600000000000001E-002
        1226   4.1599999999999998E-002
        1227   7.1999999999999995E-002
        1228   8.7999999999999995E-002
        1229   9.0399999999999994E-002
        1230   4.2400000000000000E-002
        1231   1.4400000000000000E-002
        1232   1.3599999999999999E-002
        1233   3.5999999999999997E-002
        1234   2.5600000000000001E-002
        1235   1.6799999999999999E-002
        1236   8.0000000000000002E-003
        1237   1.3599999999999999E-002
        1238   4.7199999999999999E-002
        1239   2.3199999999999998E-002
        1240   1.3599999999999999E-002
        1241   1.0400000000000000E-002
        1242   3.1199999999999999E-002
        1243   3.4400000000000000E-002
        1244   8.7200000000000000E-002
        1245   3.0400000000000000E-002
        1246   2.5600000000000001E-002
        1247   8.0000000000000002E-003
        1248   8.0000000000000002E-003
        1249   3.9199999999999999E-002
        1250   1.8400000000000000E-002
        1251   1.6799999999999999E-002
        1252   9.5999999999999992E-003
        1253   2.2400000000000000E-002
        1254   8.0000000000000004E-004
        1255   1.9199999999999998E-002
        1256   8.4000000000000005E-002
        1257   7.4399999999999994E-002
        1258   8.9599999999999999E-002
        1259   6.2399999999999997E-002
        1260   1.9199999999999998E-002
        1261   2.1600000000000001E-002
        1262   5.2800000000000000E-002
        1263   4.3999999999999997E-002
        1264   4.6399999999999997E-002
        1265   5.5199999999999999E-002
        1266   4.7199999999999999E-002
        1267   3.2000000000000002E-003
        1268   0.0000000000000000     
        1269   4.0000000000000001E-003
        1270   8.8000000000000005E-003
        1271   1.6000000000000001E-003
        1272   1.6000000000000000E-002
        1273   8.0000000000000002E-003
        1274   3.0400000000000000E-002
        1275   0.0000000000000000     
        1276   4.0000000000000001E-002
        1277   7.1999999999999998E-003
        1278   4.1599999999999998E-002
        1279   4.1599999999999998E-002
        1280   3.4400000000000000E-002
        1281   4.3999999999999997E-002
        1282   6.8000000000000005E-002
        1283   1.3599999999999999E-002
        1284   2.9600000000000001E-002
        1285   3.8399999999999997E-002
        1286   5.7599999999999998E-002
        1287   5.4399999999999997E-002
        1288   3.2000000000000002E-003
        1289   2.2400000000000000E-002
        1290   1.0400000000000000E-002
        1291   5.5199999999999999E-002
        1292   1.5200000000000000E-002
        1293   3.5200000000000002E-002
        1294   1.3599999999999999E-002
        1295   1.7600000000000001E-002
        1296   7.1199999999999999E-002
        1297  0.12800000000000000     
        1298  0.10240000000000000     
        1299   8.0000000000000002E-003
        1300   4.9599999999999998E-002
        1301   4.2400000000000000E-002
        1302   2.3999999999999998E-003
        1303   1.9199999999999998E-002
        1304   5.5999999999999999E-003
        1305   1.9199999999999998E-002
        1306   3.2000000000000001E-002
        1307   8.3199999999999996E-002
        1308   3.5999999999999997E-002
        1309   3.2800000000000003E-002
        1310   2.0799999999999999E-002
        1311   1.6000000000000001E-003
        1312   5.3600000000000002E-002
        1313   2.7199999999999998E-002
        1314   6.4000000000000003E-003
        1315   2.3199999999999998E-002
        1316   9.5999999999999992E-003
        1317   3.3599999999999998E-002
        1318   3.2000000000000001E-002
        1319   3.5200000000000002E-002
        1320   4.7999999999999996E-003
        1321   2.1600000000000001E-002
        1322   3.8399999999999997E-002
        1323   8.8000000000000005E-003
        1324   0.0000000000000000     
        1325   1.3599999999999999E-002
        1326   1.9199999999999998E-002
        1327   5.1200000000000002E-002
        1328   5.7599999999999998E-002
        1329   6.4799999999999996E-002
        1330   5.7599999999999998E-002
        1331   4.1599999999999998E-002
        1332   2.8000000000000001E-002
        1333   2.8000000000000001E-002
        1334   2.9600000000000001E-002
        1335   8.0000000000000002E-003
        1336   4.5600000000000002E-002
        1337   2.8000000000000001E-002
        1338   4.0000000000000001E-003
        1339   3.2000000000000001E-002
        1340   5.6800000000000003E-002
        1341   4.6399999999999997E-002
        1342   5.5199999999999999E-002
        1343   3.5999999999999997E-002
        1344   9.5999999999999992E-003
        1345   5.1200000000000002E-002
        1346   5.2800000000000000E-002
        1347   5.0400000000000000E-002
        1348   2.6400000000000000E-002
        1349   1.0400000000000000E-002
        1350   2.9600000000000001E-002
        1351   1.7600000000000001E-002
        1352   4.9599999999999998E-002
        1353   3.1199999999999999E-002
        1354   9.5999999999999992E-003
        1355   1.2000000000000000E-002
        1356   2.3199999999999998E-002
        1357   1.0400000000000000E-002
        1358   1.7600000000000001E-002
        1359   9.5999999999999992E-003
        1360   8.8000000000000005E-003
        1361   4.8800000000000003E-002
        1362   1.6000000000000001E-003
        1363   5.4399999999999997E-002
        1364   4.6399999999999997E-002
        1365   4.4800000000000000E-002
        1366   2.9600000000000001E-002
        1367   8.8000000000000005E-003
        1368   5.1999999999999998E-002
        1369   5.8400000000000001E-002
        1370   4.8000000000000001E-002
        1371   6.3200000000000006E-002
        1372   2.8000000000000001E-002
        1373   2.4000000000000000E-002
        1374   3.4400000000000000E-002
        1375   3.5999999999999997E-002
        1376   1.5200000000000000E-002
        1377   2.3199999999999998E-002
        1378   3.2000000000000002E-003
        1379   3.3599999999999998E-002
        1380   2.6400000000000000E-002
        1381   8.8000000000000005E-003
        1382   7.1999999999999998E-003
        1383   8.0000000000000002E-003
        1384   8.0000000000000002E-003
        1385   8.0000000000000004E-004
        1386   2.6400000000000000E-002
        1387   3.2800000000000003E-002
        1388   1.4400000000000000E-002
        1389   1.2800000000000001E-002
        1390   2.7199999999999998E-002
        1391   3.2000000000000001E-002
        1392   4.1599999999999998E-002
        1393   7.1999999999999998E-003
        1394   2.8799999999999999E-002
        1395   4.3200000000000002E-002
        1396   2.6400000000000000E-002
        1397   5.6000000000000001E-002
        1398   5.6800000000000003E-002
        1399   3.5999999999999997E-002
        1400   4.1599999999999998E-002
        1401   5.1999999999999998E-002
        1402   1.7600000000000001E-002
        1403   8.0000000000000004E-004
        1404   1.1200000000000000E-002
        1405   1.4400000000000000E-002
        1406   1.7600000000000001E-002
        1407   2.5600000000000001E-002
        1408   4.0800000000000003E-002
        1409   4.7999999999999996E-003
        1410   8.0000000000000002E-003
        1411   2.4000000000000000E-002
        1412   1.4400000000000000E-002
        1413   2.5600000000000001E-002
        1414   1.8400000000000000E-002
        1415   2.4799999999999999E-002
        1416   2.8799999999999999E-002
        1417   2.5600000000000001E-002
        1418   7.9200000000000007E-002
        1419   9.1200000000000003E-002
        1420   4.6399999999999997E-002
        1421   3.0400000000000000E-002
        1422   4.0800000000000003E-002
        1423   0.0000000000000000     
        1424   6.4000000000000001E-002
        1425   4.8800000000000003E-002
        1426   2.0000000000000000E-002
        1427   3.2000000000000001E-002
        1428   7.7600000000000002E-002
        1429   4.3999999999999997E-002
        1430   5.1999999999999998E-002
        1431   2.8799999999999999E-002
        1432   2.1600000000000001E-002
        1433   4.0000000000000001E-002
        1434   4.8800000000000003E-002
        1435   5.4399999999999997E-002
        1436   5.3600000000000002E-002
        1437   9.5999999999999992E-003
        1438   8.0000000000000002E-003
        1439   3.5999999999999997E-002
        1440   4.0000000000000001E-003
        1441   3.0400000000000000E-002
        1442   2.3199999999999998E-002
        1443   4.8000000000000001E-002
        1444   3.1199999999999999E-002
        1445   2.0799999999999999E-002
        1446   8.0000000000000002E-003
        1447   2.2400000000000000E-002
        1448   1.6000000000000001E-003
        1449   8.0000000000000004E-004
        1450   3.5999999999999997E-002
        1451   4.0800000000000003E-002
        1452   3.2000000000000002E-003
        1453   4.7999999999999996E-003
        1454   5.3600000000000002E-002
        1455   6.4799999999999996E-002
        1456   4.7199999999999999E-002
        1457   4.6399999999999997E-002
        1458   5.6000000000000001E-002
        1459  0.10480000000000000     
        1460   5.9999999999999998E-002
        1461   5.2800000000000000E-002
        1462   4.7999999999999996E-003
        1463   1.7600000000000001E-002
        1464   1.5200000000000000E-002
        1465   4.6399999999999997E-002
        1466   6.6400000000000001E-002
        1467   7.1999999999999998E-003
        1468   4.8000000000000001E-002
        1469   8.4800000000000000E-002
        1470   2.8799999999999999E-002
        1471   3.0400000000000000E-002
        1472   5.1999999999999998E-002
        1473   4.5600000000000002E-002
        1474   3.9199999999999999E-002
        1475   1.4400000000000000E-002
        1476   4.0000000000000001E-003
        1477   2.0799999999999999E-002
        1478   3.2800000000000003E-002
        1479   9.8400000000000001E-002
        1480  0.11280000000000000     
        1481   5.2800000000000000E-002
        1482   9.5999999999999992E-003
        1483   4.8800000000000003E-002
        1484   7.1999999999999995E-002
        1485   5.1999999999999998E-002
        1486   5.7599999999999998E-002
        1487   1.6000000000000001E-003
        1488   2.5600000000000001E-002
        1489   2.1600000000000001E-002
        1490   2.8799999999999999E-002
        1491   3.4400000000000000E-002
        1492   6.5600000000000006E-002
        1493   3.7600000000000001E-002
        1494   3.2000000000000002E-003
        1495   2.4799999999999999E-002
        1496   1.6000000000000000E-002
        1497   2.6400000000000000E-002
        1498   4.7999999999999996E-003
        1499   3.8399999999999997E-002
        1500   5.5199999999999999E-002
        1501   2.1600000000000001E-002
        1502   4.0000000000000001E-002
        1503   2.3999999999999998E-003
        1504   8.0000000000000004E-004
        1505   8.8000000000000005E-003
        1506   1.6799999999999999E-002
        1507   3.5200000000000002E-002
        1508   1.4400000000000000E-002
        1509   3.2000000000000002E-003
        1510   4.8000000000000001E-002
        1511   3.1199999999999999E-002
        1512   3.2000000000000001E-002
        1513   1.3599999999999999E-002
        1514   6.4000000000000003E-003
        1515   1.6000000000000001E-003
        1516   7.5999999999999998E-002
        1517   6.7199999999999996E-002
        1518   2.3199999999999998E-002
        1519   1.5200000000000000E-002
        1520   2.8000000000000001E-002
        1521   8.8000000000000005E-003
        1522   2.4000000000000000E-002
        1523   1.8400000000000000E-002
        1524   1.2000000000000000E-002
        1525   3.7600000000000001E-002
        1526   3.5200000000000002E-002
        1527   2.7199999999999998E-002
        1528   1.4400000000000000E-002
        1529   5.5999999999999999E-003
        1530   1.1200000000000000E-002
        1531   5.5999999999999999E-003
        1532   3.2000000000000002E-003
        1533   4.0800000000000003E-002
        1534   8.0000000000000004E-004
        1535   7.1999999999999998E-003
        1536   8.0000000000000004E-004
        1537   2.6400000000000000E-002
        1538   1.8400000000000000E-002
        1539   8.8000000000000005E-003
        1540   8.0000000000000002E-003
        1541   1.8400000000000000E-002
        1542   1.5200000000000000E-002
        1543   4.0000000000000001E-002
        1544   2.0000000000000000E-002
        1545   1.1200000000000000E-002
        1546   2.0799999999999999E-002
        1547   1.0400000000000000E-002
        1548   2.3199999999999998E-002
        1549   1.3599999999999999E-002
        1550   3.4400000000000000E-002
        1551   2.0000000000000000E-002
        1552   3.2000000000000001E-002
        1553   4.3999999999999997E-002
        1554   1.7600000000000001E-002
        1555   1.7600000000000001E-002
        1556   2.0799999999999999E-002
        1557   2.7199999999999998E-002
        1558   4.6399999999999997E-002
        1559   8.0000000000000002E-003
        1560   5.8400000000000001E-002
        1561   2.5600000000000001E-002
        1562   3.7600000000000001E-002
        1563   6.4000000000000001E-002
        1564   3.5200000000000002E-002
        1565   6.8800000000000000E-002
        1566  0.10160000000000000     
        1567   7.6799999999999993E-002
        1568   1.6000000000000001E-003
        1569   5.3600000000000002E-002
        1570   3.5999999999999997E-002
        1571   1.4400000000000000E-002
        1572   4.9599999999999998E-002
        1573   4.0800000000000003E-002
        1574   8.0000000000000004E-004
        1575   6.4000000000000003E-003
        1576   4.7999999999999996E-003
        1577   1.0400000000000000E-002
        1578   2.8799999999999999E-002
        1579   4.3200000000000002E-002
        1580   3.6799999999999999E-002
        1581   1.9199999999999998E-002
        1582   4.8000000000000001E-002
        1583   6.2399999999999997E-002
        1584   3.6799999999999999E-002
        1585   4.2400000000000000E-002
        1586   4.3999999999999997E-002
        1587   5.5999999999999999E-003
        1588   2.2400000000000000E-002
        1589   1.2800000000000001E-002
        1590   1.7600000000000001E-002
        1591   2.4000000000000000E-002
        1592   3.1199999999999999E-002
        1593   9.5999999999999992E-003
        1594   1.1200000000000000E-002
        1595   2.0799999999999999E-002
        1596   4.1599999999999998E-002
        1597   6.8800000000000000E-002
        1598   6.1600000000000002E-002
        1599   5.1999999999999998E-002
        1600   1.6799999999999999E-002
        1601   2.8799999999999999E-002
        1602   3.1199999999999999E-002
        1603   2.4000000000000000E-002
        1604   1.0400000000000000E-002
        1605   3.3599999999999998E-002
        1606   7.9200000000000007E-002
        1607  0.10879999999999999     
        1608  0.10800000000000000     
        1609   9.7600000000000006E-002
        1610   8.5599999999999996E-002
        1611   9.0399999999999994E-002
        1612   8.6400000000000005E-002
        1613   5.4399999999999997E-002
        1614   4.9599999999999998E-002
        1615   5.4399999999999997E-002
        1616   8.0000000000000004E-004
        1617   1.9199999999999998E-002
        1618   1.2800000000000001E-002
        1619   1.6000000000000001E-003
        1620   1.3599999999999999E-002
        1621   3.1199999999999999E-002
        1622   8.0000000000000004E-004
        1623   1.6000000000000001E-003
        1624   4.0000000000000001E-003
        1625   2.0000000000000000E-002
        1626   4.4800000000000000E-002
        1627   1.9199999999999998E-002
        1628   5.0400000000000000E-002
        1629   2.9600000000000001E-002
        1630   2.3999999999999998E-003
        1631   6.8800000000000000E-002
        1632   9.1200000000000003E-002
        1633   8.1600000000000006E-002
        1634   3.1199999999999999E-002
        1635   5.3600000000000002E-002
        1636   5.3600000000000002E-002
        1637   4.7999999999999996E-003
        1638   3.2000000000000001E-002
        1639   4.0000000000000001E-002
        1640   4.8000000000000001E-002
        1641   3.7600000000000001E-002
        1642   4.3999999999999997E-002
        1643   2.0000000000000000E-002
        1644   3.2000000000000002E-003
        1645   4.4800000000000000E-002
        1646   8.0000000000000002E-003
        1647   2.4000000000000000E-002
        1648   2.8000000000000001E-002
        1649   2.2400000000000000E-002
        1650   2.4799999999999999E-002
        1651   3.5999999999999997E-002
        1652   3.1199999999999999E-002
        1653   1.6799999999999999E-002
        1654   4.0000000000000001E-003
        1655   5.1999999999999998E-002
        1656   6.4000000000000001E-002
        1657   6.2399999999999997E-002
        1658   7.1999999999999998E-003
        1659   4.5600000000000002E-002
        1660   5.6800000000000003E-002
        1661   5.1200000000000002E-002
        1662   1.8400000000000000E-002
        1663   9.5999999999999992E-003
        1664   5.9200000000000003E-002
        1665   2.6400000000000000E-002
        1666   8.8000000000000005E-003
        1667   1.0400000000000000E-002
        1668   3.3599999999999998E-002
        1669   4.3200000000000002E-002
        1670   4.3999999999999997E-002
        1671   1.8400000000000000E-002
        1672   2.5600000000000001E-002
        1673   9.5999999999999992E-003
        1674   0.0000000000000000     
        1675   7.1199999999999999E-002
        1676  0.10080000000000000     
        1677  0.13760000000000000     
        1678   9.1999999999999998E-002
        1679  0.11440000000000000     
        1680  0.10320000000000000     
        1681   7.5200000000000003E-002
        1682   6.5600000000000006E-002
        1683   5.6000000000000001E-002
        1684   5.8400000000000001E-002
        1685   1.6000000000000000E-002
        1686   4.6399999999999997E-002
        1687   2.2400000000000000E-002
        1688   3.3599999999999998E-002
        1689   3.0400000000000000E-002
        1690   5.5999999999999999E-003
        1691   3.4400000000000000E-002
        1692   2.3199999999999998E-002
        1693   4.0000000000000001E-003
        1694   4.0000000000000001E-003
        1695   2.0000000000000000E-002
        1696   2.3199999999999998E-002
        1697   1.2800000000000001E-002
        1698   3.2000000000000002E-003
        1699   7.0400000000000004E-002
        1700   4.5600000000000002E-002
        1701   5.8400000000000001E-002
        1702   6.3200000000000006E-002
        1703   4.7199999999999999E-002
        1704   2.4799999999999999E-002
        1705   1.2800000000000001E-002
        1706   5.6000000000000001E-002
        1707   4.3999999999999997E-002
        1708   1.8400000000000000E-002
        1709   4.4800000000000000E-002
        1710   5.9200000000000003E-002
        1711   1.6000000000000000E-002
        1712   1.1200000000000000E-002
        1713   3.8399999999999997E-002
        1714   2.4799999999999999E-002
        1715   8.0000000000000004E-004
        1716   2.6400000000000000E-002
        1717   6.4000000000000003E-003
        1718   1.1200000000000000E-002
        1719   1.7600000000000001E-002
        1720   1.2000000000000000E-002
        1721   3.8399999999999997E-002
        1722   8.1600000000000006E-002
        1723   7.1199999999999999E-002
        1724   6.4000000000000001E-002
        1725   7.5200000000000003E-002
        1726   7.4399999999999994E-002
        1727  0.10240000000000000     
        1728   1.2000000000000000E-002
        1729   5.5999999999999999E-003
        1730   7.1999999999999998E-003
        1731   8.0000000000000004E-004
        1732   2.6400000000000000E-002
        1733   2.7199999999999998E-002
        1734   8.0000000000000002E-003
        1735   1.7600000000000001E-002
        1736   7.1999999999999998E-003
        1737   5.8400000000000001E-002
        1738   6.9599999999999995E-002
        1739   7.3599999999999999E-002
        1740   5.6000000000000001E-002
        1741   1.2000000000000000E-002
        1742   2.0799999999999999E-002
        1743   0.0000000000000000     
        1744   9.5999999999999992E-003
        1745   1.9199999999999998E-002
        1746   4.3200000000000002E-002
        1747   2.8799999999999999E-002
        1748   2.7199999999999998E-002
        1749   3.5200000000000002E-002
        1750   3.4400000000000000E-002
        1751   4.4800000000000000E-002
        1752   4.4800000000000000E-002
        1753   2.5600000000000001E-002
        1754   8.0000000000000002E-003
        1755   6.7199999999999996E-002
        1756   6.3200000000000006E-002
        1757   4.0800000000000003E-002
        1758   1.8400000000000000E-002
        1759   2.4799999999999999E-002
        1760   1.2800000000000001E-002
        1761   3.0400000000000000E-002
        1762   2.5600000000000001E-002
        1763   4.0800000000000003E-002
        1764   2.1600000000000001E-002
        1765   2.5600000000000001E-002
        1766   0.0000000000000000     
        1767   5.5999999999999999E-003
        1768   8.0000000000000002E-003
        1769   2.0799999999999999E-002
        1770   7.1999999999999998E-003
        1771   3.5999999999999997E-002
        1772   1.2000000000000000E-002
        1773   2.6400000000000000E-002
        1774   1.9199999999999998E-002
        1775   8.0000000000000002E-003
        1776   2.0000000000000000E-002
        1777   2.8799999999999999E-002
        1778   4.2400000000000000E-002
        1779   4.0000000000000001E-003
        1780   7.1999999999999998E-003
        1781   1.4400000000000000E-002
        1782   8.8000000000000005E-003
        1783   1.9199999999999998E-002
        1784   1.3599999999999999E-002
        1785   2.8000000000000001E-002
        1786   1.9199999999999998E-002
        1787   2.3999999999999998E-003
        1788   2.0799999999999999E-002
        1789   3.2000000000000002E-003
        1790   1.6000000000000000E-002
        1791   3.2800000000000003E-002
        1792   5.6800000000000003E-002
        1793   4.8800000000000003E-002
        1794   3.6799999999999999E-002
        1795   3.2000000000000001E-002
        1796   1.2800000000000001E-002
        1797   2.2400000000000000E-002
        1798   1.8400000000000000E-002
        1799   4.9599999999999998E-002
        1800   1.2000000000000000E-002
        1801   9.5999999999999992E-003
        1802   2.2400000000000000E-002
        1803   2.6400000000000000E-002
        1804   6.2399999999999997E-002
        1805   1.2000000000000000E-002
        1806   1.6799999999999999E-002
        1807   3.7600000000000001E-002
        1808   7.7600000000000002E-002
        1809   3.6799999999999999E-002
        1810   5.3600000000000002E-002
        1811   5.5999999999999999E-003
        1812   4.3999999999999997E-002
        1813   8.9599999999999999E-002
        1814   7.6799999999999993E-002
        1815   7.4399999999999994E-002
        1816   4.0000000000000001E-002
        1817   1.6000000000000001E-003
        1818   6.4000000000000003E-003
        1819   2.3199999999999998E-002
        1820   4.7999999999999996E-003
        1821   2.2400000000000000E-002
        1822   2.7199999999999998E-002
        1823   2.3199999999999998E-002
        1824   2.4000000000000000E-002
        1825   1.9199999999999998E-002
        1826   5.1200000000000002E-002
        1827   6.7199999999999996E-002
        1828   8.6400000000000005E-002
        1829   3.8399999999999997E-002
        1830   1.6799999999999999E-002
        1831   1.6000000000000000E-002
        1832   2.3199999999999998E-002
        1833   2.0000000000000000E-002
        1834   8.8000000000000005E-003
        1835   7.1999999999999998E-003
        1836   2.4799999999999999E-002
        1837   1.6000000000000000E-002
        1838   1.3599999999999999E-002
        1839   3.6799999999999999E-002
        1840   6.7199999999999996E-002
        1841   4.6399999999999997E-002
        1842   3.7600000000000001E-002
        1843   5.1999999999999998E-002
        1844   4.1599999999999998E-002
        1845   1.9199999999999998E-002
        1846   3.0400000000000000E-002
        1847   3.0400000000000000E-002
        1848   1.4400000000000000E-002
        1849   3.2000000000000002E-003
        1850   2.6400000000000000E-002
        1851   2.5600000000000001E-002
        1852   3.5200000000000002E-002
        1853   1.6799999999999999E-002
        1854   5.5999999999999999E-003
        1855   1.8400000000000000E-002
        1856   6.4000000000000003E-003
        1857   1.8400000000000000E-002
        1858   6.4000000000000003E-003
        1859   2.3199999999999998E-002
        1860   3.5999999999999997E-002
        1861   2.3999999999999998E-003
        1862   2.6400000000000000E-002
        1863   3.5200000000000002E-002
        1864   6.9599999999999995E-002
        1865   5.2800000000000000E-002
        1866   3.2000000000000002E-003
        1867   2.7199999999999998E-002
        1868   4.7199999999999999E-002
        1869   2.5600000000000001E-002
        1870   4.8800000000000003E-002
        1871   1.9199999999999998E-002
        1872   1.6799999999999999E-002
        1873   4.0800000000000003E-002
        1874   1.7600000000000001E-002
        1875   1.6000000000000001E-003
        1876   2.2400000000000000E-002
        1877   3.2000000000000001E-002
        1878   2.6400000000000000E-002
        1879   1.6000000000000000E-002
        1880   1.5200000000000000E-002
        1881   3.2800000000000003E-002
        1882   3.6799999999999999E-002
        1883   3.4400000000000000E-002
        1884   2.4000000000000000E-002
        1885   2.8799999999999999E-002
        1886   3.5200000000000002E-002
        1887   3.7600000000000001E-002
        1888   4.0000000000000001E-002
        1889   8.0000000000000004E-004
        1890   1.4400000000000000E-002
        1891   2.0799999999999999E-002
        1892   8.0000000000000002E-003
        1893   4.6399999999999997E-002
        1894   2.8000000000000001E-002
        1895   2.2400000000000000E-002
        1896   4.7999999999999996E-003
        1897   4.3200000000000002E-002
        1898   3.2800000000000003E-002
        1899   1.1200000000000000E-002
        1900   2.7199999999999998E-002
        1901   6.4000000000000001E-002
        1902   6.2399999999999997E-002
        1903   6.8000000000000005E-002
        1904   6.4799999999999996E-002
        1905   7.5200000000000003E-002
        1906   6.4000000000000003E-003
        1907   8.0000000000000004E-004
        1908   2.0000000000000000E-002
        1909   4.0800000000000003E-002
        1910   3.5200000000000002E-002
        1911   3.2800000000000003E-002
        1912   2.6400000000000000E-002
        1913   2.2400000000000000E-002
        1914   1.8400000000000000E-002
        1915   2.2400000000000000E-002
        1916   5.7599999999999998E-002
        1917   4.2400000000000000E-002
        1918   4.0000000000000001E-002
        1919   1.6000000000000001E-003
        1920   3.2000000000000001E-002
        1921   6.1600000000000002E-002
        1922   4.0000000000000001E-003
        1923   5.8400000000000001E-002
        1924   4.9599999999999998E-002
        1925   8.4000000000000005E-002
        1926   8.6400000000000005E-002
        1927   7.3599999999999999E-002
        1928   5.8400000000000001E-002
        1929   7.8399999999999997E-002
        1930   2.2400000000000000E-002
        1931   2.6400000000000000E-002
        1932   8.7999999999999995E-002
        1933   8.4800000000000000E-002
        1934   6.9599999999999995E-002
        1935   9.5999999999999992E-003
        1936   2.6400000000000000E-002
        1937   2.4000000000000000E-002
        1938   2.5600000000000001E-002
        1939   1.0400000000000000E-002
        1940   4.8000000000000001E-002
        1941   6.6400000000000001E-002
        1942   7.5999999999999998E-002
        1943   4.9599999999999998E-002
        1944   2.2400000000000000E-002
        1945   8.8000000000000005E-003
        1946   1.3599999999999999E-002
        1947   6.9599999999999995E-002
        1948   6.6400000000000001E-002
        1949  0.14480000000000001     
        1950   9.6000000000000002E-002
        1951   8.7200000000000000E-002
        1952   7.3599999999999999E-002
        1953   2.8000000000000001E-002
        1954   5.5999999999999999E-003
        1955   7.1999999999999998E-003
        1956   2.9600000000000001E-002
        1957   3.1199999999999999E-002
        1958   1.7600000000000001E-002
        1959   7.6799999999999993E-002
        1960   4.9599999999999998E-002
        1961   4.8000000000000001E-002
        1962   7.6799999999999993E-002
        1963   6.2399999999999997E-002
        1964   3.9199999999999999E-002
        1965   7.6799999999999993E-002
        1966   5.5199999999999999E-002
        1967   3.1199999999999999E-002
        1968   3.0400000000000000E-002
        1969   9.5999999999999992E-003
        1970   2.1600000000000001E-002
        1971   4.9599999999999998E-002
        1972   4.8800000000000003E-002
        1973   2.8000000000000001E-002
        1974   3.8399999999999997E-002
        1975   1.2000000000000000E-002
        1976   2.0799999999999999E-002
        1977   2.4000000000000000E-002
        1978   1.6000000000000001E-003
        1979   2.3999999999999998E-003
        1980   4.0000000000000001E-002
        1981   4.3200000000000002E-002
        1982   7.7600000000000002E-002
        1983   7.0400000000000004E-002
        1984   3.6799999999999999E-002
        1985   4.7999999999999996E-003
        1986   1.7600000000000001E-002
        1987   5.5999999999999999E-003
        1988   2.3999999999999998E-003
        1989   1.0400000000000000E-002
        1990   1.1200000000000000E-002
        1991   1.6000000000000000E-002
        1992   1.5200000000000000E-002
        1993   2.3999999999999998E-003
        1994   2.3999999999999998E-003
        1995   1.6799999999999999E-002
        1996   1.9199999999999998E-002
        1997   8.0000000000000002E-003
        1998   1.4400000000000000E-002
        1999   4.3999999999999997E-002
        2000   4.0000000000000001E-002
