           1  -2.2606905600001632E-005
           2   2.2239309439999740E-004
           3  -3.0600690560000210E-004
           4  -3.2000690560000179E-004
           5  -1.5160690560000263E-004
           6  -2.3100690560000196E-004
           7  -3.7180690560000202E-004
           8  -3.5780690560000163E-004
           9   1.2819309439999915E-004
          10  -3.8620690560000248E-004
          11  -4.8940690560000228E-004
          12  -9.2180690560000357E-004
          13  -6.6420690560000306E-004
          14   4.3159309439999767E-004
          15  -8.0400690560000244E-004
          16  -8.7660690560000323E-004
          17  -2.0618069056000006E-003
          18  -7.9939866826539906E-004
          19  -5.2138647723601859E-004
          20  -9.0203952499336355E-004
          21  -1.0694562050805195E-004
          22  -1.0258395249933643E-003
          23  -8.7287514866287441E-003
          24  -101246963304.77448     
          25  -27612808174.033131     
          26  -46021346956.721954     
          27  -82838424522.089844     
          28  -46021346956.717331     
          29  -27612808174.032623     
          30  -4.5046897591182969E+166
          31  -1.2285517524868081E+166
          32  -2.0475862541446806E+166
          33  -3.6856552574604243E+166
          34  -2.0475862541446806E+166
          35  -1.2285517524868081E+166
          36  -1.6380690033157444E+166
          37  -4.5046897591182969E+166
          38  -8.1903450165787219E+165
          39  -8.5998622674076581E+166
          40  -6.5522760132629775E+166
          41  -2.0475862541446806E+166
          42  -2.4571035049736162E+166
          43  -4.0951725082893609E+165
          44  -8.1903450165787219E+165
          45  -2.4571035049736162E+166
          46  -2.8666207558025528E+166
          47  -1.6380690033157444E+166
          48  -2.8666207558025528E+166
          49  -5.7332415116051056E+166
          50  -5.3237242607761694E+166
          51  -4.0951725082893609E+165
          52  -3.2761380066314887E+166
          53  -3.6856552574604243E+166
          54  -1.2285517524868081E+166
          55  -4.9142070099472325E+166
          56  -2.4571035049736162E+166
          57  -3.2761380066314887E+166
          58  -1.6380690033157444E+166
          59  -1.2285517524868081E+166
          60  -8.5998622674076581E+166
          61  -8.1903450165787219E+165
          62  -4.0951725082893609E+165
          63  -4.9142070099472325E+166
          64  -7.7808277657497856E+166
          65  -2.4571035049736162E+166
          66  -5.3237242607761694E+166
          67  -4.0951725082893609E+165
          68  -4.9142070099472325E+166
          69  -3.2761380066314887E+166
          70  -5.3237242607761694E+166
          71  -8.1903450165787225E+166
          72  -4.5046897591182969E+166
          73  -1.6380690033157444E+166
          74  -9.4188967690655306E+166
          75  -2.0475862541446806E+166
          76  -3.6856552574604243E+166
          77  -1.1876000274039146E+167
          78  -4.0951725082893613E+166
          79  -1.1056965772381276E+167
          80  -1.6380690033157444E+166
          81  -92042693913.432404     
          82  -3.6856552574604243E+166
          83  -6.5522760132629775E+166
          84  -4.0951725082893609E+165
          85  -2.0475862541446806E+166
          86  -4.9142070099472325E+166
          87  -4.0951725082893613E+166
          88  -8.1903450165787219E+165
          89  -8.1903450165787219E+165
          90  -4.0951725082893609E+165
          91  -1.6380690033157444E+166
          92  -1.6380690033157444E+166
          93  -7.3713105149208487E+166
          94  -3.2761380066314887E+166
          95  -1.2285517524868081E+166
          96  -4.0951725082893613E+166
          97  -2.0475862541446806E+166
          98  -2.4571035049736162E+166
          99  -5.3237242607761694E+166
         100  -8.1903450165787219E+165
         101  -2.4571035049736162E+166
         102  -7.3713105149208487E+166
         103  -1.2285517524868081E+166
         104  -5.3237242607761694E+166
         105  -6.5522760132629775E+166
         106  -3.2761380066314887E+166
         107  -2.0475862541446806E+166
         108  -8.1903450165787219E+165
         109  -1.2285517524868081E+166
         110  -1.2285517524868081E+166
         111  -2.4571035049736162E+166
         112  -5.3237242607761694E+166
         113  -4.0951725082893609E+165
         114  -8.1903450165787219E+165
         115  -5.7332415116051056E+166
         116  -3.2761380066314887E+166
         117  -4.0951725082893613E+166
         118  -2.4571035049736162E+166
         119  -2.8666207558025528E+166
         120  -4.9142070099472325E+166
         121  -4.0951725082893613E+166
         122  -2.8666207558025528E+166
         123  -2.8666207558025528E+166
         124  -5.7332415116051056E+166
         125  -2.4571035049736162E+166
         126  -6.9617932640919144E+166
         127  -4.5046897591182969E+166
         128  -7.3713105149208487E+166
         129  -2.8666207558025528E+166
         130  -4.5046897591182969E+166
         131  -1.6380690033157444E+166
         132  -2.0475862541446806E+166
         133  -4.9142070099472325E+166
         134  -6.1427587624340406E+166
         135  -46021346956.729080     
         136  -6.5522760132629775E+166
         137  -3.2761380066314887E+166
         138  -9.0093795182365937E+166
         139  -4.9142070099472325E+166
         140  -6.9617932640919144E+166
         141  -2.0475862541446806E+166
         142  -5.3237242607761694E+166
         143  -2.0475862541446806E+166
         144  -2.8666207558025528E+166
         145  -1.2285517524868081E+166
         146  -2.4571035049736162E+166
         147  -1.2285517524868081E+166
         148  -2.4571035049736162E+166
         149  -4.0951725082893613E+166
         150  -2.8666207558025528E+166
         151  -2.0475862541446806E+166
         152  -73634155130.759995     
         153  -2.0475862541446806E+166
         154  -7.7808277657497856E+166
         155  -9.8284140198944649E+166
         156  -2.4571035049736162E+166
         157  -1.0647448521552339E+167
         158  -3.2761380066314887E+166
         159  -6.9617932640919144E+166
         160  -2.4571035049736162E+166
         161  -6.1427587624340406E+166
         162  -6.1427587624340406E+166
         163  -4.0951725082893613E+166
         164  -2.0475862541446806E+166
         165  -2.0475862541446806E+166
         166  -3.2761380066314887E+166
         167  -2.0475862541446806E+166
         168  -6.1427587624340406E+166
         169  -1.2285517524868081E+166
         170  -6.9617932640919144E+166
         171  -1.6380690033157444E+166
         172  -3.6856552574604243E+166
         173  -1.2285517524868081E+166
         174  -2.4571035049736162E+166
         175  -2.8666207558025528E+166
         176  -2.0475862541446806E+166
         177  -8.5998622674076581E+166
         178  -4.0951725082893609E+165
         179  -2.8666207558025528E+166
         180  -8.1903450165787219E+165
         181  -1.0237931270723402E+167
         182  -1.2285517524868081E+166
         183  -3.2761380066314887E+166
         184  -8.1903450165787225E+166
         185  -4.0951725082893613E+166
         186  -2.8666207558025528E+166
         187  -1.6380690033157444E+166
         188  -6.5522760132629775E+166
         189  -4.0951725082893609E+165
         190  -8.1903450165787219E+165
         191  -4.0951725082893613E+166
         192  -4.0951725082893609E+165
         193  -1.2285517524868081E+166
         194  -5.7332415116051056E+166
         195  -5.3237242607761694E+166
         196  -3.6856552574604243E+166
         197  -6.1427587624340406E+166
         198  -4.0951725082893609E+165
         199  -4.0951725082893609E+165
         200  -1.6380690033157444E+166
         201  -1.2285517524868081E+166
         202  -4.0951725082893613E+166
         203  -2.0475862541446806E+166
         204  -2.4571035049736162E+166
         205  -2.4571035049736162E+166
         206  -1.6380690033157444E+166
         207  -2.0475862541446806E+166
         208  -1.2695034775697019E+167
         209  -4.5046897591182969E+166
         210  -4.0951725082893613E+166
         211  -2.8666207558025528E+166
         212  -2.4571035049736162E+166
         213  -2.4571035049736162E+166
         214  -4.5046897591182969E+166
         215  -7.7808277657497856E+166
         216  -2.8666207558025528E+166
         217  -3.2761380066314887E+166
         218  -7.3713105149208487E+166
         219  -4.0951725082893613E+166
         220  -1.6380690033157444E+166
         221  -4.5046897591182969E+166
         222  -4.0951725082893613E+166
         223  -7.7808277657497856E+166
         224  -3.6856552574604243E+166
         225  -4.0951725082893609E+165
         226  -1.2285517524868081E+166
         227  -2.0475862541446806E+166
         228  -2.8666207558025528E+166
         229  -6.5522760132629775E+166
         230  -3.2761380066314887E+166
         231  -5.7332415116051056E+166
         232  -2.4571035049736162E+166
         233  -5.3237242607761694E+166
         234  -1.2285517524868081E+166
         235  -3.2761380066314887E+166
         236  -2.8666207558025528E+166
         237  -1.6380690033157444E+166
         238  -2.4571035049736162E+166
         239  -5.3237242607761694E+166
         240  -8.1903450165787219E+165
         241  -4.0951725082893609E+165
         242  -4.9142070099472325E+166
         243  -6.1427587624340406E+166
         244  -9.8284140198944649E+166
         245  -7.3713105149208487E+166
         246  -4.5046897591182969E+166
         247  -2.4571035049736162E+166
         248  -4.0951725082893609E+165
         249  -4.5046897591182969E+166
         250  -4.0951725082893609E+165
         251  -8.1903450165787219E+165
         252  -8.1903450165787219E+165
         253  -5.3237242607761694E+166
         254  -6.5522760132629775E+166
         255  -1.2285517524868081E+166
         256  -4.9142070099472325E+166
         257  -1.2285517524868081E+166
         258  -4.5046897591182969E+166
         259  -2.8666207558025528E+166
         260  -4.0951725082893609E+165
         261  -3.6856552574604243E+166
         262  -6.5522760132629775E+166
         263  -4.9142070099472325E+166
         264  -6.5522760132629775E+166
         265  -3.2761380066314887E+166
         266  -1.2285517524868081E+166
         267  -2.4571035049736162E+166
         268  -5.3237242607761694E+166
         269  -2.8666207558025528E+166
         270   3.5227450567611859E+050
         271  -2.0475862541446806E+166
         272  -4.0951725082893609E+165
         273  -4.0951725082893613E+166
         274  -3.2761380066314887E+166
         275  -3.6856552574604243E+166
         276  -1.2285517524868081E+166
         277  -1.2285517524868081E+166
         278  -1.6380690033157444E+166
         279   4.8037432592197987E+049
         280  -1.6380690033157444E+166
         281  -1.6380690033157444E+166
         282  -3.6856552574604243E+166
         283   8.0062387653663322E+049
         284  -2.4571035049736162E+166
         285  -6.5522760132629775E+166
         286  -2.8666207558025528E+166
         287  -9.0093795182365937E+166
         288  -4.0951725082893613E+166
         289  -6.5522760132629775E+166
         290  -4.9142070099472325E+166
         291  -1.6380690033157444E+166
         292  -4.0951725082893613E+166
         293  -1.2285517524868081E+166
         294  -4.9142070099472325E+166
         295  -7.3713105149208487E+166
         296  -3.2761380066314887E+166
         297  -2.4571035049736162E+166
         298  -6.1427587624340406E+166
         299  -8.1903450165787219E+165
         300  -1.6380690033157444E+166
         301  -7.7808277657497856E+166
         302  -4.0951725082893609E+165
         303  -6.1427587624340406E+166
         304  -3.2761380066314887E+166
         305  -1.6380690033157444E+166
         306   9.6074865184395974E+049
         307  -5.7332415116051056E+166
         308  -3.2761380066314887E+166
         309  -6.1427587624340406E+166
         310  -4.0951725082893613E+166
         311  -8.1903450165787219E+165
         312  -4.0951725082893609E+165
         313  -1.2285517524868081E+166
         314  -2.0475862541446806E+166
         315  -1.6380690033157444E+166
         316  -4.9142070099472325E+166
         317  -1.2285517524868081E+166
         318  -6.9617932640919144E+166
         319  -5.7332415116051056E+166
         320  -2.8666207558025528E+166
         321  -1.2285517524868081E+166
         322  -1.2285517524868081E+166
         323  -4.9142070099472325E+166
         324  -6.1427587624340406E+166
         325  -4.0951725082893609E+165
         326  -5.3237242607761694E+166
         327  -1.2285517524868081E+166
         328  -4.9142070099472325E+166
         329  -2.4571035049736162E+166
         330  -8.1903450165787219E+165
         331  -2.8666207558025528E+166
         332  -4.5046897591182969E+166
         333  -2.4571035049736162E+166
         334  -6.1427587624340406E+166
         335  -1.2285517524868081E+166
         336  -1.2285517524868081E+166
         337  -9.0093795182365937E+166
         338  -6.5522760132629775E+166
         339  -2.8666207558025528E+166
         340  -2.0475862541446806E+166
         341  -8.5998622674076581E+166
         342  -3.6856552574604243E+166
         343  -3.2761380066314887E+166
         344  -8.1903450165787219E+165
         345  -7.7808277657497856E+166
         346  -6.9617932640919144E+166
         347  -6.5522760132629775E+166
         348  -5.7332415116051056E+166
         349  -2.8666207558025528E+166
         350  -1.2285517524868081E+166
         351  -4.0951725082893609E+165
         352  -5.3237242607761694E+166
         353  -4.0951725082893613E+166
         354  -8.1903450165787219E+165
         355  -4.9142070099472325E+166
         356  -5.3237242607761694E+166
         357  -3.6856552574604243E+166
         358  -2.4571035049736162E+166
         359  -2.8666207558025528E+166
         360  -8.5998622674076581E+166
         361   2.5619964049172260E+050
         362  -4.9142070099472325E+166
         363  -1.6380690033157444E+166
         364  -3.2761380066314887E+166
         365  -6.9617932640919144E+166
         366  -8.1903450165787219E+165
         367  -4.9142070099472325E+166
         368  -5.3237242607761694E+166
         369  -4.5046897591182969E+166
         370  -5.7332415116051056E+166
         371  -1.6380690033157444E+166
         372  -1.2285517524868081E+166
         373  -7.7808277657497856E+166
         374  -2.0475862541446806E+166
         375  -3.2761380066314887E+166
         376  -4.5046897591182969E+166
         377   2.8822459555318790E+050
         378  -1.6380690033157444E+166
         379  -5.7332415116051056E+166
         380  -2.0475862541446806E+166
         381  -3.6856552574604243E+166
         382  -1.6380690033157444E+166
         383  -7.7808277657497856E+166
         384  -1.2285517524868081E+166
         385  -8.1903450165787219E+165
         386  -6.5522760132629775E+166
         387  -3.6856552574604243E+166
         388  -3.2761380066314887E+166
         389  -4.9142070099472325E+166
         390  -6.5522760132629775E+166
         391  -1.2285517524868081E+166
         392  -4.0951725082893613E+166
         393  -4.0951725082893609E+165
         394  -4.0951725082893609E+165
         395  -8.1903450165787225E+166
         396  -8.1903450165787225E+166
         397  -8.5998622674076581E+166
         398  -2.8666207558025528E+166
         399  -2.4571035049736162E+166
         400  -2.0475862541446806E+166
         401  -6.1427587624340406E+166
         402  -4.5046897591182969E+166
         403  -8.1903450165787219E+165
         404  -3.6856552574604243E+166
         405  -1.6380690033157444E+166
         406  -1.2285517524868081E+166
         407  -6.5522760132629775E+166
         408  -1.2285517524868081E+166
         409  -3.6856552574604243E+166
         410  -3.2761380066314887E+166
         411  -1.0237931270723402E+167
         412  -7.3713105149208487E+166
         413   6.4049910122930649E+049
         414  -4.0951725082893609E+165
         415  -6.9617932640919144E+166
         416  -6.1427587624340406E+166
         417  -1.6380690033157444E+166
         418  -8.1903450165787219E+165
         419  -2.4571035049736162E+166
         420  -1.2285517524868081E+166
         421  -4.0951725082893609E+165
         422  -2.8666207558025528E+166
         423  -3.2761380066314887E+166
         424  -3.2761380066314887E+166
         425  -1.6380690033157444E+166
         426  -7.3713105149208487E+166
         427   2.8822459555318790E+050
         428  -2.8666207558025528E+166
         429  -9.8284140198944649E+166
         430  -8.1903450165787219E+165
         431  -7.3713105149208487E+166
         432  -3.6856552574604243E+166
         433  -4.0951725082893609E+165
         434  -2.0475862541446806E+166
         435  -6.1427587624340406E+166
         436  -4.9142070099472325E+166
         437  -3.6856552574604243E+166
         438  -4.0951725082893609E+165
         439  -1.6380690033157444E+166
         440  -4.0951725082893613E+166
         441  -4.0951725082893613E+166
         442  -1.2285517524868081E+166
         443  -4.0951725082893609E+165
         444  -1.2285517524868081E+166
         445  -1.2285517524868081E+166
         446  -6.9617932640919144E+166
         447  -2.8666207558025528E+166
         448  -3.2761380066314887E+166
         449  -4.0951725082893613E+166
         450  -4.5046897591182969E+166
         451  -2.8666207558025528E+166
         452  -4.0951725082893609E+165
         453  -1.2285517524868081E+166
         454  -2.4571035049736162E+166
         455  -2.0475862541446806E+166
         456  -2.0475862541446806E+166
         457  -3.2761380066314887E+166
         458  -9.0093795182365937E+166
         459  -1.2285517524868081E+166
         460  -1.2285517524868081E+166
         461  -6.9617932640919144E+166
         462   3.2024955061465325E+049
         463  -4.0951725082893609E+165
         464  -1.2285517524868081E+166
         465  -1.6380690033157444E+166
         466  -4.0951725082893613E+166
         467  -4.0951725082893613E+166
         468  -1.6380690033157444E+166
         469  -1.2285517524868081E+166
         470  -4.0951725082893609E+165
         471  -2.4571035049736162E+166
         472  -8.1903450165787219E+165
         473  -4.0951725082893613E+166
         474  -2.0475862541446806E+166
         475  -2.4571035049736162E+166
         476  -2.8666207558025528E+166
         477  -8.1903450165787219E+165
         478  -3.6856552574604243E+166
         479  -6.9617932640919144E+166
         480  -7.3713105149208487E+166
         481  -4.0951725082893609E+165
         482  -4.5046897591182969E+166
         483  -8.1903450165787219E+165
         484  -1.2285517524868081E+166
         485  -3.2761380066314887E+166
         486  -6.1427587624340406E+166
         487  -1.1466483023210211E+167
         488  -3.6856552574604243E+166
         489  -2.8666207558025528E+166
         490  -2.0475862541446806E+166
         491   1.1208734271512865E+050
         492  -1.2285517524868081E+166
         493  -2.0475862541446806E+166
         494  -6.5522760132629775E+166
         495  -1.6380690033157444E+166
         496  -1.6380690033157444E+166
         497  -9.8284140198944649E+166
         498   3.2024955061465325E+049
         499  -2.4571035049736162E+166
