           1   1.1836373123998592E-003
           2   9.7983731239985913E-004
           3   2.4623731239985968E-004
           4   1.2638373123998615E-003
           5   5.6783731239986180E-004
           6  -2.0365626876001400E-003
           7  -1.1057626876001404E-003
           8  -6.1216268760013977E-004
           9  -2.1845626876001402E-003
          10  -9.2116268760013883E-004
          11  -1.2737626876001408E-003
          12  -1.4621626876001399E-003
          13  -3.0785626876001448E-003
          14  -2.2465626876001393E-003
          15  -3.0762687600142041E-005
          16  -1.1219626876001409E-003
          17  -5.7803814056885659E-004
          18  -1.5590318800816384E-003
          19  -1.0969462129309308E-003
          20  -1.7108483547508479E-003
          21   2.3586202440367237E-004
          22  -6.5172411007955854E-003
          23  -78236289826.437576     
          24  -266923812348.96283     
          25  -202493926609.55029     
          26  -64429885739.425659     
          27  -303740889914.32965     
          28  -156472579652.84113     
          29  -3.4808966320459572E+166
          30  -1.1876000274039146E+167
          31  -9.0093795182365937E+166
          32  -2.8666207558025528E+166
          33  -1.3514069277354891E+167
          34  -6.9617932640919144E+166
          35  -5.3237242607761694E+166
          36  -1.2285517524868081E+166
          37  -9.0093795182365937E+166
          38  -1.2285517524868081E+166
          39  -2.4571035049736162E+166
          40  -4.9142070099472325E+166
          41  -119655502087.47716     
          42  -1.6380690033157444E+166
          43  -2.0475862541446806E+166
          44  -55225616348.070206     
          45  -5.7332415116051056E+166
          46  -4.5046897591182969E+166
          47  -5.3237242607761694E+166
          48  -9.4188967690655306E+166
          49  -4.5046897591182969E+166
          50  -2.4571035049736162E+166
          51  -6.1427587624340406E+166
          52  -1.3104552026525955E+167
          53  -5.3237242607761694E+166
          54  -2.4571035049736162E+166
          55  -1.4333103779012762E+167
          56  -3.2761380066314887E+166
          57  -6.5522760132629775E+166
          58  -174881118435.53943     
          59  -7.7808277657497856E+166
          60  -8.1903450165787219E+165
          61  -1.6380690033157444E+166
          62  -5.3237242607761694E+166
          63  -9.0093795182365937E+166
          64  -7.7808277657497856E+166
          65  -1.0647448521552339E+167
          66  -9.4188967690655306E+166
          67  -2.4571035049736162E+166
          68  -3.2761380066314887E+166
          69  -6.9617932640919144E+166
          70  -4.5046897591182969E+166
          71  -1.4333103779012762E+167
          72  -6.5522760132629775E+166
          73  -1.0647448521552339E+167
          74  -3.2761380066314887E+166
          75  -6.5522760132629775E+166
          76  -1.6380690033157444E+166
          77  -1.6380690033157444E+166
          78  -4.9142070099472325E+166
          79  -1.2285517524868081E+166
          80  -1.1876000274039146E+167
          81  -6.1427587624340406E+166
          82  -1.6380690033157444E+166
          83  -1.6380690033157444E+166
          84  -9.8284140198944649E+166
          85  -6.5522760132629775E+166
          86  -1.6380690033157444E+166
          87  -9.0093795182365937E+166
          88  -1.2285517524868081E+166
          89  -4.0951725082893609E+165
          90  -6.9617932640919144E+166
          91  -6.1427587624340406E+166
          92  -8.1903450165787219E+165
          93  -9.0093795182365937E+166
          94  -1.6380690033157444E+166
          95  -6.1427587624340406E+166
          96  -6.5522760132629775E+166
          97  -3.2761380066314887E+166
          98  -1.6380690033157444E+166
          99  -1.2285517524868081E+166
         100  -6.1427587624340406E+166
         101  -9.4188967690655306E+166
         102  -6.1427587624340406E+166
         103  -4.5046897591182969E+166
         104  -8.1903450165787219E+165
         105  -1.6380690033157444E+166
         106  -1.6380690033157444E+166
         107  -6.9617932640919144E+166
         108  -2.8666207558025528E+166
         109  -6.5522760132629775E+166
         110  -3.6856552574604243E+166
         111  -9.0093795182365937E+166
         112  -7.3713105149208487E+166
         113  -2.4571035049736162E+166
         114  -1.0647448521552339E+167
         115  -5.3237242607761694E+166
         116  -5.7332415116051056E+166
         117  -5.3237242607761694E+166
         118  -4.0951725082893613E+166
         119  -4.9142070099472325E+166
         120  -7.3713105149208487E+166
         121  -9.4188967690655306E+166
         122  -9.4188967690655306E+166
         123  -6.9617932640919144E+166
         124  -5.3237242607761694E+166
         125  -9.8284140198944649E+166
         126  -1.2285517524868081E+167
         127  -5.7332415116051056E+166
         128  -1.1056965772381276E+167
         129  -7.7808277657497856E+166
         130  -1.2695034775697019E+167
         131  -4.5046897591182969E+166
         132  -8.5998622674076581E+166
         133  -4.0951725082893613E+166
         134  -9.8284140198944649E+166
         135  -6.9617932640919144E+166
         136  -2.8666207558025528E+166
         137  -2.0475862541446806E+166
         138  -2.4571035049736162E+166
         139  -9.4188967690655306E+166
         140  -1.0647448521552339E+167
         141  -6.1427587624340406E+166
         142  -8.1903450165787219E+165
         143  -6.9617932640919144E+166
         144  -7.7808277657497856E+166
         145  -1.1466483023210211E+167
         146  -1.2285517524868081E+167
         147  -1.2285517524868081E+166
         148  -8.1903450165787219E+165
         149  -4.9142070099472325E+166
         150  -1.6380690033157444E+166
         151  -4.0951725082893613E+166
         152  -1.0647448521552339E+167
         153  -5.7332415116051056E+166
         154  -7.7808277657497856E+166
         155  -9.4188967690655306E+166
         156  -8.5998622674076581E+166
         157  -7.3713105149208487E+166
         158  -8.1903450165787219E+165
         159  -3.6856552574604243E+166
         160  -7.7808277657497856E+166
         161  -2.4571035049736162E+166
         162  -4.5046897591182969E+166
         163  -6.1427587624340406E+166
         164  -8.1903450165787219E+165
         165  -6.5522760132629775E+166
         166  -2.4571035049736162E+166
         167  -1.0647448521552339E+167
         168  -3.6856552574604243E+166
         169  -4.0951725082893609E+165
         170   4.8037432592197987E+049
         171  -8.5998622674076581E+166
         172  -9.0093795182365937E+166
         173  -2.0475862541446806E+166
         174  -3.6856552574604243E+166
         175  -2.0475862541446806E+166
         176  -8.1903450165787219E+165
         177  -6.5522760132629775E+166
         178  -1.0647448521552339E+167
         179  -8.1903450165787219E+165
         180  -9.0093795182365937E+166
         181  -8.1903450165787219E+165
         182  -7.3713105149208487E+166
         183  -1.6380690033157444E+166
         184  -8.1903450165787225E+166
         185  -4.9142070099472325E+166
         186   9.6074865184395974E+049
         187  -5.3237242607761694E+166
         188  -3.6856552574604243E+166
         189  -6.9617932640919144E+166
         190  -8.1903450165787219E+165
         191  -8.1903450165787219E+165
         192  -1.0237931270723402E+167
         193  -7.3713105149208487E+166
         194  -9.0093795182365937E+166
         195  -5.7332415116051056E+166
         196  -5.7332415116051056E+166
         197  -1.3923586528183829E+167
         198  -1.1466483023210211E+167
         199  -5.3237242607761694E+166
         200  -8.1903450165787219E+165
         201  -6.1427587624340406E+166
         202  -8.1903450165787219E+165
         203  -8.5998622674076581E+166
         204  -9.0093795182365937E+166
         205  -1.2285517524868081E+166
         206  -2.8666207558025528E+166
         207  -4.9142070099472325E+166
         208  -4.5046897591182969E+166
         209  -2.0475862541446806E+166
         210  -4.9142070099472325E+166
         211  -8.1903450165787225E+166
         212  -4.0951725082893609E+165
         213  -3.6856552574604243E+166
         214  -2.8666207558025528E+166
         215  -9.8284140198944649E+166
         216  -9.4188967690655306E+166
         217  -5.3237242607761694E+166
         218  -8.1903450165787219E+165
         219  -4.0951725082893609E+165
         220  -9.0093795182365937E+166
         221  -8.1903450165787219E+165
         222   2.7221211802245527E+050
         223  -5.7332415116051056E+166
         224  -1.6380690033157444E+166
         225  -5.3237242607761694E+166
         226  -8.1903450165787219E+165
         227  -2.0475862541446806E+166
         228  -7.3713105149208487E+166
         229  -4.0951725082893613E+166
         230  -6.1427587624340406E+166
         231  -6.5522760132629775E+166
         232  -1.2285517524868081E+166
         233  -1.0237931270723402E+167
         234  -2.4571035049736162E+166
         235  -5.7332415116051056E+166
         236  -1.1466483023210211E+167
         237  -7.3713105149208487E+166
         238  -9.0093795182365937E+166
         239  -8.1903450165787225E+166
         240  -8.1903450165787225E+166
         241  -6.5522760132629775E+166
         242  -1.2285517524868081E+166
         243  -2.8666207558025528E+166
         244  -2.4571035049736162E+166
         245  -5.7332415116051056E+166
         246  -4.5046897591182969E+166
         247  -2.4571035049736162E+166
         248  -1.6790207283986378E+167
         249  -1.2285517524868081E+166
         250  -4.0951725082893613E+166
         251  -3.6856552574604243E+166
         252  -2.0475862541446806E+166
         253  -2.4571035049736162E+166
         254  -4.0951725082893613E+166
         255  -2.0475862541446806E+166
         256  -8.1903450165787219E+165
         257  -2.0475862541446806E+166
         258  -5.3237242607761694E+166
         259  -4.0951725082893609E+165
         260  -4.0951725082893609E+165
         261  -1.0237931270723402E+167
         262  -4.9142070099472325E+166
         263  -9.4188967690655306E+166
         264  -5.3237242607761694E+166
         265  -1.1876000274039146E+167
         266  -4.5046897591182969E+166
         267  -3.6856552574604243E+166
         268  -3.6856552574604243E+166
         269  -6.9617932640919144E+166
         270  -2.0475862541446806E+166
         271  -1.0647448521552339E+167
         272  -4.0951725082893609E+165
         273  -7.3713105149208487E+166
         274  -5.3237242607761694E+166
         275  -5.7332415116051056E+166
         276  -8.1903450165787225E+166
         277  -1.6380690033157444E+166
         278  -6.1427587624340406E+166
         279  -1.0647448521552339E+167
         280  -6.9617932640919144E+166
         281  -1.2285517524868081E+166
         282  -8.1903450165787225E+166
         283  -3.6856552574604243E+166
         284  -5.7332415116051056E+166
         285  -1.1466483023210211E+167
         286  -4.0951725082893613E+166
         287  -1.0647448521552339E+167
         288  -1.1876000274039146E+167
         289  -2.4571035049736162E+166
         290  -4.0951725082893613E+166
         291   1.4411229777659395E+050
         292  -1.2285517524868081E+166
         293  -1.6380690033157444E+166
         294  -2.8666207558025528E+166
         295  -2.8666207558025528E+166
         296  -4.5046897591182969E+166
         297  -4.9142070099472325E+166
         298  -1.2285517524868081E+166
         299  -3.2761380066314887E+166
         300  -6.9617932640919144E+166
         301  -1.2695034775697019E+167
         302  -9.8284140198944649E+166
         303  -1.3514069277354891E+167
         304  -1.8428276287302126E+167
         305  -1.2285517524868081E+167
         306  -3.2761380066314887E+166
         307  -9.4188967690655306E+166
         308  -9.4188967690655306E+166
         309  -1.6380690033157445E+167
         310  -8.1903450165787219E+165
         311  -8.5998622674076581E+166
         312  -9.0093795182365937E+166
         313  -1.2285517524868081E+167
         314  -3.2761380066314887E+166
         315  -6.9617932640919144E+166
         316  -3.6856552574604243E+166
         317  -4.0951725082893613E+166
         318  -8.5998622674076581E+166
         319   2.0816220789952462E+050
         320  -2.0475862541446806E+166
         321  -1.6380690033157444E+166
         322  -7.3713105149208487E+166
         323  -5.7332415116051056E+166
         324  -6.1427587624340406E+166
         325  -7.3713105149208487E+166
         326   3.5227450567611859E+050
         327  -2.4571035049736162E+166
         328  -2.0475862541446806E+166
         329  -7.7808277657497856E+166
         330  -1.2285517524868081E+166
         331  -4.0951725082893609E+165
         332  -1.0647448521552339E+167
         333  -1.0237931270723402E+167
         334  -5.3237242607761694E+166
         335  -2.4571035049736162E+166
         336  -8.1903450165787219E+165
         337   4.8037432592197987E+049
         338  -2.4571035049736162E+166
         339  -4.0951725082893609E+165
         340  -1.1876000274039146E+167
         341  -4.5046897591182969E+166
         342  -8.1903450165787219E+165
         343  -4.5046897591182969E+166
         344  -3.2761380066314887E+166
         345   1.4411229777659395E+050
         346  -2.0475862541446806E+166
         347  -1.6380690033157444E+166
         348  -6.9617932640919144E+166
         349  -4.9142070099472325E+166
         350  -1.3923586528183829E+167
         351  -2.4571035049736162E+166
         352  -1.3104552026525955E+167
         353  -8.1903450165787219E+165
         354  -2.8666207558025528E+166
         355  -2.0475862541446806E+166
         356  -4.0951725082893613E+166
         357  -2.4571035049736162E+166
         358   3.2024955061465325E+049
         359  -4.0951725082893609E+165
         360  -5.3237242607761694E+166
         361  -4.5046897591182969E+166
         362  -1.1466483023210211E+167
         363  -7.7808277657497856E+166
         364  -1.1876000274039146E+167
         365  -4.5046897591182969E+166
         366  -2.0475862541446806E+166
         367  -6.9617932640919144E+166
         368  -6.5522760132629775E+166
         369  -9.0093795182365937E+166
         370  -6.1427587624340406E+166
         371  -1.2285517524868081E+166
         372  -4.0951725082893609E+165
         373  -2.0475862541446806E+166
         374  -2.4571035049736162E+166
         375  -4.0951725082893609E+165
         376  -3.6856552574604243E+166
         377  -4.0951725082893613E+166
         378  -5.3237242607761694E+166
         379  -5.3237242607761694E+166
         380  -2.0475862541446806E+166
         381  -1.0647448521552339E+167
         382  -1.2285517524868081E+166
         383  -2.4571035049736162E+166
         384  -1.3514069277354891E+167
         385  -3.6856552574604243E+166
         386  -3.6856552574604243E+166
         387  -8.1903450165787219E+165
         388  -8.1903450165787219E+165
         389  -5.3237242607761694E+166
         390  -5.7332415116051056E+166
         391  -6.5522760132629775E+166
         392  -8.5998622674076581E+166
         393  -4.5046897591182969E+166
         394   1.9214973036879195E+050
         395  -1.2285517524868081E+166
         396  -5.3237242607761694E+166
         397   4.6436184839124722E+050
         398  -8.1903450165787219E+165
         399  -3.6856552574604243E+166
         400  -1.3514069277354891E+167
         401  -3.6856552574604243E+166
         402  -8.5998622674076581E+166
         403  -1.1056965772381276E+167
         404  -1.1056965772381276E+167
         405  -4.0951725082893613E+166
         406  -8.1903450165787225E+166
         407  -9.4188967690655306E+166
         408  -4.5046897591182969E+166
         409  -3.6856552574604243E+166
         410  -6.1427587624340406E+166
         411  -3.2761380066314887E+166
         412  -3.6856552574604243E+166
         413  -1.2285517524868081E+167
         414  -9.8284140198944649E+166
         415  -3.2761380066314887E+166
         416   2.2417468543025729E+050
         417  -7.7808277657497856E+166
         418  -6.9617932640919144E+166
         419  -8.1903450165787219E+165
         420  -2.0475862541446806E+166
         421  -4.5046897591182969E+166
         422  -8.1903450165787225E+166
         423  -8.1903450165787225E+166
         424  -4.9142070099472325E+166
         425  -8.1903450165787225E+166
         426  -6.9617932640919144E+166
         427  -8.1903450165787219E+165
         428  -3.2761380066314887E+166
         429  -3.2761380066314887E+166
         430  -7.3713105149208487E+166
         431  -2.4571035049736162E+166
         432  -4.0951725082893613E+166
         433  -7.7808277657497856E+166
         434  -4.9142070099472325E+166
         435  -4.5046897591182969E+166
         436  -4.9142070099472325E+166
         437  -8.5998622674076581E+166
         438  -1.0647448521552339E+167
         439  -6.1427587624340406E+166
         440  -3.6856552574604243E+166
         441  -3.6856552574604243E+166
         442  -1.0647448521552339E+167
         443  -8.1903450165787219E+165
         444   3.5227450567611859E+050
         445  -4.0951725082893613E+166
         446  -6.9617932640919144E+166
         447  -1.2285517524868081E+167
         448  -8.1903450165787225E+166
         449  -4.0951725082893613E+166
         450  -1.0237931270723402E+167
         451  -5.7332415116051056E+166
         452  -7.7808277657497856E+166
         453  -1.6380690033157444E+166
         454  -1.6380690033157444E+166
         455  -9.8284140198944649E+166
         456  -5.7332415116051056E+166
         457  -8.1903450165787225E+166
         458  -9.8284140198944649E+166
         459  -8.1903450165787219E+165
         460  -6.1427587624340406E+166
         461  -8.1903450165787219E+165
         462  -1.0237931270723402E+167
         463  -4.0951725082893613E+166
         464   4.1632441579904924E+050
         465  -2.8666207558025528E+166
         466  -7.3713105149208487E+166
         467  -4.0951725082893609E+165
         468  -3.6856552574604243E+166
         469  -3.2761380066314887E+166
         470  -1.0237931270723402E+167
         471  -6.1427587624340406E+166
         472  -1.6380690033157444E+166
         473   1.7613725283805930E+050
         474  -4.9142070099472325E+166
         475  -2.8666207558025528E+166
         476  -2.8666207558025528E+166
         477  -6.1427587624340406E+166
         478  -5.7332415116051056E+166
         479  -3.2761380066314887E+166
         480  -6.9617932640919144E+166
         481  -4.0951725082893609E+165
         482  -8.5998622674076581E+166
         483  -2.0475862541446806E+166
         484  -6.5522760132629775E+166
         485  -7.7808277657497856E+166
         486  -6.1427587624340406E+166
         487  -4.9142070099472325E+166
         488  -6.9617932640919144E+166
         489  -2.8666207558025528E+166
         490  -9.4188967690655306E+166
         491  -4.5046897591182969E+166
         492  -1.5561655531499571E+167
         493  -7.3713105149208487E+166
         494  -2.4571035049736162E+166
         495  -1.1056965772381276E+167
         496  -6.1427587624340406E+166
         497  -2.8666207558025528E+166
         498  -3.2761380066314887E+166
         499  -3.6856552574604243E+166
