           1   1.4761240900014307E-003
           2  -2.6532759099985731E-003
           3  -1.6508759099985596E-003
           4  -3.0874759099985749E-003
           5  -1.5172759099985691E-003
           6  -5.5398759099985753E-003
           7  -3.4387590999857031E-004
           8  -1.7330759099985667E-003
           9  -3.5862759099985677E-003
          10  -4.4262759099985760E-003
          11  -2.6807590999856581E-004
          12  -2.0808759099985698E-003
          13  -5.2676759099985629E-003
          14  -5.9454759099985708E-003
          15  -7.1386759099985684E-003
          16  -2.9816759099985739E-003
          17  -7.4718594353293602E-003
          18  -7.2197368651454657E-003
          19  -7.0260594353293562E-003
          20  -8.8192429606601518E-003
          21  -9.3762390069653812E-003
          22  -2.2846340360052231E-002
          23  -202493926609.58054     
          24  -368170775653.74164     
          25  -202493926609.58463     
          26  -404987853219.12042     
          27  -230106734783.61383     
          28  -358966506262.41748     
          29  -9.0093795182365937E+166
          30  -1.6380690033157445E+167
          31  -9.0093795182365937E+166
          32  -1.8018759036473187E+167
          33  -1.0237931270723402E+167
          34  -1.5971172782328507E+167
          35  -1.8428276287302126E+167
          36  -1.5971172782328507E+167
          37  -1.3923586528183829E+167
          38  -1.4742621029841697E+167
          39  -1.8018759036473187E+167
          40  -1.8428276287302126E+167
          41  -5.3237242607761694E+166
          42  -1.1876000274039146E+167
          43  -1.8018759036473187E+167
          44  -1.8428276287302126E+167
          45  -1.6790207283986378E+167
          46  -1.5561655531499571E+167
          47  -1.0647448521552339E+167
          48  -1.3514069277354891E+167
          49  -1.3923586528183829E+167
          50  -1.7199724534815316E+167
          51  -1.5971172782328507E+167
          52  -6.5522760132629775E+166
          53  -1.8837793538131061E+167
          54  -1.8018759036473187E+167
          55  -1.5152138280670633E+167
          56  -1.9247310788959994E+167
          57  -1.7609241785644252E+167
          58  -4.9142070099472325E+166
          59  -4.0951725082893609E+165
          60  -1.3923586528183829E+167
          61  -1.5152138280670633E+167
          62  -2.0475862541446804E+167
          63  -9.4188967690655306E+166
          64  -1.3923586528183829E+167
          65  -1.2695034775697019E+167
          66  -1.9247310788959994E+167
          67  -1.6380690033157445E+167
          68  -1.8428276287302126E+167
          69  -1.0647448521552339E+167
          70  -9.4188967690655306E+166
          71  -1.6790207283986378E+167
          72  -1.2285517524868081E+167
          73  -1.9247310788959994E+167
          74  -8.5998622674076581E+166
          75  -5.7332415116051056E+166
          76  -7.3713105149208487E+166
          77  -2.4571035049736162E+166
          78  -1.7609241785644252E+167
          79  -1.8018759036473187E+167
          80  -1.3514069277354891E+167
          81  -1.8837793538131061E+167
          82  -1.7609241785644252E+167
          83  -1.2285517524868081E+166
          84  -9.4188967690655306E+166
          85  -1.5561655531499571E+167
          86  -6.1427587624340406E+166
          87  -9.8284140198944649E+166
          88  -2.8666207558025528E+166
          89  -1.5971172782328507E+167
          90  -1.7199724534815316E+167
          91  -9.0093795182365937E+166
          92  -1.9656828039788930E+167
          93  -8.1903450165787219E+165
          94  -7.7808277657497856E+166
          95  -1.5971172782328507E+167
          96  -1.8428276287302126E+167
          97  -1.2695034775697019E+167
          98  -1.3514069277354891E+167
          99  -1.6380690033157445E+167
         100  -1.3923586528183829E+167
         101  -1.5971172782328507E+167
         102  -1.3923586528183829E+167
         103  -1.4742621029841697E+167
         104  -1.8837793538131061E+167
         105  -8.1903450165787225E+166
         106  -1.4333103779012762E+167
         107  -1.9247310788959994E+167
         108  -1.4333103779012762E+167
         109  -1.7199724534815316E+167
         110  -1.8428276287302126E+167
         111  -1.3514069277354891E+167
         112  -1.8837793538131061E+167
         113  -1.1466483023210211E+167
         114  -2.0475862541446804E+167
         115  -2.0066345290617868E+167
         116  -1.2285517524868081E+167
         117  -1.2285517524868081E+167
         118  -1.4742621029841697E+167
         119  -1.6790207283986378E+167
         120  -1.9247310788959994E+167
         121  -1.7199724534815316E+167
         122  -1.8837793538131061E+167
         123  -1.6380690033157445E+167
         124  -1.9656828039788930E+167
         125  -1.5152138280670633E+167
         126  -1.7199724534815316E+167
         127  -9.4188967690655306E+166
         128  -1.3923586528183829E+167
         129  -1.8837793538131061E+167
         130  -1.4742621029841697E+167
         131  -6.9617932640919144E+166
         132  -1.7609241785644252E+167
         133  -1.9247310788959994E+167
         134  -1.3514069277354891E+167
         135  -1.0647448521552339E+167
         136  -1.6380690033157445E+167
         137  -1.5561655531499571E+167
         138  -1.8837793538131061E+167
         139  -1.9656828039788930E+167
         140  -1.5971172782328507E+167
         141  -9.0093795182365937E+166
         142  -9.4188967690655306E+166
         143  -1.6790207283986378E+167
         144  -1.1876000274039146E+167
         145  -1.9656828039788930E+167
         146  -1.5152138280670633E+167
         147  -1.6790207283986378E+167
         148  -1.2695034775697019E+167
         149  -1.5561655531499571E+167
         150  -6.1427587624340406E+166
         151  -1.3514069277354891E+167
         152  -1.5971172782328507E+167
         153  -1.6790207283986378E+167
         154  -1.5152138280670633E+167
         155  -1.6380690033157445E+167
         156  -1.1876000274039146E+167
         157  -4.5046897591182969E+166
         158  -1.6380690033157445E+167
         159  -2.4571035049736162E+166
         160  -1.4333103779012762E+167
         161  -1.9247310788959994E+167
         162  -1.0237931270723402E+167
         163  -1.1056965772381276E+167
         164  -1.5561655531499571E+167
         165  -1.2695034775697019E+167
         166  -1.8837793538131061E+167
         167  -1.8018759036473187E+167
         168  -1.6790207283986378E+167
         169  -1.7199724534815316E+167
         170  -1.1466483023210211E+167
         171  -6.9617932640919144E+166
         172  -1.8018759036473187E+167
         173  -1.5561655531499571E+167
         174  -7.7808277657497856E+166
         175  -2.0475862541446806E+166
         176  -1.9656828039788930E+167
         177  -1.8018759036473187E+167
         178  -1.5971172782328507E+167
         179  -1.4742621029841697E+167
         180  -1.8018759036473187E+167
         181  -1.8837793538131061E+167
         182  -1.6380690033157444E+166
         183  -6.1427587624340406E+166
         184  -1.2285517524868081E+167
         185   7.3657396641370245E+050
         186  -1.7609241785644252E+167
         187  -1.1056965772381276E+167
         188  -1.8837793538131061E+167
         189  -9.4188967690655306E+166
         190  -1.0647448521552339E+167
         191  -2.0475862541446806E+166
         192  -1.5561655531499571E+167
         193  -1.4742621029841697E+167
         194  -1.6380690033157445E+167
         195  -1.3104552026525955E+167
         196  -1.8018759036473187E+167
         197  -1.5561655531499571E+167
         198  -4.9142070099472325E+166
         199  -1.4742621029841697E+167
         200  -1.8837793538131061E+167
         201  -1.6380690033157445E+167
         202  -1.4742621029841697E+167
         203  -1.3923586528183829E+167
         204  -3.2761380066314887E+166
         205  -1.3514069277354891E+167
         206  -8.5998622674076581E+166
         207  -1.0237931270723402E+167
         208  -6.1427587624340406E+166
         209  -1.3104552026525955E+167
         210  -1.8837793538131061E+167
         211  -1.6380690033157445E+167
         212  -5.3237242607761694E+166
         213  -1.8428276287302126E+167
         214  -1.4742621029841697E+167
         215  -1.5152138280670633E+167
         216  -1.4742621029841697E+167
         217  -1.5152138280670633E+167
         218  -6.9617932640919144E+166
         219  -1.3923586528183829E+167
         220  -1.5561655531499571E+167
         221  -1.8837793538131061E+167
         222  -5.3237242607761694E+166
         223  -9.4188967690655306E+166
         224  -1.5561655531499571E+167
         225  -1.3923586528183829E+167
         226  -1.7609241785644252E+167
         227  -1.8018759036473187E+167
         228  -8.1903450165787219E+165
         229  -1.7609241785644252E+167
         230  -1.9247310788959994E+167
         231  -1.3923586528183829E+167
         232  -1.3923586528183829E+167
         233  -1.3514069277354891E+167
         234  -1.3514069277354891E+167
         235  -1.7199724534815316E+167
         236  -4.0951725082893609E+165
         237  -1.8428276287302126E+167
         238  -1.4742621029841697E+167
         239  -1.2285517524868081E+166
         240  -1.7199724534815316E+167
         241  -1.9656828039788930E+167
         242  -1.8018759036473187E+167
         243  -1.0647448521552339E+167
         244  -1.9247310788959994E+167
         245  -1.6790207283986378E+167
         246  -4.5046897591182969E+166
         247  -1.9247310788959994E+167
         248  -5.3237242607761694E+166
         249  -1.5561655531499571E+167
         250  -2.0475862541446806E+166
         251  -1.8837793538131061E+167
         252  -1.6380690033157445E+167
         253  -2.0475862541446804E+167
         254  -1.2285517524868081E+167
         255  -1.5561655531499571E+167
         256  -1.7199724534815316E+167
         257  -1.4742621029841697E+167
         258  -1.3104552026525955E+167
         259  -3.6856552574604243E+166
         260  -1.7199724534815316E+167
         261  -1.8428276287302126E+167
         262  -1.8837793538131061E+167
         263  -1.8018759036473187E+167
         264  -1.8018759036473187E+167
         265  -1.0237931270723402E+167
         266  -1.9247310788959994E+167
         267  -1.8428276287302126E+167
         268  -1.5152138280670633E+167
         269  -1.1876000274039146E+167
         270  -1.1466483023210211E+167
         271  -1.8428276287302126E+167
         272  -1.3514069277354891E+167
         273  -1.9247310788959994E+167
         274  -1.8428276287302126E+167
         275  -2.0066345290617868E+167
         276  -1.1466483023210211E+167
         277  -1.4333103779012762E+167
         278  -1.8018759036473187E+167
         279  -1.4333103779012762E+167
         280  -9.8284140198944649E+166
         281  -6.1427587624340406E+166
         282  -1.9247310788959994E+167
         283  -7.7808277657497856E+166
         284  -5.7332415116051056E+166
         285  -1.5561655531499571E+167
         286  -1.6790207283986378E+167
         287  -1.9656828039788930E+167
         288  -6.5522760132629775E+166
         289  -8.5998622674076581E+166
         290  -1.3104552026525955E+167
         291  -1.7199724534815316E+167
         292  -1.7609241785644252E+167
         293  -1.7199724534815316E+167
         294  -9.0093795182365937E+166
         295   4.3233689332978187E+050
         296  -1.5561655531499571E+167
         297  -1.5971172782328507E+167
         298  -8.5998622674076581E+166
         299  -1.5971172782328507E+167
         300  -7.3713105149208487E+166
         301  -1.0237931270723402E+167
         302  -1.1466483023210211E+167
         303  -3.6856552574604243E+166
         304  -1.3514069277354891E+167
         305  -1.6790207283986378E+167
         306  -1.7609241785644252E+167
         307  -1.3514069277354891E+167
         308  -8.1903450165787225E+166
         309  -1.8018759036473187E+167
         310  -1.8428276287302126E+167
         311  -8.1903450165787225E+166
         312  -1.0647448521552339E+167
         313  -1.2285517524868081E+167
         314  -1.6790207283986378E+167
         315  -1.3923586528183829E+167
         316  -1.2695034775697019E+167
         317  -1.9247310788959994E+167
         318  -1.3514069277354891E+167
         319  -1.5152138280670633E+167
         320  -1.7199724534815316E+167
         321  -1.7609241785644252E+167
         322  -1.5561655531499571E+167
         323  -1.6380690033157445E+167
         324  -7.7808277657497856E+166
         325  -1.6790207283986378E+167
         326  -1.5971172782328507E+167
         327  -1.4742621029841697E+167
         328  -1.7199724534815316E+167
         329  -1.4333103779012762E+167
         330  -6.1427587624340406E+166
         331  -1.0647448521552339E+167
         332  -1.2695034775697019E+167
         333  -1.5561655531499571E+167
         334  -1.7609241785644252E+167
         335  -1.8018759036473187E+167
         336  -2.0066345290617868E+167
         337  -1.0647448521552339E+167
         338  -1.3923586528183829E+167
         339  -1.6380690033157445E+167
         340  -1.6380690033157445E+167
         341  -1.8837793538131061E+167
         342  -1.2695034775697019E+167
         343  -1.7609241785644252E+167
         344  -1.4333103779012762E+167
         345  -1.6790207283986378E+167
         346  -2.0475862541446806E+166
         347  -1.8428276287302126E+167
         348  -1.0647448521552339E+167
         349  -4.0951725082893609E+165
         350  -1.5971172782328507E+167
         351  -1.5971172782328507E+167
         352  -1.4333103779012762E+167
         353  -9.4188967690655306E+166
         354  -1.2285517524868081E+167
         355  -1.8428276287302126E+167
         356  -9.0093795182365937E+166
         357  -1.6790207283986378E+167
         358  -2.0475862541446804E+167
         359  -1.6380690033157444E+166
         360  -1.4333103779012762E+167
         361  -1.1466483023210211E+167
         362  -1.7199724534815316E+167
         363  -2.0066345290617868E+167
         364  -5.3237242607761694E+166
         365  -5.7332415116051056E+166
         366  -1.8018759036473187E+167
         367  -1.5971172782328507E+167
         368  -1.6790207283986378E+167
         369  -1.8837793538131061E+167
         370  -1.6380690033157445E+167
         371  -1.8018759036473187E+167
         372  -1.7199724534815316E+167
         373  -1.4333103779012762E+167
         374  -1.7199724534815316E+167
         375  -1.8018759036473187E+167
         376  -1.8428276287302126E+167
         377  -8.1903450165787225E+166
         378  -1.6380690033157445E+167
         379  -2.0066345290617868E+167
         380  -1.9247310788959994E+167
         381  -1.8428276287302126E+167
         382  -8.1903450165787225E+166
         383  -1.8018759036473187E+167
         384  -1.5971172782328507E+167
         385  -1.8837793538131061E+167
         386  -1.8018759036473187E+167
         387  -1.6790207283986378E+167
         388  -1.6380690033157445E+167
         389  -1.2695034775697019E+167
         390  -1.6380690033157445E+167
         391  -1.8018759036473187E+167
         392  -1.8018759036473187E+167
         393  -1.3514069277354891E+167
         394  -1.8837793538131061E+167
         395  -1.7199724534815316E+167
         396  -1.0647448521552339E+167
         397  -2.0475862541446804E+167
         398  -1.6380690033157445E+167
         399  -1.6380690033157445E+167
         400  -1.6380690033157445E+167
         401  -1.9247310788959994E+167
         402  -1.8428276287302126E+167
         403  -1.2695034775697019E+167
         404  -1.3923586528183829E+167
         405  -1.9656828039788930E+167
         406  -1.7609241785644252E+167
         407  -1.3923586528183829E+167
         408  -2.0066345290617868E+167
         409  -1.5971172782328507E+167
         410  -1.1876000274039146E+167
         411  -8.5998622674076581E+166
         412  -1.9247310788959994E+167
         413  -1.6790207283986378E+167
         414  -7.7808277657497856E+166
         415  -2.0066345290617868E+167
         416  -1.6380690033157445E+167
         417  -1.2695034775697019E+167
         418  -1.6380690033157445E+167
         419  -1.5971172782328507E+167
         420  -1.0237931270723402E+167
         421  -1.6790207283986378E+167
         422  -1.8018759036473187E+167
         423  -1.3514069277354891E+167
         424  -1.9247310788959994E+167
         425  -1.7609241785644252E+167
         426  -1.5152138280670633E+167
         427  -1.6380690033157445E+167
         428  -1.4333103779012762E+167
         429  -1.8428276287302126E+167
         430  -7.7808277657497856E+166
         431  -1.8837793538131061E+167
         432  -8.5998622674076581E+166
         433  -1.0647448521552339E+167
         434  -1.0647448521552339E+167
         435  -1.3514069277354891E+167
         436  -1.8428276287302126E+167
         437  -1.1876000274039146E+167
         438  -1.3514069277354891E+167
         439  -1.8018759036473187E+167
         440  -1.5971172782328507E+167
         441  -1.6790207283986378E+167
         442  -9.0093795182365937E+166
         443  -1.8428276287302126E+167
         444  -3.6856552574604243E+166
         445  -1.3104552026525955E+167
         446  -1.6380690033157445E+167
         447  -5.7332415116051056E+166
         448  -1.5971172782328507E+167
         449  -1.6790207283986378E+167
         450  -1.3514069277354891E+167
         451  -1.9247310788959994E+167
         452  -1.8837793538131061E+167
         453  -1.2695034775697019E+167
         454  -1.2695034775697019E+167
         455  -1.8018759036473187E+167
         456  -1.8837793538131061E+167
         457  -1.6380690033157445E+167
         458  -1.7199724534815316E+167
         459  -1.4333103779012762E+167
         460  -5.3237242607761694E+166
         461  -8.5998622674076581E+166
         462  -1.6380690033157445E+167
         463  -7.3713105149208487E+166
         464  -1.7199724534815316E+167
         465  -1.7609241785644252E+167
         466  -1.2695034775697019E+167
         467  -1.5971172782328507E+167
         468  -1.6380690033157445E+167
         469  -1.4742621029841697E+167
         470  -1.8018759036473187E+167
         471  -1.5971172782328507E+167
         472  -1.1056965772381276E+167
         473  -1.2285517524868081E+167
         474  -1.3923586528183829E+167
         475  -6.1427587624340406E+166
         476  -9.4188967690655306E+166
         477  -1.1056965772381276E+167
         478  -1.5152138280670633E+167
         479  -1.5561655531499571E+167
         480  -1.7199724534815316E+167
         481  -1.3514069277354891E+167
         482  -2.4571035049736162E+166
         483  -1.8018759036473187E+167
         484  -2.8666207558025528E+166
         485  -1.8428276287302126E+167
         486  -1.6790207283986378E+167
         487  -1.9656828039788930E+167
         488  -1.8837793538131061E+167
         489  -1.9656828039788930E+167
         490  -1.8837793538131061E+167
         491  -1.0647448521552339E+167
         492  -1.7609241785644252E+167
         493  -9.0093795182365937E+166
         494  -1.7199724534815316E+167
         495  -7.3713105149208487E+166
         496  -1.2695034775697019E+167
         497  -1.7199724534815316E+167
         498  -6.5522760132629775E+166
         499  -1.2695034775697019E+167
