           1   1.0000000000000000     
           2  0.97999999999999998     
           3  0.95999999999999996     
           4  0.93999999999999995     
           5  0.90000000000000002     
           6  0.92000000000000004     
           7  0.81999999999999995     
           8  0.95999999999999996     
           9  0.78000000000000003     
          10  0.81999999999999995     
          11  0.83999999999999997     
          12  0.93999999999999995     
          13  0.92000000000000004     
          14  0.85999999999999999     
          15  0.88000000000000000     
          16  0.90000000000000002     
          17  0.90000000000000002     
          18  0.92000000000000004     
          19  0.93999999999999995     
          20  0.90000000000000002     
          21  0.88000000000000000     
          22  0.97999999999999998     
          23  0.95999999999999996     
          24  0.93999999999999995     
          25  0.92000000000000004     
          26  0.56000000000000005     
          27  0.93999999999999995     
          28   1.0000000000000000     
          29  0.93999999999999995     
          30  0.93999999999999995     
          31  0.97999999999999998     
          32  0.97999999999999998     
          33  0.97999999999999998     
          34  0.88000000000000000     
          35  0.95999999999999996     
          36  0.93999999999999995     
          37  0.93999999999999995     
          38   1.0000000000000000     
          39  0.92000000000000004     
          40  0.81999999999999995     
          41  0.95999999999999996     
          42  0.16000000000000000     
          43  0.85999999999999999     
          44  0.97999999999999998     
          45  0.85999999999999999     
          46  0.88000000000000000     
          47  0.83999999999999997     
          48  0.90000000000000002     
          49  0.93999999999999995     
          50  0.88000000000000000     
          51  0.85999999999999999     
          52  0.69999999999999996     
          53  0.88000000000000000     
          54  0.85999999999999999     
          55  0.92000000000000004     
          56  0.95999999999999996     
          57   1.0000000000000000     
          58  0.90000000000000002     
          59  0.56000000000000005     
          60  0.46000000000000002     
          61  0.97999999999999998     
          62  0.88000000000000000     
          63  0.69999999999999996     
          64  0.90000000000000002     
          65  0.80000000000000004     
          66  0.85999999999999999     
          67  0.95999999999999996     
          68  0.90000000000000002     
          69  0.83999999999999997     
          70  0.81999999999999995     
          71  0.81999999999999995     
          72  0.95999999999999996     
          73  0.81999999999999995     
          74  0.78000000000000003     
          75  0.88000000000000000     
          76  0.90000000000000002     
          77  0.95999999999999996     
          78  0.73999999999999999     
          79  0.93999999999999995     
          80  0.92000000000000004     
          81  0.90000000000000002     
          82  0.88000000000000000     
          83  0.88000000000000000     
          84  0.95999999999999996     
          85  0.88000000000000000     
          86  0.80000000000000004     
          87  0.95999999999999996     
          88  0.92000000000000004     
          89  0.90000000000000002     
          90   1.0000000000000000     
          91  0.93999999999999995     
          92  0.69999999999999996     
          93  0.88000000000000000     
          94   1.0000000000000000     
          95  0.95999999999999996     
          96  0.80000000000000004     
          97  0.59999999999999998     
          98  0.92000000000000004     
          99  0.68000000000000005     
         100  0.85999999999999999     
         101  0.97999999999999998     
         102  0.95999999999999996     
         103  0.90000000000000002     
         104  0.97999999999999998     
         105  0.97999999999999998     
         106   1.0000000000000000     
         107  0.81999999999999995     
         108  0.85999999999999999     
         109  0.90000000000000002     
         110  0.88000000000000000     
         111  0.95999999999999996     
         112  0.92000000000000004     
         113  0.92000000000000004     
         114  0.83999999999999997     
         115  0.97999999999999998     
         116  0.81999999999999995     
         117  0.90000000000000002     
         118  0.92000000000000004     
         119  0.90000000000000002     
         120  0.97999999999999998     
         121  0.78000000000000003     
         122  0.97999999999999998     
         123  0.97999999999999998     
         124  0.97999999999999998     
         125  0.97999999999999998     
         126  0.92000000000000004     
         127  0.95999999999999996     
         128  0.85999999999999999     
         129  0.83999999999999997     
         130  0.78000000000000003     
         131  0.85999999999999999     
         132  0.90000000000000002     
         133  0.64000000000000001     
         134  0.93999999999999995     
         135  0.62000000000000000     
         136  0.56000000000000005     
         137  0.83999999999999997     
         138  0.92000000000000004     
         139  0.88000000000000000     
         140  0.88000000000000000     
         141  0.88000000000000000     
         142  0.88000000000000000     
         143  0.92000000000000004     
         144  0.73999999999999999     
         145  0.83999999999999997     
         146  0.81999999999999995     
         147  0.88000000000000000     
         148  0.95999999999999996     
         149  0.97999999999999998     
         150  0.88000000000000000     
         151  0.97999999999999998     
         152  0.85999999999999999     
         153  0.83999999999999997     
         154  0.93999999999999995     
         155  0.93999999999999995     
         156  0.93999999999999995     
         157  0.88000000000000000     
         158  0.71999999999999997     
         159  0.92000000000000004     
         160  0.90000000000000002     
         161  0.88000000000000000     
         162  0.88000000000000000     
         163  0.83999999999999997     
         164  0.95999999999999996     
         165  0.85999999999999999     
         166  0.97999999999999998     
         167  0.95999999999999996     
         168  0.85999999999999999     
         169  0.95999999999999996     
         170  0.73999999999999999     
         171  0.59999999999999998     
         172  0.92000000000000004     
         173  0.95999999999999996     
         174  0.81999999999999995     
         175  0.88000000000000000     
         176  0.90000000000000002     
         177  0.93999999999999995     
         178  0.95999999999999996     
         179  0.90000000000000002     
         180  0.81999999999999995     
         181  0.85999999999999999     
         182  0.95999999999999996     
         183  0.73999999999999999     
         184  0.92000000000000004     
         185  0.92000000000000004     
         186  0.80000000000000004     
         187  0.41999999999999998     
         188  0.88000000000000000     
         189  0.90000000000000002     
         190  0.93999999999999995     
         191  0.76000000000000001     
         192  0.85999999999999999     
         193  0.85999999999999999     
         194  0.88000000000000000     
         195  0.76000000000000001     
         196  0.81999999999999995     
         197  0.85999999999999999     
         198  0.95999999999999996     
         199  0.80000000000000004     
         200  0.92000000000000004     
         201  0.88000000000000000     
         202  0.85999999999999999     
         203  0.97999999999999998     
         204  0.93999999999999995     
         205  0.88000000000000000     
         206  0.92000000000000004     
         207  0.95999999999999996     
         208  0.95999999999999996     
         209  0.88000000000000000     
         210  0.92000000000000004     
         211  0.95999999999999996     
         212  0.93999999999999995     
         213  0.92000000000000004     
         214  0.81999999999999995     
         215  0.95999999999999996     
         216  0.93999999999999995     
         217  0.90000000000000002     
         218  0.81999999999999995     
         219  0.95999999999999996     
         220  0.41999999999999998     
         221  0.93999999999999995     
         222   1.0000000000000000     
         223  0.88000000000000000     
         224  0.73999999999999999     
         225  0.90000000000000002     
         226  0.59999999999999998     
         227  0.88000000000000000     
         228  0.50000000000000000     
         229  0.78000000000000003     
         230  0.95999999999999996     
         231  0.88000000000000000     
         232  0.93999999999999995     
         233  0.93999999999999995     
         234  0.93999999999999995     
         235  0.78000000000000003     
         236  0.83999999999999997     
         237  0.93999999999999995     
         238  0.62000000000000000     
         239  0.97999999999999998     
         240  0.92000000000000004     
         241  0.76000000000000001     
         242  0.78000000000000003     
         243  0.97999999999999998     
         244  0.88000000000000000     
         245  0.85999999999999999     
         246  0.88000000000000000     
         247  0.93999999999999995     
         248  0.92000000000000004     
         249  0.93999999999999995     
         250  0.95999999999999996     
         251  0.93999999999999995     
         252  0.81999999999999995     
         253  0.93999999999999995     
         254  0.90000000000000002     
         255  0.93999999999999995     
         256  0.85999999999999999     
         257  0.83999999999999997     
         258  0.88000000000000000     
         259  0.88000000000000000     
         260  0.76000000000000001     
         261  0.95999999999999996     
         262   1.0000000000000000     
         263  0.95999999999999996     
         264  0.95999999999999996     
         265  0.93999999999999995     
         266  0.95999999999999996     
         267  0.88000000000000000     
         268  0.95999999999999996     
         269  0.97999999999999998     
         270  0.73999999999999999     
         271  0.95999999999999996     
         272  0.83999999999999997     
         273  0.93999999999999995     
         274  0.95999999999999996     
         275  0.85999999999999999     
         276  0.92000000000000004     
         277  0.92000000000000004     
         278  0.93999999999999995     
         279  0.92000000000000004     
         280  0.92000000000000004     
         281  0.85999999999999999     
         282  0.92000000000000004     
         283  0.83999999999999997     
         284  0.95999999999999996     
         285  0.81999999999999995     
         286  0.92000000000000004     
         287  0.92000000000000004     
         288  0.93999999999999995     
         289  0.88000000000000000     
         290  0.93999999999999995     
         291  0.92000000000000004     
         292  0.88000000000000000     
         293  0.81999999999999995     
         294   1.0000000000000000     
         295  0.95999999999999996     
         296  0.92000000000000004     
         297  0.95999999999999996     
         298   1.0000000000000000     
         299  0.81999999999999995     
         300  0.90000000000000002     
         301  0.59999999999999998     
         302  0.93999999999999995     
         303  0.80000000000000004     
         304  0.85999999999999999     
         305  0.57999999999999996     
         306  0.88000000000000000     
         307  0.92000000000000004     
         308   1.0000000000000000     
         309   1.0000000000000000     
         310  0.54000000000000004     
         311  0.90000000000000002     
         312  0.85999999999999999     
         313  0.85999999999999999     
         314  0.92000000000000004     
         315  0.93999999999999995     
         316  0.90000000000000002     
         317  0.97999999999999998     
         318  0.90000000000000002     
         319  0.88000000000000000     
         320  0.92000000000000004     
         321  0.85999999999999999     
         322  0.95999999999999996     
         323  0.80000000000000004     
         324  0.22000000000000000     
         325  0.92000000000000004     
         326  0.92000000000000004     
         327  0.97999999999999998     
         328  0.90000000000000002     
         329  0.95999999999999996     
         330  0.92000000000000004     
         331   1.0000000000000000     
         332  0.83999999999999997     
         333  0.97999999999999998     
         334  0.95999999999999996     
         335  0.90000000000000002     
         336  0.92000000000000004     
         337  0.88000000000000000     
         338  0.71999999999999997     
         339  0.88000000000000000     
         340  0.92000000000000004     
         341  0.76000000000000001     
         342  0.92000000000000004     
         343  0.92000000000000004     
         344  0.95999999999999996     
         345  0.95999999999999996     
         346  0.83999999999999997     
         347  0.73999999999999999     
         348  0.92000000000000004     
         349  0.20000000000000001     
         350  0.92000000000000004     
         351  0.44000000000000000     
         352  0.85999999999999999     
         353  0.85999999999999999     
         354  0.92000000000000004     
         355  0.85999999999999999     
         356  0.97999999999999998     
         357  0.78000000000000003     
         358   1.0000000000000000     
         359  0.90000000000000002     
         360  0.90000000000000002     
         361  0.92000000000000004     
         362  0.83999999999999997     
         363  0.97999999999999998     
         364  0.90000000000000002     
         365  0.95999999999999996     
         366  0.95999999999999996     
         367  0.90000000000000002     
         368  0.92000000000000004     
         369  0.92000000000000004     
         370  0.76000000000000001     
         371  0.88000000000000000     
         372  0.80000000000000004     
         373  0.73999999999999999     
         374  0.92000000000000004     
         375  0.92000000000000004     
         376  0.95999999999999996     
         377  0.83999999999999997     
         378  0.85999999999999999     
         379  0.95999999999999996     
         380  0.92000000000000004     
         381   1.0000000000000000     
         382  0.95999999999999996     
         383  0.81999999999999995     
         384  0.97999999999999998     
         385  0.92000000000000004     
         386  0.90000000000000002     
         387  0.88000000000000000     
         388   1.0000000000000000     
         389  0.95999999999999996     
         390  0.93999999999999995     
         391  0.93999999999999995     
         392  0.64000000000000001     
         393  0.95999999999999996     
         394  0.12000000000000000     
         395  0.80000000000000004     
         396  0.80000000000000004     
         397  0.92000000000000004     
         398  0.95999999999999996     
         399  0.92000000000000004     
         400  0.93999999999999995     
         401  0.88000000000000000     
         402  0.90000000000000002     
         403  0.80000000000000004     
         404  0.93999999999999995     
         405  0.90000000000000002     
         406  0.85999999999999999     
         407  0.80000000000000004     
         408  0.85999999999999999     
         409  0.81999999999999995     
         410  0.95999999999999996     
         411  0.93999999999999995     
         412   1.0000000000000000     
         413  0.95999999999999996     
         414  0.95999999999999996     
         415  0.95999999999999996     
         416  0.90000000000000002     
         417  0.78000000000000003     
         418  0.90000000000000002     
         419  0.88000000000000000     
         420  0.44000000000000000     
         421  0.93999999999999995     
         422  0.88000000000000000     
         423  0.90000000000000002     
         424  0.88000000000000000     
         425  0.93999999999999995     
         426  0.71999999999999997     
         427  0.81999999999999995     
         428  0.90000000000000002     
         429  0.97999999999999998     
         430  0.97999999999999998     
         431  0.95999999999999996     
         432  0.88000000000000000     
         433  0.90000000000000002     
         434  0.85999999999999999     
         435  0.90000000000000002     
         436  0.85999999999999999     
         437  0.80000000000000004     
         438  0.73999999999999999     
         439  0.97999999999999998     
         440  0.93999999999999995     
         441  0.92000000000000004     
         442  0.76000000000000001     
         443  0.85999999999999999     
         444  0.95999999999999996     
         445  0.78000000000000003     
         446  0.95999999999999996     
         447  0.97999999999999998     
         448  0.62000000000000000     
         449  0.93999999999999995     
         450  0.83999999999999997     
         451  0.95999999999999996     
         452  0.95999999999999996     
         453  0.83999999999999997     
         454  0.81999999999999995     
         455  0.85999999999999999     
         456  0.90000000000000002     
         457  0.69999999999999996     
         458  0.92000000000000004     
         459  0.93999999999999995     
         460  0.93999999999999995     
         461  0.81999999999999995     
         462  0.90000000000000002     
         463  0.95999999999999996     
         464  0.92000000000000004     
         465  0.95999999999999996     
         466  0.95999999999999996     
         467  0.93999999999999995     
         468  0.90000000000000002     
         469  0.80000000000000004     
         470  0.92000000000000004     
         471  0.92000000000000004     
         472  0.76000000000000001     
         473  0.76000000000000001     
         474  0.64000000000000001     
         475  0.92000000000000004     
         476  0.85999999999999999     
         477  0.93999999999999995     
         478  0.90000000000000002     
         479  0.95999999999999996     
         480  0.97999999999999998     
         481  0.76000000000000001     
         482  0.81999999999999995     
         483  0.80000000000000004     
         484  0.93999999999999995     
         485  0.93999999999999995     
         486  0.92000000000000004     
         487  0.12000000000000000     
         488  0.81999999999999995     
         489  0.41999999999999998     
         490  0.95999999999999996     
         491  0.93999999999999995     
         492   4.0000000000000001E-002
         493  0.90000000000000002     
         494  0.93999999999999995     
         495  0.97999999999999998     
         496  0.64000000000000001     
         497  0.97999999999999998     
         498  0.93999999999999995     
         499   1.0000000000000000     
         500  0.97999999999999998     
         501  0.85999999999999999     
         502  0.90000000000000002     
         503  0.88000000000000000     
         504  0.95999999999999996     
         505  0.88000000000000000     
         506  0.73999999999999999     
         507  0.90000000000000002     
         508  0.81999999999999995     
         509  0.81999999999999995     
         510  0.95999999999999996     
         511  0.54000000000000004     
         512  0.90000000000000002     
         513  0.92000000000000004     
         514  0.92000000000000004     
         515  0.92000000000000004     
         516  0.83999999999999997     
         517  0.93999999999999995     
         518  0.80000000000000004     
         519  0.90000000000000002     
         520  0.85999999999999999     
         521  0.76000000000000001     
         522  0.88000000000000000     
         523  0.95999999999999996     
         524  0.80000000000000004     
         525  0.38000000000000000     
         526  0.95999999999999996     
         527  0.85999999999999999     
         528  0.97999999999999998     
         529  0.88000000000000000     
         530  0.85999999999999999     
         531  0.10000000000000001     
         532  0.88000000000000000     
         533  0.88000000000000000     
         534  0.97999999999999998     
         535  0.83999999999999997     
         536  0.92000000000000004     
         537  0.93999999999999995     
         538  0.88000000000000000     
         539  0.93999999999999995     
         540  0.93999999999999995     
         541  0.90000000000000002     
         542  0.88000000000000000     
         543  0.90000000000000002     
         544  0.95999999999999996     
         545  0.90000000000000002     
         546  0.92000000000000004     
         547  0.92000000000000004     
         548  0.80000000000000004     
         549  0.71999999999999997     
         550  0.88000000000000000     
         551  0.93999999999999995     
         552  0.97999999999999998     
         553  0.90000000000000002     
         554  0.85999999999999999     
         555  0.95999999999999996     
         556  0.93999999999999995     
         557  0.56000000000000005     
         558  0.81999999999999995     
         559  0.92000000000000004     
         560  0.80000000000000004     
         561  0.97999999999999998     
         562  0.83999999999999997     
         563  0.78000000000000003     
         564  0.85999999999999999     
         565  0.93999999999999995     
         566  0.92000000000000004     
         567  0.90000000000000002     
         568  0.92000000000000004     
         569  0.90000000000000002     
         570  0.83999999999999997     
         571  0.97999999999999998     
         572  0.95999999999999996     
         573  0.90000000000000002     
         574  0.85999999999999999     
         575  0.93999999999999995     
         576  0.57999999999999996     
         577  0.97999999999999998     
         578  0.92000000000000004     
         579  0.90000000000000002     
         580  0.80000000000000004     
         581  0.85999999999999999     
         582   1.0000000000000000     
         583  0.90000000000000002     
         584  0.88000000000000000     
         585  0.81999999999999995     
         586  0.88000000000000000     
         587  0.62000000000000000     
         588  0.78000000000000003     
         589  0.92000000000000004     
         590  0.92000000000000004     
         591  0.90000000000000002     
         592  0.78000000000000003     
         593  0.50000000000000000     
         594  0.85999999999999999     
         595   1.0000000000000000     
         596  0.81999999999999995     
         597  0.85999999999999999     
         598  0.88000000000000000     
         599  0.80000000000000004     
         600  0.95999999999999996     
         601  0.92000000000000004     
         602  0.69999999999999996     
         603  0.97999999999999998     
         604  0.97999999999999998     
         605  0.92000000000000004     
         606  0.78000000000000003     
         607  0.92000000000000004     
         608  0.95999999999999996     
         609  0.64000000000000001     
         610  0.88000000000000000     
         611  0.69999999999999996     
         612  0.90000000000000002     
         613  0.59999999999999998     
         614  0.64000000000000001     
         615  0.88000000000000000     
         616  0.93999999999999995     
         617  0.83999999999999997     
         618  0.90000000000000002     
         619  0.92000000000000004     
         620  0.95999999999999996     
         621  0.76000000000000001     
         622  0.92000000000000004     
         623  0.90000000000000002     
         624  0.57999999999999996     
         625  0.97999999999999998     
         626  0.97999999999999998     
         627  0.90000000000000002     
         628  0.57999999999999996     
         629  0.83999999999999997     
         630  0.81999999999999995     
         631  0.95999999999999996     
         632  0.93999999999999995     
         633  0.88000000000000000     
         634  0.93999999999999995     
         635  0.85999999999999999     
         636  0.54000000000000004     
         637  0.78000000000000003     
         638  0.73999999999999999     
         639  0.80000000000000004     
         640  0.83999999999999997     
         641  0.92000000000000004     
         642  0.88000000000000000     
         643  0.92000000000000004     
         644  0.56000000000000005     
         645  0.62000000000000000     
         646  0.88000000000000000     
         647  0.80000000000000004     
         648  0.97999999999999998     
         649  0.83999999999999997     
         650  0.97999999999999998     
         651  0.81999999999999995     
         652  0.88000000000000000     
         653  0.95999999999999996     
         654  0.68000000000000005     
         655  0.92000000000000004     
         656  0.66000000000000003     
         657  0.92000000000000004     
         658  0.93999999999999995     
         659  0.76000000000000001     
         660  0.95999999999999996     
         661  0.85999999999999999     
         662  0.85999999999999999     
         663   1.0000000000000000     
         664  0.95999999999999996     
         665  0.95999999999999996     
         666  0.85999999999999999     
         667  0.95999999999999996     
         668  0.93999999999999995     
         669  0.88000000000000000     
         670  0.93999999999999995     
         671  0.92000000000000004     
         672  0.90000000000000002     
         673  0.95999999999999996     
         674  0.83999999999999997     
         675  0.90000000000000002     
         676   1.0000000000000000     
         677  0.92000000000000004     
         678  0.97999999999999998     
         679  0.88000000000000000     
         680  0.92000000000000004     
         681  0.90000000000000002     
         682  0.92000000000000004     
         683  0.95999999999999996     
         684  0.97999999999999998     
         685  0.90000000000000002     
         686  0.92000000000000004     
         687  0.80000000000000004     
         688  0.85999999999999999     
         689  0.71999999999999997     
         690  0.62000000000000000     
         691  0.90000000000000002     
         692  0.66000000000000003     
         693  0.97999999999999998     
         694  0.85999999999999999     
         695  0.95999999999999996     
         696  0.93999999999999995     
         697  0.85999999999999999     
         698  0.83999999999999997     
         699  0.83999999999999997     
         700  0.78000000000000003     
         701  0.95999999999999996     
         702  0.83999999999999997     
         703  0.52000000000000002     
         704  0.93999999999999995     
         705  0.88000000000000000     
         706  0.83999999999999997     
         707  0.83999999999999997     
         708  0.95999999999999996     
         709  0.93999999999999995     
         710  0.85999999999999999     
         711  0.71999999999999997     
         712  0.85999999999999999     
         713  0.78000000000000003     
         714  0.83999999999999997     
         715  0.95999999999999996     
         716  0.93999999999999995     
         717  0.93999999999999995     
         718  0.88000000000000000     
         719  0.88000000000000000     
         720  0.90000000000000002     
         721  0.97999999999999998     
         722  0.88000000000000000     
         723  0.88000000000000000     
         724  0.97999999999999998     
         725  0.95999999999999996     
         726  0.92000000000000004     
         727  0.71999999999999997     
         728  0.93999999999999995     
         729   1.0000000000000000     
         730  0.83999999999999997     
         731  0.85999999999999999     
         732  0.83999999999999997     
         733  0.57999999999999996     
         734  0.97999999999999998     
         735  0.90000000000000002     
         736  0.56000000000000005     
         737  0.97999999999999998     
         738  0.95999999999999996     
         739  0.92000000000000004     
         740  0.93999999999999995     
         741  0.95999999999999996     
         742  0.92000000000000004     
         743  0.78000000000000003     
         744  0.93999999999999995     
         745  0.93999999999999995     
         746  0.93999999999999995     
         747  0.92000000000000004     
         748  0.76000000000000001     
         749  0.88000000000000000     
         750  0.85999999999999999     
         751  0.97999999999999998     
         752  0.83999999999999997     
         753  0.85999999999999999     
         754  0.92000000000000004     
         755  0.97999999999999998     
         756  0.78000000000000003     
         757  0.92000000000000004     
         758  0.92000000000000004     
         759  0.95999999999999996     
         760  0.95999999999999996     
         761  0.95999999999999996     
         762  0.83999999999999997     
         763  0.93999999999999995     
         764  0.90000000000000002     
         765  0.95999999999999996     
         766  0.95999999999999996     
         767  0.90000000000000002     
         768  0.88000000000000000     
         769  0.95999999999999996     
         770  0.93999999999999995     
         771  0.95999999999999996     
         772  0.92000000000000004     
         773  0.46000000000000002     
         774  0.81999999999999995     
         775  0.92000000000000004     
         776  0.90000000000000002     
         777  0.88000000000000000     
         778  0.92000000000000004     
         779  0.93999999999999995     
         780  0.69999999999999996     
         781  0.93999999999999995     
         782  0.93999999999999995     
         783  0.78000000000000003     
         784  0.83999999999999997     
         785  0.93999999999999995     
         786  0.92000000000000004     
         787  0.90000000000000002     
         788  0.93999999999999995     
         789  0.93999999999999995     
         790  0.50000000000000000     
         791  0.92000000000000004     
         792  0.81999999999999995     
         793  0.88000000000000000     
         794  0.93999999999999995     
         795  0.92000000000000004     
         796  0.90000000000000002     
         797  0.97999999999999998     
         798  0.64000000000000001     
         799  0.97999999999999998     
         800  0.68000000000000005     
         801  0.88000000000000000     
         802  0.93999999999999995     
         803  0.97999999999999998     
         804  0.93999999999999995     
         805  0.88000000000000000     
         806  0.83999999999999997     
         807  0.40000000000000002     
         808  0.93999999999999995     
         809  0.92000000000000004     
         810  0.80000000000000004     
         811  0.95999999999999996     
         812  0.88000000000000000     
         813  0.93999999999999995     
         814  0.83999999999999997     
         815  0.92000000000000004     
         816  0.92000000000000004     
         817  0.95999999999999996     
         818  0.92000000000000004     
         819  0.95999999999999996     
         820  0.93999999999999995     
         821  0.93999999999999995     
         822   1.0000000000000000     
         823  0.83999999999999997     
         824  0.93999999999999995     
         825  0.93999999999999995     
         826  0.90000000000000002     
         827  0.95999999999999996     
         828  0.83999999999999997     
         829  0.90000000000000002     
         830  0.93999999999999995     
         831  0.83999999999999997     
         832  0.95999999999999996     
         833  0.88000000000000000     
         834  0.90000000000000002     
         835   1.0000000000000000     
         836  0.95999999999999996     
         837  0.78000000000000003     
         838  0.38000000000000000     
         839  0.95999999999999996     
         840  0.85999999999999999     
         841  0.88000000000000000     
         842  0.85999999999999999     
         843  0.95999999999999996     
         844  0.93999999999999995     
         845  0.93999999999999995     
         846  0.90000000000000002     
         847  0.93999999999999995     
         848  0.97999999999999998     
         849  0.90000000000000002     
         850  0.81999999999999995     
         851  0.93999999999999995     
         852  0.92000000000000004     
         853  0.97999999999999998     
         854  0.80000000000000004     
         855  0.90000000000000002     
         856  0.95999999999999996     
         857  0.92000000000000004     
         858  0.95999999999999996     
         859  0.93999999999999995     
         860  0.93999999999999995     
         861  0.85999999999999999     
         862  0.92000000000000004     
         863  0.92000000000000004     
         864  0.93999999999999995     
         865  0.85999999999999999     
         866  0.93999999999999995     
         867   1.0000000000000000     
         868  0.85999999999999999     
         869  0.85999999999999999     
         870  0.95999999999999996     
         871  0.90000000000000002     
         872  0.95999999999999996     
         873  0.78000000000000003     
         874  0.90000000000000002     
         875  0.97999999999999998     
         876  0.95999999999999996     
         877  0.88000000000000000     
         878  0.95999999999999996     
         879  0.90000000000000002     
         880  0.93999999999999995     
         881  0.92000000000000004     
         882   1.0000000000000000     
         883  0.81999999999999995     
         884  0.90000000000000002     
         885  0.85999999999999999     
         886  0.95999999999999996     
         887  0.85999999999999999     
         888  0.83999999999999997     
         889  0.93999999999999995     
         890  0.80000000000000004     
         891  0.56000000000000005     
         892  0.93999999999999995     
         893  0.93999999999999995     
         894  0.97999999999999998     
         895  0.90000000000000002     
         896  0.92000000000000004     
         897  0.93999999999999995     
         898  0.92000000000000004     
         899  0.95999999999999996     
         900  0.81999999999999995     
         901  0.93999999999999995     
         902  0.95999999999999996     
         903  0.90000000000000002     
         904  0.92000000000000004     
         905  0.93999999999999995     
         906  0.93999999999999995     
         907  0.85999999999999999     
         908  0.95999999999999996     
         909   1.0000000000000000     
         910  0.62000000000000000     
         911  0.90000000000000002     
         912  0.88000000000000000     
         913  0.85999999999999999     
         914  0.92000000000000004     
         915  0.73999999999999999     
         916  0.92000000000000004     
         917  0.88000000000000000     
         918  0.92000000000000004     
         919  0.85999999999999999     
         920  0.92000000000000004     
         921  0.78000000000000003     
         922  0.97999999999999998     
         923  0.88000000000000000     
         924  0.83999999999999997     
         925  0.95999999999999996     
         926  0.83999999999999997     
         927  0.85999999999999999     
         928  0.95999999999999996     
         929  0.88000000000000000     
         930  0.92000000000000004     
         931  0.95999999999999996     
         932   1.0000000000000000     
         933  0.78000000000000003     
         934  0.97999999999999998     
         935  0.97999999999999998     
         936  0.97999999999999998     
         937  0.93999999999999995     
         938  0.93999999999999995     
         939  0.93999999999999995     
         940  0.92000000000000004     
         941  0.88000000000000000     
         942  0.90000000000000002     
         943  0.97999999999999998     
         944  0.85999999999999999     
         945  0.81999999999999995     
         946  0.85999999999999999     
         947  0.92000000000000004     
         948  0.88000000000000000     
         949  0.90000000000000002     
         950  0.80000000000000004     
         951  0.71999999999999997     
         952  0.88000000000000000     
         953  0.97999999999999998     
         954  0.78000000000000003     
         955  0.47999999999999998     
         956  0.95999999999999996     
         957  0.93999999999999995     
         958  0.93999999999999995     
         959  0.85999999999999999     
         960  0.88000000000000000     
         961  0.90000000000000002     
         962  0.85999999999999999     
         963  0.90000000000000002     
         964  0.95999999999999996     
         965   1.0000000000000000     
         966  0.80000000000000004     
         967  0.95999999999999996     
         968  0.80000000000000004     
         969  0.93999999999999995     
         970  0.85999999999999999     
         971  0.69999999999999996     
         972  0.97999999999999998     
         973  0.95999999999999996     
         974  0.97999999999999998     
         975  0.90000000000000002     
         976  0.78000000000000003     
         977  0.93999999999999995     
         978  0.93999999999999995     
         979  0.88000000000000000     
         980  0.88000000000000000     
         981  0.88000000000000000     
         982  0.92000000000000004     
         983  0.83999999999999997     
         984  0.97999999999999998     
         985  0.88000000000000000     
         986   1.0000000000000000     
         987  0.92000000000000004     
         988  0.95999999999999996     
         989  0.54000000000000004     
         990  0.95999999999999996     
         991  0.85999999999999999     
         992  0.93999999999999995     
         993   1.0000000000000000     
         994  0.90000000000000002     
         995  0.93999999999999995     
         996  0.83999999999999997     
         997  0.44000000000000000     
         998  0.83999999999999997     
         999  0.88000000000000000     
        1000  0.81999999999999995     
