           1   1.9856838783999346E-003
           2  -9.0791612160006827E-004
           3   3.0028387839993546E-004
           4  -1.5571612160006812E-004
           5  -8.2391612160006243E-004
           6  -1.1277161216000666E-003
           7  -1.3985161216000682E-003
           8  -3.5151612160006738E-004
           9  -7.3351612160006501E-004
          10  -6.0011612160006903E-004
          11  -2.5671612160006475E-004
          12  -9.6891612160006726E-004
          13   1.4988387839993505E-004
          14  -4.0971612160006760E-004
          15  -1.3707161216000600E-003
          16  -1.1879161216000707E-003
          17  -1.0570752648721030E-003
          18  -9.3202221711475739E-004
          19  -5.3091409596252400E-005
          20  -1.6583444573535992E-003
          21  -1.0311161216000669E-003
          22  -3.6755487953262010E-003
          23  -55225616348.061462     
          24  -36817077565.395920     
          25  -303740889914.34106     
          26  -322149428697.00317     
          27  -2.0821136145508824E-002
          28  -257719542957.60529     
          29  -2.4571035049736162E+166
          30  -1.6380690033157444E+166
          31  -1.3514069277354891E+167
          32  -1.4333103779012762E+167
          33  -6.6863542228362922E-003
          34  -1.1466483023210211E+167
          35  -2.4571035049736162E+166
          36  -1.2695034775697019E+167
          37  -3.6856552574604243E+166
          38  -9.0093795182365937E+166
          39  -230106734783.58078     
          40  -2.0475862541446806E+166
          41  -6.1427587624340406E+166
          42  -1.6380690033157444E+166
          43  -9.4188967690655306E+166
          44  -4.0951725082893609E+165
          45  -1.0237931270723402E+167
          46  -3.2761380066314887E+166
          47  -4.5046897591182969E+166
          48  -6.1427587624340406E+166
          49  -1.6380690033157444E+166
          50  -8.1903450165787219E+165
          51  -1.6380690033157444E+166
          52  -4.5046897591182969E+166
          53  -1.1876000274039146E+167
          54  -8.1903450165787219E+165
          55  -4.9142070099472325E+166
          56  -8.1903450165787225E+166
          57  -8.1903450165787225E+166
          58  -8.1903450165787219E+165
          59  -7.3713105149208487E+166
          60  -7.7808277657497856E+166
          61  -3.2761380066314887E+166
          62  -156472579652.85431     
          63  -2.4571035049736162E+166
          64  -5.3237242607761694E+166
          65  -1.1056965772381276E+167
          66  -8.1903450165787219E+165
          67  -3.6856552574604243E+166
          68  -6.9617932640919144E+166
          69  -1.1876000274039146E+167
          70  -4.9142070099472325E+166
          71  -2.4571035049736162E+166
          72  -3.6856552574604243E+166
          73  -9.8284140198944649E+166
          74  -8.1903450165787225E+166
          75  -6.1427587624340406E+166
          76  -8.1903450165787219E+165
          77  -3.6856552574604243E+166
          78  -239311004174.92111     
          79  -1.1056965772381276E+167
          80  -4.0951725082893613E+166
          81  -2.8666207558025528E+166
          82  -9.4188967690655306E+166
          83  -5.3237242607761694E+166
          84  -1.0647448521552339E+167
          85  -4.0951725082893609E+165
          86  -4.5046897591182969E+166
          87  -1.2285517524868081E+167
          88  -2.0475862541446806E+166
          89  -303740889914.32690     
          90  -7.3713105149208487E+166
          91  -1.3923586528183829E+167
          92  -6.5522760132629775E+166
          93  -36817077565.380211     
          94  -6.1427587624340406E+166
          95  -1.3514069277354891E+167
          96  -2.0475862541446806E+166
          97  -2.4571035049736162E+166
          98  -8.1903450165787225E+166
          99  -1.6380690033157444E+166
         100  -2.0475862541446806E+166
         101  -1.2285517524868081E+166
         102  -3.2761380066314887E+166
         103  -1.6380690033157444E+166
         104  -7.7808277657497856E+166
         105  -1.6380690033157444E+166
         106  -9.0093795182365937E+166
         107  -3.2761380066314887E+166
         108  -1.6380690033157444E+166
         109  -1.2695034775697019E+167
         110  -3.6856552574604243E+166
         111  -2.8666207558025528E+166
         112  -4.9142070099472325E+166
         113  -6.9617932640919144E+166
         114  -3.6856552574604243E+166
         115  -6.5522760132629775E+166
         116  -6.1427587624340406E+166
         117  -3.2761380066314887E+166
         118  -8.1903450165787219E+165
         119  -9.8284140198944649E+166
         120  -7.3713105149208487E+166
         121  -3.2761380066314887E+166
         122  -4.0951725082893613E+166
         123  -2.8666207558025528E+166
         124  -4.9142070099472325E+166
         125  -4.0951725082893609E+165
         126  -4.0951725082893609E+165
         127  -4.0951725082893609E+165
         128  -8.1903450165787219E+165
         129  -4.5046897591182969E+166
         130  -4.0951725082893609E+165
         131  -1.2285517524868081E+167
         132  -2.0475862541446806E+166
         133  -4.0951725082893609E+165
         134  -8.5998622674076581E+166
         135  -2.4571035049736162E+166
         136  -4.0951725082893609E+165
         137  -5.3237242607761694E+166
         138  -5.3237242607761694E+166
         139  -6.5522760132629775E+166
         140  -6.1427587624340406E+166
         141  -5.7332415116051056E+166
         142  -1.6380690033157444E+166
         143  -2.8666207558025528E+166
         144  -7.3713105149208487E+166
         145  -1.1056965772381276E+167
         146  -1.2285517524868081E+166
         147  -1.1466483023210211E+167
         148  -1.6380690033157444E+166
         149  -4.0951725082893613E+166
         150  -3.6856552574604243E+166
         151  -4.9142070099472325E+166
         152  -4.5046897591182969E+166
         153  -1.1876000274039146E+167
         154  -2.4571035049736162E+166
         155  -7.7808277657497856E+166
         156  -1.6380690033157444E+166
         157  -8.1903450165787219E+165
         158  -7.3713105149208487E+166
         159  -1.0237931270723402E+167
         160  -1.4742621029841697E+167
         161  -9.8284140198944649E+166
         162  -6.9617932640919144E+166
         163  -4.0951725082893609E+165
         164  -1.2285517524868081E+167
         165  -7.3713105149208487E+166
         166  -8.1903450165787225E+166
         167  -1.1056965772381276E+167
         168  -2.4571035049736162E+166
         169  -9.8284140198944649E+166
         170  -3.6856552574604243E+166
         171  -8.1903450165787219E+165
         172  -7.3713105149208487E+166
         173   2.4018716296098992E+050
         174  -6.5522760132629775E+166
         175  -7.7808277657497856E+166
         176  -4.9142070099472325E+166
         177  -4.9142070099472325E+166
         178   1.2809982024586130E+050
         179  -1.2285517524868081E+166
         180  -6.1427587624340406E+166
         181  -5.3237242607761694E+166
         182  -4.0951725082893613E+166
         183  -8.1903450165787225E+166
         184  -5.7332415116051056E+166
         185  -1.3514069277354891E+167
         186  -2.4571035049736162E+166
         187  -1.2285517524868081E+167
         188  -1.2695034775697019E+167
         189  -7.7808277657497856E+166
         190  -4.0951725082893613E+166
         191  -2.0475862541446806E+166
         192  -1.2285517524868081E+166
         193  -9.8284140198944649E+166
         194  -3.6856552574604243E+166
         195   9.6074865184395974E+049
         196  -6.5522760132629775E+166
         197  -7.7808277657497856E+166
         198  -1.0647448521552339E+167
         199  -8.5998622674076581E+166
         200  -1.2285517524868081E+166
         201  -9.0093795182365937E+166
         202  -2.4571035049736162E+166
         203  -6.9617932640919144E+166
         204  -8.1903450165787225E+166
         205  -4.0951725082893613E+166
         206  -2.4571035049736162E+166
         207  -6.9617932640919144E+166
         208  -4.5046897591182969E+166
         209  -4.0951725082893609E+165
         210  -5.3237242607761694E+166
         211  -1.6380690033157445E+167
         212  -7.3713105149208487E+166
         213  -9.8284140198944649E+166
         214  -1.1056965772381276E+167
         215  -5.3237242607761694E+166
         216  -4.5046897591182969E+166
         217  -9.0093795182365937E+166
         218  -5.3237242607761694E+166
         219  -1.1056965772381276E+167
         220  -4.5046897591182969E+166
         221  -2.0475862541446806E+166
         222  -6.1427587624340406E+166
         223  -2.8666207558025528E+166
         224  -8.1903450165787219E+165
         225  -2.4571035049736162E+166
         226  -1.3923586528183829E+167
         227  -6.5522760132629775E+166
         228  -1.0647448521552339E+167
         229  -3.2761380066314887E+166
         230  -1.6380690033157444E+166
         231  -1.2285517524868081E+166
         232  -4.0951725082893613E+166
         233  -2.8666207558025528E+166
         234  -4.9142070099472325E+166
         235  -1.3104552026525955E+167
         236  -4.0951725082893613E+166
         237  -3.2761380066314887E+166
         238  -4.9142070099472325E+166
         239  -6.9617932640919144E+166
         240  -6.9617932640919144E+166
         241  -1.2285517524868081E+167
         242  -1.3514069277354891E+167
         243  -3.2761380066314887E+166
         244  -4.9142070099472325E+166
         245  -1.0237931270723402E+167
         246  -2.8666207558025528E+166
         247  -8.1903450165787219E+165
         248  -4.9142070099472325E+166
         249  -1.2285517524868081E+166
         250  -1.6380690033157444E+166
         251   3.8429946073758390E+050
         252  -3.2761380066314887E+166
         253   1.2809982024586130E+050
         254  -6.9617932640919144E+166
         255  -1.6380690033157444E+166
         256   1.9214973036879195E+050
         257  -9.8284140198944649E+166
         258  -2.4571035049736162E+166
         259  -4.5046897591182969E+166
         260  -1.4333103779012762E+167
         261  -1.1466483023210211E+167
         262  -1.4333103779012762E+167
         263  -4.5046897591182969E+166
         264  -2.0475862541446806E+166
         265  -1.0647448521552339E+167
         266  -2.0475862541446806E+166
         267  -3.2761380066314887E+166
         268  -2.0475862541446806E+166
         269  -2.4571035049736162E+166
         270  -4.5046897591182969E+166
         271  -1.1056965772381276E+167
         272  -2.4571035049736162E+166
         273  -1.1876000274039146E+167
         274  -4.9142070099472325E+166
         275  -9.0093795182365937E+166
         276  -1.1056965772381276E+167
         277  -1.2285517524868081E+166
         278  -6.5522760132629775E+166
         279  -6.1427587624340406E+166
         280  -6.9617932640919144E+166
         281  -6.1427587624340406E+166
         282  -8.5998622674076581E+166
         283  -1.2695034775697019E+167
         284  -4.0951725082893609E+165
         285  -1.5152138280670633E+167
         286  -8.5998622674076581E+166
         287  -1.2285517524868081E+166
         288  -3.6856552574604243E+166
         289  -1.2695034775697019E+167
         290  -4.9142070099472325E+166
         291  -4.5046897591182969E+166
         292  -4.5046897591182969E+166
         293  -1.2285517524868081E+166
         294  -8.1903450165787219E+165
         295  -2.4571035049736162E+166
         296  -4.0951725082893609E+165
         297  -6.1427587624340406E+166
         298  -8.1903450165787225E+166
         299  -7.7808277657497856E+166
         300  -4.9142070099472325E+166
         301  -6.9617932640919144E+166
         302   1.4411229777659395E+050
         303  -2.4571035049736162E+166
         304  -4.0951725082893613E+166
         305  -2.4571035049736162E+166
         306  -1.0237931270723402E+167
         307  -1.8018759036473187E+167
         308  -6.1427587624340406E+166
         309  -2.0475862541446806E+166
         310  -8.1903450165787219E+165
         311  -4.0951725082893613E+166
         312  -7.7808277657497856E+166
         313   2.0816220789952462E+050
         314  -8.1903450165787219E+165
         315  -2.0475862541446806E+166
         316  -2.8666207558025528E+166
         317  -1.2285517524868081E+166
         318  -1.3923586528183829E+167
         319  -3.2761380066314887E+166
         320  -6.5522760132629775E+166
         321  -1.3514069277354891E+167
         322  -6.9617932640919144E+166
         323  -5.3237242607761694E+166
         324  -8.1903450165787225E+166
         325  -6.9617932640919144E+166
         326  -8.1903450165787219E+165
         327  -4.9142070099472325E+166
         328  -9.0093795182365937E+166
         329  -1.0237931270723402E+167
         330  -2.0475862541446806E+166
         331  -8.5998622674076581E+166
         332  -8.1903450165787219E+165
         333  -5.3237242607761694E+166
         334  -6.1427587624340406E+166
         335  -8.1903450165787219E+165
         336  -2.4571035049736162E+166
         337  -4.5046897591182969E+166
         338  -4.9142070099472325E+166
         339  -6.5522760132629775E+166
         340  -7.3713105149208487E+166
         341  -1.0647448521552339E+167
         342  -6.1427587624340406E+166
         343  -3.6856552574604243E+166
         344  -1.2285517524868081E+166
         345  -2.0475862541446806E+166
         346  -4.0951725082893613E+166
         347  -6.1427587624340406E+166
         348  -2.0475862541446806E+166
         349  -2.0475862541446806E+166
         350  -4.9142070099472325E+166
         351  -1.2285517524868081E+166
         352  -4.0951725082893613E+166
         353  -3.2761380066314887E+166
         354  -1.2285517524868081E+166
         355  -4.0951725082893613E+166
         356  -4.0951725082893613E+166
         357  -4.9142070099472325E+166
         358  -3.2761380066314887E+166
         359  -1.6380690033157444E+166
         360  -4.5046897591182969E+166
         361  -1.1056965772381276E+167
         362  -2.4571035049736162E+166
         363  -2.4571035049736162E+166
         364  -3.2761380066314887E+166
         365  -7.3713105149208487E+166
         366  -1.0647448521552339E+167
         367  -2.0475862541446806E+166
         368  -1.5152138280670633E+167
         369  -7.7808277657497856E+166
         370  -4.0951725082893613E+166
         371  -8.1903450165787219E+165
         372  -2.0475862541446806E+166
         373  -4.0951725082893613E+166
         374  -5.7332415116051056E+166
         375  -4.5046897591182969E+166
         376  -8.1903450165787219E+165
         377  -2.8666207558025528E+166
         378  -6.5522760132629775E+166
         379  -4.9142070099472325E+166
         380  -8.1903450165787219E+165
         381  -2.0475862541446806E+166
         382  -2.8666207558025528E+166
         383  -7.7808277657497856E+166
         384  -8.1903450165787225E+166
         385  -1.0647448521552339E+167
         386  -1.3104552026525955E+167
         387  -4.5046897591182969E+166
         388  -4.0951725082893609E+165
         389  -8.1903450165787219E+165
         390  -7.7808277657497856E+166
         391   1.7613725283805930E+050
         392  -2.4571035049736162E+166
         393  -8.5998622674076581E+166
         394  -1.2285517524868081E+166
         395  -4.5046897591182969E+166
         396  -3.6856552574604243E+166
         397  -4.0951725082893609E+165
         398  -8.1903450165787219E+165
         399  -4.5046897591182969E+166
         400  -4.0951725082893609E+165
         401  -4.5046897591182969E+166
         402  -2.8666207558025528E+166
         403  -5.3237242607761694E+166
         404  -2.4571035049736162E+166
         405  -4.0951725082893609E+165
         406  -8.5998622674076581E+166
         407  -3.6856552574604243E+166
         408  -1.4742621029841697E+167
         409  -9.0093795182365937E+166
         410  -1.6380690033157444E+166
         411  -2.0475862541446806E+166
         412  -6.1427587624340406E+166
         413   2.4018716296098992E+050
         414  -3.6856552574604243E+166
         415  -4.0951725082893609E+165
         416  -1.1466483023210211E+167
         417  -2.8666207558025528E+166
         418  -8.5998622674076581E+166
         419  -8.1903450165787219E+165
         420  -8.1903450165787225E+166
         421  -5.3237242607761694E+166
         422  -1.2285517524868081E+166
         423  -4.0951725082893613E+166
         424  -6.9617932640919144E+166
         425  -8.5998622674076581E+166
         426  -4.0951725082893609E+165
         427  -2.0475862541446806E+166
         428  -1.1466483023210211E+167
         429  -3.6856552574604243E+166
         430  -8.5998622674076581E+166
         431  -4.0951725082893609E+165
         432  -4.5046897591182969E+166
         433  -2.8666207558025528E+166
         434  -1.1876000274039146E+167
         435  -6.5522760132629775E+166
         436  -1.2285517524868081E+166
         437  -1.6380690033157444E+166
         438  -1.2285517524868081E+166
         439  -6.1427587624340406E+166
         440  -5.3237242607761694E+166
         441  -4.0951725082893609E+165
         442  -2.4571035049736162E+166
         443  -3.6856552574604243E+166
         444  -9.8284140198944649E+166
         445  -3.6856552574604243E+166
         446  -1.6380690033157444E+166
         447  -7.7808277657497856E+166
         448  -7.3713105149208487E+166
         449  -3.6856552574604243E+166
         450  -7.7808277657497856E+166
         451  -1.2285517524868081E+166
         452  -4.9142070099472325E+166
         453  -3.2761380066314887E+166
         454  -5.3237242607761694E+166
         455  -5.3237242607761694E+166
         456  -6.9617932640919144E+166
         457  -2.8666207558025528E+166
         458  -1.3514069277354891E+167
         459  -5.3237242607761694E+166
         460  -5.3237242607761694E+166
         461  -1.4742621029841697E+167
         462  -1.1876000274039146E+167
         463  -3.6856552574604243E+166
         464  -1.2285517524868081E+166
         465  -4.0951725082893609E+165
         466  -8.5998622674076581E+166
         467  -1.0237931270723402E+167
         468  -5.3237242607761694E+166
         469  -8.1903450165787225E+166
         470  -1.6380690033157444E+166
         471  -9.4188967690655306E+166
         472  -1.2285517524868081E+166
         473  -4.5046897591182969E+166
         474  -2.0475862541446806E+166
         475  -5.7332415116051056E+166
         476  -6.1427587624340406E+166
         477  -1.6380690033157444E+166
         478  -3.6856552574604243E+166
         479  -1.2285517524868081E+166
         480   8.0062387653663322E+049
         481  -8.5998622674076581E+166
         482  -5.3237242607761694E+166
         483  -1.2285517524868081E+166
         484  -6.5522760132629775E+166
         485  -2.4571035049736162E+166
         486  -7.7808277657497856E+166
         487  -1.2285517524868081E+166
         488  -5.7332415116051056E+166
         489  -5.3237242607761694E+166
         490  -7.3713105149208487E+166
         491  -2.4571035049736162E+166
         492  -5.3237242607761694E+166
         493  -3.2761380066314887E+166
         494  -2.8666207558025528E+166
         495  -3.6856552574604243E+166
         496   1.2809982024586130E+050
         497  -2.8666207558025528E+166
         498  -2.4571035049736162E+166
         499  -1.0647448521552339E+167
