           1  -9.7294076410775203E-005
           2  -4.7389407641077407E-004
           3  -1.3610940764107733E-003
           4  -2.4186940764107769E-003
           5  -3.1254940764107735E-003
           6  -4.4476940764107756E-003
           7  -5.4226940764107775E-003
           8  -6.0788940764107740E-003
           9  -6.9440940764107749E-003
          10  -7.7078940764107699E-003
          11  -9.0064940764107738E-003
          12  -9.5082940764107740E-003
          13  -1.0567494076410774E-002
          14  -1.1381294076410770E-002
          15  -1.2177894076410773E-002
          16  -1.3331894076410772E-002
          17  -1.4082393911438245E-002
          18  -1.5030440698708370E-002
          19  -1.5996240698708374E-002
          20  -1.6505820270344390E-002
          21  -1.7714420270344394E-002
          22  -3.6223681695749861E-002
          23  -225504600087.95407     
          24  -432600661393.16974     
          25  -432600661393.17273     
          26  -460213469567.20215     
          27  -460213469567.20013     
          28  -423396392001.83087     
          29  -1.0033172645308934E+167
          30  -1.9247310788959994E+167
          31  -1.9247310788959994E+167
          32  -2.0475862541446804E+167
          33  -2.0475862541446804E+167
          34  -1.8837793538131061E+167
          35  -1.9656828039788930E+167
          36  -1.8837793538131061E+167
          37  -2.0475862541446804E+167
          38  -1.9656828039788930E+167
          39  -1.7609241785644252E+167
          40  -1.9656828039788930E+167
          41  -1.8837793538131061E+167
          42  -2.0066345290617868E+167
          43  -2.0475862541446804E+167
          44  -1.9656828039788930E+167
          45  -1.8837793538131061E+167
          46  -2.0066345290617868E+167
          47  -1.8018759036473187E+167
          48  -2.0066345290617868E+167
          49  -1.9656828039788930E+167
          50  -1.9247310788959994E+167
          51  -1.9247310788959994E+167
          52  -2.0066345290617868E+167
          53  -1.7199724534815316E+167
          54  -1.9656828039788930E+167
          55  -2.0066345290617868E+167
          56  -1.8018759036473187E+167
          57  -2.0066345290617868E+167
          58  -1.9247310788959994E+167
          59  -1.9656828039788930E+167
          60  -1.9247310788959994E+167
          61  -1.8837793538131061E+167
          62  -2.0066345290617868E+167
          63  -2.0066345290617868E+167
          64  -2.0475862541446804E+167
          65  -1.8428276287302126E+167
          66  -1.9656828039788930E+167
          67  -1.9247310788959994E+167
          68  -1.9656828039788930E+167
          69  -1.9247310788959994E+167
          70  -1.9656828039788930E+167
          71  -1.8837793538131061E+167
          72  -1.9247310788959994E+167
          73  -2.0475862541446804E+167
          74  -1.9247310788959994E+167
          75  -1.8018759036473187E+167
          76  -1.9656828039788930E+167
          77  -1.8018759036473187E+167
          78  -2.0066345290617868E+167
          79  -2.0066345290617868E+167
          80  -1.8018759036473187E+167
          81  -2.0066345290617868E+167
          82  -1.9247310788959994E+167
          83  -1.9247310788959994E+167
          84  -1.8837793538131061E+167
          85  -1.8837793538131061E+167
          86  -2.0066345290617868E+167
          87  -2.0066345290617868E+167
          88  -1.6380690033157445E+167
          89  -1.9247310788959994E+167
          90  -2.0475862541446804E+167
          91  -2.0066345290617868E+167
          92  -2.0475862541446804E+167
          93  -1.8837793538131061E+167
          94  -2.0066345290617868E+167
          95  -2.0475862541446804E+167
          96  -1.8018759036473187E+167
          97  -2.0066345290617868E+167
          98  -1.9247310788959994E+167
          99  -2.0475862541446804E+167
         100  -1.9656828039788930E+167
         101  -1.9247310788959994E+167
         102  -1.9656828039788930E+167
         103  -2.0066345290617868E+167
         104  -1.9247310788959994E+167
         105  -2.0066345290617868E+167
         106  -1.7199724534815316E+167
         107  -2.0066345290617868E+167
         108  -2.0066345290617868E+167
         109  -2.0475862541446804E+167
         110  -2.0066345290617868E+167
         111  -2.0475862541446804E+167
         112  -2.0475862541446804E+167
         113  -1.9656828039788930E+167
         114  -2.0066345290617868E+167
         115  -1.8837793538131061E+167
         116  -2.0066345290617868E+167
         117  -1.9247310788959994E+167
         118  -2.0066345290617868E+167
         119  -1.9656828039788930E+167
         120  -1.8428276287302126E+167
         121  -1.9247310788959994E+167
         122  -1.9247310788959994E+167
         123  -1.9247310788959994E+167
         124  -2.0066345290617868E+167
         125  -2.0066345290617868E+167
         126  -1.9247310788959994E+167
         127  -1.9656828039788930E+167
         128  -1.8837793538131061E+167
         129  -1.8018759036473187E+167
         130  -1.7609241785644252E+167
         131  -1.7199724534815316E+167
         132  -1.8018759036473187E+167
         133  -2.0066345290617868E+167
         134  -1.7609241785644252E+167
         135  -2.0066345290617868E+167
         136  -1.8837793538131061E+167
         137  -2.0066345290617868E+167
         138  -2.0475862541446804E+167
         139  -2.0475862541446804E+167
         140  -1.9656828039788930E+167
         141  -1.6790207283986378E+167
         142  -1.9656828039788930E+167
         143  -1.9247310788959994E+167
         144  -1.8018759036473187E+167
         145  -2.0475862541446804E+167
         146  -1.9247310788959994E+167
         147  -1.9656828039788930E+167
         148  -1.8837793538131061E+167
         149  -1.9247310788959994E+167
         150  -1.9656828039788930E+167
         151  -2.0475862541446804E+167
         152  -1.9656828039788930E+167
         153  -1.8428276287302126E+167
         154  -1.9247310788959994E+167
         155  -2.0066345290617868E+167
         156  -1.6790207283986378E+167
         157  -1.9656828039788930E+167
         158  -2.0475862541446804E+167
         159  -2.0475862541446804E+167
         160  -2.0066345290617868E+167
         161  -1.9656828039788930E+167
         162  -2.0475862541446804E+167
         163  -1.8018759036473187E+167
         164  -1.9656828039788930E+167
         165  -1.8018759036473187E+167
         166  -1.9656828039788930E+167
         167  -1.9656828039788930E+167
         168  -2.0066345290617868E+167
         169  -1.9247310788959994E+167
         170  -2.0475862541446804E+167
         171  -1.8428276287302126E+167
         172  -2.0475862541446804E+167
         173  -1.9247310788959994E+167
         174  -2.0066345290617868E+167
         175  -2.0475862541446804E+167
         176  -1.8018759036473187E+167
         177  -1.9656828039788930E+167
         178  -1.9656828039788930E+167
         179  -1.9247310788959994E+167
         180  -1.9656828039788930E+167
         181  -2.0066345290617868E+167
         182  -1.9656828039788930E+167
         183  -1.8837793538131061E+167
         184  -1.9656828039788930E+167
         185  -2.0066345290617868E+167
         186  -2.0475862541446804E+167
         187  -1.8428276287302126E+167
         188  -1.9247310788959994E+167
         189  -1.9247310788959994E+167
         190  -2.0066345290617868E+167
         191  -1.9656828039788930E+167
         192  -2.0475862541446804E+167
         193  -1.5152138280670633E+167
         194  -2.0475862541446804E+167
         195  -2.0066345290617868E+167
         196  -1.8428276287302126E+167
         197  -1.8018759036473187E+167
         198  -1.9656828039788930E+167
         199  -1.9247310788959994E+167
         200  -2.0475862541446804E+167
         201  -1.8837793538131061E+167
         202  -1.9656828039788930E+167
         203  -1.9656828039788930E+167
         204  -2.0475862541446804E+167
         205  -1.8837793538131061E+167
         206  -2.0475862541446804E+167
         207  -2.0066345290617868E+167
         208  -1.9247310788959994E+167
         209  -1.8837793538131061E+167
         210  -2.0475862541446804E+167
         211  -2.0066345290617868E+167
         212  -1.8837793538131061E+167
         213  -2.0066345290617868E+167
         214  -1.8428276287302126E+167
         215  -1.9656828039788930E+167
         216  -2.0475862541446804E+167
         217  -1.9656828039788930E+167
         218  -2.0475862541446804E+167
         219  -1.9247310788959994E+167
         220  -1.9247310788959994E+167
         221  -1.9656828039788930E+167
         222  -1.7199724534815316E+167
         223  -2.0475862541446804E+167
         224  -1.9247310788959994E+167
         225  -1.7609241785644252E+167
         226  -2.0066345290617868E+167
         227  -1.9656828039788930E+167
         228  -1.9656828039788930E+167
         229  -1.7609241785644252E+167
         230  -1.9656828039788930E+167
         231  -1.9656828039788930E+167
         232  -1.9247310788959994E+167
         233  -1.6380690033157445E+167
         234  -1.3104552026525955E+167
         235  -2.0066345290617868E+167
         236  -1.8837793538131061E+167
         237  -1.9656828039788930E+167
         238  -2.0475862541446804E+167
         239  -2.0475862541446804E+167
         240  -1.8837793538131061E+167
         241  -2.0066345290617868E+167
         242  -2.0066345290617868E+167
         243  -1.9247310788959994E+167
         244  -2.0066345290617868E+167
         245  -1.9656828039788930E+167
         246  -1.9247310788959994E+167
         247  -2.0475862541446804E+167
         248  -2.0475862541446804E+167
         249  -2.0066345290617868E+167
         250  -2.0066345290617868E+167
         251  -2.0475862541446804E+167
         252  -2.0475862541446804E+167
         253  -1.8018759036473187E+167
         254  -1.9656828039788930E+167
         255  -1.8428276287302126E+167
         256  -2.0475862541446804E+167
         257  -2.0066345290617868E+167
         258  -1.9656828039788930E+167
         259  -2.0475862541446804E+167
         260  -1.8428276287302126E+167
         261  -2.0475862541446804E+167
         262  -1.9656828039788930E+167
         263  -2.0066345290617868E+167
         264  -1.9247310788959994E+167
         265  -2.0066345290617868E+167
         266  -2.0475862541446804E+167
         267  -1.9656828039788930E+167
         268  -1.9656828039788930E+167
         269  -2.0066345290617868E+167
         270  -1.7609241785644252E+167
         271  -2.0066345290617868E+167
         272  -2.0475862541446804E+167
         273  -2.0475862541446804E+167
         274  -1.2695034775697019E+167
         275  -2.0475862541446804E+167
         276  -1.9247310788959994E+167
         277  -2.0066345290617868E+167
         278  -1.7199724534815316E+167
         279  -1.8018759036473187E+167
         280  -1.6790207283986378E+167
         281  -1.8837793538131061E+167
         282  -1.9656828039788930E+167
         283  -2.0066345290617868E+167
         284  -1.9247310788959994E+167
         285  -1.9656828039788930E+167
         286  -1.9247310788959994E+167
         287  -1.9656828039788930E+167
         288  -1.9656828039788930E+167
         289  -1.8837793538131061E+167
         290  -1.5561655531499571E+167
         291  -1.9656828039788930E+167
         292  -1.8018759036473187E+167
         293  -1.8837793538131061E+167
         294  -1.6380690033157445E+167
         295  -1.8837793538131061E+167
         296  -1.8837793538131061E+167
         297  -2.0475862541446804E+167
         298  -2.0066345290617868E+167
         299  -1.9247310788959994E+167
         300  -1.9247310788959994E+167
         301  -1.9656828039788930E+167
         302  -1.9656828039788930E+167
         303  -1.8837793538131061E+167
         304  -1.8837793538131061E+167
         305  -1.8837793538131061E+167
         306  -2.0475862541446804E+167
         307  -1.8428276287302126E+167
         308  -1.8428276287302126E+167
         309  -1.9656828039788930E+167
         310  -1.8837793538131061E+167
         311  -1.8837793538131061E+167
         312  -1.9656828039788930E+167
         313  -2.0066345290617868E+167
         314  -1.6380690033157445E+167
         315  -1.9247310788959994E+167
         316  -2.0475862541446804E+167
         317  -2.0066345290617868E+167
         318  -1.8837793538131061E+167
         319  -2.0066345290617868E+167
         320  -2.0066345290617868E+167
         321  -2.0475862541446804E+167
         322  -1.9656828039788930E+167
         323  -1.9247310788959994E+167
         324  -1.8837793538131061E+167
         325  -1.9656828039788930E+167
         326  -1.9656828039788930E+167
         327  -1.8018759036473187E+167
         328  -1.8837793538131061E+167
         329  -2.0475862541446804E+167
         330  -1.8837793538131061E+167
         331  -1.8837793538131061E+167
         332  -1.7609241785644252E+167
         333  -1.9656828039788930E+167
         334  -2.0475862541446804E+167
         335  -2.0066345290617868E+167
         336  -1.4333103779012762E+167
         337  -1.9656828039788930E+167
         338  -2.0475862541446804E+167
         339  -1.9656828039788930E+167
         340  -2.0066345290617868E+167
         341  -1.7609241785644252E+167
         342  -2.0475862541446804E+167
         343  -1.9656828039788930E+167
         344  -2.0475862541446804E+167
         345  -2.0475862541446804E+167
         346  -1.8018759036473187E+167
         347  -1.9656828039788930E+167
         348  -1.9656828039788930E+167
         349  -1.9247310788959994E+167
         350  -2.0066345290617868E+167
         351  -1.8018759036473187E+167
         352  -2.0475862541446804E+167
         353  -1.8428276287302126E+167
         354  -2.0066345290617868E+167
         355  -2.0475862541446804E+167
         356  -1.7609241785644252E+167
         357  -1.9247310788959994E+167
         358  -1.9247310788959994E+167
         359  -1.8837793538131061E+167
         360  -1.9656828039788930E+167
         361  -1.9247310788959994E+167
         362  -2.0475862541446804E+167
         363  -1.8837793538131061E+167
         364  -2.0475862541446804E+167
         365  -2.0066345290617868E+167
         366  -2.0066345290617868E+167
         367  -1.8428276287302126E+167
         368  -1.7609241785644252E+167
         369  -1.9247310788959994E+167
         370  -2.0475862541446804E+167
         371  -1.9247310788959994E+167
         372  -1.9656828039788930E+167
         373  -1.8428276287302126E+167
         374  -1.8837793538131061E+167
         375  -1.9247310788959994E+167
         376  -2.0066345290617868E+167
         377  -2.0066345290617868E+167
         378  -2.0066345290617868E+167
         379  -2.0475862541446804E+167
         380  -1.8837793538131061E+167
         381  -1.9247310788959994E+167
         382  -1.9656828039788930E+167
         383  -1.8837793538131061E+167
         384  -1.9656828039788930E+167
         385  -2.0066345290617868E+167
         386  -1.9656828039788930E+167
         387  -1.9247310788959994E+167
         388  -1.8428276287302126E+167
         389  -1.8428276287302126E+167
         390  -1.7609241785644252E+167
         391  -1.9656828039788930E+167
         392  -1.8837793538131061E+167
         393  -2.0066345290617868E+167
         394  -2.0066345290617868E+167
         395  -1.7199724534815316E+167
         396  -1.8837793538131061E+167
         397  -1.8428276287302126E+167
         398  -1.8428276287302126E+167
         399  -2.0066345290617868E+167
         400  -1.8428276287302126E+167
         401  -2.0066345290617868E+167
         402  -1.9656828039788930E+167
         403  -1.9247310788959994E+167
         404  -1.7609241785644252E+167
         405  -2.0475862541446804E+167
         406  -2.0066345290617868E+167
         407  -2.0066345290617868E+167
         408  -2.0066345290617868E+167
         409  -2.0475862541446804E+167
         410  -1.9247310788959994E+167
         411  -2.0475862541446804E+167
         412  -1.8018759036473187E+167
         413  -2.0066345290617868E+167
         414  -1.9247310788959994E+167
         415  -1.6790207283986378E+167
         416  -1.9247310788959994E+167
         417  -2.0475862541446804E+167
         418  -2.0066345290617868E+167
         419  -2.0475862541446804E+167
         420  -1.9656828039788930E+167
         421  -2.0066345290617868E+167
         422  -1.9656828039788930E+167
         423  -1.9247310788959994E+167
         424  -1.8837793538131061E+167
         425  -2.0066345290617868E+167
         426  -1.9656828039788930E+167
         427  -1.8837793538131061E+167
         428  -2.0475862541446804E+167
         429  -2.0475862541446804E+167
         430  -1.9247310788959994E+167
         431  -1.8428276287302126E+167
         432  -1.9656828039788930E+167
         433  -1.8837793538131061E+167
         434  -2.0066345290617868E+167
         435  -1.8837793538131061E+167
         436  -1.9656828039788930E+167
         437  -1.9656828039788930E+167
         438  -2.0066345290617868E+167
         439  -2.0066345290617868E+167
         440  -1.9656828039788930E+167
         441  -2.0475862541446804E+167
         442  -1.9656828039788930E+167
         443  -1.9247310788959994E+167
         444  -1.9656828039788930E+167
         445  -2.0066345290617868E+167
         446  -1.8428276287302126E+167
         447  -2.0066345290617868E+167
         448  -1.9247310788959994E+167
         449  -2.0066345290617868E+167
         450  -1.8837793538131061E+167
         451  -1.8428276287302126E+167
         452  -2.0475862541446804E+167
         453  -1.8428276287302126E+167
         454  -2.0066345290617868E+167
         455  -1.8018759036473187E+167
         456  -1.9247310788959994E+167
         457  -1.8837793538131061E+167
         458  -2.0475862541446804E+167
         459  -2.0066345290617868E+167
         460  -1.8837793538131061E+167
         461  -1.9247310788959994E+167
         462  -1.9247310788959994E+167
         463  -2.0066345290617868E+167
         464  -2.0475862541446804E+167
         465  -2.0066345290617868E+167
         466  -2.0066345290617868E+167
         467  -1.9247310788959994E+167
         468  -2.0475862541446804E+167
         469  -1.5152138280670633E+167
         470  -1.9247310788959994E+167
         471  -2.0066345290617868E+167
         472  -1.9656828039788930E+167
         473  -2.0475862541446804E+167
         474  -1.8018759036473187E+167
         475  -1.9656828039788930E+167
         476  -1.9656828039788930E+167
         477  -1.9656828039788930E+167
         478  -1.9247310788959994E+167
         479  -1.8837793538131061E+167
         480  -1.9247310788959994E+167
         481  -1.8837793538131061E+167
         482  -2.0066345290617868E+167
         483  -1.8018759036473187E+167
         484  -2.0066345290617868E+167
         485  -1.9247310788959994E+167
         486  -2.0066345290617868E+167
         487  -2.0066345290617868E+167
         488  -2.0066345290617868E+167
         489  -1.6790207283986378E+167
         490  -1.9656828039788930E+167
         491  -2.0066345290617868E+167
         492  -2.0475862541446804E+167
         493  -2.0066345290617868E+167
         494  -1.9656828039788930E+167
         495  -1.9656828039788930E+167
         496  -2.0066345290617868E+167
         497  -2.0066345290617868E+167
         498  -1.8018759036473187E+167
         499  -1.9656828039788930E+167
