           1  -2.5526955483992850E-003
           2  -1.4640955483992810E-003
           3  -2.0396955483992854E-003
           4   2.2353044516007069E-003
           5  -2.3866955483992846E-003
           6  -1.8889554839928157E-004
           7  -5.5298955483992877E-003
           8  -5.3409554839928925E-004
           9  -5.7714955483992841E-003
          10  -1.6724955483992741E-003
          11  -4.2996955483992835E-003
          12  -3.6334955483992870E-003
          13  -7.5182955483992777E-003
          14  -1.2810955483992881E-003
          15  -3.1100955483992854E-003
          16  -5.0324955483992814E-003
          17  -1.1613826025972735E-002
          18  -1.9711934065793683E-003
          19  -6.1819973602741446E-003
          20  -2.6026464543367090E-003
          21  -1.0698450408031484E-002
          22  -2.3564803472866516E-002
          23  -184085387826.87421     
          24  -138064040870.17618     
          25  -312945159305.67963     
          26  -156472579652.86124     
          27  -331353698088.38147     
          28  -349762236871.06555     
          29  -8.1903450165787225E+166
          30  -6.1427587624340406E+166
          31  -1.3923586528183829E+167
          32  -6.9617932640919144E+166
          33  -1.4742621029841697E+167
          34  -1.5561655531499571E+167
          35  -1.5971172782328507E+167
          36  -1.8837793538131061E+167
          37  -1.8837793538131061E+167
          38  -1.1056965772381276E+167
          39  -1.8837793538131061E+167
          40  -1.3923586528183829E+167
          41  -1.7609241785644252E+167
          42  -1.3104552026525955E+167
          43  -1.6790207283986378E+167
          44  -1.6380690033157445E+167
          45  -1.4742621029841697E+167
          46  -4.5046897591182969E+166
          47  -1.6380690033157445E+167
          48  -5.7332415116051056E+166
          49  -1.1056965772381276E+167
          50  -1.7609241785644252E+167
          51  -1.4742621029841697E+167
          52  -4.5046897591182969E+166
          53  -4.5046897591182969E+166
          54  -1.0647448521552339E+167
          55  -1.5561655531499571E+167
          56  -6.1427587624340406E+166
          57  -1.6790207283986378E+167
          58  -6.5522760132629775E+166
          59  -2.8666207558025528E+166
          60  -1.5561655531499571E+167
          61  -1.5561655531499571E+167
          62  -1.6380690033157445E+167
          63  -1.4742621029841697E+167
          64  -6.5522760132629775E+166
          65  -8.5998622674076581E+166
          66  -1.8837793538131061E+167
          67  -1.2285517524868081E+166
          68  -2.0475862541446806E+166
          69  -1.1466483023210211E+167
          70  -1.8428276287302126E+167
          71  -1.5561655531499571E+167
          72  -1.5152138280670633E+167
          73  -1.5971172782328507E+167
          74  -1.7609241785644252E+167
          75  -1.6790207283986378E+167
          76  -1.3104552026525955E+167
          77  -4.0951725082893613E+166
          78  -9.8284140198944649E+166
          79  -4.9142070099472325E+166
          80  -1.3104552026525955E+167
          81  -1.4742621029841697E+167
          82  -5.3237242607761694E+166
          83  -1.1056965772381276E+167
          84  -9.4188967690655306E+166
          85  -1.7199724534815316E+167
          86  -1.5561655531499571E+167
          87  -1.5971172782328507E+167
          88  -1.7609241785644252E+167
          89  -1.5152138280670633E+167
          90  -1.2695034775697019E+167
          91  -1.2285517524868081E+167
          92  -1.5561655531499571E+167
          93  -1.2695034775697019E+167
          94  -6.5522760132629775E+166
          95  -1.4333103779012762E+167
          96  -1.4333103779012762E+167
          97  -2.0475862541446806E+166
          98  -4.0951725082893613E+166
          99  -1.8428276287302126E+167
         100  -1.4333103779012762E+167
         101  -1.5971172782328507E+167
         102  -1.9247310788959994E+167
         103  -1.3104552026525955E+167
         104  -3.6856552574604243E+166
         105  -1.6380690033157445E+167
         106  -2.0066345290617868E+167
         107  -5.3237242607761694E+166
         108  -1.5971172782328507E+167
         109  -1.3923586528183829E+167
         110  -1.0237931270723402E+167
         111  -1.6790207283986378E+167
         112  -1.5971172782328507E+167
         113  -1.2695034775697019E+167
         114  -1.5971172782328507E+167
         115  -1.3514069277354891E+167
         116  -1.7199724534815316E+167
         117  -1.3923586528183829E+167
         118  -414192122610.49054     
         119  -1.8837793538131061E+167
         120  -1.5561655531499571E+167
         121  -1.5561655531499571E+167
         122  -1.3514069277354891E+167
         123  -1.8428276287302126E+167
         124  -1.8428276287302126E+167
         125  -8.5998622674076581E+166
         126  -1.5152138280670633E+167
         127  -4.9142070099472325E+166
         128  -1.5152138280670633E+167
         129  -1.3514069277354891E+167
         130  -7.3713105149208487E+166
         131  -8.1903450165787225E+166
         132  -1.9247310788959994E+167
         133  -8.1903450165787225E+166
         134  -1.5561655531499571E+167
         135  -1.5971172782328507E+167
         136  -9.8284140198944649E+166
         137  -1.7609241785644252E+167
         138  -1.6380690033157445E+167
         139  -5.3237242607761694E+166
         140  -1.4333103779012762E+167
         141  -1.8018759036473187E+167
         142  -1.3514069277354891E+167
         143  -1.7199724534815316E+167
         144  -1.9247310788959994E+167
         145  -4.5046897591182969E+166
         146  -4.9142070099472325E+166
         147  -1.7199724534815316E+167
         148  -1.0647448521552339E+167
         149  -1.4333103779012762E+167
         150  -2.8666207558025528E+166
         151  -1.1876000274039146E+167
         152  -6.5522760132629775E+166
         153  -1.6380690033157445E+167
         154  -6.1427587624340406E+166
         155  -1.7609241785644252E+167
         156  -1.3104552026525955E+167
         157  -1.7609241785644252E+167
         158  -1.4742621029841697E+167
         159  -2.4571035049736162E+166
         160  -1.5152138280670633E+167
         161  -1.6790207283986378E+167
         162  -1.5152138280670633E+167
         163  -1.9247310788959994E+167
         164  -4.5046897591182969E+166
         165  -1.6380690033157445E+167
         166  -1.2695034775697019E+167
         167  -1.7609241785644252E+167
         168  -1.1466483023210211E+167
         169  -1.6790207283986378E+167
         170  -1.2695034775697019E+167
         171  -1.6380690033157445E+167
         172  -8.1903450165787225E+166
         173  -9.4188967690655306E+166
         174  -6.5522760132629775E+166
         175  -1.2695034775697019E+167
         176  -1.8428276287302126E+167
         177  -1.2695034775697019E+167
         178  -3.6856552574604243E+166
         179  -8.1903450165787219E+165
         180  -1.6790207283986378E+167
         181  -1.0237931270723402E+167
         182  -1.7199724534815316E+167
         183  -1.0647448521552339E+167
         184  -4.9142070099472325E+166
         185  -1.6380690033157445E+167
         186  -1.4333103779012762E+167
         187  -9.8284140198944649E+166
         188  -1.8018759036473187E+167
         189  -1.3923586528183829E+167
         190  -6.9617932640919144E+166
         191  -1.4742621029841697E+167
         192  -1.3514069277354891E+167
         193  -1.5971172782328507E+167
         194  -1.8428276287302126E+167
         195  -9.0093795182365937E+166
         196  -6.1427587624340406E+166
         197  -4.5046897591182969E+166
         198  -1.4742621029841697E+167
         199  -1.6790207283986378E+167
         200  -1.1056965772381276E+167
         201  -1.2285517524868081E+167
         202  -1.6790207283986378E+167
         203  -1.7199724534815316E+167
         204  -9.8284140198944649E+166
         205  -7.7808277657497856E+166
         206  -1.7609241785644252E+167
         207  -5.3237242607761694E+166
         208  -9.4188967690655306E+166
         209  -1.3514069277354891E+167
         210  -1.6380690033157445E+167
         211  -1.3923586528183829E+167
         212  -1.2285517524868081E+167
         213  -1.7609241785644252E+167
         214  -1.1056965772381276E+167
         215  -1.8837793538131061E+167
         216  -1.3514069277354891E+167
         217  -6.5522760132629775E+166
         218  -1.7199724534815316E+167
         219  -3.2761380066314887E+166
         220  -1.2285517524868081E+167
         221  -1.1876000274039146E+167
         222  -1.7199724534815316E+167
         223  -1.5971172782328507E+167
         224  -1.1876000274039146E+167
         225  -1.7199724534815316E+167
         226  -1.7609241785644252E+167
         227  -1.0237931270723402E+167
         228  -9.0093795182365937E+166
         229  -3.6856552574604243E+166
         230  -1.5561655531499571E+167
         231  -1.7609241785644252E+167
         232  -6.5522760132629775E+166
         233  -1.4742621029841697E+167
         234  -9.4188967690655306E+166
         235  -9.8284140198944649E+166
         236  -1.3104552026525955E+167
         237  -6.5522760132629775E+166
         238  -1.2285517524868081E+167
         239  -9.0093795182365937E+166
         240  -1.2695034775697019E+167
         241  -1.7199724534815316E+167
         242  -1.3104552026525955E+167
         243  -1.2285517524868081E+166
         244  -1.2695034775697019E+167
         245  -1.5561655531499571E+167
         246  -1.5561655531499571E+167
         247  -1.1056965772381276E+167
         248  -1.7199724534815316E+167
         249  -1.7609241785644252E+167
         250  -1.5561655531499571E+167
         251  -1.8018759036473187E+167
         252  -1.4333103779012762E+167
         253  -1.2285517524868081E+166
         254  -1.4333103779012762E+167
         255  -2.4571035049736162E+166
         256  -1.1466483023210211E+167
         257  -5.7332415116051056E+166
         258  -2.4571035049736162E+166
         259  -1.4333103779012762E+167
         260  -1.5152138280670633E+167
         261  -5.7332415116051056E+166
         262  -1.5561655531499571E+167
         263  -1.6790207283986378E+167
         264  -1.5971172782328507E+167
         265  -1.6380690033157444E+166
         266  -1.3514069277354891E+167
         267  -1.4333103779012762E+167
         268  -1.5971172782328507E+167
         269  -1.1466483023210211E+167
         270  -1.4333103779012762E+167
         271  -8.1903450165787225E+166
         272  -7.3713105149208487E+166
         273  -7.7808277657497856E+166
         274  -6.5522760132629775E+166
         275  -1.9247310788959994E+167
         276  -5.7332415116051056E+166
         277  -1.2695034775697019E+167
         278  -1.2695034775697019E+167
         279  -1.6380690033157445E+167
         280  -1.3104552026525955E+167
         281  -4.0951725082893609E+165
         282  -1.5971172782328507E+167
         283  -2.4571035049736162E+166
         284  -1.4333103779012762E+167
         285  -4.0951725082893613E+166
         286  -1.7199724534815316E+167
         287  -9.8284140198944649E+166
         288  -4.0951725082893613E+166
         289  -1.6790207283986378E+167
         290  -8.5998622674076581E+166
         291  -4.9142070099472325E+166
         292  -1.5971172782328507E+167
         293  -1.3104552026525955E+167
         294  -2.0066345290617868E+167
         295  -1.5971172782328507E+167
         296  -1.3514069277354891E+167
         297  -1.2285517524868081E+167
         298  -1.1876000274039146E+167
         299  -6.9617932640919144E+166
         300  -1.5971172782328507E+167
         301  -1.6380690033157445E+167
         302  -1.9656828039788930E+167
         303  -3.2761380066314887E+166
         304  -1.6790207283986378E+167
         305  -1.8428276287302126E+167
         306  -1.3514069277354891E+167
         307  -1.1466483023210211E+167
         308  -1.9247310788959994E+167
         309  -9.0093795182365937E+166
         310  -1.1056965772381276E+167
         311  -2.8666207558025528E+166
         312  -1.8018759036473187E+167
         313  -6.1427587624340406E+166
         314  -1.1466483023210211E+167
         315  -5.7332415116051056E+166
         316  -1.8018759036473187E+167
         317  -9.0093795182365937E+166
         318  -1.4333103779012762E+167
         319  -1.2285517524868081E+166
         320  -1.6790207283986378E+167
         321  -1.8428276287302126E+167
         322  -9.8284140198944649E+166
         323  -1.8018759036473187E+167
         324  -1.9656828039788930E+167
         325  -1.1876000274039146E+167
         326  -1.4742621029841697E+167
         327  -1.3104552026525955E+167
         328  -1.7609241785644252E+167
         329  -1.8018759036473187E+167
         330  -1.0237931270723402E+167
         331  -1.8428276287302126E+167
         332  -1.6380690033157445E+167
         333  -4.0951725082893613E+166
         334  -1.5152138280670633E+167
         335  -2.0066345290617868E+167
         336  -1.7199724534815316E+167
         337  -9.8284140198944649E+166
         338  -7.7808277657497856E+166
         339  -1.5152138280670633E+167
         340  -6.1427587624340406E+166
         341  -1.0647448521552339E+167
         342  -1.7199724534815316E+167
         343  -5.3237242607761694E+166
         344  -1.7609241785644252E+167
         345  -1.5561655531499571E+167
         346  -1.3923586528183829E+167
         347  -1.5152138280670633E+167
         348  -1.5152138280670633E+167
         349  -1.8428276287302126E+167
         350  -1.8837793538131061E+167
         351  -1.6380690033157445E+167
         352  -1.2285517524868081E+167
         353  -1.0647448521552339E+167
         354  -1.3923586528183829E+167
         355  -4.5046897591182969E+166
         356  -9.0093795182365937E+166
         357  -1.7199724534815316E+167
         358  -1.7609241785644252E+167
         359  -1.4333103779012762E+167
         360  -1.3104552026525955E+167
         361  -2.8666207558025528E+166
         362  -1.7609241785644252E+167
         363  -1.5971172782328507E+167
         364  -1.8837793538131061E+167
         365  -8.1903450165787225E+166
         366  -3.6856552574604243E+166
         367  -1.3923586528183829E+167
         368  -1.5152138280670633E+167
         369  -1.8018759036473187E+167
         370  -1.6380690033157445E+167
         371  -1.7609241785644252E+167
         372  -1.7609241785644252E+167
         373  -1.4742621029841697E+167
         374  -4.5046897591182969E+166
         375  -1.5971172782328507E+167
         376  -1.6380690033157445E+167
         377  -1.4742621029841697E+167
         378  -1.5971172782328507E+167
         379  -1.5971172782328507E+167
         380  -1.7199724534815316E+167
         381  -1.2695034775697019E+167
         382  -1.8837793538131061E+167
         383  -1.5561655531499571E+167
         384  -1.0237931270723402E+167
         385  -1.1876000274039146E+167
         386  -1.2695034775697019E+167
         387  -1.4333103779012762E+167
         388  -2.4571035049736162E+166
         389  -1.7609241785644252E+167
         390  -1.1876000274039146E+167
         391  -1.3514069277354891E+167
         392  -1.8428276287302126E+167
         393  -1.7199724534815316E+167
         394  -2.0475862541446806E+166
         395  -1.1466483023210211E+167
         396  -1.7199724534815316E+167
         397  -1.2285517524868081E+167
         398  -1.1466483023210211E+167
         399  -9.8284140198944649E+166
         400  -6.5522760132629775E+166
         401  -5.3237242607761694E+166
         402  -1.3923586528183829E+167
         403  -1.8018759036473187E+167
         404  -1.8018759036473187E+167
         405  -1.1466483023210211E+167
         406  -1.3514069277354891E+167
         407  -6.5522760132629775E+166
         408  -1.3514069277354891E+167
         409  -1.6790207283986378E+167
         410  -1.9247310788959994E+167
         411  -1.3923586528183829E+167
         412  -7.3713105149208487E+166
         413  -1.9247310788959994E+167
         414  -7.7808277657497856E+166
         415  -1.3514069277354891E+167
         416  -7.3713105149208487E+166
         417  -2.0475862541446806E+166
         418  -1.6380690033157444E+166
         419  -1.8018759036473187E+167
         420  -1.7199724534815316E+167
         421  -1.5561655531499571E+167
         422  -9.4188967690655306E+166
         423  -4.9142070099472325E+166
         424  -1.1056965772381276E+167
         425  -1.4333103779012762E+167
         426  -1.9656828039788930E+167
         427  -1.4333103779012762E+167
         428  -5.7332415116051056E+166
         429  -1.3923586528183829E+167
         430  -5.7332415116051056E+166
         431  -1.0237931270723402E+167
         432  -1.2695034775697019E+167
         433  -1.1876000274039146E+167
         434  -1.4333103779012762E+167
         435  -1.6790207283986378E+167
         436  -1.4742621029841697E+167
         437  -9.8284140198944649E+166
         438  -1.5561655531499571E+167
         439  -1.3923586528183829E+167
         440  -1.7199724534815316E+167
         441  -2.0066345290617868E+167
         442  -6.1427587624340406E+166
         443  -7.7808277657497856E+166
         444  -1.5561655531499571E+167
         445  -1.7199724534815316E+167
         446  -1.3514069277354891E+167
         447  -1.0237931270723402E+167
         448  -9.0093795182365937E+166
         449  -1.7199724534815316E+167
         450  -1.2695034775697019E+167
         451  -9.0093795182365937E+166
         452  -5.3237242607761694E+166
         453  -1.7609241785644252E+167
         454  -3.2761380066314887E+166
         455  -1.6380690033157445E+167
         456  -1.7609241785644252E+167
         457  -1.3514069277354891E+167
         458  -1.4333103779012762E+167
         459  -1.6790207283986378E+167
         460  -2.0066345290617868E+167
         461  -1.3104552026525955E+167
         462  -1.5561655531499571E+167
         463  -9.0093795182365937E+166
         464  -1.5152138280670633E+167
         465  -9.4188967690655306E+166
         466  -7.7808277657497856E+166
         467  -1.1876000274039146E+167
         468  -7.3713105149208487E+166
         469  -7.3713105149208487E+166
         470  -1.7199724534815316E+167
         471  -3.6856552574604243E+166
         472  -1.1466483023210211E+167
         473  -1.5561655531499571E+167
         474  -1.5561655531499571E+167
         475  -1.9247310788959994E+167
         476  -1.8018759036473187E+167
         477  -1.3514069277354891E+167
         478  -1.7609241785644252E+167
         479  -1.4333103779012762E+167
         480  -6.5522760132629775E+166
         481  -1.5561655531499571E+167
         482  -1.3514069277354891E+167
         483  -6.5522760132629775E+166
         484  -1.5561655531499571E+167
         485  -1.7199724534815316E+167
         486  -5.3237242607761694E+166
         487  -1.4333103779012762E+167
         488  -1.7609241785644252E+167
         489  -9.8284140198944649E+166
         490  -4.5046897591182969E+166
         491  -1.1056965772381276E+167
         492  -1.8018759036473187E+167
         493  -1.2285517524868081E+167
         494  -6.9617932640919144E+166
         495  -1.7199724534815316E+167
         496  -1.7199724534815316E+167
         497  -2.0475862541446806E+166
         498  -1.0647448521552339E+167
         499  -1.5152138280670633E+167
