           1   2.2222222222222223E-002
           2   9.7777777777777783E-002
           3  0.12222222222222222     
           4  0.11777777777777777     
           5   7.3333333333333334E-002
           6   0.0000000000000000     
           7   8.0000000000000002E-002
           8  0.11777777777777777     
           9  0.15333333333333332     
          10  0.20666666666666667     
          11   7.5555555555555556E-002
          12   1.1111111111111112E-002
          13   6.2222222222222220E-002
          14   1.3333333333333334E-002
          15  0.19111111111111112     
          16   9.1111111111111115E-002
          17  0.16666666666666666     
          18  0.12888888888888889     
          19   8.4444444444444447E-002
          20   4.2222222222222223E-002
          21   4.8888888888888891E-002
          22  0.10444444444444445     
          23   2.8888888888888888E-002
          24  0.14222222222222222     
          25   2.6666666666666668E-002
          26  0.14222222222222222     
          27  0.14222222222222222     
          28  0.13777777777777778     
          29   1.1111111111111112E-002
          30   4.6666666666666669E-002
          31  0.13777777777777778     
          32  0.11333333333333333     
          33   4.8888888888888891E-002
          34   1.7777777777777778E-002
          35   2.2222222222222222E-003
          36  0.13777777777777778     
          37  0.12444444444444444     
          38  0.14222222222222222     
          39   8.8888888888888892E-002
          40  0.12222222222222222     
          41   1.5555555555555555E-002
          42   2.6666666666666668E-002
          43   6.8888888888888888E-002
          44  0.11777777777777777     
          45   7.3333333333333334E-002
          46  0.10444444444444445     
          47   4.8888888888888891E-002
          48  0.21777777777777776     
          49   9.7777777777777783E-002
          50   4.0000000000000001E-002
          51   4.8888888888888891E-002
          52   9.5555555555555560E-002
          53  0.12666666666666668     
          54   7.7777777777777779E-002
          55   5.3333333333333337E-002
          56   2.6666666666666668E-002
          57  0.18222222222222223     
          58  0.10222222222222223     
          59   2.4444444444444446E-002
          60   4.4444444444444444E-003
          61  0.16444444444444445     
          62   5.3333333333333337E-002
          63   8.8888888888888892E-002
          64   8.8888888888888889E-003
          65   3.7777777777777778E-002
          66   6.4444444444444443E-002
          67   2.8888888888888888E-002
          68  0.16666666666666666     
          69  0.10000000000000001     
          70   8.4444444444444447E-002
          71   2.2222222222222222E-003
          72   4.4444444444444446E-002
          73   6.8888888888888888E-002
          74   2.0000000000000000E-002
          75   7.5555555555555556E-002
          76   8.6666666666666670E-002
          77   1.3333333333333334E-002
          78  0.15555555555555556     
          79   1.3333333333333334E-002
          80   3.3333333333333333E-002
          81   1.1111111111111112E-002
          82   1.3333333333333334E-002
          83   8.4444444444444447E-002
          84   6.4444444444444443E-002
          85   5.1111111111111114E-002
          86   2.8888888888888888E-002
          87   1.3333333333333334E-002
          88  0.12222222222222222     
          89  0.20444444444444446     
          90   4.8888888888888891E-002
          91  0.23111111111111110     
          92  0.10666666666666667     
          93   7.7777777777777779E-002
          94   6.6666666666666666E-002
          95   9.5555555555555560E-002
          96   3.5555555555555556E-002
          97   2.8888888888888888E-002
          98  0.14444444444444443     
          99   8.6666666666666670E-002
         100   6.4444444444444443E-002
         101  0.22000000000000000     
         102   2.0000000000000000E-002
         103   4.4444444444444444E-003
         104   8.6666666666666670E-002
         105  0.10444444444444445     
         106  0.25333333333333335     
         107  0.19333333333333333     
         108   7.3333333333333334E-002
         109   2.8888888888888888E-002
         110  0.12666666666666668     
         111   2.4444444444444446E-002
         112   8.4444444444444447E-002
         113   5.5555555555555552E-002
         114   7.7777777777777779E-002
         115   7.7777777777777779E-002
         116  0.20666666666666667     
         117   8.8888888888888889E-003
         118   6.6666666666666671E-003
         119   6.8888888888888888E-002
         120   7.1111111111111111E-002
         121   6.2222222222222220E-002
         122   8.0000000000000002E-002
         123   2.0000000000000000E-002
         124   3.5555555555555556E-002
         125   4.4444444444444446E-002
         126   4.2222222222222223E-002
         127   3.7777777777777778E-002
         128  0.14222222222222222     
         129   4.0000000000000001E-002
         130   2.2222222222222222E-003
         131   4.2222222222222223E-002
         132  0.14444444444444443     
         133   6.2222222222222220E-002
         134   1.3333333333333334E-002
         135  0.18222222222222223     
         136   5.9999999999999998E-002
         137  0.10444444444444445     
         138  0.11777777777777777     
         139   7.1111111111111111E-002
         140   4.0000000000000001E-002
         141  0.12444444444444444     
         142   0.0000000000000000     
         143   8.8888888888888892E-002
         144   5.9999999999999998E-002
         145   3.1111111111111110E-002
         146   6.8888888888888888E-002
         147   5.5555555555555552E-002
         148  0.11333333333333333     
         149  0.13111111111111112     
         150  0.15777777777777777     
         151  0.14888888888888888     
         152   4.4444444444444446E-002
         153  0.11333333333333333     
         154   2.2222222222222222E-003
         155   6.8888888888888888E-002
         156   4.8888888888888891E-002
         157  0.21777777777777776     
         158   9.7777777777777783E-002
         159   9.3333333333333338E-002
         160  0.11333333333333333     
         161   4.8888888888888891E-002
         162   6.6666666666666666E-002
         163   4.4444444444444446E-002
         164   9.7777777777777783E-002
         165  0.22888888888888889     
         166  0.10444444444444445     
         167  0.16888888888888889     
         168  0.13111111111111112     
         169   4.0000000000000001E-002
         170   6.2222222222222220E-002
         171   6.6666666666666671E-003
         172   8.4444444444444447E-002
         173   2.2222222222222222E-003
         174  0.13555555555555557     
         175   4.4444444444444446E-002
         176   2.2222222222222222E-003
         177   5.5555555555555552E-002
         178   6.6666666666666671E-003
         179  0.16888888888888889     
         180   2.8888888888888888E-002
         181  0.10222222222222223     
         182   3.5555555555555556E-002
         183   2.4444444444444446E-002
         184   2.2222222222222222E-003
         185  0.13111111111111112     
         186   8.8888888888888889E-003
         187   4.0000000000000001E-002
         188   7.3333333333333334E-002
         189  0.11555555555555555     
         190  0.15111111111111111     
         191  0.16000000000000000     
         192   1.1111111111111112E-002
         193   4.2222222222222223E-002
         194   4.6666666666666669E-002
         195   4.4444444444444444E-003
         196   9.7777777777777783E-002
         197   8.8888888888888892E-002
         198  0.12222222222222222     
         199   8.8888888888888889E-003
         200   7.3333333333333334E-002
         201   3.5555555555555556E-002
         202   3.7777777777777778E-002
         203   5.5555555555555552E-002
         204   6.2222222222222220E-002
         205  0.17999999999999999     
         206   2.4444444444444446E-002
         207   6.6666666666666671E-003
         208   1.5555555555555555E-002
         209  0.24222222222222223     
         210  0.14222222222222222     
         211   4.4444444444444444E-003
         212   4.4444444444444446E-002
         213   6.2222222222222220E-002
         214  0.12666666666666668     
         215   3.3333333333333333E-002
         216   2.0000000000000000E-002
         217  0.10000000000000001     
         218   7.7777777777777779E-002
         219  0.10888888888888888     
         220   3.3333333333333333E-002
         221  0.10000000000000001     
         222   2.6666666666666668E-002
         223   4.8888888888888891E-002
         224   6.6666666666666666E-002
         225  0.13333333333333333     
         226  0.13777777777777778     
         227  0.18666666666666668     
         228  0.29777777777777775     
         229  0.19777777777777777     
         230  0.10444444444444445     
         231   2.6666666666666668E-002
         232  0.18888888888888888     
         233   6.2222222222222220E-002
         234  0.12222222222222222     
         235   0.0000000000000000     
         236   2.6666666666666668E-002
         237   2.2222222222222223E-002
         238   7.1111111111111111E-002
         239   4.6666666666666669E-002
         240  0.21333333333333335     
         241  0.22000000000000000     
         242  0.12000000000000000     
         243  0.14000000000000001     
         244  0.12000000000000000     
         245  0.13777777777777778     
         246   3.5555555555555556E-002
         247   4.4444444444444446E-002
         248   1.1111111111111112E-002
         249   5.7777777777777775E-002
         250   9.1111111111111115E-002
         251   5.7777777777777775E-002
         252  0.17555555555555555     
         253  0.14666666666666667     
         254   4.4444444444444444E-003
         255  0.10222222222222223     
         256  0.16000000000000000     
         257   8.8888888888888892E-002
         258   7.1111111111111111E-002
         259  0.13111111111111112     
         260   4.6666666666666669E-002
         261   7.5555555555555556E-002
         262  0.25111111111111112     
         263  0.17333333333333334     
         264  0.12444444444444444     
         265   3.3333333333333333E-002
         266   4.4444444444444444E-003
         267   4.6666666666666669E-002
         268   1.5555555555555555E-002
         269   6.2222222222222220E-002
         270   6.6666666666666671E-003
         271  0.11111111111111110     
         272   1.7777777777777778E-002
         273  0.10000000000000001     
         274  0.13333333333333333     
         275  0.10444444444444445     
         276   6.6666666666666666E-002
         277  0.12666666666666668     
         278   9.1111111111111115E-002
         279   5.7777777777777775E-002
         280   5.9999999999999998E-002
         281  0.20444444444444446     
         282   2.8888888888888888E-002
         283   4.4444444444444444E-003
         284   8.8888888888888889E-003
         285  0.17555555555555555     
         286  0.15333333333333332     
         287  0.28888888888888886     
         288  0.13333333333333333     
         289   6.8888888888888888E-002
         290  0.11555555555555555     
         291   7.5555555555555556E-002
         292   4.4444444444444446E-002
         293   5.5555555555555552E-002
         294   4.4444444444444444E-003
         295   8.4444444444444447E-002
         296   2.2222222222222223E-002
         297   8.8888888888888889E-003
         298  0.22888888888888889     
         299   6.6666666666666666E-002
         300   4.4444444444444444E-003
         301  0.13555555555555557     
         302   5.7777777777777775E-002
         303   4.4444444444444444E-003
         304   6.6666666666666666E-002
         305   2.0000000000000000E-002
         306  0.21777777777777776     
         307   3.7777777777777778E-002
         308   6.4444444444444443E-002
         309   9.3333333333333338E-002
         310  0.13111111111111112     
         311  0.16000000000000000     
         312  0.10444444444444445     
         313   1.3333333333333334E-002
         314   7.1111111111111111E-002
         315  0.12888888888888889     
         316   4.8888888888888891E-002
         317   1.1111111111111112E-002
         318   9.5555555555555560E-002
         319   9.3333333333333338E-002
         320   7.3333333333333334E-002
         321   3.1111111111111110E-002
         322   7.5555555555555556E-002
         323  0.25555555555555554     
         324   8.4444444444444447E-002
         325  0.11777777777777777     
         326   8.8888888888888889E-003
         327  0.12888888888888889     
         328   0.0000000000000000     
         329   6.6666666666666671E-003
         330   8.8888888888888892E-002
         331   1.7777777777777778E-002
         332  0.14666666666666667     
         333   4.2222222222222223E-002
         334   2.0000000000000000E-002
         335   5.7777777777777775E-002
         336   9.1111111111111115E-002
         337  0.25111111111111112     
         338  0.21777777777777776     
         339   1.5555555555555555E-002
         340  0.13777777777777778     
         341   2.2222222222222222E-003
         342   2.2222222222222222E-003
         343   2.6666666666666668E-002
         344   4.6666666666666669E-002
         345   7.7777777777777779E-002
         346   7.5555555555555556E-002
         347  0.10000000000000001     
         348  0.14666666666666667     
         349  0.22666666666666666     
         350  0.12444444444444444     
         351   1.3333333333333334E-002
         352   1.3333333333333334E-002
         353   2.2222222222222222E-003
         354   9.7777777777777783E-002
         355   3.3333333333333333E-002
         356  0.15333333333333332     
         357  0.10666666666666667     
         358   4.0000000000000001E-002
         359   7.3333333333333334E-002
         360   5.7777777777777775E-002
         361  0.17111111111111110     
         362   7.5555555555555556E-002
         363   6.6666666666666671E-003
         364   2.2222222222222222E-003
         365  0.11111111111111110     
         366  0.12444444444444444     
         367   1.7777777777777778E-002
         368   2.8888888888888888E-002
         369   8.0000000000000002E-002
         370   4.4444444444444446E-002
         371   4.2222222222222223E-002
         372   8.2222222222222224E-002
         373   3.5555555555555556E-002
         374   3.7777777777777778E-002
         375  0.16888888888888889     
         376   4.8888888888888891E-002
         377   3.1111111111111110E-002
         378  0.14222222222222222     
         379   2.4444444444444446E-002
         380   5.7777777777777775E-002
         381   5.9999999999999998E-002
         382  0.15777777777777777     
         383  0.12000000000000000     
         384   8.6666666666666670E-002
         385   5.3333333333333337E-002
         386   3.5555555555555556E-002
         387   3.1111111111111110E-002
         388   4.0000000000000001E-002
         389   6.2222222222222220E-002
         390   4.2222222222222223E-002
         391  0.28444444444444444     
         392   8.4444444444444447E-002
         393  0.10888888888888888     
         394  0.11555555555555555     
         395   6.6666666666666666E-002
         396   5.5555555555555552E-002
         397   1.7777777777777778E-002
         398  0.12000000000000000     
         399   3.1111111111111110E-002
         400   7.7777777777777779E-002
         401   3.3333333333333333E-002
         402   9.3333333333333338E-002
         403   6.4444444444444443E-002
         404   8.8888888888888889E-003
         405  0.16000000000000000     
         406   6.2222222222222220E-002
         407   6.2222222222222220E-002
         408   3.3333333333333333E-002
         409   4.4444444444444444E-003
         410   1.7777777777777778E-002
         411   1.5555555555555555E-002
         412  0.12888888888888889     
         413  0.15555555555555556     
         414   6.6666666666666666E-002
         415  0.12888888888888889     
         416  0.10888888888888888     
         417   0.0000000000000000     
         418  0.18888888888888888     
         419   4.4444444444444444E-003
         420  0.14000000000000001     
         421  0.15555555555555556     
         422   4.8888888888888891E-002
         423   2.2222222222222223E-002
         424   3.1111111111111110E-002
         425   9.1111111111111115E-002
         426   4.4444444444444444E-003
         427  0.12444444444444444     
         428   1.3333333333333334E-002
         429   1.1111111111111112E-002
         430   2.6666666666666668E-002
         431  0.12444444444444444     
         432   5.9999999999999998E-002
         433   2.2222222222222223E-002
         434   1.1111111111111112E-002
         435  0.10444444444444445     
         436   8.2222222222222224E-002
         437   9.7777777777777783E-002
         438   1.5555555555555555E-002
         439   5.9999999999999998E-002
         440   1.5555555555555555E-002
         441   7.3333333333333334E-002
         442   2.4444444444444446E-002
         443   2.6666666666666668E-002
         444  0.10000000000000001     
         445  0.10666666666666667     
         446   3.1111111111111110E-002
         447   7.7777777777777779E-002
         448   2.6666666666666668E-002
         449   9.3333333333333338E-002
         450   6.4444444444444443E-002
         451  0.10222222222222223     
         452   4.0000000000000001E-002
         453   6.6666666666666671E-003
         454   6.2222222222222220E-002
         455   8.2222222222222224E-002
         456   8.4444444444444447E-002
         457  0.11777777777777777     
         458  0.27777777777777779     
         459   9.5555555555555560E-002
         460   8.8888888888888889E-003
         461   4.2222222222222223E-002
         462   4.0000000000000001E-002
         463   6.2222222222222220E-002
         464   1.5555555555555555E-002
         465  0.15333333333333332     
         466   4.4444444444444444E-003
         467  0.10888888888888888     
         468  0.14444444444444443     
         469  0.19111111111111112     
         470   8.8888888888888892E-002
         471   8.0000000000000002E-002
         472   2.2222222222222223E-002
         473   9.7777777777777783E-002
         474  0.14000000000000001     
         475   4.6666666666666669E-002
         476   9.3333333333333338E-002
         477   8.2222222222222224E-002
         478   2.2222222222222222E-003
         479   2.8888888888888888E-002
         480   2.2222222222222222E-003
         481   8.4444444444444447E-002
         482   5.7777777777777775E-002
         483  0.11111111111111110     
         484   1.5555555555555555E-002
         485  0.16000000000000000     
         486  0.14666666666666667     
         487   2.2222222222222222E-003
         488   2.8888888888888888E-002
         489  0.10444444444444445     
         490   5.7777777777777775E-002
         491  0.26666666666666666     
         492  0.16222222222222221     
         493   9.5555555555555560E-002
         494   1.5555555555555555E-002
         495  0.12888888888888889     
         496   5.9999999999999998E-002
         497   4.4444444444444446E-002
         498   9.7777777777777783E-002
         499   2.0000000000000000E-002
         500   7.3333333333333334E-002
         501   9.7777777777777783E-002
         502   7.1111111111111111E-002
         503   9.1111111111111115E-002
         504   3.1111111111111110E-002
         505  0.10222222222222223     
         506   8.0000000000000002E-002
         507   2.2222222222222223E-002
         508  0.20888888888888890     
         509   8.0000000000000002E-002
         510  0.20222222222222222     
         511   8.0000000000000002E-002
         512   2.4444444444444446E-002
         513   8.6666666666666670E-002
         514   8.4444444444444447E-002
         515  0.17999999999999999     
         516  0.18888888888888888     
         517  0.12000000000000000     
         518   4.0000000000000001E-002
         519  0.10888888888888888     
         520   2.2222222222222222E-003
         521  0.10444444444444445     
         522   7.1111111111111111E-002
         523   2.8888888888888888E-002
         524   2.2222222222222223E-002
         525   3.3333333333333333E-002
         526   9.7777777777777783E-002
         527  0.13555555555555557     
         528  0.12444444444444444     
         529   3.1111111111111110E-002
         530   6.4444444444444443E-002
         531   5.3333333333333337E-002
         532  0.18666666666666668     
         533   8.2222222222222224E-002
         534   1.1111111111111112E-002
         535   4.8888888888888891E-002
         536   2.2222222222222223E-002
         537   0.0000000000000000     
         538   9.3333333333333338E-002
         539   3.3333333333333333E-002
         540  0.17777777777777778     
         541   6.4444444444444443E-002
         542   2.8888888888888888E-002
         543   4.2222222222222223E-002
         544  0.12000000000000000     
         545   8.8888888888888889E-003
         546   4.0000000000000001E-002
         547   1.1111111111111112E-002
         548   1.7777777777777778E-002
         549   3.1111111111111110E-002
         550   4.4444444444444446E-002
         551   2.2222222222222222E-003
         552  0.13111111111111112     
         553  0.13111111111111112     
         554  0.12444444444444444     
         555   1.3333333333333334E-002
         556   7.5555555555555556E-002
         557   4.0000000000000001E-002
         558   1.1111111111111112E-002
         559  0.14000000000000001     
         560  0.14666666666666667     
         561   4.4444444444444444E-003
         562   2.2222222222222223E-002
         563   8.2222222222222224E-002
         564   6.8888888888888888E-002
         565   6.4444444444444443E-002
         566   5.3333333333333337E-002
         567   5.1111111111111114E-002
         568  0.12666666666666668     
         569   8.8888888888888892E-002
         570  0.11555555555555555     
         571   1.3333333333333334E-002
         572  0.11111111111111110     
         573  0.13555555555555557     
         574   7.5555555555555556E-002
         575   4.4444444444444444E-003
         576  0.13111111111111112     
         577  0.16222222222222221     
         578   9.3333333333333338E-002
         579   4.4444444444444444E-003
         580   6.6666666666666671E-003
         581   8.0000000000000002E-002
         582  0.16666666666666666     
         583   4.8888888888888891E-002
         584   1.5555555555555555E-002
         585   5.1111111111111114E-002
         586  0.10000000000000001     
         587  0.16888888888888889     
         588  0.13333333333333333     
         589   7.5555555555555556E-002
         590   5.7777777777777775E-002
         591   5.3333333333333337E-002
         592  0.10888888888888888     
         593  0.10666666666666667     
         594  0.19777777777777777     
         595   1.5555555555555555E-002
         596  0.10000000000000001     
         597  0.14444444444444443     
         598  0.15111111111111111     
         599  0.15111111111111111     
         600   4.6666666666666669E-002
         601  0.10888888888888888     
         602   4.6666666666666669E-002
         603  0.21111111111111111     
         604   5.1111111111111114E-002
         605   6.4444444444444443E-002
         606   7.7777777777777779E-002
         607   6.6666666666666666E-002
         608   8.8888888888888889E-003
         609   3.5555555555555556E-002
         610   1.5555555555555555E-002
         611   4.4444444444444446E-002
         612   2.0000000000000000E-002
         613   2.4444444444444446E-002
         614  0.33111111111111113     
         615   8.8888888888888892E-002
         616   1.1111111111111112E-002
         617  0.10444444444444445     
         618   4.2222222222222223E-002
         619   3.7777777777777778E-002
         620  0.19333333333333333     
         621   6.6666666666666671E-003
         622  0.11111111111111110     
         623  0.16444444444444445     
         624  0.16222222222222221     
         625   4.2222222222222223E-002
         626   3.3333333333333333E-002
         627   4.2222222222222223E-002
         628   6.6666666666666671E-003
         629  0.15555555555555556     
         630  0.19111111111111112     
         631   7.1111111111111111E-002
         632   5.9999999999999998E-002
         633   5.1111111111111114E-002
         634   5.3333333333333337E-002
         635   3.5555555555555556E-002
         636  0.20000000000000001     
         637  0.24222222222222223     
         638  0.13333333333333333     
         639  0.12222222222222222     
         640   8.6666666666666670E-002
         641   1.1111111111111112E-002
         642   5.1111111111111114E-002
         643   1.1111111111111112E-002
         644   2.2222222222222222E-003
         645  0.12666666666666668     
         646  0.15777777777777777     
         647  0.16000000000000000     
         648   8.2222222222222224E-002
         649   1.5555555555555555E-002
         650  0.11333333333333333     
         651   5.3333333333333337E-002
         652   1.5555555555555555E-002
         653   0.0000000000000000     
         654   3.5555555555555556E-002
         655   3.1111111111111110E-002
         656   3.7777777777777778E-002
         657   0.0000000000000000     
         658   1.3333333333333334E-002
         659  0.20666666666666667     
         660  0.28888888888888886     
         661   4.4444444444444446E-002
         662   2.0000000000000000E-002
         663   2.4444444444444446E-002
         664   4.8888888888888891E-002
         665  0.13111111111111112     
         666  0.13111111111111112     
         667   1.5555555555555555E-002
         668   3.7777777777777778E-002
         669   4.2222222222222223E-002
         670  0.11555555555555555     
         671   4.2222222222222223E-002
         672   2.6666666666666668E-002
         673   6.2222222222222220E-002
         674   5.7777777777777775E-002
         675  0.12666666666666668     
         676  0.12000000000000000     
         677  0.14444444444444443     
         678  0.10666666666666667     
         679   8.8888888888888892E-002
         680  0.14000000000000001     
         681   7.5555555555555556E-002
         682   9.7777777777777783E-002
         683   6.6666666666666671E-003
         684  0.13555555555555557     
         685   2.2222222222222222E-003
         686  0.13777777777777778     
         687   1.5555555555555555E-002
         688   0.0000000000000000     
         689   4.0000000000000001E-002
         690   7.7777777777777779E-002
         691   6.8888888888888888E-002
         692   2.6666666666666668E-002
         693   7.5555555555555556E-002
         694  0.12444444444444444     
         695   4.2222222222222223E-002
         696  0.22666666666666666     
         697   2.2222222222222222E-003
         698  0.23555555555555555     
         699  0.16444444444444445     
         700   1.1111111111111112E-002
         701   4.4444444444444444E-003
         702   1.5555555555555555E-002
         703  0.11111111111111110     
         704   8.6666666666666670E-002
         705   8.8888888888888892E-002
         706   3.7777777777777778E-002
         707  0.18888888888888888     
         708   2.4444444444444446E-002
         709   7.5555555555555556E-002
         710   3.3333333333333333E-002
         711   2.8888888888888888E-002
         712   1.1111111111111112E-002
         713   8.2222222222222224E-002
         714   4.2222222222222223E-002
         715  0.14000000000000001     
         716   8.4444444444444447E-002
         717   2.4444444444444446E-002
         718  0.14222222222222222     
         719   8.0000000000000002E-002
         720   7.1111111111111111E-002
         721   2.8888888888888888E-002
         722  0.14666666666666667     
         723   6.6666666666666666E-002
         724   2.4444444444444446E-002
         725   4.4444444444444444E-003
         726  0.10888888888888888     
         727   8.8888888888888889E-003
         728   5.5555555555555552E-002
         729  0.12222222222222222     
         730   1.7777777777777778E-002
         731  0.17777777777777778     
         732   9.1111111111111115E-002
         733  0.18888888888888888     
         734   8.8888888888888892E-002
         735   5.1111111111111114E-002
         736   3.3333333333333333E-002
         737  0.16888888888888889     
         738   6.6666666666666671E-003
         739   4.2222222222222223E-002
         740   1.1111111111111112E-002
         741   8.8888888888888892E-002
         742   2.2222222222222223E-002
         743   2.2222222222222223E-002
         744   9.5555555555555560E-002
         745   1.3333333333333334E-002
         746   4.0000000000000001E-002
         747   8.6666666666666670E-002
         748  0.13555555555555557     
         749   6.2222222222222220E-002
         750   9.5555555555555560E-002
         751   5.1111111111111114E-002
         752   2.6666666666666668E-002
         753   9.3333333333333338E-002
         754  0.22222222222222221     
         755   5.1111111111111114E-002
         756   4.6666666666666669E-002
         757   5.3333333333333337E-002
         758   8.4444444444444447E-002
         759   1.7777777777777778E-002
         760  0.16444444444444445     
         761  0.12000000000000000     
         762   2.2222222222222223E-002
         763  0.21777777777777776     
         764  0.26888888888888890     
         765   1.7777777777777778E-002
         766  0.17333333333333334     
         767   2.2222222222222222E-003
         768  0.14222222222222222     
         769  0.21555555555555556     
         770  0.10666666666666667     
         771  0.11111111111111110     
         772   7.1111111111111111E-002
         773  0.19555555555555557     
         774   1.1111111111111112E-002
         775   2.6666666666666668E-002
         776   5.7777777777777775E-002
         777   2.8888888888888888E-002
         778   6.4444444444444443E-002
         779  0.20666666666666667     
         780  0.18222222222222223     
         781  0.17111111111111110     
         782  0.20000000000000001     
         783  0.24888888888888888     
         784   2.4444444444444446E-002
         785   6.2222222222222220E-002
         786   5.9999999999999998E-002
         787  0.10888888888888888     
         788  0.12000000000000000     
         789   9.3333333333333338E-002
         790   1.3333333333333334E-002
         791   8.4444444444444447E-002
         792   8.2222222222222224E-002
         793   5.7777777777777775E-002
         794  0.24444444444444444     
         795  0.22444444444444445     
         796  0.11555555555555555     
         797   4.6666666666666669E-002
         798   3.5555555555555556E-002
         799   9.1111111111111115E-002
         800   0.0000000000000000     
         801   3.7777777777777778E-002
         802   7.5555555555555556E-002
         803  0.20000000000000001     
         804   9.5555555555555560E-002
         805   7.5555555555555556E-002
         806   4.6666666666666669E-002
         807   4.8888888888888891E-002
         808   7.3333333333333334E-002
         809   2.2222222222222222E-003
         810   1.1111111111111112E-002
         811   8.2222222222222224E-002
         812  0.34444444444444444     
         813  0.15111111111111111     
         814  0.23555555555555555     
         815  0.13333333333333333     
         816   5.5555555555555552E-002
         817  0.12666666666666668     
         818  0.30444444444444446     
         819   8.4444444444444447E-002
         820   9.7777777777777783E-002
         821   1.1111111111111112E-002
         822   7.1111111111111111E-002
         823   7.3333333333333334E-002
         824  0.10666666666666667     
         825  0.10000000000000001     
         826   5.3333333333333337E-002
         827   4.4444444444444444E-003
         828   7.3333333333333334E-002
         829   1.1111111111111112E-002
         830  0.15333333333333332     
         831   8.0000000000000002E-002
         832   1.5555555555555555E-002
         833  0.16444444444444445     
         834   7.7777777777777779E-002
         835   2.4444444444444446E-002
         836   3.1111111111111110E-002
         837  0.11555555555555555     
         838   4.4444444444444444E-003
         839   5.9999999999999998E-002
         840   5.3333333333333337E-002
         841  0.14222222222222222     
         842  0.17777777777777778     
         843  0.15111111111111111     
         844   8.2222222222222224E-002
         845   7.1111111111111111E-002
         846   2.4444444444444446E-002
         847   3.3333333333333333E-002
         848   3.7777777777777778E-002
         849   4.2222222222222223E-002
         850   4.8888888888888891E-002
         851   3.1111111111111110E-002
         852  0.12000000000000000     
         853  0.17777777777777778     
         854   2.6666666666666668E-002
         855  0.17111111111111110     
         856  0.12000000000000000     
         857   8.0000000000000002E-002
         858   1.5555555555555555E-002
         859   3.1111111111111110E-002
         860   8.0000000000000002E-002
         861   7.7777777777777779E-002
         862   2.0000000000000000E-002
         863  0.30444444444444446     
         864  0.10444444444444445     
         865  0.12444444444444444     
         866   2.4444444444444446E-002
         867   5.7777777777777775E-002
         868   2.6666666666666668E-002
         869   1.1111111111111112E-002
         870  0.37555555555555553     
         871  0.12888888888888889     
         872   2.4444444444444446E-002
         873  0.21111111111111111     
         874  0.13333333333333333     
         875  0.16888888888888889     
         876   6.6666666666666666E-002
         877  0.15111111111111111     
         878  0.20222222222222222     
         879   2.2222222222222222E-003
         880   6.8888888888888888E-002
         881   6.6666666666666671E-003
         882   8.8888888888888892E-002
         883   8.8888888888888892E-002
         884   2.4444444444444446E-002
         885   5.7777777777777775E-002
         886   2.2222222222222223E-002
         887  0.16222222222222221     
         888   4.6666666666666669E-002
         889   5.7777777777777775E-002
         890   1.1111111111111112E-002
         891   4.4444444444444446E-002
         892  0.11333333333333333     
         893  0.11333333333333333     
         894   4.4444444444444444E-003
         895   3.5555555555555556E-002
         896  0.11333333333333333     
         897   6.2222222222222220E-002
         898   4.0000000000000001E-002
         899   1.7777777777777778E-002
         900   8.6666666666666670E-002
         901  0.13333333333333333     
         902   2.4444444444444446E-002
         903  0.18888888888888888     
         904   1.7777777777777778E-002
         905   4.8888888888888891E-002
         906   8.2222222222222224E-002
         907  0.14000000000000001     
         908   8.0000000000000002E-002
         909   9.7777777777777783E-002
         910  0.10000000000000001     
         911   3.5555555555555556E-002
         912   6.6666666666666671E-003
         913  0.15777777777777777     
         914   2.2222222222222222E-003
         915   3.3333333333333333E-002
         916  0.10666666666666667     
         917   2.2222222222222223E-002
         918   1.7777777777777778E-002
         919   4.4444444444444446E-002
         920   8.8888888888888889E-003
         921   2.4444444444444446E-002
         922   6.6666666666666666E-002
         923  0.16444444444444445     
         924   1.1111111111111112E-002
         925   1.5555555555555555E-002
         926  0.16444444444444445     
         927   2.0000000000000000E-002
         928   2.4444444444444446E-002
         929   2.2222222222222223E-002
         930   6.2222222222222220E-002
         931   2.8888888888888888E-002
         932  0.11777777777777777     
         933  0.14222222222222222     
         934   3.7777777777777778E-002
         935   7.7777777777777779E-002
         936   2.8888888888888888E-002
         937  0.17333333333333334     
         938  0.18888888888888888     
         939  0.14222222222222222     
         940  0.14888888888888888     
         941   2.2222222222222223E-002
         942   5.5555555555555552E-002
         943   2.2222222222222223E-002
         944   1.5555555555555555E-002
         945  0.10666666666666667     
         946   4.4444444444444446E-002
         947   2.0000000000000000E-002
         948   2.0000000000000000E-002
         949   3.1111111111111110E-002
         950  0.12444444444444444     
         951  0.15111111111111111     
         952   4.8888888888888891E-002
         953   8.4444444444444447E-002
         954   5.1111111111111114E-002
         955   7.5555555555555556E-002
         956   1.3333333333333334E-002
         957   3.3333333333333333E-002
         958   8.2222222222222224E-002
         959   4.0000000000000001E-002
         960   5.9999999999999998E-002
         961   1.3333333333333334E-002
         962   3.7777777777777778E-002
         963   8.0000000000000002E-002
         964  0.12222222222222222     
         965   6.8888888888888888E-002
         966   5.1111111111111114E-002
         967  0.15777777777777777     
         968   7.5555555555555556E-002
         969  0.15111111111111111     
         970   6.6666666666666671E-003
         971  0.13333333333333333     
         972   2.8888888888888888E-002
         973   9.7777777777777783E-002
         974  0.17999999999999999     
         975   3.1111111111111110E-002
         976   1.3333333333333334E-002
         977   8.6666666666666670E-002
         978  0.11777777777777777     
         979   3.7777777777777778E-002
         980   6.6666666666666671E-003
         981   8.6666666666666670E-002
         982   1.3333333333333334E-002
         983   8.4444444444444447E-002
         984  0.23999999999999999     
         985  0.37333333333333335     
         986   4.8888888888888891E-002
         987   9.7777777777777783E-002
         988   5.9999999999999998E-002
         989  0.12222222222222222     
         990  0.14444444444444443     
         991   8.8888888888888889E-003
         992   1.5555555555555555E-002
         993  0.19333333333333333     
         994   5.3333333333333337E-002
         995  0.10000000000000001     
         996   6.6666666666666671E-003
         997   3.3333333333333333E-002
         998   6.6666666666666671E-003
         999   4.4444444444444446E-002
        1000   8.0000000000000002E-002
        1001   3.7777777777777778E-002
        1002   4.4444444444444444E-003
        1003   5.1111111111111114E-002
        1004  0.11333333333333333     
        1005  0.17999999999999999     
        1006  0.10222222222222223     
        1007   6.6666666666666666E-002
        1008   5.5555555555555552E-002
        1009  0.12000000000000000     
        1010   3.7777777777777778E-002
        1011   4.2222222222222223E-002
        1012   5.9999999999999998E-002
        1013   8.8888888888888889E-003
        1014   7.5555555555555556E-002
        1015   5.5555555555555552E-002
        1016   6.6666666666666671E-003
        1017   2.2222222222222223E-002
        1018   9.5555555555555560E-002
        1019  0.19111111111111112     
        1020   5.1111111111111114E-002
        1021   8.6666666666666670E-002
        1022  0.15777777777777777     
        1023   5.5555555555555552E-002
        1024   2.4444444444444446E-002
        1025  0.10000000000000001     
        1026  0.12444444444444444     
        1027  0.12444444444444444     
        1028  0.16000000000000000     
        1029  0.11111111111111110     
        1030   8.8888888888888892E-002
        1031   1.1111111111111112E-002
        1032  0.13111111111111112     
        1033   5.3333333333333337E-002
        1034   3.1111111111111110E-002
        1035   2.2222222222222222E-003
        1036   2.6666666666666668E-002
        1037   4.4444444444444446E-002
        1038   4.2222222222222223E-002
        1039   6.4444444444444443E-002
        1040   1.5555555555555555E-002
        1041  0.17555555555555555     
        1042  0.17777777777777778     
        1043  0.14444444444444443     
        1044   4.4444444444444444E-003
        1045   3.5555555555555556E-002
        1046   8.8888888888888889E-003
        1047   3.5555555555555556E-002
        1048   4.4444444444444446E-002
        1049   3.3333333333333333E-002
        1050   5.1111111111111114E-002
        1051   4.6666666666666669E-002
        1052   1.3333333333333334E-002
        1053   7.5555555555555556E-002
        1054   7.3333333333333334E-002
        1055   5.7777777777777775E-002
        1056  0.11777777777777777     
        1057  0.12666666666666668     
        1058   3.7777777777777778E-002
        1059   3.1111111111111110E-002
        1060   2.2222222222222223E-002
        1061   7.1111111111111111E-002
        1062   4.2222222222222223E-002
        1063  0.20222222222222222     
        1064  0.13333333333333333     
        1065  0.14000000000000001     
        1066   2.0000000000000000E-002
        1067   5.7777777777777775E-002
        1068  0.17111111111111110     
        1069  0.10666666666666667     
        1070   3.7777777777777778E-002
        1071  0.10222222222222223     
        1072  0.11555555555555555     
        1073  0.11777777777777777     
        1074  0.16444444444444445     
        1075  0.12222222222222222     
        1076  0.23555555555555555     
        1077   0.0000000000000000     
        1078   6.2222222222222220E-002
        1079  0.14000000000000001     
        1080  0.24444444444444444     
        1081   6.8888888888888888E-002
        1082   5.7777777777777775E-002
        1083   5.9999999999999998E-002
        1084  0.18222222222222223     
        1085   2.2222222222222223E-002
        1086  0.14666666666666667     
        1087   2.2222222222222223E-002
        1088   4.4444444444444446E-002
        1089   6.6666666666666671E-003
        1090  0.10000000000000001     
        1091   8.8888888888888889E-003
        1092  0.12222222222222222     
        1093  0.16000000000000000     
        1094  0.16444444444444445     
        1095  0.19555555555555557     
        1096  0.16444444444444445     
        1097   1.7777777777777778E-002
        1098   4.0000000000000001E-002
        1099  0.11777777777777777     
        1100   4.8888888888888891E-002
        1101   5.9999999999999998E-002
        1102  0.14222222222222222     
        1103   4.8888888888888891E-002
        1104   4.0000000000000001E-002
        1105   2.8888888888888888E-002
        1106   1.1111111111111112E-002
        1107   1.3333333333333334E-002
        1108   1.1111111111111112E-002
        1109   5.1111111111111114E-002
        1110   4.8888888888888891E-002
        1111   9.3333333333333338E-002
        1112  0.13111111111111112     
        1113   5.7777777777777775E-002
        1114   8.4444444444444447E-002
        1115   2.6666666666666668E-002
        1116  0.10444444444444445     
        1117   5.1111111111111114E-002
        1118   4.4444444444444444E-003
        1119  0.14666666666666667     
        1120  0.12222222222222222     
        1121   4.2222222222222223E-002
        1122   7.7777777777777779E-002
        1123   2.2222222222222223E-002
        1124   8.4444444444444447E-002
        1125   6.8888888888888888E-002
        1126   5.3333333333333337E-002
        1127  0.11111111111111110     
        1128   5.9999999999999998E-002
        1129  0.21777777777777776     
        1130   7.3333333333333334E-002
        1131   5.1111111111111114E-002
        1132   3.3333333333333333E-002
        1133   2.4444444444444446E-002
        1134   5.7777777777777775E-002
        1135   8.4444444444444447E-002
        1136   8.8888888888888889E-003
        1137  0.12444444444444444     
        1138   2.0000000000000000E-002
        1139  0.20222222222222222     
        1140  0.17555555555555555     
        1141  0.16444444444444445     
        1142   9.5555555555555560E-002
        1143   2.2222222222222223E-002
        1144   7.7777777777777779E-002
        1145   1.7777777777777778E-002
        1146  0.10666666666666667     
        1147  0.11777777777777777     
        1148   8.8888888888888889E-003
        1149   3.5555555555555556E-002
        1150   2.8888888888888888E-002
        1151   4.8888888888888891E-002
        1152  0.10000000000000001     
        1153  0.10444444444444445     
        1154   7.1111111111111111E-002
        1155  0.10000000000000001     
        1156   5.5555555555555552E-002
        1157  0.10000000000000001     
        1158   6.6666666666666671E-003
        1159   6.6666666666666666E-002
        1160  0.15333333333333332     
        1161   5.9999999999999998E-002
        1162  0.10222222222222223     
        1163   6.4444444444444443E-002
        1164   2.2222222222222223E-002
        1165  0.17111111111111110     
        1166   4.4444444444444444E-003
        1167   1.3333333333333334E-002
        1168  0.14000000000000001     
        1169  0.10000000000000001     
        1170  0.19111111111111112     
        1171   8.4444444444444447E-002
        1172   4.4444444444444444E-003
        1173   4.8888888888888891E-002
        1174  0.18888888888888888     
        1175   1.5555555555555555E-002
        1176   1.3333333333333334E-002
        1177  0.15333333333333332     
        1178  0.19111111111111112     
        1179   6.4444444444444443E-002
        1180   4.0000000000000001E-002
        1181  0.11111111111111110     
        1182  0.12444444444444444     
        1183   9.3333333333333338E-002
        1184   5.9999999999999998E-002
        1185  0.21111111111111111     
        1186   6.6666666666666666E-002
        1187  0.12000000000000000     
        1188  0.16000000000000000     
        1189  0.10666666666666667     
        1190  0.12000000000000000     
        1191  0.15777777777777777     
        1192  0.19111111111111112     
        1193   2.0000000000000000E-002
        1194   1.7777777777777778E-002
        1195   9.5555555555555560E-002
        1196  0.16222222222222221     
        1197   7.1111111111111111E-002
        1198   1.1111111111111112E-002
        1199   4.6666666666666669E-002
        1200  0.11555555555555555     
        1201   6.8888888888888888E-002
        1202  0.18888888888888888     
        1203   5.9999999999999998E-002
        1204   3.1111111111111110E-002
        1205   4.8888888888888891E-002
        1206   2.2222222222222222E-003
        1207  0.22222222222222221     
        1208   4.6666666666666669E-002
        1209   2.2222222222222223E-002
        1210  0.18888888888888888     
        1211   8.2222222222222224E-002
        1212  0.10888888888888888     
        1213  0.10000000000000001     
        1214   1.3333333333333334E-002
        1215  0.19777777777777777     
        1216   1.5555555555555555E-002
        1217   7.5555555555555556E-002
        1218   9.1111111111111115E-002
        1219  0.11333333333333333     
        1220  0.14222222222222222     
        1221   2.2222222222222223E-002
        1222   0.0000000000000000     
        1223   2.4444444444444446E-002
        1224   4.4444444444444444E-003
        1225   3.7777777777777778E-002
        1226   4.4444444444444446E-002
        1227   0.0000000000000000     
        1228   2.6666666666666668E-002
        1229   3.5555555555555556E-002
        1230   4.4444444444444444E-003
        1231   3.7777777777777778E-002
        1232   4.6666666666666669E-002
        1233   3.3333333333333333E-002
        1234  0.15111111111111111     
        1235  0.32000000000000001     
        1236   4.0000000000000001E-002
        1237  0.14444444444444443     
        1238  0.13555555555555557     
        1239   9.3333333333333338E-002
        1240   5.1111111111111114E-002
        1241  0.21555555555555556     
        1242  0.15111111111111111     
        1243   5.5555555555555552E-002
        1244   4.8888888888888891E-002
        1245   2.6666666666666668E-002
        1246   3.5555555555555556E-002
        1247   9.7777777777777783E-002
        1248   7.5555555555555556E-002
        1249   7.3333333333333334E-002
        1250   1.7777777777777778E-002
        1251   2.4444444444444446E-002
        1252   2.4444444444444446E-002
        1253   7.7777777777777779E-002
        1254   4.6666666666666669E-002
        1255  0.14444444444444443     
        1256  0.10666666666666667     
        1257   6.2222222222222220E-002
        1258   2.4444444444444446E-002
        1259   0.0000000000000000     
        1260   2.6666666666666668E-002
        1261   5.1111111111111114E-002
        1262  0.13111111111111112     
        1263   5.9999999999999998E-002
        1264  0.13777777777777778     
        1265   4.6666666666666669E-002
        1266  0.16222222222222221     
        1267   9.7777777777777783E-002
        1268   6.8888888888888888E-002
        1269   2.4444444444444446E-002
        1270   6.6666666666666671E-003
        1271  0.21777777777777776     
        1272   3.5555555555555556E-002
        1273   6.4444444444444443E-002
        1274   3.7777777777777778E-002
        1275   2.2222222222222223E-002
        1276   2.6666666666666668E-002
        1277   8.4444444444444447E-002
        1278  0.15111111111111111     
        1279   6.6666666666666666E-002
        1280   1.3333333333333334E-002
        1281   6.2222222222222220E-002
        1282   4.6666666666666669E-002
        1283   2.0000000000000000E-002
        1284   4.8888888888888891E-002
        1285   5.5555555555555552E-002
        1286   4.4444444444444444E-003
        1287   7.3333333333333334E-002
        1288  0.17333333333333334     
        1289   7.1111111111111111E-002
        1290   9.7777777777777783E-002
        1291  0.14000000000000001     
        1292   1.7777777777777778E-002
        1293   9.1111111111111115E-002
        1294  0.14444444444444443     
        1295  0.11111111111111110     
        1296  0.10444444444444445     
        1297  0.12888888888888889     
        1298   8.4444444444444447E-002
        1299   8.6666666666666670E-002
        1300   7.1111111111111111E-002
        1301  0.23333333333333334     
        1302   8.0000000000000002E-002
        1303   3.3333333333333333E-002
        1304  0.17111111111111110     
        1305   6.8888888888888888E-002
        1306   0.0000000000000000     
        1307   5.3333333333333337E-002
        1308   4.4444444444444446E-002
        1309  0.19111111111111112     
        1310   9.3333333333333338E-002
        1311  0.12222222222222222     
        1312   6.6666666666666671E-003
        1313  0.12444444444444444     
        1314   5.3333333333333337E-002
        1315  0.11555555555555555     
        1316  0.24444444444444444     
        1317   4.8888888888888891E-002
        1318   9.1111111111111115E-002
        1319   2.0000000000000000E-002
        1320  0.13333333333333333     
        1321  0.12888888888888889     
        1322  0.10222222222222223     
        1323   6.6666666666666666E-002
        1324   1.7777777777777778E-002
        1325   6.8888888888888888E-002
        1326  0.13333333333333333     
        1327   7.3333333333333334E-002
        1328   5.3333333333333337E-002
        1329  0.24222222222222223     
        1330   4.2222222222222223E-002
        1331  0.28888888888888886     
        1332   2.8888888888888888E-002
        1333   5.1111111111111114E-002
        1334   8.6666666666666670E-002
        1335   9.1111111111111115E-002
        1336   4.4444444444444444E-003
        1337   7.3333333333333334E-002
        1338   8.0000000000000002E-002
        1339  0.10666666666666667     
        1340   4.0000000000000001E-002
        1341  0.28000000000000003     
        1342  0.13333333333333333     
        1343   4.2222222222222223E-002
        1344   8.8888888888888892E-002
        1345   2.2222222222222222E-003
        1346   4.6666666666666669E-002
        1347   2.0000000000000000E-002
        1348   7.5555555555555556E-002
        1349   6.4444444444444443E-002
        1350   3.7777777777777778E-002
        1351  0.14222222222222222     
        1352  0.13555555555555557     
        1353   9.1111111111111115E-002
        1354  0.20666666666666667     
        1355  0.14222222222222222     
        1356   3.7777777777777778E-002
        1357  0.11555555555555555     
        1358   2.6666666666666668E-002
        1359  0.19111111111111112     
        1360  0.10222222222222223     
        1361  0.10000000000000001     
        1362   8.8888888888888889E-003
        1363   2.2222222222222222E-003
        1364   9.5555555555555560E-002
        1365   5.1111111111111114E-002
        1366   4.4444444444444446E-002
        1367   2.2222222222222222E-003
        1368   2.2222222222222223E-002
        1369   1.5555555555555555E-002
        1370   2.2222222222222223E-002
        1371   6.2222222222222220E-002
        1372  0.12444444444444444     
        1373   6.4444444444444443E-002
        1374   4.6666666666666669E-002
        1375   2.2222222222222222E-003
        1376   2.4444444444444446E-002
        1377  0.16666666666666666     
        1378  0.19333333333333333     
        1379   2.2222222222222223E-002
        1380  0.17777777777777778     
        1381  0.11777777777777777     
        1382   1.7777777777777778E-002
        1383   3.1111111111111110E-002
        1384  0.19777777777777777     
        1385  0.25333333333333335     
        1386  0.18666666666666668     
        1387  0.16444444444444445     
        1388   8.6666666666666670E-002
        1389   2.0000000000000000E-002
        1390   5.1111111111111114E-002
        1391   7.3333333333333334E-002
        1392   8.6666666666666670E-002
        1393  0.11333333333333333     
        1394   2.8888888888888888E-002
        1395   4.0000000000000001E-002
        1396  0.14888888888888888     
        1397   2.6666666666666668E-002
        1398   9.7777777777777783E-002
        1399  0.10000000000000001     
        1400   3.7777777777777778E-002
        1401   4.2222222222222223E-002
        1402   5.3333333333333337E-002
        1403  0.12888888888888889     
        1404   2.2222222222222223E-002
        1405   4.4444444444444446E-002
        1406   6.6666666666666671E-003
        1407   5.7777777777777775E-002
        1408  0.10888888888888888     
        1409  0.14000000000000001     
        1410   9.7777777777777783E-002
        1411  0.10444444444444445     
        1412   5.5555555555555552E-002
        1413   5.3333333333333337E-002
        1414  0.10888888888888888     
        1415  0.12888888888888889     
        1416  0.19555555555555557     
        1417   7.3333333333333334E-002
        1418  0.15555555555555556     
        1419  0.23555555555555555     
        1420   7.3333333333333334E-002
        1421   2.4444444444444446E-002
        1422   8.4444444444444447E-002
        1423   4.0000000000000001E-002
        1424   5.3333333333333337E-002
        1425   5.3333333333333337E-002
        1426   3.7777777777777778E-002
        1427   7.5555555555555556E-002
        1428   3.1111111111111110E-002
        1429  0.10000000000000001     
        1430  0.11555555555555555     
        1431   6.8888888888888888E-002
        1432   5.5555555555555552E-002
        1433   3.7777777777777778E-002
        1434   9.5555555555555560E-002
        1435   7.1111111111111111E-002
        1436  0.21555555555555556     
        1437   5.9999999999999998E-002
        1438  0.18444444444444444     
        1439  0.15333333333333332     
        1440   3.3333333333333333E-002
        1441   4.8888888888888891E-002
        1442   5.7777777777777775E-002
        1443  0.10000000000000001     
        1444  0.12000000000000000     
        1445   9.1111111111111115E-002
        1446   8.4444444444444447E-002
        1447   2.8888888888888888E-002
        1448  0.11333333333333333     
        1449   1.7777777777777778E-002
        1450   0.0000000000000000     
        1451   2.4444444444444446E-002
        1452   5.5555555555555552E-002
        1453  0.10444444444444445     
        1454   3.1111111111111110E-002
        1455   2.6666666666666668E-002
        1456  0.24444444444444444     
        1457  0.13555555555555557     
        1458   9.1111111111111115E-002
        1459   4.4444444444444444E-003
        1460   5.5555555555555552E-002
        1461   8.8888888888888889E-003
        1462  0.11555555555555555     
        1463   3.7777777777777778E-002
        1464  0.13111111111111112     
        1465   6.2222222222222220E-002
        1466  0.13777777777777778     
        1467  0.17999999999999999     
        1468  0.17777777777777778     
        1469  0.16666666666666666     
        1470  0.14444444444444443     
        1471  0.11777777777777777     
        1472  0.12222222222222222     
        1473  0.10888888888888888     
        1474  0.27555555555555555     
        1475  0.24666666666666667     
        1476   6.6666666666666666E-002
        1477  0.10000000000000001     
        1478  0.13333333333333333     
        1479   2.2222222222222222E-003
        1480   8.4444444444444447E-002
        1481  0.11111111111111110     
        1482   3.1111111111111110E-002
        1483   5.5555555555555552E-002
        1484   1.3333333333333334E-002
        1485   8.8888888888888892E-002
        1486   6.4444444444444443E-002
        1487   8.8888888888888892E-002
        1488  0.16888888888888889     
        1489   1.1111111111111112E-002
        1490   0.0000000000000000     
        1491  0.23777777777777778     
        1492   8.2222222222222224E-002
        1493   4.6666666666666669E-002
        1494   3.5555555555555556E-002
        1495   4.4444444444444446E-002
        1496   6.4444444444444443E-002
        1497  0.20888888888888890     
        1498  0.10222222222222223     
        1499  0.11555555555555555     
        1500  0.15777777777777777     
        1501   3.5555555555555556E-002
        1502   8.6666666666666670E-002
        1503   5.9999999999999998E-002
        1504  0.10222222222222223     
        1505  0.10888888888888888     
        1506  0.10222222222222223     
        1507  0.11111111111111110     
        1508   9.5555555555555560E-002
        1509   9.7777777777777783E-002
        1510  0.13555555555555557     
        1511   7.7777777777777779E-002
        1512   9.1111111111111115E-002
        1513  0.29555555555555557     
        1514   5.1111111111111114E-002
        1515  0.10000000000000001     
        1516  0.26000000000000001     
        1517   6.2222222222222220E-002
        1518   2.0000000000000000E-002
        1519   8.6666666666666670E-002
        1520   9.3333333333333338E-002
        1521   4.4444444444444444E-003
        1522   5.7777777777777775E-002
        1523  0.18888888888888888     
        1524  0.13111111111111112     
        1525   2.4444444444444446E-002
        1526   2.2222222222222223E-002
        1527  0.10222222222222223     
        1528   4.4444444444444444E-003
        1529   2.0000000000000000E-002
        1530   8.8888888888888889E-003
        1531   6.6666666666666666E-002
        1532   4.8888888888888891E-002
        1533   4.6666666666666669E-002
        1534   3.3333333333333333E-002
        1535   7.3333333333333334E-002
        1536   1.7777777777777778E-002
        1537   7.5555555555555556E-002
        1538   4.6666666666666669E-002
        1539   2.2222222222222223E-002
        1540   4.2222222222222223E-002
        1541  0.19333333333333333     
        1542   8.8888888888888889E-003
        1543   5.1111111111111114E-002
        1544   6.2222222222222220E-002
        1545  0.12888888888888889     
        1546   7.7777777777777779E-002
        1547   5.5555555555555552E-002
        1548  0.13111111111111112     
        1549   6.6666666666666671E-003
        1550   8.6666666666666670E-002
        1551  0.11111111111111110     
        1552   6.6666666666666666E-002
        1553  0.17777777777777778     
        1554   5.5555555555555552E-002
        1555   9.1111111111111115E-002
        1556  0.22000000000000000     
        1557   7.5555555555555556E-002
        1558   1.3333333333333334E-002
        1559   5.5555555555555552E-002
        1560   7.1111111111111111E-002
        1561   2.0000000000000000E-002
        1562  0.14222222222222222     
        1563   6.4444444444444443E-002
        1564   3.3333333333333333E-002
        1565  0.11111111111111110     
        1566  0.19111111111111112     
        1567  0.27555555555555555     
        1568  0.12666666666666668     
        1569   5.9999999999999998E-002
        1570   3.7777777777777778E-002
        1571  0.11333333333333333     
        1572   5.5555555555555552E-002
        1573   2.2222222222222222E-003
        1574   8.0000000000000002E-002
        1575  0.15333333333333332     
        1576   6.4444444444444443E-002
        1577  0.18444444444444444     
        1578  0.10000000000000001     
        1579  0.20222222222222222     
        1580   2.0000000000000000E-002
        1581  0.13777777777777778     
        1582  0.15111111111111111     
        1583  0.21333333333333335     
        1584  0.11555555555555555     
        1585   8.0000000000000002E-002
        1586   9.3333333333333338E-002
        1587   2.8888888888888888E-002
        1588  0.12666666666666668     
        1589  0.11111111111111110     
        1590  0.15333333333333332     
        1591   3.5555555555555556E-002
        1592  0.14222222222222222     
        1593   6.6666666666666671E-003
        1594   1.5555555555555555E-002
        1595   6.2222222222222220E-002
        1596   6.4444444444444443E-002
        1597   5.3333333333333337E-002
        1598   2.4444444444444446E-002
        1599  0.19333333333333333     
        1600  0.10444444444444445     
        1601  0.24444444444444444     
        1602   0.0000000000000000     
        1603  0.10222222222222223     
        1604  0.10888888888888888     
        1605   2.0000000000000000E-002
        1606   4.6666666666666669E-002
        1607   4.6666666666666669E-002
        1608   9.7777777777777783E-002
        1609   4.8888888888888891E-002
        1610   3.1111111111111110E-002
        1611   1.7777777777777778E-002
        1612  0.20000000000000001     
        1613   3.3333333333333333E-002
        1614   8.2222222222222224E-002
        1615  0.14000000000000001     
        1616  0.12222222222222222     
        1617   2.0000000000000000E-002
        1618  0.10666666666666667     
        1619  0.10666666666666667     
        1620   7.1111111111111111E-002
        1621   2.6666666666666668E-002
        1622  0.10222222222222223     
        1623  0.11111111111111110     
        1624   8.6666666666666670E-002
        1625  0.19777777777777777     
        1626   5.1111111111111114E-002
        1627  0.11777777777777777     
        1628   0.0000000000000000     
        1629   7.1111111111111111E-002
        1630   4.8888888888888891E-002
        1631   1.7777777777777778E-002
        1632   1.7777777777777778E-002
        1633  0.10000000000000001     
        1634   3.5555555555555556E-002
        1635   7.5555555555555556E-002
        1636   4.2222222222222223E-002
        1637   3.7777777777777778E-002
        1638   7.7777777777777779E-002
        1639   6.6666666666666666E-002
        1640   4.0000000000000001E-002
        1641   0.0000000000000000     
        1642   4.4444444444444444E-003
        1643   5.1111111111111114E-002
        1644   4.2222222222222223E-002
        1645  0.14444444444444443     
        1646   5.9999999999999998E-002
        1647   4.2222222222222223E-002
        1648  0.19333333333333333     
        1649   9.3333333333333338E-002
        1650   7.3333333333333334E-002
        1651  0.21333333333333335     
        1652   8.2222222222222224E-002
        1653   9.7777777777777783E-002
        1654   1.5555555555555555E-002
        1655   1.3333333333333334E-002
        1656   7.1111111111111111E-002
        1657   1.1111111111111112E-002
        1658   5.5555555555555552E-002
        1659   1.5555555555555555E-002
        1660   2.2222222222222223E-002
        1661   5.7777777777777775E-002
        1662   5.1111111111111114E-002
        1663   7.1111111111111111E-002
        1664  0.16222222222222221     
        1665   1.5555555555555555E-002
        1666   1.1111111111111112E-002
        1667   5.5555555555555552E-002
        1668   3.1111111111111110E-002
        1669  0.11111111111111110     
        1670   6.6666666666666671E-003
        1671   6.8888888888888888E-002
        1672   8.8888888888888889E-003
        1673   7.1111111111111111E-002
        1674   1.7777777777777778E-002
        1675   1.7777777777777778E-002
        1676  0.20000000000000001     
        1677   6.8888888888888888E-002
        1678   5.3333333333333337E-002
        1679  0.12666666666666668     
        1680   6.6666666666666666E-002
        1681   6.4444444444444443E-002
        1682   8.2222222222222224E-002
        1683  0.23333333333333334     
        1684   7.1111111111111111E-002
        1685   3.3333333333333333E-002
        1686  0.17555555555555555     
        1687  0.11555555555555555     
        1688   2.6666666666666668E-002
        1689   1.1111111111111112E-002
        1690   7.5555555555555556E-002
        1691  0.20000000000000001     
        1692  0.10888888888888888     
        1693   5.3333333333333337E-002
        1694  0.11111111111111110     
        1695   3.7777777777777778E-002
        1696   9.7777777777777783E-002
        1697   3.3333333333333333E-002
        1698   8.0000000000000002E-002
        1699   1.5555555555555555E-002
        1700   2.6666666666666668E-002
        1701   3.3333333333333333E-002
        1702   8.4444444444444447E-002
        1703   4.8888888888888891E-002
        1704   6.2222222222222220E-002
        1705  0.10000000000000001     
        1706   4.4444444444444446E-002
        1707  0.14000000000000001     
        1708   8.0000000000000002E-002
        1709  0.12222222222222222     
        1710   2.8888888888888888E-002
        1711   9.5555555555555560E-002
        1712  0.18888888888888888     
        1713  0.13777777777777778     
        1714   8.8888888888888889E-003
        1715  0.11111111111111110     
        1716   9.7777777777777783E-002
        1717  0.19777777777777777     
        1718   4.0000000000000001E-002
        1719   4.4444444444444444E-003
        1720  0.12666666666666668     
        1721   9.1111111111111115E-002
        1722   2.2222222222222223E-002
        1723   4.2222222222222223E-002
        1724   4.4444444444444444E-003
        1725  0.16000000000000000     
        1726   4.4444444444444446E-002
        1727   4.4444444444444444E-003
        1728  0.20888888888888890     
        1729   2.2222222222222223E-002
        1730  0.11333333333333333     
        1731   7.1111111111111111E-002
        1732   1.1111111111111112E-002
        1733   1.5555555555555555E-002
        1734   8.0000000000000002E-002
        1735  0.15777777777777777     
        1736   3.3333333333333333E-002
        1737   7.5555555555555556E-002
        1738  0.13555555555555557     
        1739   6.2222222222222220E-002
        1740  0.16444444444444445     
        1741  0.13111111111111112     
        1742   8.0000000000000002E-002
        1743   4.4444444444444446E-002
        1744   3.3333333333333333E-002
        1745  0.15333333333333332     
        1746   1.7777777777777778E-002
        1747   5.9999999999999998E-002
        1748   2.2222222222222223E-002
        1749   3.1111111111111110E-002
        1750   2.2222222222222222E-003
        1751  0.17555555555555555     
        1752   7.1111111111111111E-002
        1753  0.17555555555555555     
        1754   6.6666666666666671E-003
        1755   2.2222222222222222E-003
        1756   2.2222222222222222E-003
        1757   5.1111111111111114E-002
        1758   5.7777777777777775E-002
        1759  0.10222222222222223     
        1760   4.8888888888888891E-002
        1761   3.1111111111111110E-002
        1762   4.4444444444444444E-003
        1763   2.2222222222222223E-002
        1764  0.22666666666666666     
        1765  0.14222222222222222     
        1766   1.3333333333333334E-002
        1767  0.12000000000000000     
        1768  0.12222222222222222     
        1769   2.2222222222222222E-003
        1770   1.5555555555555555E-002
        1771  0.10222222222222223     
        1772   6.8888888888888888E-002
        1773   8.8888888888888889E-003
        1774   2.2222222222222223E-002
        1775   2.4444444444444446E-002
        1776  0.17777777777777778     
        1777  0.12888888888888889     
        1778   2.0000000000000000E-002
        1779   6.6666666666666671E-003
        1780  0.11111111111111110     
        1781   5.7777777777777775E-002
        1782   8.0000000000000002E-002
        1783  0.16000000000000000     
        1784  0.21333333333333335     
        1785  0.10222222222222223     
        1786   8.8888888888888892E-002
        1787   1.5555555555555555E-002
        1788   3.1111111111111110E-002
        1789  0.16000000000000000     
        1790   7.7777777777777779E-002
        1791   9.3333333333333338E-002
        1792  0.10666666666666667     
        1793   3.1111111111111110E-002
        1794  0.20000000000000001     
        1795  0.15555555555555556     
        1796  0.16000000000000000     
        1797   7.1111111111111111E-002
        1798   9.5555555555555560E-002
        1799   2.2222222222222223E-002
        1800   8.8888888888888892E-002
        1801   4.2222222222222223E-002
        1802  0.14444444444444443     
        1803   2.2222222222222223E-002
        1804   8.8888888888888889E-003
        1805   2.8888888888888888E-002
        1806   2.6666666666666668E-002
        1807  0.11333333333333333     
        1808   6.4444444444444443E-002
        1809   5.1111111111111114E-002
        1810   7.3333333333333334E-002
        1811  0.21777777777777776     
        1812   7.5555555555555556E-002
        1813   7.3333333333333334E-002
        1814   8.8888888888888892E-002
        1815  0.21777777777777776     
        1816  0.11555555555555555     
        1817   9.1111111111111115E-002
        1818   1.5555555555555555E-002
        1819   9.1111111111111115E-002
        1820  0.21111111111111111     
        1821   4.4444444444444444E-003
        1822   5.5555555555555552E-002
        1823  0.13111111111111112     
        1824   1.1111111111111112E-002
        1825   8.8888888888888889E-003
        1826  0.18444444444444444     
        1827   6.8888888888888888E-002
        1828  0.29555555555555557     
        1829  0.18888888888888888     
        1830  0.16888888888888889     
        1831   4.2222222222222223E-002
        1832   9.5555555555555560E-002
        1833   2.2222222222222222E-003
        1834  0.11555555555555555     
        1835  0.13555555555555557     
        1836   3.7777777777777778E-002
        1837   5.9999999999999998E-002
        1838   5.1111111111111114E-002
        1839   1.3333333333333334E-002
        1840   4.8888888888888891E-002
        1841   4.0000000000000001E-002
        1842  0.13333333333333333     
        1843  0.15111111111111111     
        1844   2.4444444444444446E-002
        1845  0.22444444444444445     
        1846  0.12000000000000000     
        1847  0.14000000000000001     
        1848   9.7777777777777783E-002
        1849   7.1111111111111111E-002
        1850   2.8888888888888888E-002
        1851   2.0000000000000000E-002
        1852   6.6666666666666671E-003
        1853  0.16000000000000000     
        1854   1.7777777777777778E-002
        1855   6.4444444444444443E-002
        1856  0.10000000000000001     
        1857   3.3333333333333333E-002
        1858  0.27111111111111114     
        1859   5.1111111111111114E-002
        1860   7.3333333333333334E-002
        1861   3.1111111111111110E-002
        1862   6.6666666666666671E-003
        1863   4.2222222222222223E-002
        1864   7.1111111111111111E-002
        1865  0.10000000000000001     
        1866  0.10888888888888888     
        1867  0.11333333333333333     
        1868   6.8888888888888888E-002
        1869   7.7777777777777779E-002
        1870   3.7777777777777778E-002
        1871  0.13333333333333333     
        1872  0.14000000000000001     
        1873  0.10444444444444445     
        1874   8.0000000000000002E-002
        1875  0.13111111111111112     
        1876   5.9999999999999998E-002
        1877   7.3333333333333334E-002
        1878   5.3333333333333337E-002
        1879   4.6666666666666669E-002
        1880  0.16222222222222221     
        1881   5.9999999999999998E-002
        1882   1.5555555555555555E-002
        1883   5.3333333333333337E-002
        1884  0.12222222222222222     
        1885   8.0000000000000002E-002
        1886   2.6666666666666668E-002
        1887   2.6666666666666668E-002
        1888   9.7777777777777783E-002
        1889   6.2222222222222220E-002
        1890   6.2222222222222220E-002
        1891   3.5555555555555556E-002
        1892   1.1111111111111112E-002
        1893   5.7777777777777775E-002
        1894  0.10888888888888888     
        1895   2.2222222222222223E-002
        1896   8.4444444444444447E-002
        1897   1.1111111111111112E-002
        1898   2.2222222222222223E-002
        1899  0.32222222222222224     
        1900   4.0000000000000001E-002
        1901  0.13555555555555557     
        1902   6.2222222222222220E-002
        1903  0.12222222222222222     
        1904  0.10222222222222223     
        1905   2.8888888888888888E-002
        1906   3.5555555555555556E-002
        1907   9.3333333333333338E-002
        1908   8.4444444444444447E-002
        1909   4.6666666666666669E-002
        1910   3.7777777777777778E-002
        1911   6.2222222222222220E-002
        1912   5.5555555555555552E-002
        1913   1.3333333333333334E-002
        1914   7.7777777777777779E-002
        1915   5.7777777777777775E-002
        1916   4.0000000000000001E-002
        1917   4.8888888888888891E-002
        1918   2.6666666666666668E-002
        1919   1.3333333333333334E-002
        1920   5.7777777777777775E-002
        1921  0.12666666666666668     
        1922   5.5555555555555552E-002
        1923  0.12222222222222222     
        1924   1.1111111111111112E-002
        1925  0.11333333333333333     
        1926   8.6666666666666670E-002
        1927  0.12222222222222222     
        1928   2.2222222222222222E-003
        1929   2.4444444444444446E-002
        1930   2.0000000000000000E-002
        1931   3.3333333333333333E-002
        1932   2.0000000000000000E-002
        1933   2.4444444444444446E-002
        1934   6.6666666666666671E-003
        1935   3.5555555555555556E-002
        1936   1.3333333333333334E-002
        1937   6.8888888888888888E-002
        1938  0.12444444444444444     
        1939  0.10000000000000001     
        1940  0.10666666666666667     
        1941   9.5555555555555560E-002
        1942   2.2222222222222223E-002
        1943  0.11555555555555555     
        1944   4.0000000000000001E-002
        1945   2.6666666666666668E-002
        1946   6.8888888888888888E-002
        1947  0.13555555555555557     
        1948   7.3333333333333334E-002
        1949   2.0000000000000000E-002
        1950   9.1111111111111115E-002
        1951   0.0000000000000000     
        1952   5.5555555555555552E-002
        1953  0.10666666666666667     
        1954   2.4444444444444446E-002
        1955   8.2222222222222224E-002
        1956   3.5555555555555556E-002
        1957   4.0000000000000001E-002
        1958  0.18444444444444444     
        1959   2.2222222222222223E-002
        1960  0.10000000000000001     
        1961   5.3333333333333337E-002
        1962  0.10000000000000001     
        1963   6.2222222222222220E-002
        1964   9.7777777777777783E-002
        1965   7.1111111111111111E-002
        1966   4.6666666666666669E-002
        1967   5.9999999999999998E-002
        1968   2.2222222222222222E-003
        1969  0.12888888888888889     
        1970  0.11111111111111110     
        1971  0.13111111111111112     
        1972  0.19111111111111112     
        1973  0.10222222222222223     
        1974   2.4444444444444446E-002
        1975   5.9999999999999998E-002
        1976   1.5555555555555555E-002
        1977   9.5555555555555560E-002
        1978  0.14666666666666667     
        1979   9.3333333333333338E-002
        1980   7.5555555555555556E-002
        1981   7.5555555555555556E-002
        1982  0.10444444444444445     
        1983   5.7777777777777775E-002
        1984  0.13555555555555557     
        1985   2.0000000000000000E-002
        1986  0.10000000000000001     
        1987  0.15111111111111111     
        1988   4.6666666666666669E-002
        1989  0.10222222222222223     
        1990   5.3333333333333337E-002
        1991   8.8888888888888892E-002
        1992   6.6666666666666666E-002
        1993  0.22444444444444445     
        1994   6.6666666666666666E-002
        1995   2.8888888888888888E-002
        1996   9.7777777777777783E-002
        1997   7.1111111111111111E-002
        1998   7.3333333333333334E-002
        1999   9.5555555555555560E-002
        2000  0.16000000000000000     
