           1   5.7777777777777775E-002
           2   3.7777777777777778E-002
           3   7.3333333333333334E-002
           4  0.12444444444444444     
           5  0.68666666666666665     
           6  0.64888888888888885     
           7  0.65555555555555556     
           8  0.15111111111111111     
           9  0.21111111111111111     
          10  0.79555555555555557     
          11  0.35111111111111110     
          12  0.23777777777777778     
          13  0.38888888888888890     
          14  0.36888888888888888     
          15  0.14222222222222222     
          16  0.12888888888888889     
          17  0.62222222222222223     
          18  0.20000000000000001     
          19  0.27333333333333332     
          20  0.63333333333333330     
          21  0.37111111111111111     
          22  0.33777777777777779     
          23  0.46444444444444444     
          24  0.51777777777777778     
          25   8.2222222222222224E-002
          26  0.72888888888888892     
          27  0.75777777777777777     
          28  0.46000000000000002     
          29  0.47777777777777780     
          30  0.12000000000000000     
          31  0.32888888888888890     
          32   3.1111111111111110E-002
          33  0.46000000000000002     
          34  0.45333333333333331     
          35  0.76444444444444448     
          36  0.29999999999999999     
          37  0.43555555555555553     
          38  0.67777777777777781     
          39  0.44222222222222224     
          40  0.13555555555555557     
          41  0.10000000000000001     
          42   7.1111111111111111E-002
          43  0.40888888888888891     
          44  0.17777777777777778     
          45  0.68888888888888888     
          46  0.18666666666666668     
          47   4.6666666666666669E-002
          48  0.35555555555555557     
          49  0.32444444444444442     
          50  0.50666666666666671     
          51  0.40000000000000002     
          52  0.21333333333333335     
          53  0.34222222222222221     
          54   4.6666666666666669E-002
          55  0.23999999999999999     
          56  0.55555555555555558     
          57   5.1111111111111114E-002
          58  0.63111111111111107     
          59  0.16000000000000000     
          60  0.10666666666666667     
          61   8.6666666666666670E-002
          62  0.39333333333333331     
          63  0.38444444444444442     
          64  0.45777777777777778     
          65  0.45555555555555555     
          66  0.45333333333333331     
          67  0.73111111111111116     
          68  0.69333333333333336     
          69  0.74444444444444446     
          70  0.64444444444444449     
          71  0.21777777777777776     
          72   4.4444444444444444E-003
          73   9.1111111111111115E-002
          74  0.10000000000000001     
          75  0.56000000000000005     
          76  0.59999999999999998     
          77  0.53555555555555556     
          78  0.24444444444444444     
          79  0.36888888888888888     
          80  0.38222222222222224     
          81  0.54888888888888887     
          82  0.30888888888888888     
          83  0.30888888888888888     
          84  0.54666666666666663     
          85  0.15555555555555556     
          86  0.48444444444444446     
          87  0.12888888888888889     
          88  0.38888888888888890     
          89  0.38000000000000000     
          90  0.40222222222222220     
          91  0.56000000000000005     
          92  0.53111111111111109     
          93   7.1111111111111111E-002
          94   6.8888888888888888E-002
          95   2.0000000000000000E-002
          96   2.2222222222222222E-003
          97  0.40000000000000002     
          98  0.16888888888888889     
          99  0.72222222222222221     
         100  0.69111111111111112     
         101  0.50000000000000000     
         102  0.10000000000000001     
         103  0.26666666666666666     
         104  0.56888888888888889     
         105  0.41111111111111109     
         106  0.28888888888888886     
         107  0.41111111111111109     
         108  0.42888888888888888     
         109  0.21777777777777776     
         110  0.47777777777777780     
         111  0.73555555555555552     
         112  0.36444444444444446     
         113  0.70888888888888890     
         114  0.13555555555555557     
         115  0.25111111111111112     
         116  0.16444444444444445     
         117  0.55333333333333334     
         118  0.40888888888888891     
         119  0.21777777777777776     
         120  0.34000000000000002     
         121  0.63333333333333330     
         122  0.11333333333333333     
         123  0.48888888888888887     
         124  0.20444444444444446     
         125  0.25111111111111112     
         126  0.21111111111111111     
         127  0.48888888888888887     
         128  0.35333333333333333     
         129   2.2222222222222223E-002
         130  0.61777777777777776     
         131  0.35777777777777775     
         132  0.20000000000000001     
         133   4.6666666666666669E-002
         134  0.34444444444444444     
         135  0.57111111111111112     
         136  0.59555555555555550     
         137  0.34000000000000002     
         138  0.29111111111111110     
         139  0.40000000000000002     
         140  0.48444444444444446     
         141  0.52666666666666662     
         142  0.26666666666666666     
         143  0.56888888888888889     
         144  0.46444444444444444     
         145  0.43111111111111111     
         146  0.66888888888888887     
         147  0.37111111111111111     
         148  0.35777777777777775     
         149  0.13333333333333333     
         150   1.5555555555555555E-002
         151  0.71111111111111114     
         152  0.41111111111111109     
         153  0.28666666666666668     
         154  0.38444444444444442     
         155  0.12222222222222222     
         156  0.35555555555555557     
         157  0.37333333333333335     
         158  0.54666666666666663     
         159  0.60888888888888892     
         160  0.48666666666666669     
         161   2.4444444444444446E-002
         162  0.30888888888888888     
         163  0.42666666666666669     
         164  0.69111111111111112     
         165   4.0000000000000001E-002
         166  0.56666666666666665     
         167  0.38666666666666666     
         168  0.31777777777777777     
         169  0.43555555555555553     
         170  0.69111111111111112     
         171  0.14444444444444443     
         172  0.34222222222222221     
         173  0.43111111111111111     
         174  0.40888888888888891     
         175  0.35555555555555557     
         176  0.36888888888888888     
         177  0.19777777777777777     
         178   3.5555555555555556E-002
         179  0.48666666666666669     
         180   3.3333333333333333E-002
         181  0.49111111111111111     
         182  0.52444444444444449     
         183  0.28222222222222221     
         184  0.23999999999999999     
         185  0.53555555555555556     
         186  0.27777777777777779     
         187  0.14888888888888888     
         188  0.31777777777777777     
         189  0.15333333333333332     
         190  0.18444444444444444     
         191   3.3333333333333333E-002
         192  0.75111111111111106     
         193  0.38888888888888890     
         194  0.48888888888888887     
         195  0.27555555555555555     
         196  0.29333333333333333     
         197  0.18444444444444444     
         198   2.4444444444444446E-002
         199   5.7777777777777775E-002
         200  0.55777777777777782     
         201  0.64000000000000001     
         202  0.28444444444444444     
         203  0.72888888888888892     
         204  0.37333333333333335     
         205  0.39333333333333331     
         206   9.5555555555555560E-002
         207  0.62444444444444447     
         208  0.76222222222222225     
         209  0.47777777777777780     
         210  0.29999999999999999     
         211  0.59555555555555550     
         212   4.6666666666666669E-002
         213  0.60222222222222221     
         214  0.26222222222222225     
         215  0.25111111111111112     
         216  0.71555555555555550     
         217  0.17999999999999999     
         218  0.28222222222222221     
         219  0.71555555555555550     
         220  0.52888888888888885     
         221  0.68888888888888888     
         222  0.53555555555555556     
         223  0.24222222222222223     
         224  0.11111111111111110     
         225  0.24666666666666667     
         226  0.38666666666666666     
         227  0.72888888888888892     
         228   5.1111111111111114E-002
         229  0.13555555555555557     
         230  0.38222222222222224     
         231  0.60222222222222221     
         232  0.26666666666666666     
         233   7.7777777777777779E-002
         234  0.28666666666666668     
         235  0.13777777777777778     
         236  0.42222222222222222     
         237  0.11333333333333333     
         238  0.30222222222222223     
         239  0.49333333333333335     
         240  0.69333333333333336     
         241  0.27555555555555555     
         242  0.62888888888888894     
         243  0.61333333333333329     
         244  0.39333333333333331     
         245  0.41777777777777780     
         246  0.23111111111111110     
         247  0.80666666666666664     
         248  0.42666666666666669     
         249  0.20666666666666667     
         250  0.44888888888888889     
         251  0.51777777777777778     
         252  0.24888888888888888     
         253  0.61111111111111116     
         254   6.6666666666666671E-003
         255  0.41777777777777780     
         256  0.58222222222222220     
         257  0.65555555555555556     
         258  0.64888888888888885     
         259  0.24666666666666667     
         260  0.25333333333333335     
         261  0.53111111111111109     
         262  0.66666666666666663     
         263   6.4444444444444443E-002
         264  0.52222222222222225     
         265  0.14666666666666667     
         266  0.64888888888888885     
         267  0.64444444444444449     
         268  0.20888888888888890     
         269  0.56888888888888889     
         270  0.65333333333333332     
         271  0.57111111111111112     
         272  0.43777777777777777     
         273   9.3333333333333338E-002
         274  0.17333333333333334     
         275  0.20444444444444446     
         276  0.40444444444444444     
         277  0.43555555555555553     
         278  0.44666666666666666     
         279  0.67111111111111110     
         280  0.57555555555555560     
         281  0.15333333333333332     
         282  0.26888888888888890     
         283  0.49555555555555558     
         284  0.51777777777777778     
         285  0.44222222222222224     
         286  0.32666666666666666     
         287  0.59777777777777774     
         288   9.7777777777777783E-002
         289  0.29999999999999999     
         290  0.25777777777777777     
         291  0.32888888888888890     
         292  0.48888888888888887     
         293  0.31777777777777777     
         294  0.23555555555555555     
         295  0.29333333333333333     
         296  0.67111111111111110     
         297  0.17777777777777778     
         298  0.18444444444444444     
         299  0.18444444444444444     
         300  0.64000000000000001     
         301  0.40888888888888891     
         302   7.1111111111111111E-002
         303   9.1111111111111115E-002
         304  0.43333333333333335     
         305  0.31111111111111112     
         306   1.1111111111111112E-002
         307  0.38888888888888890     
         308  0.22666666666666666     
         309  0.55777777777777782     
         310  0.78222222222222226     
         311   5.9999999999999998E-002
         312  0.39555555555555555     
         313  0.20444444444444446     
         314   9.5555555555555560E-002
         315  0.57777777777777772     
         316  0.17333333333333334     
         317  0.19555555555555557     
         318  0.28444444444444444     
         319  0.39555555555555555     
         320   4.6666666666666669E-002
         321  0.38888888888888890     
         322   9.7777777777777783E-002
         323  0.56000000000000005     
         324  0.24444444444444444     
         325  0.46000000000000002     
         326   1.3333333333333334E-002
         327   2.2222222222222223E-002
         328   5.3333333333333337E-002
         329  0.23111111111111110     
         330  0.22222222222222221     
         331   7.1111111111111111E-002
         332  0.57999999999999996     
         333  0.47555555555555556     
         334  0.43111111111111111     
         335  0.16666666666666666     
         336  0.56222222222222218     
         337  0.37555555555555553     
         338   8.4444444444444447E-002
         339  0.18444444444444444     
         340  0.27111111111111114     
         341  0.13333333333333333     
         342  0.49111111111111111     
         343   7.3333333333333334E-002
         344  0.43777777777777777     
         345  0.15555555555555556     
         346   9.3333333333333338E-002
         347  0.57777777777777772     
         348  0.43333333333333335     
         349  0.41777777777777780     
         350  0.35777777777777775     
         351  0.39111111111111113     
         352  0.69999999999999996     
         353  0.12888888888888889     
         354  0.53555555555555556     
         355  0.69111111111111112     
         356  0.65111111111111108     
         357  0.41777777777777780     
         358   6.6666666666666666E-002
         359  0.16222222222222221     
         360  0.34444444444444444     
         361  0.62888888888888894     
         362  0.25777777777777777     
         363  0.16666666666666666     
         364  0.19111111111111112     
         365  0.57555555555555560     
         366  0.59111111111111114     
         367  0.17777777777777778     
         368  0.47555555555555556     
         369  0.13333333333333333     
         370  0.12666666666666668     
         371  0.60444444444444445     
         372  0.23111111111111110     
         373  0.19333333333333333     
         374  0.48444444444444446     
         375   3.5555555555555556E-002
         376  0.18444444444444444     
         377   5.9999999999999998E-002
         378  0.32444444444444442     
         379  0.54000000000000004     
         380  0.53555555555555556     
         381  0.35999999999999999     
         382  0.56444444444444442     
         383  0.17333333333333334     
         384   6.4444444444444443E-002
         385  0.24222222222222223     
         386   4.8888888888888891E-002
         387  0.27777777777777779     
         388  0.17333333333333334     
         389  0.28222222222222221     
         390   1.7777777777777778E-002
         391   2.8888888888888888E-002
         392  0.59999999999999998     
         393  0.37777777777777777     
         394  0.65777777777777779     
         395  0.69555555555555559     
         396  0.70444444444444443     
         397  0.64444444444444449     
         398  0.25777777777777777     
         399  0.46000000000000002     
         400  0.45555555555555555     
         401  0.62888888888888894     
         402  0.20000000000000001     
         403  0.24222222222222223     
         404  0.68888888888888888     
         405  0.51333333333333331     
         406  0.50000000000000000     
         407  0.22888888888888889     
         408  0.73111111111111116     
         409  0.28888888888888886     
         410  0.31111111111111112     
         411  0.34888888888888892     
         412  0.36222222222222222     
         413   4.6666666666666669E-002
         414  0.63777777777777778     
         415  0.49333333333333335     
         416  0.50888888888888884     
         417  0.66444444444444439     
         418  0.54222222222222227     
         419  0.61333333333333329     
         420  0.35999999999999999     
         421  0.41111111111111109     
         422  0.13111111111111112     
         423  0.45777777777777778     
         424  0.65111111111111108     
         425  0.14000000000000001     
         426  0.18222222222222223     
         427  0.14888888888888888     
         428  0.40888888888888891     
         429   6.6666666666666671E-003
         430  0.60666666666666669     
         431  0.12444444444444444     
         432  0.59555555555555550     
         433  0.33777777777777779     
         434  0.43777777777777777     
         435  0.67555555555555558     
         436  0.41333333333333333     
         437  0.25555555555555554     
         438  0.41555555555555557     
         439  0.16444444444444445     
         440  0.43777777777777777     
         441   8.6666666666666670E-002
         442  0.69999999999999996     
         443  0.66222222222222227     
         444  0.56666666666666665     
         445  0.11333333333333333     
         446  0.38444444444444442     
         447  0.64222222222222225     
         448  0.79333333333333333     
         449  0.26444444444444443     
         450  0.33555555555555555     
         451  0.38888888888888890     
         452  0.50666666666666671     
         453  0.14000000000000001     
         454   9.3333333333333338E-002
         455  0.45111111111111113     
         456  0.12666666666666668     
         457  0.30444444444444446     
         458   3.1111111111111110E-002
         459  0.66444444444444439     
         460  0.45555555555555555     
         461  0.29111111111111110     
         462  0.78666666666666663     
         463  0.51555555555555554     
         464  0.27333333333333332     
         465   2.8888888888888888E-002
         466   8.4444444444444447E-002
         467   6.6666666666666671E-003
         468   5.1111111111111114E-002
         469  0.38222222222222224     
         470  0.21777777777777776     
         471  0.56666666666666665     
         472  0.13777777777777778     
         473  0.67333333333333334     
         474  0.38222222222222224     
         475   6.6666666666666671E-003
         476   7.1111111111111111E-002
         477  0.34888888888888892     
         478  0.69999999999999996     
         479  0.39333333333333331     
         480  0.11777777777777777     
         481  0.29555555555555557     
         482  0.32888888888888890     
         483  0.75111111111111106     
         484  0.12000000000000000     
         485  0.23555555555555555     
         486  0.57555555555555560     
         487   8.6666666666666670E-002
         488  0.11333333333333333     
         489  0.43111111111111111     
         490  0.74444444444444446     
         491  0.44444444444444442     
         492  0.78000000000000003     
         493  0.33555555555555555     
         494   3.1111111111111110E-002
         495  0.15777777777777777     
         496  0.31333333333333335     
         497  0.56888888888888889     
         498  0.40000000000000002     
         499  0.51111111111111107     
         500   6.2222222222222220E-002
         501  0.62888888888888894     
         502  0.49111111111111111     
         503  0.29333333333333333     
         504  0.49555555555555558     
         505  0.43333333333333335     
         506  0.42222222222222222     
         507  0.30888888888888888     
         508  0.16444444444444445     
         509  0.72222222222222221     
         510  0.29555555555555557     
         511   7.7777777777777779E-002
         512  0.37777777777777777     
         513  0.39111111111111113     
         514  0.66444444444444439     
         515  0.12444444444444444     
         516  0.57777777777777772     
         517  0.31555555555555553     
         518  0.28444444444444444     
         519  0.63777777777777778     
         520  0.27555555555555555     
         521  0.73777777777777775     
         522  0.62222222222222223     
         523   6.8888888888888888E-002
         524  0.57777777777777772     
         525  0.63333333333333330     
         526  0.61333333333333329     
         527  0.77777777777777779     
         528  0.10666666666666667     
         529  0.56222222222222218     
         530  0.35333333333333333     
         531  0.58222222222222220     
         532  0.42666666666666669     
         533   7.3333333333333334E-002
         534  0.37111111111111111     
         535  0.47333333333333333     
         536  0.44222222222222224     
         537  0.18666666666666668     
         538  0.47999999999999998     
         539  0.40444444444444444     
         540  0.80888888888888888     
         541  0.29777777777777775     
         542   7.5555555555555556E-002
         543   2.8888888888888888E-002
         544  0.48222222222222222     
         545  0.33555555555555555     
         546   5.7777777777777775E-002
         547  0.20000000000000001     
         548  0.49777777777777776     
         549  0.30222222222222223     
         550  0.66666666666666663     
         551  0.62444444444444447     
         552  0.62000000000000000     
         553  0.42666666666666669     
         554  0.12666666666666668     
         555  0.30888888888888888     
         556  0.22000000000000000     
         557  0.36888888888888888     
         558   4.8888888888888891E-002
         559  0.63333333333333330     
         560  0.18888888888888888     
         561  0.42666666666666669     
         562   7.3333333333333334E-002
         563  0.21333333333333335     
         564  0.60222222222222221     
         565   3.7777777777777778E-002
         566  0.46000000000000002     
         567  0.54666666666666663     
         568  0.60444444444444445     
         569  0.56888888888888889     
         570  0.15333333333333332     
         571   1.5555555555555555E-002
         572  0.20000000000000001     
         573  0.71111111111111114     
         574  0.49333333333333335     
         575  0.29111111111111110     
         576  0.10222222222222223     
         577  0.39333333333333331     
         578  0.56666666666666665     
         579  0.55111111111111111     
         580   7.5555555555555556E-002
         581  0.31555555555555553     
         582  0.47555555555555556     
         583  0.39777777777777779     
         584  0.20666666666666667     
         585  0.62444444444444447     
         586  0.26666666666666666     
         587  0.49777777777777776     
         588  0.34000000000000002     
         589   9.5555555555555560E-002
         590   4.4444444444444444E-003
         591  0.52000000000000002     
         592  0.53555555555555556     
         593  0.38444444444444442     
         594  0.15555555555555556     
         595   8.6666666666666670E-002
         596  0.71999999999999997     
         597  0.10000000000000001     
         598  0.69777777777777783     
         599  0.48444444444444446     
         600  0.25555555555555554     
         601  0.36888888888888888     
         602  0.37777777777777777     
         603  0.81111111111111112     
         604  0.62888888888888894     
         605  0.47111111111111109     
         606  0.13333333333333333     
         607  0.33555555555555555     
         608  0.37555555555555553     
         609  0.56666666666666665     
         610  0.16222222222222221     
         611  0.22666666666666666     
         612  0.54666666666666663     
         613  0.48222222222222222     
         614  0.50444444444444447     
         615  0.53111111111111109     
         616  0.57555555555555560     
         617  0.29999999999999999     
         618  0.57999999999999996     
         619  0.23777777777777778     
         620  0.71555555555555550     
         621  0.48666666666666669     
         622  0.22666666666666666     
         623  0.51777777777777778     
         624  0.27555555555555555     
         625  0.34222222222222221     
         626   6.6666666666666666E-002
         627  0.53777777777777780     
         628  0.63777777777777778     
         629  0.18666666666666668     
         630   9.7777777777777783E-002
         631  0.47333333333333333     
         632  0.32888888888888890     
         633  0.69333333333333336     
         634  0.44444444444444442     
         635   6.4444444444444443E-002
         636  0.13333333333333333     
         637  0.62888888888888894     
         638  0.71999999999999997     
         639  0.76222222222222225     
         640  0.52888888888888885     
         641  0.46444444444444444     
         642  0.44888888888888889     
         643  0.43333333333333335     
         644  0.23777777777777778     
         645   7.5555555555555556E-002
         646  0.14444444444444443     
         647  0.12000000000000000     
         648  0.24666666666666667     
         649  0.56888888888888889     
         650  0.67333333333333334     
         651  0.63333333333333330     
         652  0.56000000000000005     
         653   4.2222222222222223E-002
         654  0.20222222222222222     
         655  0.42444444444444446     
         656  0.49333333333333335     
         657  0.35999999999999999     
         658  0.51777777777777778     
         659  0.24888888888888888     
         660  0.69333333333333336     
         661  0.39111111111111113     
         662  0.38666666666666666     
         663  0.12888888888888889     
         664  0.45555555555555555     
         665  0.13111111111111112     
         666   6.2222222222222220E-002
         667   4.6666666666666669E-002
         668  0.54888888888888887     
         669  0.57999999999999996     
         670  0.26666666666666666     
         671  0.32000000000000001     
         672   1.7777777777777778E-002
         673  0.19777777777777777     
         674  0.37777777777777777     
         675  0.18666666666666668     
         676  0.33555555555555555     
         677  0.62444444444444447     
         678  0.26444444444444443     
         679  0.64444444444444449     
         680  0.38222222222222224     
         681  0.51111111111111107     
         682  0.57111111111111112     
         683  0.40000000000000002     
         684  0.40888888888888891     
         685  0.17777777777777778     
         686  0.60666666666666669     
         687  0.54000000000000004     
         688  0.37555555555555553     
         689  0.17111111111111110     
         690  0.32444444444444442     
         691  0.53777777777777780     
         692  0.60888888888888892     
         693  0.14444444444444443     
         694   9.7777777777777783E-002
         695  0.49333333333333335     
         696  0.41111111111111109     
         697  0.81555555555555559     
         698  0.52444444444444449     
         699  0.55111111111111111     
         700  0.32222222222222224     
         701  0.57777777777777772     
         702  0.50000000000000000     
         703   6.6666666666666671E-003
         704  0.45333333333333331     
         705  0.45555555555555555     
         706  0.57999999999999996     
         707  0.28444444444444444     
         708  0.26888888888888890     
         709  0.20444444444444446     
         710   3.3333333333333333E-002
         711   2.8888888888888888E-002
         712  0.36222222222222222     
         713  0.19333333333333333     
         714  0.16666666666666666     
         715   2.2222222222222222E-003
         716  0.17555555555555555     
         717  0.54666666666666663     
         718  0.69777777777777783     
         719  0.57555555555555560     
         720  0.64000000000000001     
         721  0.57555555555555560     
         722  0.56888888888888889     
         723   2.2222222222222223E-002
         724  0.28000000000000003     
         725  0.30222222222222223     
         726  0.22000000000000000     
         727  0.23999999999999999     
         728  0.11555555555555555     
         729  0.14222222222222222     
         730  0.20888888888888890     
         731   8.8888888888888892E-002
         732  0.44888888888888889     
         733  0.51111111111111107     
         734  0.47999999999999998     
         735  0.17555555555555555     
         736  0.66444444444444439     
         737  0.69555555555555559     
         738  0.28888888888888886     
         739  0.26888888888888890     
         740  0.81999999999999995     
         741  0.69777777777777783     
         742  0.14888888888888888     
         743  0.36666666666666664     
         744  0.46888888888888891     
         745  0.16444444444444445     
         746   2.4444444444444446E-002
         747  0.52444444444444449     
         748  0.64888888888888885     
         749  0.34666666666666668     
         750  0.66000000000000003     
         751  0.59555555555555550     
         752  0.50444444444444447     
         753  0.49111111111111111     
         754  0.42222222222222222     
         755   9.3333333333333338E-002
         756  0.18666666666666668     
         757  0.35555555555555557     
         758   9.1111111111111115E-002
         759  0.28000000000000003     
         760  0.11111111111111110     
         761  0.17555555555555555     
         762  0.49777777777777776     
         763  0.62222222222222223     
         764  0.78444444444444450     
         765  0.64222222222222225     
         766  0.64222222222222225     
         767  0.38888888888888890     
         768  0.30222222222222223     
         769  0.65333333333333332     
         770  0.11555555555555555     
         771  0.32444444444444442     
         772  0.17999999999999999     
         773  0.53333333333333333     
         774  0.24666666666666667     
         775   2.0000000000000000E-002
         776  0.47333333333333333     
         777  0.40666666666666668     
         778  0.17333333333333334     
         779  0.59555555555555550     
         780  0.59999999999999998     
         781  0.29999999999999999     
         782  0.41111111111111109     
         783  0.24888888888888888     
         784  0.54666666666666663     
         785  0.27111111111111114     
         786  0.18444444444444444     
         787  0.27555555555555555     
         788  0.45111111111111113     
         789  0.24444444444444444     
         790  0.73333333333333328     
         791   3.7777777777777778E-002
         792  0.55777777777777782     
         793  0.48666666666666669     
         794  0.35111111111111110     
         795  0.51777777777777778     
         796  0.42444444444444446     
         797  0.67111111111111110     
         798  0.10000000000000001     
         799  0.56444444444444442     
         800   8.0000000000000002E-002
         801  0.23999999999999999     
         802  0.52888888888888885     
         803  0.31777777777777777     
         804  0.53111111111111109     
         805  0.14444444444444443     
         806   4.0000000000000001E-002
         807  0.18888888888888888     
         808  0.60222222222222221     
         809  0.59111111111111114     
         810  0.66444444444444439     
         811  0.34000000000000002     
         812  0.35777777777777775     
         813  0.33111111111111113     
         814  0.78000000000000003     
         815  0.44222222222222224     
         816  0.63555555555555554     
         817  0.36666666666666664     
         818   3.1111111111111110E-002
         819  0.54888888888888887     
         820  0.64000000000000001     
         821   9.3333333333333338E-002
         822  0.39111111111111113     
         823  0.30666666666666664     
         824  0.47333333333333333     
         825  0.12444444444444444     
         826  0.74888888888888894     
         827   8.6666666666666670E-002
         828  0.41777777777777780     
         829  0.59555555555555550     
         830  0.40444444444444444     
         831  0.37555555555555553     
         832  0.57777777777777772     
         833  0.37555555555555553     
         834  0.27111111111111114     
         835  0.33333333333333331     
         836  0.40000000000000002     
         837  0.61333333333333329     
         838  0.38444444444444442     
         839  0.33111111111111113     
         840  0.43777777777777777     
         841   6.8888888888888888E-002
         842  0.23333333333333334     
         843  0.45555555555555555     
         844  0.47333333333333333     
         845  0.75555555555555554     
         846  0.69555555555555559     
         847  0.67777777777777781     
         848  0.60444444444444445     
         849  0.27555555555555555     
         850  0.46888888888888891     
         851  0.42222222222222222     
         852  0.62000000000000000     
         853  0.63111111111111107     
         854  0.20444444444444446     
         855  0.27111111111111114     
         856  0.64444444444444449     
         857  0.47111111111111109     
         858  0.55333333333333334     
         859  0.68222222222222217     
         860  0.46444444444444444     
         861   2.0000000000000000E-002
         862  0.66000000000000003     
         863  0.58666666666666667     
         864  0.65333333333333332     
         865   3.7777777777777778E-002
         866   8.8888888888888889E-003
         867  0.55333333333333334     
         868  0.33333333333333331     
         869  0.25333333333333335     
         870  0.55777777777777782     
         871  0.71555555555555550     
         872  0.24222222222222223     
         873  0.45555555555555555     
         874  0.39333333333333331     
         875  0.23333333333333334     
         876  0.50888888888888884     
         877  0.22000000000000000     
         878  0.34888888888888892     
         879  0.30222222222222223     
         880  0.59333333333333338     
         881  0.67111111111111110     
         882   4.6666666666666669E-002
         883  0.70444444444444443     
         884  0.26222222222222225     
         885  0.64888888888888885     
         886  0.58444444444444443     
         887  0.48444444444444446     
         888  0.64888888888888885     
         889  0.14444444444444443     
         890  0.44444444444444442     
         891  0.27777777777777779     
         892  0.29777777777777775     
         893  0.59333333333333338     
         894   9.1111111111111115E-002
         895  0.49111111111111111     
         896  0.57111111111111112     
         897  0.14444444444444443     
         898  0.12222222222222222     
         899  0.24888888888888888     
         900  0.64000000000000001     
         901  0.57555555555555560     
         902  0.53555555555555556     
         903  0.14666666666666667     
         904  0.23111111111111110     
         905  0.27333333333333332     
         906  0.73111111111111116     
         907  0.35333333333333333     
         908   4.0000000000000001E-002
         909  0.68000000000000005     
         910  0.35333333333333333     
         911  0.24888888888888888     
         912  0.22000000000000000     
         913  0.54444444444444440     
         914  0.73999999999999999     
         915   8.8888888888888892E-002
         916  0.55777777777777782     
         917  0.25777777777777777     
         918  0.36666666666666664     
         919   9.7777777777777783E-002
         920  0.24666666666666667     
         921  0.70444444444444443     
         922  0.24222222222222223     
         923  0.42666666666666669     
         924  0.50888888888888884     
         925  0.17999999999999999     
         926  0.51333333333333331     
         927  0.52222222222222225     
         928  0.47777777777777780     
         929   7.1111111111111111E-002
         930  0.49555555555555558     
         931  0.49555555555555558     
         932  0.68444444444444441     
         933  0.79333333333333333     
         934   5.9999999999999998E-002
         935  0.62444444444444447     
         936  0.22888888888888889     
         937  0.46000000000000002     
         938  0.21111111111111111     
         939  0.44444444444444442     
         940  0.46444444444444444     
         941  0.65777777777777779     
         942  0.28222222222222221     
         943  0.52666666666666662     
         944  0.11333333333333333     
         945  0.50888888888888884     
         946  0.38888888888888890     
         947  0.31111111111111112     
         948   9.5555555555555560E-002
         949  0.53333333333333333     
         950  0.66444444444444439     
         951  0.43777777777777777     
         952  0.55333333333333334     
         953  0.44222222222222224     
         954  0.34888888888888892     
         955  0.16000000000000000     
         956   7.5555555555555556E-002
         957  0.37777777777777777     
         958   2.8888888888888888E-002
         959   4.2222222222222223E-002
         960  0.46888888888888891     
         961  0.31777777777777777     
         962  0.64444444444444449     
         963  0.57333333333333336     
         964  0.35555555555555557     
         965  0.60222222222222221     
         966  0.64444444444444449     
         967  0.38888888888888890     
         968  0.42666666666666669     
         969  0.43333333333333335     
         970  0.32888888888888890     
         971  0.44888888888888889     
         972  0.35111111111111110     
         973  0.35999999999999999     
         974   5.1111111111111114E-002
         975  0.33555555555555555     
         976   5.9999999999999998E-002
         977  0.28666666666666668     
         978  0.58888888888888891     
         979  0.53777777777777780     
         980  0.66666666666666663     
         981  0.27777777777777779     
         982   5.1111111111111114E-002
         983  0.31555555555555553     
         984  0.48222222222222222     
         985   7.5555555555555556E-002
         986  0.39777777777777779     
         987  0.70222222222222219     
         988  0.24444444444444444     
         989   8.8888888888888892E-002
         990  0.38222222222222224     
         991  0.20888888888888890     
         992  0.50444444444444447     
         993   8.6666666666666670E-002
         994  0.44000000000000000     
         995  0.71111111111111114     
         996  0.79777777777777781     
         997  0.52000000000000002     
         998  0.78888888888888886     
         999  0.41999999999999998     
        1000   8.8888888888888892E-002
        1001   8.0000000000000002E-002
        1002  0.61555555555555552     
        1003  0.52000000000000002     
        1004  0.70666666666666667     
        1005  0.48444444444444446     
        1006  0.68222222222222217     
        1007   7.5555555555555556E-002
        1008  0.35999999999999999     
        1009  0.32666666666666666     
        1010  0.50000000000000000     
        1011  0.60222222222222221     
        1012  0.72888888888888892     
        1013  0.17111111111111110     
        1014  0.46444444444444444     
        1015  0.45111111111111113     
        1016   1.7777777777777778E-002
        1017   2.0000000000000000E-002
        1018  0.54888888888888887     
        1019  0.47999999999999998     
        1020  0.33555555555555555     
        1021  0.55111111111111111     
        1022  0.17999999999999999     
        1023  0.53555555555555556     
        1024  0.45777777777777778     
        1025  0.73777777777777775     
        1026   2.2222222222222222E-003
        1027   5.5555555555555552E-002
        1028  0.57111111111111112     
        1029  0.31555555555555553     
        1030  0.20222222222222222     
        1031  0.18444444444444444     
        1032  0.26888888888888890     
        1033  0.20666666666666667     
        1034  0.63777777777777778     
        1035   4.4444444444444444E-003
        1036  0.17777777777777778     
        1037  0.58666666666666667     
        1038  0.52444444444444449     
        1039  0.26666666666666666     
        1040  0.11333333333333333     
        1041   8.6666666666666670E-002
        1042  0.63777777777777778     
        1043  0.34888888888888892     
        1044   6.8888888888888888E-002
        1045  0.43333333333333335     
        1046   4.0000000000000001E-002
        1047   4.4444444444444446E-002
        1048  0.48666666666666669     
        1049  0.41333333333333333     
        1050   9.1111111111111115E-002
        1051  0.50888888888888884     
        1052  0.60666666666666669     
        1053  0.38444444444444442     
        1054  0.60444444444444445     
        1055  0.45333333333333331     
        1056   5.1111111111111114E-002
        1057  0.43555555555555553     
        1058  0.52222222222222225     
        1059  0.22888888888888889     
        1060  0.52444444444444449     
        1061  0.51111111111111107     
        1062  0.56444444444444442     
        1063  0.61777777777777776     
        1064  0.28000000000000003     
        1065  0.69777777777777783     
        1066  0.20444444444444446     
        1067  0.56666666666666665     
        1068  0.50666666666666671     
        1069  0.23111111111111110     
        1070  0.44888888888888889     
        1071  0.61111111111111116     
        1072   3.5555555555555556E-002
        1073  0.71333333333333337     
        1074  0.40222222222222220     
        1075  0.16888888888888889     
        1076  0.56444444444444442     
        1077  0.35111111111111110     
        1078  0.51555555555555554     
        1079  0.13777777777777778     
        1080  0.19777777777777777     
        1081  0.61333333333333329     
        1082  0.62222222222222223     
        1083  0.52000000000000002     
        1084  0.67111111111111110     
        1085  0.68000000000000005     
        1086  0.59333333333333338     
        1087  0.51333333333333331     
        1088  0.56666666666666665     
        1089  0.47111111111111109     
        1090  0.57111111111111112     
        1091  0.32222222222222224     
        1092   7.1111111111111111E-002
        1093  0.60666666666666669     
        1094   1.5555555555555555E-002
        1095   6.4444444444444443E-002
        1096  0.13333333333333333     
        1097  0.32000000000000001     
        1098  0.62888888888888894     
        1099  0.16000000000000000     
        1100  0.69555555555555559     
        1101  0.65777777777777779     
        1102  0.49333333333333335     
        1103  0.53555555555555556     
        1104  0.47555555555555556     
        1105  0.16444444444444445     
        1106  0.42444444444444446     
        1107   2.4444444444444446E-002
        1108  0.54888888888888887     
        1109   4.4444444444444446E-002
        1110  0.71555555555555550     
        1111  0.21333333333333335     
        1112  0.12000000000000000     
        1113  0.54000000000000004     
        1114  0.29999999999999999     
        1115  0.20000000000000001     
        1116  0.57555555555555560     
        1117  0.67555555555555558     
        1118  0.74666666666666670     
        1119  0.45111111111111113     
        1120  0.21111111111111111     
        1121  0.56222222222222218     
        1122  0.38000000000000000     
        1123  0.18444444444444444     
        1124  0.22666666666666666     
        1125  0.18222222222222223     
        1126  0.29555555555555557     
        1127  0.69333333333333336     
        1128  0.35999999999999999     
        1129  0.35777777777777775     
        1130  0.58222222222222220     
        1131  0.63111111111111107     
        1132  0.21333333333333335     
        1133  0.54444444444444440     
        1134  0.48222222222222222     
        1135  0.62222222222222223     
        1136  0.42444444444444446     
        1137  0.60666666666666669     
        1138  0.55777777777777782     
        1139   4.2222222222222223E-002
        1140  0.14000000000000001     
        1141  0.36444444444444446     
        1142  0.49555555555555558     
        1143  0.20666666666666667     
        1144  0.21333333333333335     
        1145  0.62000000000000000     
        1146  0.37111111111111111     
        1147  0.57333333333333336     
        1148   6.6666666666666666E-002
        1149  0.54888888888888887     
        1150  0.19777777777777777     
        1151  0.72888888888888892     
        1152   5.9999999999999998E-002
        1153  0.19777777777777777     
        1154   6.8888888888888888E-002
        1155  0.43111111111111111     
        1156  0.44888888888888889     
        1157   5.5555555555555552E-002
        1158  0.61333333333333329     
        1159  0.42222222222222222     
        1160  0.12888888888888889     
        1161  0.39777777777777779     
        1162  0.69111111111111112     
        1163  0.14444444444444443     
        1164  0.60222222222222221     
        1165  0.46444444444444444     
        1166  0.73333333333333328     
        1167  0.34000000000000002     
        1168  0.65333333333333332     
        1169  0.74222222222222223     
        1170  0.12888888888888889     
        1171  0.55777777777777782     
        1172  0.70444444444444443     
        1173  0.34000000000000002     
        1174  0.54666666666666663     
        1175  0.56888888888888889     
        1176   9.3333333333333338E-002
        1177  0.24444444444444444     
        1178   5.3333333333333337E-002
        1179  0.44888888888888889     
        1180  0.17555555555555555     
        1181  0.48666666666666669     
        1182   5.7777777777777775E-002
        1183  0.51555555555555554     
        1184  0.19333333333333333     
        1185  0.56444444444444442     
        1186  0.64666666666666661     
        1187  0.26888888888888890     
        1188  0.16222222222222221     
        1189  0.64222222222222225     
        1190  0.26666666666666666     
        1191  0.65555555555555556     
        1192  0.18888888888888888     
        1193  0.27111111111111114     
        1194  0.23777777777777778     
        1195  0.44888888888888889     
        1196  0.63333333333333330     
        1197  0.29333333333333333     
        1198   4.4444444444444444E-003
        1199  0.49555555555555558     
        1200  0.38222222222222224     
        1201  0.43555555555555553     
        1202  0.16444444444444445     
        1203  0.58222222222222220     
        1204   7.7777777777777779E-002
        1205  0.43777777777777777     
        1206  0.27555555555555555     
        1207  0.22888888888888889     
        1208  0.26444444444444443     
        1209  0.29333333333333333     
        1210  0.33111111111111113     
        1211  0.32222222222222224     
        1212  0.22222222222222221     
        1213  0.75111111111111106     
        1214  0.32666666666666666     
        1215   3.7777777777777778E-002
        1216  0.29333333333333333     
        1217   5.3333333333333337E-002
        1218  0.43777777777777777     
        1219  0.32222222222222224     
        1220  0.28000000000000003     
        1221  0.34444444444444444     
        1222  0.53777777777777780     
        1223  0.64444444444444449     
        1224   3.3333333333333333E-002
        1225  0.26666666666666666     
        1226   3.1111111111111110E-002
        1227  0.46666666666666667     
        1228   1.1111111111111112E-002
        1229  0.43111111111111111     
        1230  0.56000000000000005     
        1231   5.3333333333333337E-002
        1232  0.45111111111111113     
        1233  0.42666666666666669     
        1234   1.5555555555555555E-002
        1235  0.23555555555555555     
        1236  0.50222222222222224     
        1237  0.16888888888888889     
        1238  0.52666666666666662     
        1239  0.14444444444444443     
        1240   4.6666666666666669E-002
        1241   1.5555555555555555E-002
        1242  0.32888888888888890     
        1243  0.56000000000000005     
        1244  0.43777777777777777     
        1245  0.32000000000000001     
        1246   7.7777777777777779E-002
        1247  0.78888888888888886     
        1248   2.2222222222222223E-002
        1249  0.63555555555555554     
        1250  0.29777777777777775     
        1251   2.0000000000000000E-002
        1252  0.14444444444444443     
        1253  0.39111111111111113     
        1254  0.23777777777777778     
        1255   3.5555555555555556E-002
        1256  0.11111111111111110     
        1257  0.57555555555555560     
        1258  0.38444444444444442     
        1259  0.54444444444444440     
        1260  0.30222222222222223     
        1261  0.68444444444444441     
        1262  0.49111111111111111     
        1263  0.60444444444444445     
        1264   5.3333333333333337E-002
        1265   4.4444444444444446E-002
        1266  0.55333333333333334     
        1267  0.41333333333333333     
        1268  0.11555555555555555     
        1269  0.34000000000000002     
        1270  0.22444444444444445     
        1271   4.0000000000000001E-002
        1272  0.48222222222222222     
        1273  0.55111111111111111     
        1274   5.5555555555555552E-002
        1275  0.26000000000000001     
        1276  0.26888888888888890     
        1277  0.53111111111111109     
        1278  0.15111111111111111     
        1279  0.16888888888888889     
        1280  0.18222222222222223     
        1281  0.40888888888888891     
        1282  0.57111111111111112     
        1283  0.58222222222222220     
        1284  0.76000000000000001     
        1285  0.63555555555555554     
        1286  0.47777777777777780     
        1287  0.78222222222222226     
        1288  0.64000000000000001     
        1289   7.3333333333333334E-002
        1290  0.40888888888888891     
        1291  0.20000000000000001     
        1292   5.3333333333333337E-002
        1293  0.46444444444444444     
        1294  0.29555555555555557     
        1295   9.7777777777777783E-002
        1296  0.55111111111111111     
        1297  0.39333333333333331     
        1298  0.16888888888888889     
        1299  0.68000000000000005     
        1300  0.57555555555555560     
        1301  0.46222222222222220     
        1302  0.34444444444444444     
        1303  0.55333333333333334     
        1304  0.22888888888888889     
        1305  0.58888888888888891     
        1306  0.67555555555555558     
        1307  0.47777777777777780     
        1308  0.41555555555555557     
        1309  0.66000000000000003     
        1310   8.0000000000000002E-002
        1311  0.31777777777777777     
        1312  0.68000000000000005     
        1313  0.41777777777777780     
        1314  0.61111111111111116     
        1315  0.71777777777777774     
        1316  0.23111111111111110     
        1317  0.46444444444444444     
        1318  0.36666666666666664     
        1319  0.36888888888888888     
        1320   4.8888888888888891E-002
        1321  0.68444444444444441     
        1322  0.39333333333333331     
        1323  0.26444444444444443     
        1324  0.27333333333333332     
        1325  0.53333333333333333     
        1326  0.46222222222222220     
        1327  0.10444444444444445     
        1328  0.12444444444444444     
        1329  0.35333333333333333     
        1330  0.50000000000000000     
        1331  0.26444444444444443     
        1332  0.62222222222222223     
        1333  0.22444444444444445     
        1334  0.60222222222222221     
        1335  0.29777777777777775     
        1336  0.38222222222222224     
        1337  0.52888888888888885     
        1338  0.11111111111111110     
        1339   1.7777777777777778E-002
        1340  0.27555555555555555     
        1341  0.19555555555555557     
        1342  0.52444444444444449     
        1343  0.59111111111111114     
        1344  0.59999999999999998     
        1345  0.17333333333333334     
        1346   2.2222222222222222E-003
        1347   4.4444444444444446E-002
        1348   4.4444444444444446E-002
        1349  0.20222222222222222     
        1350  0.21333333333333335     
        1351  0.21777777777777776     
        1352  0.67777777777777781     
        1353  0.50444444444444447     
        1354  0.26444444444444443     
        1355  0.17555555555555555     
        1356  0.32888888888888890     
        1357  0.17111111111111110     
        1358  0.75111111111111106     
        1359  0.59111111111111114     
        1360  0.39111111111111113     
        1361  0.39777777777777779     
        1362  0.69777777777777783     
        1363  0.19555555555555557     
        1364  0.17777777777777778     
        1365  0.45555555555555555     
        1366  0.42222222222222222     
        1367  0.32222222222222224     
        1368  0.11555555555555555     
        1369  0.15333333333333332     
        1370   6.6666666666666671E-003
        1371  0.23111111111111110     
        1372  0.63555555555555554     
        1373  0.48222222222222222     
        1374   4.6666666666666669E-002
        1375  0.14222222222222222     
        1376  0.62444444444444447     
        1377   4.4444444444444444E-003
        1378  0.59999999999999998     
        1379  0.47777777777777780     
        1380   6.6666666666666671E-003
        1381  0.38444444444444442     
        1382  0.30222222222222223     
        1383  0.13333333333333333     
        1384   6.6666666666666666E-002
        1385  0.80666666666666664     
        1386  0.25777777777777777     
        1387  0.35111111111111110     
        1388  0.30666666666666664     
        1389  0.45333333333333331     
        1390  0.34666666666666668     
        1391   8.8888888888888889E-003
        1392  0.44000000000000000     
        1393  0.51555555555555554     
        1394  0.23999999999999999     
        1395  0.29777777777777775     
        1396  0.61777777777777776     
        1397  0.43555555555555553     
        1398  0.46000000000000002     
        1399  0.49555555555555558     
        1400  0.49555555555555558     
        1401   1.3333333333333334E-002
        1402  0.26000000000000001     
        1403  0.40888888888888891     
        1404  0.57333333333333336     
        1405  0.76444444444444448     
        1406  0.41333333333333333     
        1407  0.47111111111111109     
        1408  0.31333333333333335     
        1409  0.40666666666666668     
        1410  0.12888888888888889     
        1411  0.22888888888888889     
        1412  0.21333333333333335     
        1413   1.5555555555555555E-002
        1414  0.31777777777777777     
        1415  0.50444444444444447     
        1416  0.24222222222222223     
        1417  0.33555555555555555     
        1418  0.15555555555555556     
        1419  0.51777777777777778     
        1420  0.30666666666666664     
        1421  0.68888888888888888     
        1422  0.38666666666666666     
        1423  0.75555555555555554     
        1424  0.27111111111111114     
        1425  0.28222222222222221     
        1426  0.52666666666666662     
        1427  0.30666666666666664     
        1428  0.60888888888888892     
        1429  0.42222222222222222     
        1430  0.45777777777777778     
        1431  0.51111111111111107     
        1432  0.52000000000000002     
        1433  0.59555555555555550     
        1434  0.31111111111111112     
        1435  0.43111111111111111     
        1436  0.40222222222222220     
        1437  0.56222222222222218     
        1438  0.56888888888888889     
        1439  0.16666666666666666     
        1440  0.20888888888888890     
        1441  0.30666666666666664     
        1442  0.37333333333333335     
        1443  0.54444444444444440     
        1444  0.51333333333333331     
        1445  0.63555555555555554     
        1446  0.59111111111111114     
        1447  0.41111111111111109     
        1448  0.53333333333333333     
        1449  0.73111111111111116     
        1450  0.35777777777777775     
        1451  0.62888888888888894     
        1452  0.71333333333333337     
        1453  0.43333333333333335     
        1454  0.10888888888888888     
        1455  0.56000000000000005     
        1456  0.13555555555555557     
        1457  0.38666666666666666     
        1458  0.47555555555555556     
        1459  0.54444444444444440     
        1460  0.67111111111111110     
        1461  0.23555555555555555     
        1462  0.52888888888888885     
        1463  0.68000000000000005     
        1464  0.16666666666666666     
        1465  0.29999999999999999     
        1466  0.62000000000000000     
        1467  0.45777777777777778     
        1468  0.41111111111111109     
        1469   9.5555555555555560E-002
        1470  0.37777777777777777     
        1471  0.54000000000000004     
        1472  0.55111111111111111     
        1473   2.4444444444444446E-002
        1474  0.12666666666666668     
        1475  0.62444444444444447     
        1476  0.31777777777777777     
        1477  0.36444444444444446     
        1478  0.67111111111111110     
        1479   9.5555555555555560E-002
        1480  0.62888888888888894     
        1481  0.41999999999999998     
        1482  0.26222222222222225     
        1483  0.55555555555555558     
        1484  0.42666666666666669     
        1485  0.44222222222222224     
        1486  0.26222222222222225     
        1487  0.36666666666666664     
        1488  0.40888888888888891     
        1489   7.5555555555555556E-002
        1490  0.22000000000000000     
        1491  0.17555555555555555     
        1492  0.58888888888888891     
        1493   1.3333333333333334E-002
        1494  0.39555555555555555     
        1495  0.27111111111111114     
        1496  0.34222222222222221     
        1497  0.58888888888888891     
        1498  0.35999999999999999     
        1499  0.10888888888888888     
        1500  0.20444444444444446     
        1501  0.49111111111111111     
        1502  0.30888888888888888     
        1503   2.2222222222222223E-002
        1504  0.61111111111111116     
        1505   9.7777777777777783E-002
        1506  0.39555555555555555     
        1507  0.79333333333333333     
        1508  0.42444444444444446     
        1509  0.39111111111111113     
        1510  0.24888888888888888     
        1511  0.46888888888888891     
        1512  0.32444444444444442     
        1513  0.66222222222222227     
        1514  0.23999999999999999     
        1515  0.57999999999999996     
        1516  0.59333333333333338     
        1517   9.7777777777777783E-002
        1518  0.62888888888888894     
        1519  0.32888888888888890     
        1520  0.22444444444444445     
        1521  0.41777777777777780     
        1522  0.40888888888888891     
        1523  0.58666666666666667     
        1524  0.77777777777777779     
        1525  0.26000000000000001     
        1526  0.18444444444444444     
        1527  0.42222222222222222     
        1528  0.28666666666666668     
        1529   9.1111111111111115E-002
        1530  0.17777777777777778     
        1531   7.3333333333333334E-002
        1532  0.34666666666666668     
        1533  0.30444444444444446     
        1534  0.36888888888888888     
        1535   3.1111111111111110E-002
        1536  0.64666666666666661     
        1537  0.54666666666666663     
        1538  0.37777777777777777     
        1539   2.4444444444444446E-002
        1540  0.15333333333333332     
        1541  0.67333333333333334     
        1542   7.1111111111111111E-002
        1543  0.29999999999999999     
        1544  0.19777777777777777     
        1545  0.53111111111111109     
        1546  0.43777777777777777     
        1547  0.48666666666666669     
        1548  0.77555555555555555     
        1549  0.67111111111111110     
        1550  0.66000000000000003     
        1551   4.4444444444444446E-002
        1552  0.10444444444444445     
        1553   6.4444444444444443E-002
        1554  0.22444444444444445     
        1555   8.8888888888888892E-002
        1556  0.22888888888888889     
        1557  0.27777777777777779     
        1558  0.53111111111111109     
        1559   8.8888888888888889E-003
        1560  0.61555555555555552     
        1561   8.2222222222222224E-002
        1562  0.17999999999999999     
        1563  0.61333333333333329     
        1564  0.45333333333333331     
        1565  0.40888888888888891     
        1566  0.14444444444444443     
        1567  0.48666666666666669     
        1568  0.14444444444444443     
        1569  0.54222222222222227     
        1570  0.17999999999999999     
        1571  0.11333333333333333     
        1572  0.44222222222222224     
        1573  0.40666666666666668     
        1574  0.22222222222222221     
        1575  0.27111111111111114     
        1576  0.44888888888888889     
        1577   5.7777777777777775E-002
        1578  0.24444444444444444     
        1579  0.35777777777777775     
        1580  0.29111111111111110     
        1581  0.34222222222222221     
        1582  0.63777777777777778     
        1583  0.30444444444444446     
        1584  0.71999999999999997     
        1585  0.38000000000000000     
        1586  0.71111111111111114     
        1587  0.29555555555555557     
        1588  0.56666666666666665     
        1589  0.73555555555555552     
        1590  0.48222222222222222     
        1591  0.12888888888888889     
        1592  0.36444444444444446     
        1593  0.11333333333333333     
        1594  0.14666666666666667     
        1595  0.17777777777777778     
        1596  0.40444444444444444     
        1597  0.75777777777777777     
        1598  0.65333333333333332     
        1599  0.10000000000000001     
        1600  0.69333333333333336     
        1601  0.49777777777777776     
        1602  0.63555555555555554     
        1603  0.41555555555555557     
        1604  0.25333333333333335     
        1605  0.35777777777777775     
        1606  0.24888888888888888     
        1607  0.47333333333333333     
        1608  0.21111111111111111     
        1609  0.45777777777777778     
        1610  0.68666666666666665     
        1611  0.61111111111111116     
        1612  0.71999999999999997     
        1613  0.50888888888888884     
        1614  0.34222222222222221     
        1615   5.3333333333333337E-002
        1616  0.19777777777777777     
        1617  0.67111111111111110     
        1618  0.16000000000000000     
        1619  0.45555555555555555     
        1620   8.2222222222222224E-002
        1621  0.38444444444444442     
        1622  0.68888888888888888     
        1623  0.35333333333333333     
        1624  0.45333333333333331     
        1625  0.24444444444444444     
        1626  0.19333333333333333     
        1627  0.46888888888888891     
        1628  0.10444444444444445     
        1629  0.54888888888888887     
        1630  0.40222222222222220     
        1631  0.29777777777777775     
        1632  0.43333333333333335     
        1633  0.37111111111111111     
        1634  0.27777777777777779     
        1635  0.42666666666666669     
        1636  0.78888888888888886     
        1637  0.13777777777777778     
        1638  0.13111111111111112     
        1639  0.74666666666666670     
        1640  0.24888888888888888     
        1641  0.44666666666666666     
        1642  0.13555555555555557     
        1643  0.25111111111111112     
        1644  0.28000000000000003     
        1645  0.53111111111111109     
        1646   3.7777777777777778E-002
        1647  0.81777777777777783     
        1648  0.16888888888888889     
        1649  0.65555555555555556     
        1650  0.69777777777777783     
        1651   7.5555555555555556E-002
        1652  0.36444444444444446     
        1653  0.36222222222222222     
        1654  0.21555555555555556     
        1655  0.40666666666666668     
        1656  0.73777777777777775     
        1657  0.29555555555555557     
        1658  0.13777777777777778     
        1659  0.12000000000000000     
        1660  0.49777777777777776     
        1661  0.67777777777777781     
        1662  0.11777777777777777     
        1663  0.63333333333333330     
        1664  0.66666666666666663     
        1665  0.69777777777777783     
        1666  0.70888888888888890     
        1667  0.53333333333333333     
        1668  0.40888888888888891     
        1669  0.47333333333333333     
        1670  0.12444444444444444     
        1671  0.23555555555555555     
        1672  0.34000000000000002     
        1673   3.7777777777777778E-002
        1674   9.5555555555555560E-002
        1675   6.6666666666666671E-003
        1676  0.12666666666666668     
        1677  0.32888888888888890     
        1678  0.14222222222222222     
        1679   4.4444444444444444E-003
        1680  0.53777777777777780     
        1681  0.44000000000000000     
        1682  0.60666666666666669     
        1683  0.42222222222222222     
        1684  0.24666666666666667     
        1685  0.58666666666666667     
        1686  0.70666666666666667     
        1687  0.42222222222222222     
        1688   8.6666666666666670E-002
        1689  0.68222222222222217     
        1690  0.69111111111111112     
        1691  0.24888888888888888     
        1692  0.32000000000000001     
        1693  0.40000000000000002     
        1694   7.3333333333333334E-002
        1695  0.26000000000000001     
        1696  0.24888888888888888     
        1697  0.49777777777777776     
        1698  0.26222222222222225     
        1699  0.78000000000000003     
        1700  0.19333333333333333     
        1701   7.7777777777777779E-002
        1702   2.0000000000000000E-002
        1703  0.53333333333333333     
        1704   7.1111111111111111E-002
        1705  0.69777777777777783     
        1706  0.56666666666666665     
        1707  0.34888888888888892     
        1708  0.43111111111111111     
        1709  0.60222222222222221     
        1710  0.36666666666666664     
        1711   4.4444444444444446E-002
        1712  0.40888888888888891     
        1713  0.47999999999999998     
        1714  0.56888888888888889     
        1715  0.21111111111111111     
        1716  0.24444444444444444     
        1717  0.18666666666666668     
        1718  0.46000000000000002     
        1719  0.37111111111111111     
        1720   1.3333333333333334E-002
        1721  0.45333333333333331     
        1722  0.57555555555555560     
        1723   3.7777777777777778E-002
        1724  0.56666666666666665     
        1725  0.28888888888888886     
        1726  0.35111111111111110     
        1727   2.2222222222222222E-003
        1728  0.60666666666666669     
        1729  0.43111111111111111     
        1730  0.60666666666666669     
        1731  0.31333333333333335     
        1732  0.18888888888888888     
        1733  0.13111111111111112     
        1734  0.55333333333333334     
        1735  0.15555555555555556     
        1736  0.44888888888888889     
        1737  0.11333333333333333     
        1738  0.38888888888888890     
        1739  0.29999999999999999     
        1740  0.48444444444444446     
        1741   9.1111111111111115E-002
        1742  0.50888888888888884     
        1743  0.67333333333333334     
        1744  0.40000000000000002     
        1745  0.17111111111111110     
        1746  0.18222222222222223     
        1747  0.55555555555555558     
        1748  0.18222222222222223     
        1749  0.27333333333333332     
        1750  0.26000000000000001     
        1751  0.51111111111111107     
        1752  0.28888888888888886     
        1753  0.17777777777777778     
        1754  0.39111111111111113     
        1755  0.68444444444444441     
        1756   2.0000000000000000E-002
        1757  0.59111111111111114     
        1758  0.37333333333333335     
        1759  0.43333333333333335     
        1760  0.60222222222222221     
        1761  0.34444444444444444     
        1762  0.54444444444444440     
        1763  0.69333333333333336     
        1764  0.48666666666666669     
        1765  0.39555555555555555     
        1766  0.10444444444444445     
        1767  0.25777777777777777     
        1768   8.6666666666666670E-002
        1769  0.13777777777777778     
        1770  0.51555555555555554     
        1771  0.58666666666666667     
        1772  0.11555555555555555     
        1773  0.12222222222222222     
        1774  0.24888888888888888     
        1775   4.0000000000000001E-002
        1776  0.37111111111111111     
        1777  0.60222222222222221     
        1778  0.46444444444444444     
        1779  0.22222222222222221     
        1780  0.49555555555555558     
        1781  0.22000000000000000     
        1782  0.22666666666666666     
        1783   7.1111111111111111E-002
        1784  0.52444444444444449     
        1785  0.39333333333333331     
        1786  0.51111111111111107     
        1787  0.42444444444444446     
        1788  0.34000000000000002     
        1789   8.8888888888888892E-002
        1790  0.26444444444444443     
        1791  0.39555555555555555     
        1792  0.40000000000000002     
        1793  0.52888888888888885     
        1794   2.4444444444444446E-002
        1795  0.28222222222222221     
        1796  0.60222222222222221     
        1797  0.72666666666666668     
        1798  0.12222222222222222     
        1799  0.72222222222222221     
        1800   7.5555555555555556E-002
        1801  0.17999999999999999     
        1802  0.48888888888888887     
        1803  0.31555555555555553     
        1804  0.20888888888888890     
        1805  0.47111111111111109     
        1806  0.54666666666666663     
        1807  0.36888888888888888     
        1808  0.38222222222222224     
        1809  0.34888888888888892     
        1810  0.35111111111111110     
        1811  0.25555555555555554     
        1812   7.3333333333333334E-002
        1813  0.11333333333333333     
        1814  0.36444444444444446     
        1815  0.23111111111111110     
        1816  0.41999999999999998     
        1817  0.47333333333333333     
        1818  0.10000000000000001     
        1819  0.57777777777777772     
        1820   8.4444444444444447E-002
        1821  0.52000000000000002     
        1822  0.30222222222222223     
        1823   8.6666666666666670E-002
        1824   9.5555555555555560E-002
        1825  0.39333333333333331     
        1826  0.38000000000000000     
        1827  0.68888888888888888     
        1828  0.41555555555555557     
        1829  0.53555555555555556     
        1830  0.26888888888888890     
        1831   4.6666666666666669E-002
        1832  0.26000000000000001     
        1833  0.41999999999999998     
        1834  0.71333333333333337     
        1835  0.14888888888888888     
        1836  0.53777777777777780     
        1837  0.56000000000000005     
        1838  0.35999999999999999     
        1839  0.64444444444444449     
        1840  0.51111111111111107     
        1841  0.35999999999999999     
        1842  0.64000000000000001     
        1843  0.39777777777777779     
        1844  0.19555555555555557     
        1845  0.15333333333333332     
        1846  0.26666666666666666     
        1847  0.54666666666666663     
        1848  0.28444444444444444     
        1849   2.0000000000000000E-002
        1850  0.36222222222222222     
        1851  0.54222222222222227     
        1852  0.23333333333333334     
        1853  0.35555555555555557     
        1854  0.53111111111111109     
        1855  0.50888888888888884     
        1856  0.34666666666666668     
        1857  0.57777777777777772     
        1858  0.52666666666666662     
        1859   2.0000000000000000E-002
        1860  0.66444444444444439     
        1861  0.24888888888888888     
        1862  0.18444444444444444     
        1863  0.65111111111111108     
        1864  0.41555555555555557     
        1865  0.67555555555555558     
        1866  0.20444444444444446     
        1867  0.43555555555555553     
        1868   8.6666666666666670E-002
        1869  0.78666666666666663     
        1870  0.64666666666666661     
        1871  0.21777777777777776     
        1872  0.51111111111111107     
        1873  0.66222222222222227     
        1874  0.21777777777777776     
        1875  0.54888888888888887     
        1876  0.73111111111111116     
        1877  0.32444444444444442     
        1878   2.8888888888888888E-002
        1879  0.48888888888888887     
        1880  0.51111111111111107     
        1881  0.59111111111111114     
        1882  0.10888888888888888     
        1883  0.30666666666666664     
        1884  0.66000000000000003     
        1885   5.5555555555555552E-002
        1886  0.69777777777777783     
        1887  0.16444444444444445     
        1888  0.15111111111111111     
        1889   6.8888888888888888E-002
        1890  0.24888888888888888     
        1891  0.57111111111111112     
        1892  0.14888888888888888     
        1893  0.47555555555555556     
        1894  0.68666666666666665     
        1895   8.0000000000000002E-002
        1896   3.5555555555555556E-002
        1897  0.68444444444444441     
        1898   7.7777777777777779E-002
        1899  0.73555555555555552     
        1900  0.45777777777777778     
        1901  0.43777777777777777     
        1902  0.40000000000000002     
        1903  0.16444444444444445     
        1904   9.5555555555555560E-002
        1905  0.46666666666666667     
        1906  0.14000000000000001     
        1907  0.74222222222222223     
        1908  0.14000000000000001     
        1909  0.64000000000000001     
        1910  0.48888888888888887     
        1911  0.33333333333333331     
        1912   4.4444444444444444E-003
        1913  0.35333333333333333     
        1914  0.66888888888888887     
        1915  0.37555555555555553     
        1916  0.24888888888888888     
        1917  0.74666666666666670     
        1918  0.40222222222222220     
        1919  0.61333333333333329     
        1920  0.66222222222222227     
        1921  0.28666666666666668     
        1922  0.18666666666666668     
        1923  0.13555555555555557     
        1924  0.28888888888888886     
        1925  0.24666666666666667     
        1926  0.62000000000000000     
        1927  0.71999999999999997     
        1928   2.6666666666666668E-002
        1929  0.66000000000000003     
        1930  0.30888888888888888     
        1931  0.22444444444444445     
        1932  0.28444444444444444     
        1933  0.15777777777777777     
        1934  0.51111111111111107     
        1935  0.10222222222222223     
        1936   1.1111111111111112E-002
        1937  0.34444444444444444     
        1938  0.71111111111111114     
        1939  0.43777777777777777     
        1940  0.51777777777777778     
        1941   6.4444444444444443E-002
        1942   5.9999999999999998E-002
        1943  0.15111111111111111     
        1944   2.0000000000000000E-002
        1945   8.2222222222222224E-002
        1946  0.45555555555555555     
        1947  0.27333333333333332     
        1948  0.51777777777777778     
        1949  0.37111111111111111     
        1950  0.42222222222222222     
        1951  0.67777777777777781     
        1952  0.15333333333333332     
        1953  0.69555555555555559     
        1954  0.11555555555555555     
        1955   5.3333333333333337E-002
        1956  0.62000000000000000     
        1957  0.60444444444444445     
        1958  0.61777777777777776     
        1959   8.0000000000000002E-002
        1960  0.21111111111111111     
        1961  0.34444444444444444     
        1962  0.70666666666666667     
        1963  0.16000000000000000     
        1964  0.63111111111111107     
        1965  0.50222222222222224     
        1966  0.23111111111111110     
        1967  0.11333333333333333     
        1968  0.46222222222222220     
        1969  0.59555555555555550     
        1970  0.33555555555555555     
        1971  0.64888888888888885     
        1972  0.22444444444444445     
        1973  0.38888888888888890     
        1974  0.39111111111111113     
        1975  0.63111111111111107     
        1976  0.13111111111111112     
        1977   9.3333333333333338E-002
        1978  0.37555555555555553     
        1979  0.20444444444444446     
        1980  0.19111111111111112     
        1981  0.78222222222222226     
        1982  0.31333333333333335     
        1983  0.52666666666666662     
        1984  0.64666666666666661     
        1985  0.22444444444444445     
        1986  0.24222222222222223     
        1987  0.73333333333333328     
        1988  0.40444444444444444     
        1989  0.14222222222222222     
        1990  0.52444444444444449     
        1991  0.43333333333333335     
        1992  0.16666666666666666     
        1993   1.7777777777777778E-002
        1994   7.5555555555555556E-002
        1995  0.34222222222222221     
        1996  0.18444444444444444     
        1997  0.47555555555555556     
        1998  0.44000000000000000     
        1999  0.44222222222222224     
        2000  0.63111111111111107     
