           1   2.4444444444444446E-002
           2   2.4444444444444446E-002
           3   6.6666666666666671E-003
           4   7.5555555555555556E-002
           5  0.13111111111111112     
           6   1.3333333333333334E-002
           7   2.4444444444444446E-002
           8   3.1111111111111110E-002
           9   7.5555555555555556E-002
          10   2.4444444444444446E-002
          11  0.11555555555555555     
          12   8.8888888888888892E-002
          13   2.0000000000000000E-002
          14   6.6666666666666666E-002
          15   6.8888888888888888E-002
          16   9.1111111111111115E-002
          17   3.3333333333333333E-002
          18   1.3333333333333334E-002
          19  0.10666666666666667     
          20   9.5555555555555560E-002
          21   9.7777777777777783E-002
          22   0.0000000000000000     
          23  0.11333333333333333     
          24   2.0000000000000000E-002
          25   2.4444444444444446E-002
          26   6.2222222222222220E-002
          27   3.5555555555555556E-002
          28  0.12444444444444444     
          29   2.0000000000000000E-002
          30   6.8888888888888888E-002
          31  0.10444444444444445     
          32   1.3333333333333334E-002
          33   2.2222222222222222E-003
          34   2.2222222222222223E-002
          35   2.8888888888888888E-002
          36   2.0000000000000000E-002
          37   8.2222222222222224E-002
          38   9.3333333333333338E-002
          39   5.9999999999999998E-002
          40   2.8888888888888888E-002
          41   4.2222222222222223E-002
          42   8.6666666666666670E-002
          43   9.3333333333333338E-002
          44   1.1111111111111112E-002
          45   4.4444444444444444E-003
          46   9.5555555555555560E-002
          47   9.3333333333333338E-002
          48  0.11111111111111110     
          49  0.13333333333333333     
          50  0.15777777777777777     
          51  0.11555555555555555     
          52   3.5555555555555556E-002
          53   2.8888888888888888E-002
          54   2.4444444444444446E-002
          55   6.4444444444444443E-002
          56   8.8888888888888892E-002
          57   3.3333333333333333E-002
          58   2.8888888888888888E-002
          59   5.7777777777777775E-002
          60  0.13111111111111112     
          61  0.10888888888888888     
          62   5.1111111111111114E-002
          63   5.1111111111111114E-002
          64   5.5555555555555552E-002
          65   2.4444444444444446E-002
          66   1.1111111111111112E-002
          67   6.6666666666666666E-002
          68   9.5555555555555560E-002
          69   8.0000000000000002E-002
          70  0.16666666666666666     
          71   4.8888888888888891E-002
          72  0.11111111111111110     
          73   9.3333333333333338E-002
          74   7.1111111111111111E-002
          75   2.0000000000000000E-002
          76   3.3333333333333333E-002
          77   8.8888888888888892E-002
          78   5.3333333333333337E-002
          79  0.19555555555555557     
          80  0.14000000000000001     
          81  0.11777777777777777     
          82   7.3333333333333334E-002
          83   1.3333333333333334E-002
          84  0.16444444444444445     
          85  0.12888888888888889     
          86  0.10000000000000001     
          87   6.2222222222222220E-002
          88   5.3333333333333337E-002
          89   3.7777777777777778E-002
          90   3.1111111111111110E-002
          91   4.4444444444444444E-003
          92   8.8888888888888892E-002
          93   1.5555555555555555E-002
          94   1.3333333333333334E-002
          95   3.5555555555555556E-002
          96   2.4444444444444446E-002
          97   8.8888888888888889E-003
          98   1.1111111111111112E-002
          99   2.4444444444444446E-002
         100   3.7777777777777778E-002
         101   9.5555555555555560E-002
         102   8.4444444444444447E-002
         103   2.2222222222222222E-003
         104  0.10444444444444445     
         105   5.7777777777777775E-002
         106   4.4444444444444444E-003
         107  0.10222222222222223     
         108   6.4444444444444443E-002
         109   3.3333333333333333E-002
         110   5.5555555555555552E-002
         111   9.3333333333333338E-002
         112   3.1111111111111110E-002
         113   3.1111111111111110E-002
         114   3.1111111111111110E-002
         115   2.6666666666666668E-002
         116   3.3333333333333333E-002
         117   3.1111111111111110E-002
         118   5.1111111111111114E-002
         119   5.7777777777777775E-002
         120  0.15333333333333332     
         121   6.4444444444444443E-002
         122   4.2222222222222223E-002
         123   8.2222222222222224E-002
         124   2.0000000000000000E-002
         125   5.3333333333333337E-002
         126   0.0000000000000000     
         127  0.12888888888888889     
         128   8.0000000000000002E-002
         129   3.5555555555555556E-002
         130  0.11777777777777777     
         131   2.8888888888888888E-002
         132  0.10222222222222223     
         133   9.7777777777777783E-002
         134  0.15555555555555556     
         135   5.9999999999999998E-002
         136   4.2222222222222223E-002
         137   8.8888888888888892E-002
         138  0.15111111111111111     
         139  0.15555555555555556     
         140   5.7777777777777775E-002
         141   3.1111111111111110E-002
         142   4.8888888888888891E-002
         143   2.0000000000000000E-002
         144   5.1111111111111114E-002
         145   8.6666666666666670E-002
         146  0.10444444444444445     
         147  0.10888888888888888     
         148   1.3333333333333334E-002
         149   2.6666666666666668E-002
         150   4.8888888888888891E-002
         151   8.6666666666666670E-002
         152  0.13111111111111112     
         153  0.11111111111111110     
         154   2.0000000000000000E-002
         155   1.3333333333333334E-002
         156   2.2222222222222223E-002
         157   2.2222222222222222E-003
         158   3.1111111111111110E-002
         159   8.8888888888888889E-003
         160   1.1111111111111112E-002
         161   1.5555555555555555E-002
         162   3.5555555555555556E-002
         163   7.1111111111111111E-002
         164   2.0000000000000000E-002
         165   8.2222222222222224E-002
         166  0.12000000000000000     
         167   2.4444444444444446E-002
         168   7.1111111111111111E-002
         169   3.3333333333333333E-002
         170   7.3333333333333334E-002
         171  0.10888888888888888     
         172   2.4444444444444446E-002
         173  0.12888888888888889     
         174   2.6666666666666668E-002
         175   7.1111111111111111E-002
         176  0.19555555555555557     
         177  0.13555555555555557     
         178   5.3333333333333337E-002
         179  0.12222222222222222     
         180   9.7777777777777783E-002
         181   6.6666666666666666E-002
         182   0.0000000000000000     
         183   1.5555555555555555E-002
         184   1.1111111111111112E-002
         185  0.10222222222222223     
         186   2.0000000000000000E-002
         187   4.0000000000000001E-002
         188   3.1111111111111110E-002
         189   3.5555555555555556E-002
         190   1.1111111111111112E-002
         191   3.5555555555555556E-002
         192   3.1111111111111110E-002
         193  0.12222222222222222     
         194   8.0000000000000002E-002
         195   8.4444444444444447E-002
         196   2.2222222222222222E-003
         197  0.16666666666666666     
         198  0.16666666666666666     
         199   7.3333333333333334E-002
         200   8.2222222222222224E-002
         201   6.8888888888888888E-002
         202   4.2222222222222223E-002
         203   4.2222222222222223E-002
         204   4.2222222222222223E-002
         205   4.6666666666666669E-002
         206   1.1111111111111112E-002
         207  0.14888888888888888     
         208   9.1111111111111115E-002
         209  0.10888888888888888     
         210  0.10222222222222223     
         211   5.1111111111111114E-002
         212   4.6666666666666669E-002
         213   1.1111111111111112E-002
         214  0.12666666666666668     
         215   6.2222222222222220E-002
         216   2.8888888888888888E-002
         217   2.4444444444444446E-002
         218  0.14222222222222222     
         219  0.16222222222222221     
         220  0.11777777777777777     
         221   7.1111111111111111E-002
         222   4.4444444444444446E-002
         223   3.3333333333333333E-002
         224   1.1111111111111112E-002
         225   5.7777777777777775E-002
         226   4.4444444444444444E-003
         227   3.1111111111111110E-002
         228   5.1111111111111114E-002
         229   9.5555555555555560E-002
         230   8.0000000000000002E-002
         231   7.7777777777777779E-002
         232   6.2222222222222220E-002
         233   2.0000000000000000E-002
         234   1.3333333333333334E-002
         235  0.12222222222222222     
         236   4.0000000000000001E-002
         237   7.5555555555555556E-002
         238   4.0000000000000001E-002
         239   3.7777777777777778E-002
         240  0.14222222222222222     
         241   6.6666666666666666E-002
         242  0.14888888888888888     
         243   6.4444444444444443E-002
         244   2.2222222222222223E-002
         245   1.7777777777777778E-002
         246  0.12222222222222222     
         247  0.12444444444444444     
         248  0.12666666666666668     
         249  0.12666666666666668     
         250  0.12000000000000000     
         251  0.13333333333333333     
         252   5.3333333333333337E-002
         253   4.4444444444444444E-003
         254  0.11333333333333333     
         255   4.0000000000000001E-002
         256   1.1111111111111112E-002
         257   4.4444444444444446E-002
         258   4.4444444444444444E-003
         259   4.6666666666666669E-002
         260  0.10222222222222223     
         261   3.3333333333333333E-002
         262   5.1111111111111114E-002
         263   2.2222222222222222E-003
         264   2.2222222222222222E-003
         265   8.2222222222222224E-002
         266   7.5555555555555556E-002
         267   6.2222222222222220E-002
         268   1.5555555555555555E-002
         269   6.8888888888888888E-002
         270  0.11555555555555555     
         271   8.8888888888888889E-003
         272   5.5555555555555552E-002
         273  0.10222222222222223     
         274  0.13333333333333333     
         275  0.14666666666666667     
         276   7.5555555555555556E-002
         277   4.2222222222222223E-002
         278   6.6666666666666671E-003
         279   2.2222222222222223E-002
         280   6.6666666666666666E-002
         281   2.8888888888888888E-002
         282  0.12888888888888889     
         283   7.1111111111111111E-002
         284   8.8888888888888889E-003
         285   2.8888888888888888E-002
         286   7.7777777777777779E-002
         287  0.11555555555555555     
         288   5.9999999999999998E-002
         289   7.3333333333333334E-002
         290   4.6666666666666669E-002
         291   7.7777777777777779E-002
         292   8.8888888888888889E-003
         293   4.8888888888888891E-002
         294   6.6666666666666671E-003
         295   7.3333333333333334E-002
         296   7.7777777777777779E-002
         297   8.4444444444444447E-002
         298   7.5555555555555556E-002
         299   2.0000000000000000E-002
         300   6.6666666666666671E-003
         301   1.7777777777777778E-002
         302   1.5555555555555555E-002
         303   8.6666666666666670E-002
         304  0.13777777777777778     
         305   4.8888888888888891E-002
         306   2.2222222222222223E-002
         307   9.7777777777777783E-002
         308   1.3333333333333334E-002
         309   1.5555555555555555E-002
         310   2.4444444444444446E-002
         311   3.7777777777777778E-002
         312   6.6666666666666671E-003
         313   2.6666666666666668E-002
         314   2.2222222222222223E-002
         315   8.0000000000000002E-002
         316   4.4444444444444446E-002
         317   2.8888888888888888E-002
         318   8.8888888888888889E-003
         319   9.1111111111111115E-002
         320   3.5555555555555556E-002
         321   3.3333333333333333E-002
         322  0.11333333333333333     
         323   7.1111111111111111E-002
         324  0.11333333333333333     
         325   8.6666666666666670E-002
         326   9.7777777777777783E-002
         327   1.3333333333333334E-002
         328   4.4444444444444444E-003
         329   8.8888888888888889E-003
         330   4.8888888888888891E-002
         331   4.8888888888888891E-002
         332   6.6666666666666671E-003
         333   5.3333333333333337E-002
         334   4.2222222222222223E-002
         335  0.13111111111111112     
         336  0.10888888888888888     
         337   1.3333333333333334E-002
         338   5.3333333333333337E-002
         339   1.3333333333333334E-002
         340   1.5555555555555555E-002
         341   1.1111111111111112E-002
         342  0.10444444444444445     
         343   8.8888888888888889E-003
         344   3.7777777777777778E-002
         345   2.2222222222222222E-003
         346   7.1111111111111111E-002
         347   5.9999999999999998E-002
         348   6.2222222222222220E-002
         349   5.1111111111111114E-002
         350   6.6666666666666666E-002
         351   8.2222222222222224E-002
         352   2.6666666666666668E-002
         353  0.12666666666666668     
         354   4.8888888888888891E-002
         355  0.14000000000000001     
         356  0.12222222222222222     
         357  0.11111111111111110     
         358  0.10000000000000001     
         359   2.2222222222222222E-003
         360   1.1111111111111112E-002
         361   0.0000000000000000     
         362   7.3333333333333334E-002
         363   2.6666666666666668E-002
         364   6.8888888888888888E-002
         365   1.7777777777777778E-002
         366   1.3333333333333334E-002
         367   3.5555555555555556E-002
         368   9.7777777777777783E-002
         369   1.3333333333333334E-002
         370   6.6666666666666666E-002
         371   8.8888888888888892E-002
         372   4.0000000000000001E-002
         373   1.1111111111111112E-002
         374   2.2222222222222222E-003
         375   2.6666666666666668E-002
         376   6.2222222222222220E-002
         377   7.7777777777777779E-002
         378   5.5555555555555552E-002
         379   2.8888888888888888E-002
         380   7.7777777777777779E-002
         381   8.8888888888888889E-003
         382   8.6666666666666670E-002
         383  0.10222222222222223     
         384   6.6666666666666671E-003
         385   8.0000000000000002E-002
         386  0.11111111111111110     
         387   5.1111111111111114E-002
         388  0.12444444444444444     
         389  0.13777777777777778     
         390   9.1111111111111115E-002
         391  0.10666666666666667     
         392   7.1111111111111111E-002
         393   3.1111111111111110E-002
         394  0.13555555555555557     
         395   9.5555555555555560E-002
         396   7.1111111111111111E-002
         397   3.1111111111111110E-002
         398   8.8888888888888889E-003
         399   1.3333333333333334E-002
         400  0.10888888888888888     
         401   5.5555555555555552E-002
         402   2.6666666666666668E-002
         403   6.6666666666666671E-003
         404   8.8888888888888889E-003
         405   2.6666666666666668E-002
         406   2.8888888888888888E-002
         407   4.2222222222222223E-002
         408  0.13333333333333333     
         409   4.0000000000000001E-002
         410   2.4444444444444446E-002
         411   9.1111111111111115E-002
         412  0.12444444444444444     
         413  0.17333333333333334     
         414   3.5555555555555556E-002
         415   6.6666666666666671E-003
         416   1.1111111111111112E-002
         417   6.6666666666666666E-002
         418   4.8888888888888891E-002
         419   2.2222222222222222E-003
         420   8.8888888888888889E-003
         421   2.2222222222222222E-003
         422   5.5555555555555552E-002
         423   1.1111111111111112E-002
         424   3.7777777777777778E-002
         425   1.3333333333333334E-002
         426   7.7777777777777779E-002
         427   3.5555555555555556E-002
         428   7.7777777777777779E-002
         429   4.4444444444444444E-003
         430   4.4444444444444444E-003
         431   4.0000000000000001E-002
         432   5.1111111111111114E-002
         433   2.2222222222222223E-002
         434   3.5555555555555556E-002
         435   3.7777777777777778E-002
         436   1.3333333333333334E-002
         437   4.0000000000000001E-002
         438   2.2222222222222222E-003
         439   1.1111111111111112E-002
         440   1.1111111111111112E-002
         441   4.4444444444444446E-002
         442   2.6666666666666668E-002
         443   4.8888888888888891E-002
         444   1.1111111111111112E-002
         445   5.7777777777777775E-002
         446   7.7777777777777779E-002
         447   4.0000000000000001E-002
         448   4.4444444444444446E-002
         449   7.7777777777777779E-002
         450   7.5555555555555556E-002
         451   2.0000000000000000E-002
         452   4.0000000000000001E-002
         453   4.4444444444444446E-002
         454  0.10888888888888888     
         455   7.1111111111111111E-002
         456   6.4444444444444443E-002
         457   1.3333333333333334E-002
         458   1.1111111111111112E-002
         459   1.7777777777777778E-002
         460   2.6666666666666668E-002
         461   5.9999999999999998E-002
         462   5.7777777777777775E-002
         463   9.1111111111111115E-002
         464   4.0000000000000001E-002
         465   3.5555555555555556E-002
         466   6.2222222222222220E-002
         467   2.0000000000000000E-002
         468   6.6666666666666671E-003
         469   6.6666666666666671E-003
         470   1.5555555555555555E-002
         471   4.4444444444444446E-002
         472  0.17111111111111110     
         473  0.13555555555555557     
         474  0.13555555555555557     
         475  0.14888888888888888     
         476   4.2222222222222223E-002
         477   9.1111111111111115E-002
         478   4.2222222222222223E-002
         479   9.1111111111111115E-002
         480  0.10888888888888888     
         481  0.13777777777777778     
         482   6.4444444444444443E-002
         483   9.5555555555555560E-002
         484   5.5555555555555552E-002
         485  0.12666666666666668     
         486   4.0000000000000001E-002
         487   3.1111111111111110E-002
         488   6.6666666666666666E-002
         489   8.0000000000000002E-002
         490   6.4444444444444443E-002
         491   4.8888888888888891E-002
         492   2.6666666666666668E-002
         493   2.6666666666666668E-002
         494  0.10888888888888888     
         495   5.1111111111111114E-002
         496   6.6666666666666666E-002
         497   2.6666666666666668E-002
         498  0.12222222222222222     
         499   3.7777777777777778E-002
         500   9.3333333333333338E-002
         501  0.13111111111111112     
         502   7.7777777777777779E-002
         503   5.9999999999999998E-002
         504   2.2222222222222222E-003
         505   9.7777777777777783E-002
         506   3.3333333333333333E-002
         507   2.2222222222222223E-002
         508   2.0000000000000000E-002
         509   0.0000000000000000     
         510   6.8888888888888888E-002
         511  0.10222222222222223     
         512   7.7777777777777779E-002
         513   3.1111111111111110E-002
         514   9.1111111111111115E-002
         515   8.0000000000000002E-002
         516   4.6666666666666669E-002
         517   1.3333333333333334E-002
         518   6.8888888888888888E-002
         519   3.1111111111111110E-002
         520   4.6666666666666669E-002
         521   5.1111111111111114E-002
         522   7.3333333333333334E-002
         523  0.10888888888888888     
         524   4.8888888888888891E-002
         525   4.4444444444444446E-002
         526   1.1111111111111112E-002
         527   8.6666666666666670E-002
         528   1.7777777777777778E-002
         529   5.3333333333333337E-002
         530   6.2222222222222220E-002
         531   2.2222222222222223E-002
         532   2.2222222222222222E-003
         533   2.0000000000000000E-002
         534   3.7777777777777778E-002
         535   8.8888888888888889E-003
         536  0.10444444444444445     
         537   3.7777777777777778E-002
         538   5.3333333333333337E-002
         539   9.1111111111111115E-002
         540  0.10222222222222223     
         541  0.13777777777777778     
         542   5.5555555555555552E-002
         543   4.6666666666666669E-002
         544   4.6666666666666669E-002
         545  0.12888888888888889     
         546  0.12888888888888889     
         547   2.8888888888888888E-002
         548   4.2222222222222223E-002
         549   7.5555555555555556E-002
         550   4.8888888888888891E-002
         551   1.1111111111111112E-002
         552   6.6666666666666666E-002
         553   3.5555555555555556E-002
         554   1.1111111111111112E-002
         555   2.6666666666666668E-002
         556  0.14888888888888888     
         557  0.11777777777777777     
         558   4.6666666666666669E-002
         559   4.2222222222222223E-002
         560   5.5555555555555552E-002
         561   5.9999999999999998E-002
         562   2.2222222222222223E-002
         563   1.7777777777777778E-002
         564   8.4444444444444447E-002
         565  0.12222222222222222     
         566   3.7777777777777778E-002
         567  0.15555555555555556     
         568  0.11777777777777777     
         569   6.4444444444444443E-002
         570   6.6666666666666666E-002
         571  0.11111111111111110     
         572  0.10000000000000001     
         573   2.0000000000000000E-002
         574  0.17555555555555555     
         575   3.3333333333333333E-002
         576  0.10222222222222223     
         577   4.6666666666666669E-002
         578   5.3333333333333337E-002
         579   8.6666666666666670E-002
         580   3.7777777777777778E-002
         581   5.1111111111111114E-002
         582   8.0000000000000002E-002
         583   9.1111111111111115E-002
         584  0.12444444444444444     
         585   9.5555555555555560E-002
         586  0.10444444444444445     
         587   2.0000000000000000E-002
         588   6.2222222222222220E-002
         589  0.14222222222222222     
         590  0.12000000000000000     
         591   9.1111111111111115E-002
         592   2.6666666666666668E-002
         593   7.7777777777777779E-002
         594   5.5555555555555552E-002
         595   8.8888888888888889E-003
         596   1.1111111111111112E-002
         597   4.4444444444444444E-003
         598   6.6666666666666666E-002
         599   5.9999999999999998E-002
         600   4.0000000000000001E-002
         601   4.2222222222222223E-002
         602   2.6666666666666668E-002
         603   1.5555555555555555E-002
         604   4.4444444444444446E-002
         605   4.0000000000000001E-002
         606   1.1111111111111112E-002
         607  0.10666666666666667     
         608   9.5555555555555560E-002
         609  0.10222222222222223     
         610  0.13555555555555557     
         611  0.15111111111111111     
         612   2.2222222222222222E-003
         613   4.4444444444444446E-002
         614   2.4444444444444446E-002
         615   3.5555555555555556E-002
         616   9.7777777777777783E-002
         617  0.10000000000000001     
         618   1.7777777777777778E-002
         619   2.2222222222222222E-003
         620   4.4444444444444444E-003
         621   4.4444444444444446E-002
         622   2.8888888888888888E-002
         623   5.9999999999999998E-002
         624   2.0000000000000000E-002
         625   4.6666666666666669E-002
         626   3.3333333333333333E-002
         627   2.6666666666666668E-002
         628  0.14444444444444443     
         629  0.17111111111111110     
         630   5.9999999999999998E-002
         631   1.3333333333333334E-002
         632   4.4444444444444446E-002
         633   6.6666666666666671E-003
         634   9.7777777777777783E-002
         635  0.10444444444444445     
         636  0.11555555555555555     
         637   3.5555555555555556E-002
         638   3.3333333333333333E-002
         639   3.3333333333333333E-002
         640   4.4444444444444444E-003
         641  0.10000000000000001     
         642  0.13777777777777778     
         643  0.10666666666666667     
         644  0.13555555555555557     
         645  0.11555555555555555     
         646   5.1111111111111114E-002
         647   3.7777777777777778E-002
         648   2.2222222222222222E-003
         649   7.3333333333333334E-002
         650   1.1111111111111112E-002
         651   5.1111111111111114E-002
         652   5.3333333333333337E-002
         653   5.3333333333333337E-002
         654   7.1111111111111111E-002
         655   1.1111111111111112E-002
         656   2.0000000000000000E-002
         657   3.5555555555555556E-002
         658   3.3333333333333333E-002
         659   4.0000000000000001E-002
         660   2.6666666666666668E-002
         661   2.2222222222222222E-003
         662   8.2222222222222224E-002
         663   1.1111111111111112E-002
         664   1.1111111111111112E-002
         665  0.13555555555555557     
         666   7.1111111111111111E-002
         667   5.7777777777777775E-002
         668  0.12222222222222222     
         669   2.0000000000000000E-002
         670   2.2222222222222222E-003
         671   2.4444444444444446E-002
         672   2.4444444444444446E-002
         673   4.8888888888888891E-002
         674   7.5555555555555556E-002
         675   2.2222222222222223E-002
         676   6.6666666666666671E-003
         677   8.6666666666666670E-002
         678   1.3333333333333334E-002
         679   4.0000000000000001E-002
         680   2.4444444444444446E-002
         681   6.6666666666666671E-003
         682   6.6666666666666671E-003
         683   6.6666666666666671E-003
         684   1.3333333333333334E-002
         685   1.1111111111111112E-002
         686   2.8888888888888888E-002
         687   6.6666666666666666E-002
         688   5.3333333333333337E-002
         689  0.12888888888888889     
         690   1.7777777777777778E-002
         691   5.3333333333333337E-002
         692   2.4444444444444446E-002
         693   5.7777777777777775E-002
         694   2.2222222222222223E-002
         695   3.5555555555555556E-002
         696   6.8888888888888888E-002
         697   7.7777777777777779E-002
         698   6.6666666666666671E-003
         699   6.2222222222222220E-002
         700   8.8888888888888892E-002
         701   1.1111111111111112E-002
         702   1.3333333333333334E-002
         703   2.8888888888888888E-002
         704  0.15555555555555556     
         705   2.2222222222222222E-003
         706   4.4444444444444444E-003
         707   6.2222222222222220E-002
         708  0.10000000000000001     
         709  0.11333333333333333     
         710  0.10000000000000001     
         711   8.8888888888888889E-003
         712   3.5555555555555556E-002
         713  0.12888888888888889     
         714  0.12666666666666668     
         715   9.5555555555555560E-002
         716   3.5555555555555556E-002
         717   6.2222222222222220E-002
         718   4.2222222222222223E-002
         719   1.3333333333333334E-002
         720   1.7777777777777778E-002
         721   5.7777777777777775E-002
         722   8.4444444444444447E-002
         723   8.0000000000000002E-002
         724   2.2222222222222222E-003
         725   8.8888888888888889E-003
         726   2.4444444444444446E-002
         727   6.6666666666666666E-002
         728   9.3333333333333338E-002
         729   4.2222222222222223E-002
         730   2.2222222222222222E-003
         731   4.6666666666666669E-002
         732   2.0000000000000000E-002
         733   5.3333333333333337E-002
         734   2.6666666666666668E-002
         735  0.20666666666666667     
         736   6.8888888888888888E-002
         737  0.14222222222222222     
         738   4.2222222222222223E-002
         739   7.3333333333333334E-002
         740   8.8888888888888889E-003
         741   1.1111111111111112E-002
         742   5.5555555555555552E-002
         743   1.3333333333333334E-002
         744   3.7777777777777778E-002
         745   3.1111111111111110E-002
         746   5.9999999999999998E-002
         747   5.1111111111111114E-002
         748   6.6666666666666671E-003
         749   5.9999999999999998E-002
         750   7.1111111111111111E-002
         751   2.8888888888888888E-002
         752   0.0000000000000000     
         753   5.3333333333333337E-002
         754   2.0000000000000000E-002
         755   4.6666666666666669E-002
         756   4.0000000000000001E-002
         757   3.1111111111111110E-002
         758   3.7777777777777778E-002
         759  0.10888888888888888     
         760   2.4444444444444446E-002
         761   5.3333333333333337E-002
         762   3.1111111111111110E-002
         763   5.1111111111111114E-002
         764   9.3333333333333338E-002
         765  0.22444444444444445     
         766  0.10222222222222223     
         767   2.2222222222222222E-003
         768   4.4444444444444446E-002
         769   4.2222222222222223E-002
         770   8.8888888888888892E-002
         771   8.2222222222222224E-002
         772   3.3333333333333333E-002
         773   6.6666666666666671E-003
         774   9.3333333333333338E-002
         775   9.3333333333333338E-002
         776  0.10666666666666667     
         777   9.3333333333333338E-002
         778   1.7777777777777778E-002
         779   2.2222222222222223E-002
         780   3.7777777777777778E-002
         781   2.4444444444444446E-002
         782   5.5555555555555552E-002
         783   1.5555555555555555E-002
         784   4.2222222222222223E-002
         785  0.12666666666666668     
         786   7.3333333333333334E-002
         787   2.6666666666666668E-002
         788  0.10666666666666667     
         789  0.10444444444444445     
         790   6.6666666666666666E-002
         791   6.8888888888888888E-002
         792   2.6666666666666668E-002
         793   4.0000000000000001E-002
         794   5.3333333333333337E-002
         795   8.4444444444444447E-002
         796   6.4444444444444443E-002
         797   3.5555555555555556E-002
         798   3.1111111111111110E-002
         799   3.7777777777777778E-002
         800   3.3333333333333333E-002
         801   7.5555555555555556E-002
         802  0.11111111111111110     
         803  0.12000000000000000     
         804  0.17333333333333334     
         805   9.7777777777777783E-002
         806  0.15555555555555556     
         807  0.14000000000000001     
         808  0.11111111111111110     
         809   9.3333333333333338E-002
         810   3.3333333333333333E-002
         811   5.7777777777777775E-002
         812   4.4444444444444444E-003
         813   4.8888888888888891E-002
         814   0.0000000000000000     
         815   3.7777777777777778E-002
         816   8.8888888888888889E-003
         817   7.5555555555555556E-002
         818   1.1111111111111112E-002
         819   3.7777777777777778E-002
         820   2.8888888888888888E-002
         821   2.8888888888888888E-002
         822   4.4444444444444444E-003
         823   5.5555555555555552E-002
         824   8.8888888888888892E-002
         825  0.11555555555555555     
         826   4.6666666666666669E-002
         827   7.5555555555555556E-002
         828   5.7777777777777775E-002
         829   5.9999999999999998E-002
         830   2.0000000000000000E-002
         831   2.2222222222222223E-002
         832   7.7777777777777779E-002
         833  0.11333333333333333     
         834   2.2222222222222223E-002
         835   8.4444444444444447E-002
         836   4.8888888888888891E-002
         837   4.4444444444444444E-003
         838   9.7777777777777783E-002
         839  0.10888888888888888     
         840   2.2222222222222223E-002
         841   2.2222222222222222E-003
         842   6.6666666666666671E-003
         843   8.8888888888888889E-003
         844   1.3333333333333334E-002
         845   2.2222222222222223E-002
         846   5.9999999999999998E-002
         847   4.8888888888888891E-002
         848   3.7777777777777778E-002
         849   5.7777777777777775E-002
         850   8.8888888888888892E-002
         851  0.11777777777777777     
         852  0.12000000000000000     
         853   6.6666666666666666E-002
         854   6.4444444444444443E-002
         855   4.8888888888888891E-002
         856   7.5555555555555556E-002
         857   1.3333333333333334E-002
         858   4.4444444444444444E-003
         859   5.3333333333333337E-002
         860   4.4444444444444444E-003
         861  0.11555555555555555     
         862   1.5555555555555555E-002
         863   7.1111111111111111E-002
         864   3.7777777777777778E-002
         865   7.1111111111111111E-002
         866   2.0000000000000000E-002
         867   6.6666666666666671E-003
         868   5.7777777777777775E-002
         869   9.7777777777777783E-002
         870  0.12222222222222222     
         871  0.12222222222222222     
         872   2.2222222222222223E-002
         873   7.1111111111111111E-002
         874   1.7777777777777778E-002
         875   5.3333333333333337E-002
         876   1.7777777777777778E-002
         877   4.2222222222222223E-002
         878   7.7777777777777779E-002
         879  0.10000000000000001     
         880   4.0000000000000001E-002
         881   2.2222222222222223E-002
         882  0.13333333333333333     
         883   8.2222222222222224E-002
         884   1.7777777777777778E-002
         885   1.1111111111111112E-002
         886   4.2222222222222223E-002
         887   3.7777777777777778E-002
         888   7.7777777777777779E-002
         889   1.7777777777777778E-002
         890   4.8888888888888891E-002
         891   9.3333333333333338E-002
         892  0.11333333333333333     
         893   6.6666666666666671E-003
         894   6.4444444444444443E-002
         895   3.5555555555555556E-002
         896  0.10888888888888888     
         897   3.1111111111111110E-002
         898   2.4444444444444446E-002
         899   2.4444444444444446E-002
         900   1.5555555555555555E-002
         901   8.2222222222222224E-002
         902  0.10666666666666667     
         903   2.0000000000000000E-002
         904   7.1111111111111111E-002
         905   2.2222222222222222E-003
         906   1.3333333333333334E-002
         907   5.5555555555555552E-002
         908   6.4444444444444443E-002
         909  0.11777777777777777     
         910   8.8888888888888889E-003
         911   4.8888888888888891E-002
         912   2.4444444444444446E-002
         913   4.4444444444444444E-003
         914   3.5555555555555556E-002
         915   4.4444444444444444E-003
         916  0.13333333333333333     
         917  0.11555555555555555     
         918  0.10666666666666667     
         919  0.12222222222222222     
         920   4.4444444444444446E-002
         921   6.4444444444444443E-002
         922   8.8888888888888892E-002
         923   2.0000000000000000E-002
         924   3.1111111111111110E-002
         925   5.1111111111111114E-002
         926   8.8888888888888889E-003
         927   2.6666666666666668E-002
         928   5.7777777777777775E-002
         929   1.3333333333333334E-002
         930   0.0000000000000000     
         931   8.6666666666666670E-002
         932   2.8888888888888888E-002
         933   4.6666666666666669E-002
         934   8.4444444444444447E-002
         935   3.3333333333333333E-002
         936   3.7777777777777778E-002
         937   3.3333333333333333E-002
         938   1.1111111111111112E-002
         939   5.7777777777777775E-002
         940   1.1111111111111112E-002
         941  0.17999999999999999     
         942  0.11111111111111110     
         943   6.6666666666666666E-002
         944   9.7777777777777783E-002
         945   2.6666666666666668E-002
         946   3.7777777777777778E-002
         947  0.11333333333333333     
         948   6.6666666666666671E-003
         949  0.14000000000000001     
         950   7.3333333333333334E-002
         951   1.3333333333333334E-002
         952   4.6666666666666669E-002
         953   4.4444444444444446E-002
         954   9.7777777777777783E-002
         955   7.3333333333333334E-002
         956  0.16888888888888889     
         957  0.12000000000000000     
         958   3.5555555555555556E-002
         959   2.2222222222222223E-002
         960   1.7777777777777778E-002
         961   8.8888888888888889E-003
         962   2.4444444444444446E-002
         963   2.8888888888888888E-002
         964   9.5555555555555560E-002
         965   2.4444444444444446E-002
         966   4.8888888888888891E-002
         967   6.6666666666666671E-003
         968   7.7777777777777779E-002
         969   7.7777777777777779E-002
         970   8.4444444444444447E-002
         971   3.5555555555555556E-002
         972   5.3333333333333337E-002
         973   5.1111111111111114E-002
         974   5.9999999999999998E-002
         975   4.0000000000000001E-002
         976   6.8888888888888888E-002
         977   1.7777777777777778E-002
         978   3.7777777777777778E-002
         979  0.15777777777777777     
         980   3.3333333333333333E-002
         981   1.5555555555555555E-002
         982   1.7777777777777778E-002
         983   6.6666666666666666E-002
         984   6.6666666666666666E-002
         985   5.9999999999999998E-002
         986   1.1111111111111112E-002
         987   1.1111111111111112E-002
         988   1.1111111111111112E-002
         989  0.12444444444444444     
         990   4.4444444444444446E-002
         991   1.3333333333333334E-002
         992   8.2222222222222224E-002
         993   8.2222222222222224E-002
         994  0.13111111111111112     
         995  0.17555555555555555     
         996  0.14222222222222222     
         997  0.14888888888888888     
         998   2.4444444444444446E-002
         999   5.9999999999999998E-002
        1000   3.1111111111111110E-002
        1001   4.8888888888888891E-002
        1002   6.6666666666666671E-003
        1003   3.5555555555555556E-002
        1004   3.1111111111111110E-002
        1005   5.5555555555555552E-002
        1006   2.8888888888888888E-002
        1007   2.6666666666666668E-002
        1008   2.8888888888888888E-002
        1009   3.1111111111111110E-002
        1010   7.1111111111111111E-002
        1011   5.3333333333333337E-002
        1012   8.6666666666666670E-002
        1013  0.10222222222222223     
        1014   7.1111111111111111E-002
        1015   9.5555555555555560E-002
        1016  0.12222222222222222     
        1017   5.3333333333333337E-002
        1018   4.0000000000000001E-002
        1019   1.1111111111111112E-002
        1020   2.6666666666666668E-002
        1021   7.5555555555555556E-002
        1022   2.2222222222222223E-002
        1023   1.5555555555555555E-002
        1024   3.5555555555555556E-002
        1025   4.0000000000000001E-002
        1026   1.7777777777777778E-002
        1027   4.4444444444444444E-003
        1028   3.5555555555555556E-002
        1029  0.18222222222222223     
        1030  0.17111111111111110     
        1031   2.4444444444444446E-002
        1032   6.8888888888888888E-002
        1033   1.5555555555555555E-002
        1034   4.2222222222222223E-002
        1035   1.5555555555555555E-002
        1036   4.0000000000000001E-002
        1037   4.0000000000000001E-002
        1038   4.4444444444444444E-003
        1039   6.6666666666666671E-003
        1040   4.0000000000000001E-002
        1041   6.8888888888888888E-002
        1042  0.12000000000000000     
        1043  0.12000000000000000     
        1044  0.16222222222222221     
        1045  0.14444444444444443     
        1046  0.12000000000000000     
        1047  0.12888888888888889     
        1048  0.16888888888888889     
        1049  0.10444444444444445     
        1050  0.26444444444444443     
        1051   4.8888888888888891E-002
        1052   2.0000000000000000E-002
        1053   4.6666666666666669E-002
        1054   5.9999999999999998E-002
        1055   4.4444444444444444E-003
        1056   2.6666666666666668E-002
        1057   4.2222222222222223E-002
        1058   5.5555555555555552E-002
        1059   6.2222222222222220E-002
        1060   6.8888888888888888E-002
        1061  0.11111111111111110     
        1062  0.15333333333333332     
        1063  0.14000000000000001     
        1064   2.8888888888888888E-002
        1065   4.8888888888888891E-002
        1066   6.6666666666666671E-003
        1067   2.8888888888888888E-002
        1068  0.12888888888888889     
        1069  0.12444444444444444     
        1070   4.4444444444444444E-003
        1071   6.6666666666666671E-003
        1072   1.5555555555555555E-002
        1073   2.8888888888888888E-002
        1074   1.5555555555555555E-002
        1075  0.14000000000000001     
        1076  0.10000000000000001     
        1077   1.1111111111111112E-002
        1078   9.7777777777777783E-002
        1079   6.4444444444444443E-002
        1080   5.1111111111111114E-002
        1081   2.0000000000000000E-002
        1082   6.6666666666666666E-002
        1083   7.3333333333333334E-002
        1084   6.6666666666666666E-002
        1085   5.7777777777777775E-002
        1086   7.1111111111111111E-002
        1087   2.4444444444444446E-002
        1088   2.6666666666666668E-002
        1089   1.3333333333333334E-002
        1090   2.4444444444444446E-002
        1091   3.1111111111111110E-002
        1092   1.5555555555555555E-002
        1093   8.8888888888888889E-003
        1094   2.6666666666666668E-002
        1095  0.11555555555555555     
        1096   8.6666666666666670E-002
        1097  0.12444444444444444     
        1098   8.8888888888888889E-003
        1099   8.6666666666666670E-002
        1100   8.2222222222222224E-002
        1101   6.6666666666666671E-003
        1102   2.6666666666666668E-002
        1103   5.5555555555555552E-002
        1104   8.8888888888888889E-003
        1105   4.2222222222222223E-002
        1106   4.8888888888888891E-002
        1107   2.4444444444444446E-002
        1108  0.10000000000000001     
        1109   1.1111111111111112E-002
        1110   7.1111111111111111E-002
        1111   1.5555555555555555E-002
        1112   5.7777777777777775E-002
        1113   3.1111111111111110E-002
        1114   7.7777777777777779E-002
        1115   3.1111111111111110E-002
        1116   2.2222222222222223E-002
        1117   4.2222222222222223E-002
        1118   4.8888888888888891E-002
        1119  0.12222222222222222     
        1120   6.6666666666666666E-002
        1121   5.1111111111111114E-002
        1122   7.1111111111111111E-002
        1123  0.12222222222222222     
        1124  0.11777777777777777     
        1125   9.1111111111111115E-002
        1126   5.3333333333333337E-002
        1127   7.7777777777777779E-002
        1128   6.6666666666666671E-003
        1129   6.2222222222222220E-002
        1130   7.7777777777777779E-002
        1131   5.3333333333333337E-002
        1132   6.4444444444444443E-002
        1133   6.2222222222222220E-002
        1134   5.1111111111111114E-002
        1135   3.1111111111111110E-002
        1136   3.7777777777777778E-002
        1137   1.5555555555555555E-002
        1138   5.5555555555555552E-002
        1139   2.2222222222222222E-003
        1140   6.6666666666666666E-002
        1141   2.2222222222222223E-002
        1142   2.2222222222222222E-003
        1143   5.1111111111111114E-002
        1144   1.3333333333333334E-002
        1145   2.6666666666666668E-002
        1146   5.5555555555555552E-002
        1147   4.4444444444444446E-002
        1148   8.8888888888888889E-003
        1149   7.7777777777777779E-002
        1150  0.15111111111111111     
        1151   6.4444444444444443E-002
        1152   5.5555555555555552E-002
        1153   5.1111111111111114E-002
        1154   6.2222222222222220E-002
        1155   7.5555555555555556E-002
        1156   2.0000000000000000E-002
        1157   7.3333333333333334E-002
        1158   6.4444444444444443E-002
        1159   7.5555555555555556E-002
        1160   6.4444444444444443E-002
        1161   8.8888888888888889E-003
        1162   4.2222222222222223E-002
        1163   3.5555555555555556E-002
        1164   2.2222222222222222E-003
        1165   2.0000000000000000E-002
        1166   4.4444444444444446E-002
        1167   4.4444444444444446E-002
        1168   6.6666666666666666E-002
        1169  0.10888888888888888     
        1170   5.7777777777777775E-002
        1171   2.0000000000000000E-002
        1172   2.6666666666666668E-002
        1173   2.2222222222222223E-002
        1174   3.3333333333333333E-002
        1175   9.5555555555555560E-002
        1176   5.9999999999999998E-002
        1177   8.8888888888888889E-003
        1178   4.2222222222222223E-002
        1179   3.3333333333333333E-002
        1180   7.3333333333333334E-002
        1181  0.10888888888888888     
        1182   8.4444444444444447E-002
        1183   1.5555555555555555E-002
        1184   3.3333333333333333E-002
        1185   1.3333333333333334E-002
        1186   7.3333333333333334E-002
        1187   8.0000000000000002E-002
        1188   8.2222222222222224E-002
        1189   7.3333333333333334E-002
        1190  0.14000000000000001     
        1191  0.15111111111111111     
        1192  0.16000000000000000     
        1193  0.10444444444444445     
        1194   8.4444444444444447E-002
        1195   4.0000000000000001E-002
        1196   0.0000000000000000     
        1197   3.1111111111111110E-002
        1198   8.8888888888888889E-003
        1199   3.1111111111111110E-002
        1200   7.5555555555555556E-002
        1201   1.1111111111111112E-002
        1202   4.4444444444444446E-002
        1203   1.7777777777777778E-002
        1204   1.1111111111111112E-002
        1205   4.8888888888888891E-002
        1206   2.6666666666666668E-002
        1207   1.7777777777777778E-002
        1208   8.0000000000000002E-002
        1209   4.2222222222222223E-002
        1210   2.6666666666666668E-002
        1211   6.4444444444444443E-002
        1212   7.7777777777777779E-002
        1213   5.7777777777777775E-002
        1214   7.5555555555555556E-002
        1215   2.6666666666666668E-002
        1216   2.0000000000000000E-002
        1217   2.2222222222222223E-002
        1218   4.2222222222222223E-002
        1219   9.3333333333333338E-002
        1220   6.6666666666666666E-002
        1221   4.6666666666666669E-002
        1222   5.1111111111111114E-002
        1223   9.7777777777777783E-002
        1224   4.4444444444444444E-003
        1225   1.7777777777777778E-002
        1226  0.13333333333333333     
        1227  0.14000000000000001     
        1228   5.5555555555555552E-002
        1229   1.3333333333333334E-002
        1230   2.2222222222222222E-003
        1231   3.3333333333333333E-002
        1232   4.8888888888888891E-002
        1233   2.8888888888888888E-002
        1234   9.7777777777777783E-002
        1235   8.4444444444444447E-002
        1236   3.1111111111111110E-002
        1237  0.11777777777777777     
        1238   8.8888888888888892E-002
        1239   8.2222222222222224E-002
        1240   2.0000000000000000E-002
        1241   5.1111111111111114E-002
        1242   2.4444444444444446E-002
        1243   5.1111111111111114E-002
        1244   2.0000000000000000E-002
        1245   4.6666666666666669E-002
        1246   1.5555555555555555E-002
        1247   1.7777777777777778E-002
        1248   3.1111111111111110E-002
        1249   1.7777777777777778E-002
        1250   5.5555555555555552E-002
        1251   8.6666666666666670E-002
        1252   2.0000000000000000E-002
        1253   2.6666666666666668E-002
        1254   7.7777777777777779E-002
        1255   2.4444444444444446E-002
        1256   9.3333333333333338E-002
        1257  0.17333333333333334     
        1258  0.10000000000000001     
        1259   2.6666666666666668E-002
        1260   6.4444444444444443E-002
        1261   1.1111111111111112E-002
        1262   4.2222222222222223E-002
        1263   5.3333333333333337E-002
        1264   2.2222222222222223E-002
        1265   3.3333333333333333E-002
        1266   2.0000000000000000E-002
        1267   4.8888888888888891E-002
        1268   3.3333333333333333E-002
        1269   5.9999999999999998E-002
        1270   1.5555555555555555E-002
        1271   4.4444444444444444E-003
        1272  0.11555555555555555     
        1273  0.13333333333333333     
        1274   8.8888888888888892E-002
        1275   9.1111111111111115E-002
        1276  0.10000000000000001     
        1277  0.14444444444444443     
        1278   7.7777777777777779E-002
        1279   7.7777777777777779E-002
        1280   7.1111111111111111E-002
        1281   5.9999999999999998E-002
        1282   8.2222222222222224E-002
        1283   7.7777777777777779E-002
        1284   2.2222222222222222E-003
        1285   4.4444444444444446E-002
        1286   1.1111111111111112E-002
        1287   9.7777777777777783E-002
        1288   1.1111111111111112E-002
        1289   8.8888888888888889E-003
        1290   4.8888888888888891E-002
        1291   7.3333333333333334E-002
        1292   3.7777777777777778E-002
        1293   2.4444444444444446E-002
        1294  0.13111111111111112     
        1295   4.2222222222222223E-002
        1296  0.10444444444444445     
        1297   9.3333333333333338E-002
        1298   8.2222222222222224E-002
        1299  0.11555555555555555     
        1300  0.15333333333333332     
        1301  0.14222222222222222     
        1302  0.16666666666666666     
        1303   6.6666666666666666E-002
        1304   6.6666666666666671E-003
        1305  0.10444444444444445     
        1306   1.1111111111111112E-002
        1307   3.1111111111111110E-002
        1308   5.3333333333333337E-002
        1309   4.8888888888888891E-002
        1310   8.2222222222222224E-002
        1311   1.3333333333333334E-002
        1312   1.5555555555555555E-002
        1313   6.6666666666666666E-002
        1314   8.8888888888888889E-003
        1315  0.10888888888888888     
        1316   9.1111111111111115E-002
        1317   6.2222222222222220E-002
        1318   9.5555555555555560E-002
        1319   5.9999999999999998E-002
        1320   1.3333333333333334E-002
        1321  0.10444444444444445     
        1322   1.1111111111111112E-002
        1323   1.3333333333333334E-002
        1324   6.6666666666666671E-003
        1325   3.3333333333333333E-002
        1326   6.8888888888888888E-002
        1327  0.10222222222222223     
        1328   2.0000000000000000E-002
        1329   6.8888888888888888E-002
        1330   5.7777777777777775E-002
        1331  0.10222222222222223     
        1332   2.2222222222222223E-002
        1333  0.10444444444444445     
        1334   1.7777777777777778E-002
        1335   1.1111111111111112E-002
        1336   3.1111111111111110E-002
        1337  0.15555555555555556     
        1338   5.9999999999999998E-002
        1339   3.7777777777777778E-002
        1340   6.6666666666666666E-002
        1341   5.1111111111111114E-002
        1342   1.7777777777777778E-002
        1343   1.1111111111111112E-002
        1344   8.8888888888888889E-003
        1345   1.7777777777777778E-002
        1346   2.8888888888888888E-002
        1347   4.4444444444444446E-002
        1348   6.8888888888888888E-002
        1349   8.8888888888888889E-003
        1350   9.5555555555555560E-002
        1351   5.7777777777777775E-002
        1352   5.1111111111111114E-002
        1353   2.4444444444444446E-002
        1354   3.7777777777777778E-002
        1355   8.0000000000000002E-002
        1356   3.3333333333333333E-002
        1357   2.8888888888888888E-002
        1358   2.8888888888888888E-002
        1359   4.4444444444444444E-003
        1360   6.4444444444444443E-002
        1361  0.10666666666666667     
        1362   3.3333333333333333E-002
        1363   3.5555555555555556E-002
        1364   8.4444444444444447E-002
        1365   1.1111111111111112E-002
        1366   5.5555555555555552E-002
        1367   6.6666666666666666E-002
        1368   7.7777777777777779E-002
        1369   2.2222222222222222E-003
        1370   3.7777777777777778E-002
        1371   4.4444444444444444E-003
        1372  0.12666666666666668     
        1373   3.3333333333333333E-002
        1374   3.7777777777777778E-002
        1375   2.0000000000000000E-002
        1376   2.6666666666666668E-002
        1377   8.8888888888888889E-003
        1378   3.1111111111111110E-002
        1379   1.1111111111111112E-002
        1380  0.10000000000000001     
        1381   6.8888888888888888E-002
        1382   6.8888888888888888E-002
        1383   3.3333333333333333E-002
        1384   5.9999999999999998E-002
        1385   3.1111111111111110E-002
        1386   4.4444444444444446E-002
        1387   1.7777777777777778E-002
        1388   1.7777777777777778E-002
        1389   2.0000000000000000E-002
        1390   8.4444444444444447E-002
        1391   7.5555555555555556E-002
        1392   8.0000000000000002E-002
        1393   7.5555555555555556E-002
        1394   8.8888888888888892E-002
        1395  0.12888888888888889     
        1396   8.8888888888888892E-002
        1397   8.4444444444444447E-002
        1398  0.10000000000000001     
        1399   3.5555555555555556E-002
        1400   7.3333333333333334E-002
        1401  0.10888888888888888     
        1402   8.0000000000000002E-002
        1403   3.1111111111111110E-002
        1404   6.4444444444444443E-002
        1405   0.0000000000000000     
        1406   2.2222222222222222E-003
        1407   2.4444444444444446E-002
        1408  0.11333333333333333     
        1409  0.13333333333333333     
        1410   2.8888888888888888E-002
        1411   1.3333333333333334E-002
        1412   2.6666666666666668E-002
        1413   4.6666666666666669E-002
        1414   7.7777777777777779E-002
        1415   3.1111111111111110E-002
        1416   3.1111111111111110E-002
        1417   4.4444444444444446E-002
        1418   4.4444444444444444E-003
        1419   8.0000000000000002E-002
        1420   6.6666666666666671E-003
        1421   2.0000000000000000E-002
        1422   0.0000000000000000     
        1423   2.4444444444444446E-002
        1424   6.8888888888888888E-002
        1425   0.0000000000000000     
        1426   2.4444444444444446E-002
        1427   3.5555555555555556E-002
        1428   6.6666666666666666E-002
        1429   5.5555555555555552E-002
        1430   6.2222222222222220E-002
        1431   2.2222222222222222E-003
        1432   6.6666666666666666E-002
        1433   3.5555555555555556E-002
        1434   4.4444444444444446E-002
        1435   7.1111111111111111E-002
        1436   6.6666666666666671E-003
        1437   1.5555555555555555E-002
        1438   9.1111111111111115E-002
        1439   1.3333333333333334E-002
        1440   3.5555555555555556E-002
        1441   5.3333333333333337E-002
        1442   4.0000000000000001E-002
        1443   8.6666666666666670E-002
        1444   6.2222222222222220E-002
        1445   4.4444444444444444E-003
        1446   3.7777777777777778E-002
        1447   8.8888888888888889E-003
        1448   1.5555555555555555E-002
        1449   1.7777777777777778E-002
        1450   2.6666666666666668E-002
        1451   1.7777777777777778E-002
        1452   4.2222222222222223E-002
        1453   8.2222222222222224E-002
        1454  0.11111111111111110     
        1455   7.1111111111111111E-002
        1456   6.6666666666666671E-003
        1457   2.4444444444444446E-002
        1458   2.0000000000000000E-002
        1459   8.0000000000000002E-002
        1460   4.2222222222222223E-002
        1461   3.3333333333333333E-002
        1462   1.5555555555555555E-002
        1463   6.8888888888888888E-002
        1464   1.3333333333333334E-002
        1465  0.12000000000000000     
        1466   5.1111111111111114E-002
        1467   2.4444444444444446E-002
        1468   4.0000000000000001E-002
        1469   2.8888888888888888E-002
        1470   6.6666666666666671E-003
        1471   9.7777777777777783E-002
        1472   6.6666666666666666E-002
        1473  0.10444444444444445     
        1474   2.2222222222222222E-003
        1475   5.3333333333333337E-002
        1476  0.15555555555555556     
        1477   8.6666666666666670E-002
        1478   8.0000000000000002E-002
        1479   3.3333333333333333E-002
        1480   4.4444444444444444E-003
        1481   3.7777777777777778E-002
        1482   3.7777777777777778E-002
        1483   4.4444444444444446E-002
        1484   5.1111111111111114E-002
        1485  0.15111111111111111     
        1486  0.13555555555555557     
        1487  0.11777777777777777     
        1488  0.10222222222222223     
        1489   4.0000000000000001E-002
        1490   2.2222222222222223E-002
        1491   4.4444444444444446E-002
        1492   7.7777777777777779E-002
        1493   1.5555555555555555E-002
        1494   1.5555555555555555E-002
        1495   5.5555555555555552E-002
        1496   7.1111111111111111E-002
        1497   6.6666666666666671E-003
        1498   4.8888888888888891E-002
        1499   4.0000000000000001E-002
        1500   4.4444444444444446E-002
        1501   6.6666666666666671E-003
        1502   9.1111111111111115E-002
        1503   8.8888888888888892E-002
        1504   3.1111111111111110E-002
        1505   4.4444444444444444E-003
        1506   5.1111111111111114E-002
        1507   7.7777777777777779E-002
        1508   2.4444444444444446E-002
        1509   5.1111111111111114E-002
        1510   1.1111111111111112E-002
        1511   7.5555555555555556E-002
        1512   8.0000000000000002E-002
        1513   3.7777777777777778E-002
        1514   1.3333333333333334E-002
        1515  0.10666666666666667     
        1516   1.1111111111111112E-002
        1517   6.6666666666666666E-002
        1518   2.0000000000000000E-002
        1519   5.5555555555555552E-002
        1520   3.7777777777777778E-002
        1521   5.9999999999999998E-002
        1522   3.3333333333333333E-002
        1523   2.2222222222222222E-003
        1524   2.2222222222222222E-003
        1525   3.7777777777777778E-002
        1526   1.5555555555555555E-002
        1527   2.4444444444444446E-002
        1528  0.12222222222222222     
        1529  0.10444444444444445     
        1530   4.4444444444444444E-003
        1531   5.5555555555555552E-002
        1532   5.1111111111111114E-002
        1533   2.4444444444444446E-002
        1534   8.4444444444444447E-002
        1535   8.0000000000000002E-002
        1536   9.7777777777777783E-002
        1537   8.0000000000000002E-002
        1538   1.7777777777777778E-002
        1539   4.0000000000000001E-002
        1540   6.6666666666666666E-002
        1541   9.3333333333333338E-002
        1542  0.12222222222222222     
        1543   8.8888888888888892E-002
        1544   2.2222222222222223E-002
        1545   9.5555555555555560E-002
        1546   3.1111111111111110E-002
        1547   4.0000000000000001E-002
        1548   9.5555555555555560E-002
        1549  0.11777777777777777     
        1550  0.12444444444444444     
        1551   8.6666666666666670E-002
        1552   4.8888888888888891E-002
        1553   6.4444444444444443E-002
        1554  0.10222222222222223     
        1555  0.11777777777777777     
        1556  0.14222222222222222     
        1557  0.13333333333333333     
        1558   7.3333333333333334E-002
        1559   7.3333333333333334E-002
        1560   7.1111111111111111E-002
        1561   7.5555555555555556E-002
        1562   2.8888888888888888E-002
        1563   1.3333333333333334E-002
        1564   2.4444444444444446E-002
        1565   6.2222222222222220E-002
        1566   4.4444444444444446E-002
        1567   4.6666666666666669E-002
        1568   6.4444444444444443E-002
        1569  0.13111111111111112     
        1570   5.7777777777777775E-002
        1571   8.0000000000000002E-002
        1572   4.6666666666666669E-002
        1573   8.0000000000000002E-002
        1574  0.12000000000000000     
        1575   4.4444444444444446E-002
        1576  0.11777777777777777     
        1577   4.4444444444444446E-002
        1578   1.7777777777777778E-002
        1579   1.1111111111111112E-002
        1580  0.10444444444444445     
        1581   6.8888888888888888E-002
        1582   2.6666666666666668E-002
        1583   5.3333333333333337E-002
        1584   2.0000000000000000E-002
        1585   1.3333333333333334E-002
        1586   2.2222222222222222E-003
        1587   2.0000000000000000E-002
        1588   3.1111111111111110E-002
        1589   2.2222222222222222E-003
        1590   2.6666666666666668E-002
        1591   2.8888888888888888E-002
        1592   2.6666666666666668E-002
        1593   4.4444444444444444E-003
        1594   2.2222222222222223E-002
        1595   2.6666666666666668E-002
        1596   2.6666666666666668E-002
        1597   6.8888888888888888E-002
        1598   7.3333333333333334E-002
        1599   5.1111111111111114E-002
        1600   4.0000000000000001E-002
        1601   2.6666666666666668E-002
        1602   3.7777777777777778E-002
        1603  0.14444444444444443     
        1604   7.7777777777777779E-002
        1605   6.8888888888888888E-002
        1606  0.14000000000000001     
        1607   5.5555555555555552E-002
        1608   6.6666666666666671E-003
        1609   1.3333333333333334E-002
        1610   4.4444444444444444E-003
        1611   7.5555555555555556E-002
        1612   2.6666666666666668E-002
        1613   1.5555555555555555E-002
        1614   2.4444444444444446E-002
        1615   9.5555555555555560E-002
        1616  0.13111111111111112     
        1617   3.3333333333333333E-002
        1618   8.8888888888888889E-003
        1619   8.8888888888888889E-003
        1620   2.2222222222222222E-003
        1621   7.1111111111111111E-002
        1622  0.11777777777777777     
        1623   6.8888888888888888E-002
        1624   0.0000000000000000     
        1625   6.2222222222222220E-002
        1626  0.12888888888888889     
        1627   2.8888888888888888E-002
        1628   2.4444444444444446E-002
        1629   4.0000000000000001E-002
        1630   2.8888888888888888E-002
        1631   2.6666666666666668E-002
        1632   1.3333333333333334E-002
        1633   2.0000000000000000E-002
        1634   2.0000000000000000E-002
        1635   1.3333333333333334E-002
        1636   5.9999999999999998E-002
        1637   2.6666666666666668E-002
        1638   1.1111111111111112E-002
        1639   5.9999999999999998E-002
        1640   2.2222222222222223E-002
        1641   6.6666666666666671E-003
        1642   6.6666666666666671E-003
        1643   4.8888888888888891E-002
        1644   2.4444444444444446E-002
        1645   3.3333333333333333E-002
        1646   4.2222222222222223E-002
        1647   4.8888888888888891E-002
        1648   9.5555555555555560E-002
        1649   7.7777777777777779E-002
        1650   3.3333333333333333E-002
        1651  0.11333333333333333     
        1652  0.12444444444444444     
        1653   3.5555555555555556E-002
        1654   3.3333333333333333E-002
        1655   6.2222222222222220E-002
        1656   8.0000000000000002E-002
        1657   4.8888888888888891E-002
        1658  0.16888888888888889     
        1659  0.12222222222222222     
        1660   8.2222222222222224E-002
        1661   3.3333333333333333E-002
        1662  0.10222222222222223     
        1663   7.3333333333333334E-002
        1664   5.1111111111111114E-002
        1665   1.7777777777777778E-002
        1666   6.4444444444444443E-002
        1667   4.6666666666666669E-002
        1668   4.6666666666666669E-002
        1669   2.0000000000000000E-002
        1670   5.3333333333333337E-002
        1671   3.5555555555555556E-002
        1672   2.4444444444444446E-002
        1673   3.5555555555555556E-002
        1674   3.5555555555555556E-002
        1675   2.0000000000000000E-002
        1676   1.1111111111111112E-002
        1677   5.5555555555555552E-002
        1678   5.9999999999999998E-002
        1679   4.6666666666666669E-002
        1680   2.2222222222222222E-003
        1681   6.6666666666666671E-003
        1682   2.6666666666666668E-002
        1683   5.7777777777777775E-002
        1684   3.7777777777777778E-002
        1685  0.12888888888888889     
        1686   8.6666666666666670E-002
        1687   4.0000000000000001E-002
        1688   4.4444444444444444E-003
        1689   5.9999999999999998E-002
        1690   8.8888888888888892E-002
        1691   2.2222222222222223E-002
        1692   2.2222222222222222E-003
        1693  0.12666666666666668     
        1694   1.3333333333333334E-002
        1695   2.4444444444444446E-002
        1696   8.4444444444444447E-002
        1697   6.8888888888888888E-002
        1698   6.6666666666666666E-002
        1699   4.4444444444444444E-003
        1700   6.4444444444444443E-002
        1701   5.9999999999999998E-002
        1702   6.8888888888888888E-002
        1703  0.17555555555555555     
        1704  0.17111111111111110     
        1705   8.0000000000000002E-002
        1706   3.5555555555555556E-002
        1707   4.4444444444444444E-003
        1708   4.4444444444444444E-003
        1709   1.7777777777777778E-002
        1710   4.6666666666666669E-002
        1711   1.7777777777777778E-002
        1712   2.6666666666666668E-002
        1713   9.5555555555555560E-002
        1714   3.5555555555555556E-002
        1715   5.5555555555555552E-002
        1716   5.9999999999999998E-002
        1717   6.6666666666666666E-002
        1718   1.3333333333333334E-002
        1719   6.6666666666666671E-003
        1720   8.8888888888888892E-002
        1721   3.7777777777777778E-002
        1722   4.8888888888888891E-002
        1723   4.0000000000000001E-002
        1724   5.5555555555555552E-002
        1725   9.1111111111111115E-002
        1726   1.3333333333333334E-002
        1727   2.2222222222222222E-003
        1728   4.2222222222222223E-002
        1729   2.2222222222222222E-003
        1730  0.12222222222222222     
        1731  0.11555555555555555     
        1732  0.14222222222222222     
        1733   7.5555555555555556E-002
        1734   8.6666666666666670E-002
        1735   3.1111111111111110E-002
        1736  0.15333333333333332     
        1737  0.10222222222222223     
        1738   2.4444444444444446E-002
        1739   1.3333333333333334E-002
        1740   5.3333333333333337E-002
        1741   5.1111111111111114E-002
        1742   9.5555555555555560E-002
        1743   6.6666666666666666E-002
        1744   1.5555555555555555E-002
        1745   8.4444444444444447E-002
        1746   5.9999999999999998E-002
        1747  0.11333333333333333     
        1748   4.0000000000000001E-002
        1749   1.1111111111111112E-002
        1750   8.8888888888888889E-003
        1751  0.16444444444444445     
        1752  0.14444444444444443     
        1753  0.11777777777777777     
        1754   4.4444444444444446E-002
        1755   5.5555555555555552E-002
        1756   6.6666666666666671E-003
        1757  0.12888888888888889     
        1758   2.8888888888888888E-002
        1759   6.2222222222222220E-002
        1760   1.5555555555555555E-002
        1761   2.8888888888888888E-002
        1762   5.5555555555555552E-002
        1763   4.4444444444444444E-003
        1764  0.12000000000000000     
        1765   7.5555555555555556E-002
        1766   7.5555555555555556E-002
        1767  0.10000000000000001     
        1768   3.5555555555555556E-002
        1769   7.7777777777777779E-002
        1770   7.1111111111111111E-002
        1771  0.10666666666666667     
        1772   8.6666666666666670E-002
        1773   1.1111111111111112E-002
        1774   3.7777777777777778E-002
        1775   2.2222222222222223E-002
        1776   4.4444444444444444E-003
        1777   3.1111111111111110E-002
        1778  0.10444444444444445     
        1779   5.9999999999999998E-002
        1780   1.3333333333333334E-002
        1781   7.1111111111111111E-002
        1782   2.6666666666666668E-002
        1783   1.5555555555555555E-002
        1784   4.6666666666666669E-002
        1785   8.8888888888888892E-002
        1786   3.5555555555555556E-002
        1787   6.4444444444444443E-002
        1788  0.11777777777777777     
        1789   6.6666666666666666E-002
        1790   2.2222222222222223E-002
        1791   6.6666666666666666E-002
        1792   9.3333333333333338E-002
        1793   1.3333333333333334E-002
        1794   4.6666666666666669E-002
        1795   3.3333333333333333E-002
        1796   8.6666666666666670E-002
        1797   3.5555555555555556E-002
        1798  0.12666666666666668     
        1799  0.11111111111111110     
        1800  0.11555555555555555     
        1801   2.8888888888888888E-002
        1802  0.12000000000000000     
        1803   8.6666666666666670E-002
        1804   4.2222222222222223E-002
        1805   6.6666666666666671E-003
        1806   0.0000000000000000     
        1807   1.1111111111111112E-002
        1808   2.8888888888888888E-002
        1809   7.7777777777777779E-002
        1810  0.10666666666666667     
        1811  0.17555555555555555     
        1812   8.8888888888888892E-002
        1813  0.11111111111111110     
        1814   5.3333333333333337E-002
        1815   9.5555555555555560E-002
        1816   8.2222222222222224E-002
        1817   4.0000000000000001E-002
        1818   1.5555555555555555E-002
        1819   5.9999999999999998E-002
        1820   2.2222222222222223E-002
        1821   6.6666666666666671E-003
        1822  0.14444444444444443     
        1823  0.12444444444444444     
        1824  0.17999999999999999     
        1825  0.14222222222222222     
        1826  0.10222222222222223     
        1827   2.8888888888888888E-002
        1828   5.3333333333333337E-002
        1829   5.1111111111111114E-002
        1830   2.6666666666666668E-002
        1831   1.1111111111111112E-002
        1832   2.2222222222222222E-003
        1833   4.4444444444444444E-003
        1834   2.0000000000000000E-002
        1835   4.6666666666666669E-002
        1836   2.0000000000000000E-002
        1837   4.2222222222222223E-002
        1838   6.6666666666666666E-002
        1839   8.8888888888888889E-003
        1840   2.4444444444444446E-002
        1841   6.4444444444444443E-002
        1842  0.15111111111111111     
        1843   1.5555555555555555E-002
        1844   3.1111111111111110E-002
        1845   4.8888888888888891E-002
        1846   8.6666666666666670E-002
        1847   1.5555555555555555E-002
        1848   7.1111111111111111E-002
        1849   6.6666666666666666E-002
        1850   7.5555555555555556E-002
        1851   4.4444444444444446E-002
        1852   2.0000000000000000E-002
        1853   4.2222222222222223E-002
        1854   1.7777777777777778E-002
        1855   2.2222222222222222E-003
        1856   7.7777777777777779E-002
        1857  0.12000000000000000     
        1858   7.3333333333333334E-002
        1859   7.1111111111111111E-002
        1860   8.0000000000000002E-002
        1861   3.7777777777777778E-002
        1862   2.0000000000000000E-002
        1863  0.13111111111111112     
        1864   8.8888888888888892E-002
        1865  0.10888888888888888     
        1866  0.16666666666666666     
        1867   4.4444444444444446E-002
        1868   8.4444444444444447E-002
        1869  0.14888888888888888     
        1870  0.12666666666666668     
        1871  0.10666666666666667     
        1872   3.3333333333333333E-002
        1873   3.1111111111111110E-002
        1874  0.15111111111111111     
        1875  0.13555555555555557     
        1876   4.8888888888888891E-002
        1877   4.4444444444444444E-003
        1878   1.1111111111111112E-002
        1879   1.3333333333333334E-002
        1880   7.7777777777777779E-002
        1881   5.3333333333333337E-002
        1882  0.16222222222222221     
        1883  0.10222222222222223     
        1884   2.2222222222222223E-002
        1885   7.1111111111111111E-002
        1886   4.4444444444444444E-003
        1887   2.2222222222222223E-002
        1888   3.7777777777777778E-002
        1889   4.4444444444444446E-002
        1890   2.6666666666666668E-002
        1891   2.2222222222222222E-003
        1892   8.8888888888888889E-003
        1893  0.12666666666666668     
        1894   9.7777777777777783E-002
        1895   8.4444444444444447E-002
        1896   2.2222222222222222E-003
        1897   4.6666666666666669E-002
        1898   1.7777777777777778E-002
        1899   4.4444444444444446E-002
        1900  0.11333333333333333     
        1901  0.12888888888888889     
        1902   6.6666666666666671E-003
        1903   2.4444444444444446E-002
        1904   2.6666666666666668E-002
        1905   3.1111111111111110E-002
        1906   2.4444444444444446E-002
        1907  0.10000000000000001     
        1908  0.12888888888888889     
        1909   7.5555555555555556E-002
        1910   2.2222222222222223E-002
        1911   4.8888888888888891E-002
        1912   6.4444444444444443E-002
        1913   3.7777777777777778E-002
        1914   2.2222222222222222E-003
        1915   2.8888888888888888E-002
        1916   3.3333333333333333E-002
        1917   4.2222222222222223E-002
        1918   3.3333333333333333E-002
        1919   4.4444444444444446E-002
        1920   3.3333333333333333E-002
        1921  0.10444444444444445     
        1922   9.1111111111111115E-002
        1923   9.5555555555555560E-002
        1924   4.2222222222222223E-002
        1925  0.10444444444444445     
        1926   1.7777777777777778E-002
        1927   3.7777777777777778E-002
        1928   5.3333333333333337E-002
        1929   7.7777777777777779E-002
        1930   9.3333333333333338E-002
        1931   2.2222222222222222E-003
        1932   4.4444444444444446E-002
        1933  0.13333333333333333     
        1934   9.5555555555555560E-002
        1935   8.6666666666666670E-002
        1936   5.7777777777777775E-002
        1937   8.6666666666666670E-002
        1938  0.10000000000000001     
        1939   5.3333333333333337E-002
        1940  0.10000000000000001     
        1941   3.5555555555555556E-002
        1942   0.0000000000000000     
        1943  0.14888888888888888     
        1944  0.11555555555555555     
        1945  0.12888888888888889     
        1946  0.13111111111111112     
        1947   6.8888888888888888E-002
        1948   1.7777777777777778E-002
        1949   6.6666666666666671E-003
        1950   5.3333333333333337E-002
        1951   4.4444444444444444E-003
        1952   9.1111111111111115E-002
        1953   4.6666666666666669E-002
        1954   2.6666666666666668E-002
        1955   4.4444444444444444E-003
        1956   2.2222222222222223E-002
        1957   6.8888888888888888E-002
        1958   1.1111111111111112E-002
        1959  0.10888888888888888     
        1960   2.2222222222222222E-003
        1961   3.7777777777777778E-002
        1962   4.6666666666666669E-002
        1963   3.7777777777777778E-002
        1964   8.4444444444444447E-002
        1965  0.10000000000000001     
        1966   1.3333333333333334E-002
        1967   4.6666666666666669E-002
        1968   2.8888888888888888E-002
        1969   6.6666666666666666E-002
        1970   2.4444444444444446E-002
        1971   2.4444444444444446E-002
        1972   1.7777777777777778E-002
        1973   5.9999999999999998E-002
        1974   1.5555555555555555E-002
        1975   5.5555555555555552E-002
        1976   6.6666666666666671E-003
        1977   2.6666666666666668E-002
        1978   5.7777777777777775E-002
        1979   5.5555555555555552E-002
        1980   7.5555555555555556E-002
        1981   1.3333333333333334E-002
        1982   3.7777777777777778E-002
        1983   5.7777777777777775E-002
        1984  0.15111111111111111     
        1985  0.10666666666666667     
        1986   4.4444444444444444E-003
        1987   6.6666666666666671E-003
        1988   1.7777777777777778E-002
        1989  0.10444444444444445     
        1990  0.10888888888888888     
        1991   9.7777777777777783E-002
        1992  0.10000000000000001     
        1993   8.8888888888888892E-002
        1994   3.1111111111111110E-002
        1995   6.4444444444444443E-002
        1996   4.4444444444444444E-003
        1997   5.1111111111111114E-002
        1998   3.3333333333333333E-002
        1999   2.6666666666666668E-002
        2000   3.1111111111111110E-002
