           1  0.17999999999999999     
           2   7.5555555555555556E-002
           3   5.1111111111111114E-002
           4   1.3333333333333334E-002
           5   2.0000000000000000E-002
           6   9.5555555555555560E-002
           7   7.7777777777777779E-002
           8   0.0000000000000000     
           9   4.4444444444444446E-002
          10   1.3333333333333334E-002
          11  0.15555555555555556     
          12   3.3333333333333333E-002
          13   4.0000000000000001E-002
          14   4.4444444444444444E-003
          15   3.7777777777777778E-002
          16   3.5555555555555556E-002
          17   2.4444444444444446E-002
          18   2.0000000000000000E-002
          19   8.4444444444444447E-002
          20   6.6666666666666666E-002
          21   8.2222222222222224E-002
          22   3.3333333333333333E-002
          23  0.10222222222222223     
          24  0.13777777777777778     
          25   4.4444444444444444E-003
          26   4.8888888888888891E-002
          27   5.1111111111111114E-002
          28  0.10444444444444445     
          29   5.1111111111111114E-002
          30   8.8888888888888889E-003
          31   3.1111111111111110E-002
          32   6.4444444444444443E-002
          33  0.16444444444444445     
          34  0.10666666666666667     
          35   6.6666666666666671E-003
          36   5.7777777777777775E-002
          37   2.2222222222222223E-002
          38   3.3333333333333333E-002
          39   2.8888888888888888E-002
          40  0.16444444444444445     
          41  0.14666666666666667     
          42   2.0000000000000000E-002
          43   5.9999999999999998E-002
          44  0.13777777777777778     
          45  0.14888888888888888     
          46   5.7777777777777775E-002
          47   1.5555555555555555E-002
          48  0.19777777777777777     
          49   5.5555555555555552E-002
          50   1.5555555555555555E-002
          51  0.15333333333333332     
          52   7.1111111111111111E-002
          53   2.2222222222222223E-002
          54   9.5555555555555560E-002
          55  0.11777777777777777     
          56   4.2222222222222223E-002
          57   6.2222222222222220E-002
          58   1.1111111111111112E-002
          59   8.8888888888888889E-003
          60   7.7777777777777779E-002
          61   1.1111111111111112E-002
          62   8.6666666666666670E-002
          63   5.1111111111111114E-002
          64   9.7777777777777783E-002
          65  0.12222222222222222     
          66  0.15333333333333332     
          67   2.0000000000000000E-002
          68  0.10000000000000001     
          69   9.1111111111111115E-002
          70   7.3333333333333334E-002
          71   2.4444444444444446E-002
          72   2.8888888888888888E-002
          73   1.5555555555555555E-002
          74   9.7777777777777783E-002
          75  0.12222222222222222     
          76   6.4444444444444443E-002
          77   6.2222222222222220E-002
          78   5.1111111111111114E-002
          79   2.2222222222222222E-003
          80   4.4444444444444444E-003
          81   6.4444444444444443E-002
          82   9.1111111111111115E-002
          83   3.5555555555555556E-002
          84   4.4444444444444444E-003
          85   6.8888888888888888E-002
          86  0.17555555555555555     
          87   4.2222222222222223E-002
          88   6.6666666666666666E-002
          89   3.3333333333333333E-002
          90   4.6666666666666669E-002
          91   5.7777777777777775E-002
          92  0.10000000000000001     
          93   1.1111111111111112E-002
          94   3.7777777777777778E-002
          95  0.10888888888888888     
          96   4.4444444444444446E-002
          97  0.15555555555555556     
          98   9.7777777777777783E-002
          99  0.16000000000000000     
         100   7.7777777777777779E-002
         101  0.10444444444444445     
         102  0.23555555555555555     
         103  0.14666666666666667     
         104  0.13333333333333333     
         105   2.6666666666666668E-002
         106   2.0000000000000000E-002
         107   0.0000000000000000     
         108  0.14888888888888888     
         109   7.3333333333333334E-002
         110  0.10444444444444445     
         111   8.8888888888888892E-002
         112  0.11555555555555555     
         113   1.5555555555555555E-002
         114   3.7777777777777778E-002
         115   1.1111111111111112E-002
         116   6.2222222222222220E-002
         117   1.3333333333333334E-002
         118  0.11777777777777777     
         119   4.2222222222222223E-002
         120   5.5555555555555552E-002
         121   4.0000000000000001E-002
         122   2.2222222222222223E-002
         123   5.3333333333333337E-002
         124   1.5555555555555555E-002
         125   5.3333333333333337E-002
         126  0.25777777777777777     
         127   2.2222222222222222E-003
         128   2.0000000000000000E-002
         129   3.3333333333333333E-002
         130  0.10888888888888888     
         131   2.2222222222222223E-002
         132   6.8888888888888888E-002
         133  0.13777777777777778     
         134   5.9999999999999998E-002
         135  0.14444444444444443     
         136   5.5555555555555552E-002
         137   5.1111111111111114E-002
         138   5.1111111111111114E-002
         139   7.7777777777777779E-002
         140  0.10444444444444445     
         141   5.3333333333333337E-002
         142   6.4444444444444443E-002
         143   2.0000000000000000E-002
         144   5.3333333333333337E-002
         145  0.15111111111111111     
         146   3.7777777777777778E-002
         147   4.0000000000000001E-002
         148  0.29555555555555557     
         149   8.8888888888888892E-002
         150  0.10666666666666667     
         151  0.16444444444444445     
         152  0.25333333333333335     
         153   2.2222222222222223E-002
         154   2.2222222222222222E-003
         155   2.8888888888888888E-002
         156  0.11555555555555555     
         157  0.22888888888888889     
         158   6.8888888888888888E-002
         159   4.4444444444444446E-002
         160   7.7777777777777779E-002
         161   6.4444444444444443E-002
         162  0.16000000000000000     
         163   2.8888888888888888E-002
         164  0.12666666666666668     
         165   1.7777777777777778E-002
         166   4.2222222222222223E-002
         167   4.0000000000000001E-002
         168   2.8888888888888888E-002
         169   4.2222222222222223E-002
         170   0.0000000000000000     
         171   4.2222222222222223E-002
         172   5.5555555555555552E-002
         173   5.9999999999999998E-002
         174  0.10666666666666667     
         175  0.12888888888888889     
         176   5.1111111111111114E-002
         177   5.3333333333333337E-002
         178   3.3333333333333333E-002
         179   2.2222222222222223E-002
         180  0.13555555555555557     
         181   2.6666666666666668E-002
         182   4.4444444444444446E-002
         183   5.5555555555555552E-002
         184   3.5555555555555556E-002
         185   2.0000000000000000E-002
         186   7.7777777777777779E-002
         187   4.4444444444444444E-003
         188  0.21777777777777776     
         189  0.10888888888888888     
         190   8.0000000000000002E-002
         191   1.3333333333333334E-002
         192   1.1111111111111112E-002
         193   5.1111111111111114E-002
         194  0.15333333333333332     
         195  0.22888888888888889     
         196   8.8888888888888889E-003
         197  0.11111111111111110     
         198   9.1111111111111115E-002
         199  0.10222222222222223     
         200   5.1111111111111114E-002
         201   7.7777777777777779E-002
         202  0.13333333333333333     
         203   3.5555555555555556E-002
         204   4.2222222222222223E-002
         205   1.3333333333333334E-002
         206   6.6666666666666671E-003
         207   7.7777777777777779E-002
         208   3.7777777777777778E-002
         209   4.2222222222222223E-002
         210   3.5555555555555556E-002
         211  0.10888888888888888     
         212  0.16222222222222221     
         213   3.7777777777777778E-002
         214   4.4444444444444444E-003
         215   5.1111111111111114E-002
         216   3.3333333333333333E-002
         217   9.7777777777777783E-002
         218   4.6666666666666669E-002
         219   9.3333333333333338E-002
         220  0.15555555555555556     
         221   5.3333333333333337E-002
         222   2.2222222222222223E-002
         223  0.11777777777777777     
         224   1.3333333333333334E-002
         225   2.6666666666666668E-002
         226  0.14444444444444443     
         227   1.3333333333333334E-002
         228   4.0000000000000001E-002
         229   8.8888888888888889E-003
         230  0.10444444444444445     
         231   3.3333333333333333E-002
         232   4.2222222222222223E-002
         233   1.1111111111111112E-002
         234   7.3333333333333334E-002
         235   4.4444444444444446E-002
         236   4.4444444444444444E-003
         237   4.2222222222222223E-002
         238   2.2222222222222223E-002
         239   8.2222222222222224E-002
         240   2.2222222222222223E-002
         241   2.6666666666666668E-002
         242   4.4444444444444446E-002
         243   1.5555555555555555E-002
         244  0.11555555555555555     
         245   8.4444444444444447E-002
         246   8.2222222222222224E-002
         247   4.6666666666666669E-002
         248  0.11555555555555555     
         249  0.15777777777777777     
         250   2.2222222222222222E-003
         251   1.7777777777777778E-002
         252   2.6666666666666668E-002
         253   3.1111111111111110E-002
         254  0.31111111111111112     
         255  0.13111111111111112     
         256   8.8888888888888889E-003
         257   4.4444444444444444E-003
         258  0.13555555555555557     
         259   6.2222222222222220E-002
         260   6.6666666666666671E-003
         261   7.7777777777777779E-002
         262   6.6666666666666666E-002
         263   0.0000000000000000     
         264   0.0000000000000000     
         265   4.6666666666666669E-002
         266   2.0000000000000000E-002
         267  0.12888888888888889     
         268   3.7777777777777778E-002
         269   4.8888888888888891E-002
         270  0.13555555555555557     
         271   8.8888888888888889E-003
         272   8.6666666666666670E-002
         273   2.4444444444444446E-002
         274   4.6666666666666669E-002
         275  0.10444444444444445     
         276  0.14222222222222222     
         277   7.7777777777777779E-002
         278   6.6666666666666671E-003
         279   6.6666666666666671E-003
         280   6.8888888888888888E-002
         281   7.5555555555555556E-002
         282  0.10222222222222223     
         283   3.5555555555555556E-002
         284   2.2222222222222222E-003
         285   3.7777777777777778E-002
         286   5.3333333333333337E-002
         287   7.7777777777777779E-002
         288   2.2222222222222222E-003
         289   8.8888888888888889E-003
         290   1.1111111111111112E-002
         291  0.19777777777777777     
         292   2.6666666666666668E-002
         293   5.9999999999999998E-002
         294   1.5555555555555555E-002
         295   4.2222222222222223E-002
         296  0.12000000000000000     
         297   8.0000000000000002E-002
         298   8.2222222222222224E-002
         299  0.11555555555555555     
         300   8.8888888888888889E-003
         301   2.2222222222222222E-003
         302   5.7777777777777775E-002
         303   4.0000000000000001E-002
         304   5.5555555555555552E-002
         305   9.3333333333333338E-002
         306   6.6666666666666666E-002
         307   4.8888888888888891E-002
         308  0.10444444444444445     
         309   2.4444444444444446E-002
         310   9.5555555555555560E-002
         311  0.10666666666666667     
         312   8.0000000000000002E-002
         313   7.5555555555555556E-002
         314   3.3333333333333333E-002
         315   9.3333333333333338E-002
         316   8.8888888888888892E-002
         317   3.7777777777777778E-002
         318   5.7777777777777775E-002
         319   5.9999999999999998E-002
         320   8.6666666666666670E-002
         321   1.1111111111111112E-002
         322  0.16222222222222221     
         323  0.13555555555555557     
         324   2.2222222222222222E-003
         325  0.10888888888888888     
         326  0.11333333333333333     
         327  0.14666666666666667     
         328  0.17111111111111110     
         329   2.2222222222222223E-002
         330  0.10444444444444445     
         331  0.10888888888888888     
         332  0.10222222222222223     
         333  0.19333333333333333     
         334   6.6666666666666666E-002
         335   6.2222222222222220E-002
         336  0.10222222222222223     
         337  0.14444444444444443     
         338  0.14444444444444443     
         339   9.1111111111111115E-002
         340   2.4444444444444446E-002
         341   6.2222222222222220E-002
         342  0.11555555555555555     
         343   5.3333333333333337E-002
         344   2.2222222222222223E-002
         345  0.18666666666666668     
         346  0.19111111111111112     
         347   8.4444444444444447E-002
         348  0.14888888888888888     
         349   6.6666666666666671E-003
         350   1.3333333333333334E-002
         351   3.1111111111111110E-002
         352   0.0000000000000000     
         353  0.11111111111111110     
         354  0.14666666666666667     
         355   1.3333333333333334E-002
         356   3.7777777777777778E-002
         357   4.4444444444444444E-003
         358   6.4444444444444443E-002
         359   5.7777777777777775E-002
         360   4.6666666666666669E-002
         361   6.6666666666666666E-002
         362  0.12666666666666668     
         363   2.0000000000000000E-002
         364   4.4444444444444446E-002
         365   8.0000000000000002E-002
         366   2.2222222222222222E-003
         367   2.0000000000000000E-002
         368  0.16666666666666666     
         369  0.20666666666666667     
         370   9.1111111111111115E-002
         371   5.1111111111111114E-002
         372   1.5555555555555555E-002
         373  0.27333333333333332     
         374  0.16888888888888889     
         375   4.4444444444444446E-002
         376   9.5555555555555560E-002
         377   1.5555555555555555E-002
         378   8.0000000000000002E-002
         379   6.6666666666666666E-002
         380   8.8888888888888889E-003
         381   6.6666666666666671E-003
         382  0.15111111111111111     
         383   2.6666666666666668E-002
         384   7.5555555555555556E-002
         385   7.5555555555555556E-002
         386   5.5555555555555552E-002
         387   1.5555555555555555E-002
         388   4.6666666666666669E-002
         389   3.3333333333333333E-002
         390   9.1111111111111115E-002
         391   2.8888888888888888E-002
         392   8.8888888888888892E-002
         393   4.6666666666666669E-002
         394   2.6666666666666668E-002
         395   5.7777777777777775E-002
         396   6.2222222222222220E-002
         397   4.2222222222222223E-002
         398   2.2222222222222223E-002
         399   8.2222222222222224E-002
         400   4.8888888888888891E-002
         401   4.4444444444444446E-002
         402  0.11555555555555555     
         403   4.6666666666666669E-002
         404   7.5555555555555556E-002
         405  0.10222222222222223     
         406   1.5555555555555555E-002
         407   7.1111111111111111E-002
         408   4.8888888888888891E-002
         409   4.2222222222222223E-002
         410   9.3333333333333338E-002
         411  0.14666666666666667     
         412   3.3333333333333333E-002
         413  0.12000000000000000     
         414  0.14888888888888888     
         415   5.1111111111111114E-002
         416   3.3333333333333333E-002
         417   5.3333333333333337E-002
         418  0.14444444444444443     
         419   8.4444444444444447E-002
         420   7.1111111111111111E-002
         421   5.7777777777777775E-002
         422   4.2222222222222223E-002
         423  0.10222222222222223     
         424   1.5555555555555555E-002
         425  0.14222222222222222     
         426  0.16444444444444445     
         427  0.15111111111111111     
         428  0.14222222222222222     
         429   0.0000000000000000     
         430   3.5555555555555556E-002
         431   7.7777777777777779E-002
         432  0.10222222222222223     
         433   7.3333333333333334E-002
         434   2.2222222222222223E-002
         435   5.5555555555555552E-002
         436   1.5555555555555555E-002
         437   6.4444444444444443E-002
         438   7.5555555555555556E-002
         439   7.3333333333333334E-002
         440  0.12666666666666668     
         441   2.8888888888888888E-002
         442  0.11333333333333333     
         443   7.7777777777777779E-002
         444   5.9999999999999998E-002
         445  0.13111111111111112     
         446   5.9999999999999998E-002
         447   7.7777777777777779E-002
         448   4.4444444444444446E-002
         449  0.13111111111111112     
         450   7.3333333333333334E-002
         451  0.10666666666666667     
         452   1.3333333333333334E-002
         453   9.7777777777777783E-002
         454  0.10888888888888888     
         455  0.10666666666666667     
         456   9.5555555555555560E-002
         457  0.12444444444444444     
         458   6.4444444444444443E-002
         459   5.1111111111111114E-002
         460  0.10000000000000001     
         461   2.6666666666666668E-002
         462  0.16000000000000000     
         463   2.6666666666666668E-002
         464   8.6666666666666670E-002
         465   7.5555555555555556E-002
         466   1.1111111111111112E-002
         467   8.8888888888888889E-003
         468   5.9999999999999998E-002
         469   1.5555555555555555E-002
         470   8.0000000000000002E-002
         471   9.7777777777777783E-002
         472   2.0000000000000000E-002
         473   5.1111111111111114E-002
         474  0.12000000000000000     
         475   4.4444444444444446E-002
         476   1.5555555555555555E-002
         477   9.7777777777777783E-002
         478   2.6666666666666668E-002
         479   3.7777777777777778E-002
         480   4.8888888888888891E-002
         481   1.1111111111111112E-002
         482   2.6666666666666668E-002
         483   3.3333333333333333E-002
         484   8.4444444444444447E-002
         485  0.11777777777777777     
         486   4.8888888888888891E-002
         487   3.3333333333333333E-002
         488   1.7777777777777778E-002
         489   5.7777777777777775E-002
         490   7.7777777777777779E-002
         491  0.10888888888888888     
         492   4.0000000000000001E-002
         493   2.0000000000000000E-002
         494  0.11333333333333333     
         495   3.1111111111111110E-002
         496   1.1111111111111112E-002
         497   2.2222222222222222E-003
         498   2.6666666666666668E-002
         499   1.7777777777777778E-002
         500  0.10222222222222223     
         501   2.2222222222222223E-002
         502   7.3333333333333334E-002
         503   2.8888888888888888E-002
         504  0.10222222222222223     
         505   2.2222222222222222E-003
         506   8.8888888888888889E-003
         507  0.12444444444444444     
         508  0.18222222222222223     
         509  0.10444444444444445     
         510   5.3333333333333337E-002
         511   4.2222222222222223E-002
         512   2.8888888888888888E-002
         513   9.1111111111111115E-002
         514   7.1111111111111111E-002
         515   8.8888888888888889E-003
         516   7.5555555555555556E-002
         517   2.2222222222222223E-002
         518   3.1111111111111110E-002
         519  0.10444444444444445     
         520  0.11777777777777777     
         521   8.0000000000000002E-002
         522  0.10000000000000001     
         523  0.10444444444444445     
         524   8.8888888888888889E-003
         525   6.6666666666666671E-003
         526  0.12666666666666668     
         527  0.15555555555555556     
         528   6.8888888888888888E-002
         529  0.22444444444444445     
         530   4.6666666666666669E-002
         531   3.5555555555555556E-002
         532   3.7777777777777778E-002
         533  0.13333333333333333     
         534  0.12000000000000000     
         535  0.20666666666666667     
         536   8.4444444444444447E-002
         537   9.5555555555555560E-002
         538  0.18222222222222223     
         539  0.23555555555555555     
         540   2.2222222222222222E-003
         541  0.16444444444444445     
         542   7.5555555555555556E-002
         543   7.7777777777777779E-002
         544   3.7777777777777778E-002
         545   1.5555555555555555E-002
         546   7.7777777777777779E-002
         547   4.6666666666666669E-002
         548   5.7777777777777775E-002
         549   3.7777777777777778E-002
         550   2.0000000000000000E-002
         551   6.6666666666666671E-003
         552   2.2222222222222222E-003
         553  0.15111111111111111     
         554   1.1111111111111112E-002
         555   8.4444444444444447E-002
         556   4.0000000000000001E-002
         557   3.5555555555555556E-002
         558   8.8888888888888889E-003
         559   2.8888888888888888E-002
         560   2.6666666666666668E-002
         561  0.14222222222222222     
         562   2.4444444444444446E-002
         563   5.3333333333333337E-002
         564  0.10222222222222223     
         565   6.8888888888888888E-002
         566   7.5555555555555556E-002
         567   5.1111111111111114E-002
         568   8.0000000000000002E-002
         569   2.2222222222222222E-003
         570   5.9999999999999998E-002
         571   5.3333333333333337E-002
         572   6.2222222222222220E-002
         573   5.1111111111111114E-002
         574  0.12000000000000000     
         575   7.5555555555555556E-002
         576   5.7777777777777775E-002
         577  0.15777777777777777     
         578   2.2222222222222222E-003
         579   7.7777777777777779E-002
         580   9.3333333333333338E-002
         581  0.14222222222222222     
         582   2.0000000000000000E-002
         583   5.1111111111111114E-002
         584   9.3333333333333338E-002
         585   5.7777777777777775E-002
         586  0.11777777777777777     
         587  0.10666666666666667     
         588   6.4444444444444443E-002
         589   1.1111111111111112E-002
         590  0.20444444444444446     
         591   5.3333333333333337E-002
         592   3.5555555555555556E-002
         593  0.12000000000000000     
         594   1.7777777777777778E-002
         595   4.6666666666666669E-002
         596   3.1111111111111110E-002
         597   6.2222222222222220E-002
         598  0.12666666666666668     
         599   1.7777777777777778E-002
         600   5.1111111111111114E-002
         601  0.20666666666666667     
         602   9.1111111111111115E-002
         603   5.7777777777777775E-002
         604   6.2222222222222220E-002
         605   8.8888888888888889E-003
         606  0.15555555555555556     
         607   2.6666666666666668E-002
         608  0.15333333333333332     
         609   4.0000000000000001E-002
         610   2.6666666666666668E-002
         611   2.0000000000000000E-002
         612   3.7777777777777778E-002
         613  0.11555555555555555     
         614   7.1111111111111111E-002
         615   2.2222222222222222E-003
         616   0.0000000000000000     
         617   6.8888888888888888E-002
         618   9.5555555555555560E-002
         619  0.10000000000000001     
         620  0.14888888888888888     
         621   3.3333333333333333E-002
         622   7.5555555555555556E-002
         623   5.3333333333333337E-002
         624   1.1111111111111112E-002
         625   0.0000000000000000     
         626   4.4444444444444446E-002
         627  0.15555555555555556     
         628   3.3333333333333333E-002
         629   2.0000000000000000E-002
         630   5.7777777777777775E-002
         631   6.6666666666666671E-003
         632   0.0000000000000000     
         633   4.4444444444444446E-002
         634   6.6666666666666671E-003
         635   3.1111111111111110E-002
         636   4.6666666666666669E-002
         637   7.7777777777777779E-002
         638   8.8888888888888889E-003
         639   2.6666666666666668E-002
         640   8.0000000000000002E-002
         641   1.5555555555555555E-002
         642   3.1111111111111110E-002
         643  0.14000000000000001     
         644   1.5555555555555555E-002
         645  0.11111111111111110     
         646   4.0000000000000001E-002
         647   4.2222222222222223E-002
         648   4.6666666666666669E-002
         649   4.6666666666666669E-002
         650  0.17111111111111110     
         651   9.5555555555555560E-002
         652   4.4444444444444446E-002
         653   5.9999999999999998E-002
         654   2.2222222222222222E-003
         655   5.5555555555555552E-002
         656  0.15333333333333332     
         657   6.4444444444444443E-002
         658   6.6666666666666666E-002
         659  0.14000000000000001     
         660   1.1111111111111112E-002
         661  0.16444444444444445     
         662   9.1111111111111115E-002
         663   2.4444444444444446E-002
         664   9.5555555555555560E-002
         665   1.7777777777777778E-002
         666   4.4444444444444446E-002
         667   9.5555555555555560E-002
         668   3.3333333333333333E-002
         669   8.0000000000000002E-002
         670   6.6666666666666671E-003
         671   1.7777777777777778E-002
         672   2.4444444444444446E-002
         673   5.3333333333333337E-002
         674   1.3333333333333334E-002
         675   3.3333333333333333E-002
         676   8.8888888888888889E-003
         677   9.1111111111111115E-002
         678   7.3333333333333334E-002
         679   9.3333333333333338E-002
         680  0.15555555555555556     
         681   7.7777777777777779E-002
         682  0.10444444444444445     
         683  0.14222222222222222     
         684   8.6666666666666670E-002
         685   6.4444444444444443E-002
         686   7.1111111111111111E-002
         687  0.14222222222222222     
         688   7.7777777777777779E-002
         689   3.7777777777777778E-002
         690   6.2222222222222220E-002
         691   6.6666666666666666E-002
         692   7.3333333333333334E-002
         693   7.1111111111111111E-002
         694  0.17111111111111110     
         695  0.12000000000000000     
         696   3.5555555555555556E-002
         697   1.5555555555555555E-002
         698   7.7777777777777779E-002
         699   7.7777777777777779E-002
         700  0.23555555555555555     
         701  0.12666666666666668     
         702   1.7777777777777778E-002
         703   7.1111111111111111E-002
         704   2.6666666666666668E-002
         705   6.4444444444444443E-002
         706  0.14666666666666667     
         707  0.13111111111111112     
         708   8.2222222222222224E-002
         709  0.15333333333333332     
         710  0.12888888888888889     
         711  0.22888888888888889     
         712  0.14000000000000001     
         713   9.5555555555555560E-002
         714  0.16666666666666666     
         715   9.5555555555555560E-002
         716   3.1111111111111110E-002
         717   3.1111111111111110E-002
         718  0.10666666666666667     
         719   8.6666666666666670E-002
         720   0.0000000000000000     
         721   1.3333333333333334E-002
         722  0.10444444444444445     
         723  0.14888888888888888     
         724   3.7777777777777778E-002
         725   1.3333333333333334E-002
         726  0.16888888888888889     
         727   4.8888888888888891E-002
         728   7.5555555555555556E-002
         729   2.2222222222222222E-003
         730   9.7777777777777783E-002
         731  0.17777777777777778     
         732   7.3333333333333334E-002
         733  0.14222222222222222     
         734  0.15333333333333332     
         735   8.4444444444444447E-002
         736   3.7777777777777778E-002
         737   6.2222222222222220E-002
         738   4.8888888888888891E-002
         739  0.16000000000000000     
         740  0.11333333333333333     
         741   9.5555555555555560E-002
         742   3.1111111111111110E-002
         743   2.2222222222222222E-003
         744   2.2222222222222222E-003
         745   2.0000000000000000E-002
         746   4.6666666666666669E-002
         747  0.10222222222222223     
         748   3.7777777777777778E-002
         749   4.0000000000000001E-002
         750   2.0000000000000000E-002
         751   6.2222222222222220E-002
         752  0.12000000000000000     
         753   2.6666666666666668E-002
         754  0.15555555555555556     
         755  0.12000000000000000     
         756   1.5555555555555555E-002
         757   6.8888888888888888E-002
         758   5.7777777777777775E-002
         759   5.9999999999999998E-002
         760  0.13111111111111112     
         761   4.4444444444444444E-003
         762  0.10888888888888888     
         763   8.4444444444444447E-002
         764   7.3333333333333334E-002
         765   2.6666666666666668E-002
         766   4.4444444444444446E-002
         767  0.10000000000000001     
         768   8.2222222222222224E-002
         769   8.0000000000000002E-002
         770  0.14000000000000001     
         771  0.13555555555555557     
         772  0.17999999999999999     
         773  0.11111111111111110     
         774   8.4444444444444447E-002
         775   0.0000000000000000     
         776   4.4444444444444446E-002
         777   5.9999999999999998E-002
         778  0.12666666666666668     
         779   4.8888888888888891E-002
         780   2.2222222222222222E-003
         781   1.5555555555555555E-002
         782   1.7777777777777778E-002
         783   1.7777777777777778E-002
         784   5.9999999999999998E-002
         785   2.2222222222222222E-003
         786   3.7777777777777778E-002
         787   5.3333333333333337E-002
         788   2.2222222222222223E-002
         789  0.10666666666666667     
         790  0.12000000000000000     
         791  0.15777777777777777     
         792   6.6666666666666666E-002
         793   1.1111111111111112E-002
         794   7.7777777777777779E-002
         795   1.7777777777777778E-002
         796   7.1111111111111111E-002
         797   4.6666666666666669E-002
         798   4.4444444444444446E-002
         799   7.7777777777777779E-002
         800   1.7777777777777778E-002
         801   7.5555555555555556E-002
         802   5.9999999999999998E-002
         803   2.8888888888888888E-002
         804   3.3333333333333333E-002
         805   1.1111111111111112E-002
         806   4.0000000000000001E-002
         807   7.3333333333333334E-002
         808   1.1111111111111112E-002
         809   3.7777777777777778E-002
         810  0.26666666666666666     
         811   2.2222222222222223E-002
         812   2.8888888888888888E-002
         813   4.4444444444444446E-002
         814   2.8888888888888888E-002
         815  0.13555555555555557     
         816  0.11777777777777777     
         817  0.26666666666666666     
         818   6.8888888888888888E-002
         819   6.4444444444444443E-002
         820   7.3333333333333334E-002
         821   4.0000000000000001E-002
         822   8.8888888888888892E-002
         823  0.15777777777777777     
         824   6.8888888888888888E-002
         825   4.8888888888888891E-002
         826   1.7777777777777778E-002
         827  0.14000000000000001     
         828   6.8888888888888888E-002
         829   9.3333333333333338E-002
         830  0.19111111111111112     
         831   4.8888888888888891E-002
         832   2.4444444444444446E-002
         833  0.12444444444444444     
         834   3.5555555555555556E-002
         835   3.1111111111111110E-002
         836   5.3333333333333337E-002
         837  0.13555555555555557     
         838   4.2222222222222223E-002
         839   6.6666666666666671E-003
         840   7.7777777777777779E-002
         841   1.1111111111111112E-002
         842   1.1111111111111112E-002
         843   8.8888888888888889E-003
         844   2.2222222222222222E-003
         845  0.14222222222222222     
         846   4.0000000000000001E-002
         847   4.0000000000000001E-002
         848   4.4444444444444446E-002
         849  0.20444444444444446     
         850   8.4444444444444447E-002
         851   5.7777777777777775E-002
         852   4.2222222222222223E-002
         853   3.3333333333333333E-002
         854   1.5555555555555555E-002
         855  0.16444444444444445     
         856   3.5555555555555556E-002
         857  0.10222222222222223     
         858  0.10000000000000001     
         859   6.8888888888888888E-002
         860  0.14666666666666667     
         861   1.3333333333333334E-002
         862   5.1111111111111114E-002
         863   3.3333333333333333E-002
         864  0.11777777777777777     
         865   5.3333333333333337E-002
         866   8.4444444444444447E-002
         867   6.6666666666666671E-003
         868   2.4444444444444446E-002
         869   1.1111111111111112E-002
         870  0.21555555555555556     
         871   1.1111111111111112E-002
         872   1.3333333333333334E-002
         873   6.6666666666666666E-002
         874  0.20666666666666667     
         875  0.11777777777777777     
         876   5.1111111111111114E-002
         877   5.7777777777777775E-002
         878   8.6666666666666670E-002
         879  0.12222222222222222     
         880  0.19111111111111112     
         881  0.25111111111111112     
         882   6.2222222222222220E-002
         883   6.2222222222222220E-002
         884  0.11111111111111110     
         885   0.0000000000000000     
         886  0.14000000000000001     
         887   1.1111111111111112E-002
         888   5.7777777777777775E-002
         889   4.8888888888888891E-002
         890  0.11555555555555555     
         891   2.4444444444444446E-002
         892   6.6666666666666671E-003
         893  0.14888888888888888     
         894   1.1111111111111112E-002
         895   3.5555555555555556E-002
         896   2.2222222222222223E-002
         897  0.12888888888888889     
         898   1.3333333333333334E-002
         899  0.14888888888888888     
         900   9.7777777777777783E-002
         901   6.8888888888888888E-002
         902   3.1111111111111110E-002
         903   7.1111111111111111E-002
         904   8.8888888888888892E-002
         905   1.7777777777777778E-002
         906   4.6666666666666669E-002
         907  0.12666666666666668     
         908  0.16000000000000000     
         909   7.5555555555555556E-002
         910  0.24888888888888888     
         911   7.1111111111111111E-002
         912  0.15333333333333332     
         913  0.15555555555555556     
         914  0.23777777777777778     
         915  0.15333333333333332     
         916   6.8888888888888888E-002
         917  0.11555555555555555     
         918   4.2222222222222223E-002
         919   5.9999999999999998E-002
         920  0.18222222222222223     
         921   4.0000000000000001E-002
         922   9.5555555555555560E-002
         923   1.3333333333333334E-002
         924   2.2222222222222223E-002
         925   1.7777777777777778E-002
         926   5.9999999999999998E-002
         927  0.21777777777777776     
         928  0.14444444444444443     
         929   2.8888888888888888E-002
         930   6.2222222222222220E-002
         931   5.3333333333333337E-002
         932  0.12666666666666668     
         933  0.12222222222222222     
         934   5.9999999999999998E-002
         935  0.11777777777777777     
         936   7.3333333333333334E-002
         937   5.3333333333333337E-002
         938   4.8888888888888891E-002
         939   8.2222222222222224E-002
         940  0.14000000000000001     
         941  0.13555555555555557     
         942  0.12444444444444444     
         943   3.5555555555555556E-002
         944   8.0000000000000002E-002
         945  0.20888888888888890     
         946   7.5555555555555556E-002
         947   4.6666666666666669E-002
         948   6.8888888888888888E-002
         949  0.13555555555555557     
         950   3.1111111111111110E-002
         951   7.5555555555555556E-002
         952  0.19555555555555557     
         953   1.3333333333333334E-002
         954  0.12666666666666668     
         955  0.12000000000000000     
         956   2.2222222222222223E-002
         957   2.8888888888888888E-002
         958   6.2222222222222220E-002
         959  0.13111111111111112     
         960   6.6666666666666671E-003
         961   2.4444444444444446E-002
         962   9.5555555555555560E-002
         963   8.8888888888888889E-003
         964   4.0000000000000001E-002
         965   5.9999999999999998E-002
         966   3.3333333333333333E-002
         967   4.6666666666666669E-002
         968   2.4444444444444446E-002
         969   2.0000000000000000E-002
         970   4.4444444444444446E-002
         971   4.4444444444444446E-002
         972   8.8888888888888892E-002
         973   6.6666666666666671E-003
         974   7.5555555555555556E-002
         975   1.7777777777777778E-002
         976   5.3333333333333337E-002
         977   6.6666666666666671E-003
         978   5.9999999999999998E-002
         979   1.3333333333333334E-002
         980   4.8888888888888891E-002
         981   5.1111111111111114E-002
         982   4.4444444444444444E-003
         983   9.7777777777777783E-002
         984   6.6666666666666666E-002
         985  0.10444444444444445     
         986   0.0000000000000000     
         987  0.14888888888888888     
         988   1.1111111111111112E-002
         989   6.6666666666666666E-002
         990  0.15111111111111111     
         991   5.3333333333333337E-002
         992  0.13333333333333333     
         993   1.7777777777777778E-002
         994   7.1111111111111111E-002
         995   1.7777777777777778E-002
         996   1.5555555555555555E-002
         997   5.3333333333333337E-002
         998   4.2222222222222223E-002
         999   8.4444444444444447E-002
        1000  0.10222222222222223     
        1001  0.13333333333333333     
        1002   8.6666666666666670E-002
        1003  0.11555555555555555     
        1004   2.0000000000000000E-002
        1005   1.3333333333333334E-002
        1006   6.8888888888888888E-002
        1007  0.29111111111111110     
        1008  0.10444444444444445     
        1009   1.3333333333333334E-002
        1010   1.7777777777777778E-002
        1011   3.3333333333333333E-002
        1012   1.5555555555555555E-002
        1013   3.3333333333333333E-002
        1014  0.10000000000000001     
        1015   1.7777777777777778E-002
        1016   3.1111111111111110E-002
        1017   1.7777777777777778E-002
        1018   4.2222222222222223E-002
        1019  0.10222222222222223     
        1020   0.0000000000000000     
        1021   5.9999999999999998E-002
        1022   5.5555555555555552E-002
        1023   3.1111111111111110E-002
        1024   8.4444444444444447E-002
        1025   8.2222222222222224E-002
        1026   3.7777777777777778E-002
        1027   5.5555555555555552E-002
        1028   4.4444444444444444E-003
        1029   6.4444444444444443E-002
        1030   1.7777777777777778E-002
        1031  0.19777777777777777     
        1032   1.3333333333333334E-002
        1033   2.8888888888888888E-002
        1034  0.10888888888888888     
        1035  0.20666666666666667     
        1036   4.0000000000000001E-002
        1037  0.12222222222222222     
        1038   4.0000000000000001E-002
        1039   9.1111111111111115E-002
        1040  0.15333333333333332     
        1041   4.4444444444444446E-002
        1042   1.1111111111111112E-002
        1043   5.7777777777777775E-002
        1044   9.5555555555555560E-002
        1045  0.12888888888888889     
        1046  0.13777777777777778     
        1047   3.7777777777777778E-002
        1048  0.14444444444444443     
        1049   9.5555555555555560E-002
        1050   9.3333333333333338E-002
        1051   8.8888888888888889E-003
        1052   9.1111111111111115E-002
        1053   4.0000000000000001E-002
        1054  0.13111111111111112     
        1055   3.7777777777777778E-002
        1056   4.2222222222222223E-002
        1057  0.15555555555555556     
        1058   3.1111111111111110E-002
        1059   1.1111111111111112E-002
        1060   4.4444444444444446E-002
        1061  0.13111111111111112     
        1062  0.12666666666666668     
        1063  0.14000000000000001     
        1064   5.5555555555555552E-002
        1065   5.7777777777777775E-002
        1066  0.11777777777777777     
        1067  0.12000000000000000     
        1068   3.1111111111111110E-002
        1069   4.4444444444444446E-002
        1070   8.2222222222222224E-002
        1071   6.4444444444444443E-002
        1072   3.3333333333333333E-002
        1073   4.6666666666666669E-002
        1074   6.4444444444444443E-002
        1075   5.1111111111111114E-002
        1076   8.4444444444444447E-002
        1077   1.5555555555555555E-002
        1078   8.6666666666666670E-002
        1079   6.6666666666666666E-002
        1080   4.0000000000000001E-002
        1081   7.1111111111111111E-002
        1082   1.3333333333333334E-002
        1083   2.0000000000000000E-002
        1084   1.3333333333333334E-002
        1085   6.6666666666666666E-002
        1086   2.0000000000000000E-002
        1087  0.12888888888888889     
        1088  0.23777777777777778     
        1089   9.5555555555555560E-002
        1090  0.15333333333333332     
        1091  0.13555555555555557     
        1092   5.9999999999999998E-002
        1093  0.16666666666666666     
        1094   4.8888888888888891E-002
        1095  0.13111111111111112     
        1096   4.4444444444444446E-002
        1097  0.18222222222222223     
        1098  0.17333333333333334     
        1099  0.21111111111111111     
        1100   4.2222222222222223E-002
        1101  0.18888888888888888     
        1102  0.13333333333333333     
        1103  0.13555555555555557     
        1104   3.5555555555555556E-002
        1105   1.3333333333333334E-002
        1106  0.13333333333333333     
        1107  0.13111111111111112     
        1108   8.4444444444444447E-002
        1109   5.3333333333333337E-002
        1110   1.3333333333333334E-002
        1111   4.2222222222222223E-002
        1112  0.13333333333333333     
        1113   9.3333333333333338E-002
        1114   1.1111111111111112E-002
        1115   1.7777777777777778E-002
        1116  0.14000000000000001     
        1117   0.0000000000000000     
        1118  0.14666666666666667     
        1119  0.18888888888888888     
        1120   4.4444444444444446E-002
        1121  0.12888888888888889     
        1122   1.7777777777777778E-002
        1123   9.1111111111111115E-002
        1124   6.8888888888888888E-002
        1125   2.0000000000000000E-002
        1126  0.23999999999999999     
        1127  0.10000000000000001     
        1128  0.13111111111111112     
        1129   2.6666666666666668E-002
        1130   1.3333333333333334E-002
        1131   2.4444444444444446E-002
        1132  0.14000000000000001     
        1133  0.17777777777777778     
        1134   6.4444444444444443E-002
        1135   2.0000000000000000E-002
        1136   2.2222222222222223E-002
        1137   8.2222222222222224E-002
        1138   6.4444444444444443E-002
        1139   5.1111111111111114E-002
        1140   4.0000000000000001E-002
        1141   8.6666666666666670E-002
        1142   1.1111111111111112E-002
        1143  0.12888888888888889     
        1144   6.6666666666666671E-003
        1145  0.12888888888888889     
        1146   6.8888888888888888E-002
        1147   2.4444444444444446E-002
        1148   5.1111111111111114E-002
        1149   2.4444444444444446E-002
        1150   1.5555555555555555E-002
        1151   6.2222222222222220E-002
        1152   4.0000000000000001E-002
        1153   2.2222222222222222E-003
        1154   8.8888888888888892E-002
        1155   9.5555555555555560E-002
        1156   1.3333333333333334E-002
        1157   5.5555555555555552E-002
        1158   7.1111111111111111E-002
        1159   5.3333333333333337E-002
        1160   2.0000000000000000E-002
        1161   1.3333333333333334E-002
        1162   1.3333333333333334E-002
        1163  0.12666666666666668     
        1164   4.8888888888888891E-002
        1165   9.3333333333333338E-002
        1166   2.8888888888888888E-002
        1167   8.8888888888888889E-003
        1168   5.1111111111111114E-002
        1169   5.5555555555555552E-002
        1170   2.0000000000000000E-002
        1171   1.1111111111111112E-002
        1172   4.2222222222222223E-002
        1173   6.2222222222222220E-002
        1174   5.5555555555555552E-002
        1175  0.17999999999999999     
        1176  0.19777777777777777     
        1177   9.1111111111111115E-002
        1178   4.2222222222222223E-002
        1179   3.7777777777777778E-002
        1180   1.1111111111111112E-002
        1181   0.0000000000000000     
        1182   4.6666666666666669E-002
        1183   8.6666666666666670E-002
        1184   9.7777777777777783E-002
        1185   9.3333333333333338E-002
        1186  0.10888888888888888     
        1187   6.2222222222222220E-002
        1188   1.5555555555555555E-002
        1189   1.1111111111111112E-002
        1190  0.12666666666666668     
        1191   4.4444444444444446E-002
        1192   1.1111111111111112E-002
        1193   5.1111111111111114E-002
        1194   9.3333333333333338E-002
        1195   3.7777777777777778E-002
        1196   2.4444444444444446E-002
        1197   3.5555555555555556E-002
        1198   6.6666666666666666E-002
        1199  0.17777777777777778     
        1200   9.3333333333333338E-002
        1201   7.5555555555555556E-002
        1202   8.8888888888888889E-003
        1203   3.5555555555555556E-002
        1204   4.8888888888888891E-002
        1205  0.14666666666666667     
        1206   5.5555555555555552E-002
        1207   5.1111111111111114E-002
        1208   4.0000000000000001E-002
        1209   4.6666666666666669E-002
        1210   7.3333333333333334E-002
        1211  0.12444444444444444     
        1212   3.7777777777777778E-002
        1213   2.0000000000000000E-002
        1214   1.7777777777777778E-002
        1215   3.5555555555555556E-002
        1216   6.6666666666666671E-003
        1217   2.6666666666666668E-002
        1218   2.8888888888888888E-002
        1219   4.0000000000000001E-002
        1220  0.30444444444444446     
        1221  0.20666666666666667     
        1222   4.0000000000000001E-002
        1223   2.0000000000000000E-002
        1224   6.6666666666666671E-003
        1225   7.7777777777777779E-002
        1226  0.10000000000000001     
        1227   5.9999999999999998E-002
        1228   5.5555555555555552E-002
        1229   9.5555555555555560E-002
        1230  0.22444444444444445     
        1231   1.5555555555555555E-002
        1232  0.12888888888888889     
        1233   5.7777777777777775E-002
        1234   6.4444444444444443E-002
        1235   8.0000000000000002E-002
        1236   6.6666666666666671E-003
        1237   4.0000000000000001E-002
        1238  0.16222222222222221     
        1239  0.12666666666666668     
        1240   1.5555555555555555E-002
        1241   5.1111111111111114E-002
        1242  0.17111111111111110     
        1243   3.1111111111111110E-002
        1244   3.7777777777777778E-002
        1245   7.5555555555555556E-002
        1246   9.7777777777777783E-002
        1247  0.12444444444444444     
        1248   4.2222222222222223E-002
        1249   8.2222222222222224E-002
        1250   3.3333333333333333E-002
        1251   3.5555555555555556E-002
        1252   7.1111111111111111E-002
        1253   1.5555555555555555E-002
        1254   4.6666666666666669E-002
        1255  0.11333333333333333     
        1256   6.6666666666666671E-003
        1257  0.10444444444444445     
        1258   8.8888888888888889E-003
        1259   4.8888888888888891E-002
        1260   2.4444444444444446E-002
        1261   8.8888888888888889E-003
        1262   3.7777777777777778E-002
        1263   9.7777777777777783E-002
        1264  0.16444444444444445     
        1265   6.8888888888888888E-002
        1266   1.7777777777777778E-002
        1267   5.3333333333333337E-002
        1268   1.3333333333333334E-002
        1269   2.0000000000000000E-002
        1270   8.2222222222222224E-002
        1271  0.14000000000000001     
        1272  0.14888888888888888     
        1273  0.15111111111111111     
        1274   4.2222222222222223E-002
        1275  0.16000000000000000     
        1276   1.3333333333333334E-002
        1277   2.2222222222222222E-003
        1278   2.2222222222222223E-002
        1279  0.10444444444444445     
        1280   6.6666666666666666E-002
        1281  0.15111111111111111     
        1282   6.8888888888888888E-002
        1283  0.13333333333333333     
        1284  0.15111111111111111     
        1285  0.11777777777777777     
        1286   1.5555555555555555E-002
        1287   9.5555555555555560E-002
        1288   3.7777777777777778E-002
        1289   1.7777777777777778E-002
        1290   3.3333333333333333E-002
        1291   5.5555555555555552E-002
        1292   4.4444444444444444E-003
        1293   2.2222222222222222E-003
        1294   6.2222222222222220E-002
        1295  0.20000000000000001     
        1296  0.23333333333333334     
        1297   1.7777777777777778E-002
        1298   1.3333333333333334E-002
        1299   8.2222222222222224E-002
        1300   5.3333333333333337E-002
        1301   5.1111111111111114E-002
        1302   3.7777777777777778E-002
        1303   8.8888888888888892E-002
        1304   9.5555555555555560E-002
        1305  0.13555555555555557     
        1306  0.12888888888888889     
        1307   6.2222222222222220E-002
        1308   3.3333333333333333E-002
        1309  0.11111111111111110     
        1310  0.24666666666666667     
        1311  0.14000000000000001     
        1312  0.17777777777777778     
        1313   2.8888888888888888E-002
        1314   2.4444444444444446E-002
        1315   5.5555555555555552E-002
        1316  0.13333333333333333     
        1317   2.2222222222222223E-002
        1318   9.3333333333333338E-002
        1319   4.4444444444444446E-002
        1320   1.3333333333333334E-002
        1321  0.11555555555555555     
        1322   1.1111111111111112E-002
        1323   2.6666666666666668E-002
        1324   3.1111111111111110E-002
        1325   8.6666666666666670E-002
        1326  0.14666666666666667     
        1327   6.6666666666666671E-003
        1328   8.8888888888888892E-002
        1329  0.22000000000000000     
        1330  0.12444444444444444     
        1331   3.5555555555555556E-002
        1332  0.10666666666666667     
        1333   8.4444444444444447E-002
        1334   2.4444444444444446E-002
        1335  0.18444444444444444     
        1336  0.12444444444444444     
        1337  0.20000000000000001     
        1338   1.5555555555555555E-002
        1339   2.2222222222222223E-002
        1340   9.7777777777777783E-002
        1341   2.2222222222222222E-003
        1342   5.3333333333333337E-002
        1343   2.0000000000000000E-002
        1344  0.29999999999999999     
        1345   7.3333333333333334E-002
        1346  0.18222222222222223     
        1347   1.5555555555555555E-002
        1348   6.4444444444444443E-002
        1349   8.8888888888888889E-003
        1350   5.5555555555555552E-002
        1351  0.12444444444444444     
        1352  0.11333333333333333     
        1353   4.0000000000000001E-002
        1354   7.3333333333333334E-002
        1355   4.6666666666666669E-002
        1356   7.3333333333333334E-002
        1357   9.3333333333333338E-002
        1358   4.6666666666666669E-002
        1359  0.12888888888888889     
        1360   2.4444444444444446E-002
        1361   8.8888888888888892E-002
        1362  0.17333333333333334     
        1363   4.8888888888888891E-002
        1364  0.13555555555555557     
        1365   8.8888888888888889E-003
        1366  0.11111111111111110     
        1367  0.13555555555555557     
        1368   6.4444444444444443E-002
        1369   8.4444444444444447E-002
        1370   1.1111111111111112E-002
        1371  0.16000000000000000     
        1372  0.18666666666666668     
        1373  0.13777777777777778     
        1374   8.0000000000000002E-002
        1375   3.5555555555555556E-002
        1376  0.10444444444444445     
        1377   2.0000000000000000E-002
        1378   1.3333333333333334E-002
        1379  0.13333333333333333     
        1380   1.1111111111111112E-002
        1381   5.3333333333333337E-002
        1382  0.14666666666666667     
        1383   6.8888888888888888E-002
        1384  0.16666666666666666     
        1385   2.8888888888888888E-002
        1386   6.4444444444444443E-002
        1387  0.10222222222222223     
        1388   5.9999999999999998E-002
        1389   9.1111111111111115E-002
        1390   6.4444444444444443E-002
        1391   8.0000000000000002E-002
        1392   7.7777777777777779E-002
        1393   4.2222222222222223E-002
        1394   5.1111111111111114E-002
        1395  0.12444444444444444     
        1396   5.9999999999999998E-002
        1397   6.2222222222222220E-002
        1398   4.4444444444444444E-003
        1399   8.6666666666666670E-002
        1400  0.14000000000000001     
        1401  0.13555555555555557     
        1402  0.11555555555555555     
        1403   3.1111111111111110E-002
        1404  0.14444444444444443     
        1405  0.19555555555555557     
        1406   2.0000000000000000E-002
        1407  0.14000000000000001     
        1408  0.14000000000000001     
        1409   1.5555555555555555E-002
        1410   1.5555555555555555E-002
        1411   1.3333333333333334E-002
        1412   2.4444444444444446E-002
        1413   9.7777777777777783E-002
        1414   4.6666666666666669E-002
        1415   2.2222222222222222E-003
        1416  0.13333333333333333     
        1417  0.14888888888888888     
        1418  0.17111111111111110     
        1419   6.2222222222222220E-002
        1420   6.8888888888888888E-002
        1421   1.1111111111111112E-002
        1422  0.10444444444444445     
        1423   9.7777777777777783E-002
        1424  0.17999999999999999     
        1425  0.15555555555555556     
        1426   7.5555555555555556E-002
        1427  0.12888888888888889     
        1428  0.15111111111111111     
        1429   7.5555555555555556E-002
        1430  0.12222222222222222     
        1431  0.10000000000000001     
        1432  0.11333333333333333     
        1433  0.11777777777777777     
        1434   3.5555555555555556E-002
        1435   2.0000000000000000E-002
        1436   6.6666666666666671E-003
        1437   8.4444444444444447E-002
        1438   2.8888888888888888E-002
        1439   8.6666666666666670E-002
        1440   8.4444444444444447E-002
        1441  0.12666666666666668     
        1442   8.4444444444444447E-002
        1443   5.9999999999999998E-002
        1444   4.8888888888888891E-002
        1445  0.10888888888888888     
        1446   2.2222222222222222E-003
        1447   3.3333333333333333E-002
        1448  0.16444444444444445     
        1449   3.5555555555555556E-002
        1450   4.8888888888888891E-002
        1451   5.3333333333333337E-002
        1452  0.19111111111111112     
        1453   6.2222222222222220E-002
        1454   2.4444444444444446E-002
        1455  0.12444444444444444     
        1456   8.2222222222222224E-002
        1457   6.2222222222222220E-002
        1458   3.1111111111111110E-002
        1459   4.4444444444444446E-002
        1460   9.1111111111111115E-002
        1461   4.4444444444444444E-003
        1462   4.0000000000000001E-002
        1463   2.6666666666666668E-002
        1464   2.4444444444444446E-002
        1465  0.10444444444444445     
        1466  0.14888888888888888     
        1467   2.6666666666666668E-002
        1468   2.6666666666666668E-002
        1469   2.2222222222222222E-003
        1470   4.8888888888888891E-002
        1471  0.10444444444444445     
        1472   9.5555555555555560E-002
        1473   1.5555555555555555E-002
        1474   4.8888888888888891E-002
        1475  0.12222222222222222     
        1476   2.6666666666666668E-002
        1477  0.13777777777777778     
        1478   9.5555555555555560E-002
        1479  0.11555555555555555     
        1480   4.4444444444444444E-003
        1481   7.1111111111111111E-002
        1482   2.0000000000000000E-002
        1483   3.3333333333333333E-002
        1484   4.4444444444444446E-002
        1485  0.12222222222222222     
        1486   2.2222222222222223E-002
        1487   6.6666666666666671E-003
        1488   8.6666666666666670E-002
        1489   3.3333333333333333E-002
        1490   2.8888888888888888E-002
        1491   5.3333333333333337E-002
        1492  0.17999999999999999     
        1493   2.6666666666666668E-002
        1494  0.18888888888888888     
        1495   2.8888888888888888E-002
        1496   4.6666666666666669E-002
        1497  0.15777777777777777     
        1498  0.10666666666666667     
        1499  0.15333333333333332     
        1500  0.18444444444444444     
        1501   5.3333333333333337E-002
        1502   5.9999999999999998E-002
        1503   6.2222222222222220E-002
        1504   4.0000000000000001E-002
        1505   5.5555555555555552E-002
        1506   1.7777777777777778E-002
        1507   3.5555555555555556E-002
        1508  0.12444444444444444     
        1509   5.3333333333333337E-002
        1510   0.0000000000000000     
        1511   5.3333333333333337E-002
        1512   5.9999999999999998E-002
        1513   7.7777777777777779E-002
        1514   5.1111111111111114E-002
        1515   7.3333333333333334E-002
        1516   4.2222222222222223E-002
        1517  0.25555555555555554     
        1518  0.13777777777777778     
        1519   1.7777777777777778E-002
        1520  0.10888888888888888     
        1521  0.22222222222222221     
        1522   3.1111111111111110E-002
        1523  0.16000000000000000     
        1524  0.12222222222222222     
        1525  0.12000000000000000     
        1526   1.3333333333333334E-002
        1527  0.11333333333333333     
        1528   5.7777777777777775E-002
        1529   6.2222222222222220E-002
        1530   4.6666666666666669E-002
        1531   1.1111111111111112E-002
        1532   4.4444444444444446E-002
        1533   2.2222222222222223E-002
        1534   2.6666666666666668E-002
        1535   9.3333333333333338E-002
        1536   2.2222222222222223E-002
        1537  0.10000000000000001     
        1538   1.1111111111111112E-002
        1539  0.16444444444444445     
        1540  0.13555555555555557     
        1541  0.19777777777777777     
        1542   3.5555555555555556E-002
        1543  0.16000000000000000     
        1544  0.14888888888888888     
        1545   8.8888888888888889E-003
        1546   2.6666666666666668E-002
        1547   1.1111111111111112E-002
        1548   5.7777777777777775E-002
        1549   7.1111111111111111E-002
        1550   8.4444444444444447E-002
        1551   4.0000000000000001E-002
        1552   9.3333333333333338E-002
        1553   2.2222222222222223E-002
        1554   8.6666666666666670E-002
        1555   5.1111111111111114E-002
        1556  0.23111111111111110     
        1557   7.1111111111111111E-002
        1558   2.6666666666666668E-002
        1559   5.1111111111111114E-002
        1560   5.5555555555555552E-002
        1561   3.3333333333333333E-002
        1562   9.5555555555555560E-002
        1563   5.9999999999999998E-002
        1564   8.2222222222222224E-002
        1565   9.3333333333333338E-002
        1566   2.2222222222222223E-002
        1567   7.1111111111111111E-002
        1568  0.12888888888888889     
        1569   3.7777777777777778E-002
        1570   2.2222222222222223E-002
        1571   8.0000000000000002E-002
        1572   4.2222222222222223E-002
        1573   4.4444444444444446E-002
        1574   4.4444444444444444E-003
        1575   2.6666666666666668E-002
        1576   7.5555555555555556E-002
        1577   4.2222222222222223E-002
        1578   8.2222222222222224E-002
        1579   2.4444444444444446E-002
        1580   1.5555555555555555E-002
        1581  0.14222222222222222     
        1582  0.12000000000000000     
        1583   2.8888888888888888E-002
        1584   2.6666666666666668E-002
        1585  0.16000000000000000     
        1586  0.19333333333333333     
        1587  0.15777777777777777     
        1588   8.6666666666666670E-002
        1589  0.12444444444444444     
        1590  0.16666666666666666     
        1591   8.6666666666666670E-002
        1592   4.0000000000000001E-002
        1593  0.18444444444444444     
        1594   7.1111111111111111E-002
        1595   6.4444444444444443E-002
        1596   5.1111111111111114E-002
        1597   6.8888888888888888E-002
        1598   4.2222222222222223E-002
        1599   3.3333333333333333E-002
        1600  0.10444444444444445     
        1601   4.0000000000000001E-002
        1602  0.17777777777777778     
        1603  0.12000000000000000     
        1604   9.1111111111111115E-002
        1605   2.8888888888888888E-002
        1606   2.8888888888888888E-002
        1607  0.12888888888888889     
        1608   3.3333333333333333E-002
        1609   8.4444444444444447E-002
        1610  0.12222222222222222     
        1611   2.2222222222222223E-002
        1612   4.4444444444444446E-002
        1613   9.3333333333333338E-002
        1614   1.1111111111111112E-002
        1615   4.0000000000000001E-002
        1616   5.7777777777777775E-002
        1617   5.5555555555555552E-002
        1618   1.5555555555555555E-002
        1619  0.20444444444444446     
        1620   9.1111111111111115E-002
        1621   6.4444444444444443E-002
        1622  0.19777777777777777     
        1623   4.8888888888888891E-002
        1624   1.1111111111111112E-002
        1625   3.3333333333333333E-002
        1626   7.7777777777777779E-002
        1627  0.10888888888888888     
        1628   8.8888888888888892E-002
        1629   8.0000000000000002E-002
        1630   2.6666666666666668E-002
        1631   2.8888888888888888E-002
        1632  0.16000000000000000     
        1633   3.1111111111111110E-002
        1634   4.4444444444444446E-002
        1635  0.22000000000000000     
        1636  0.12666666666666668     
        1637  0.14000000000000001     
        1638  0.17333333333333334     
        1639   1.1111111111111112E-002
        1640   1.5555555555555555E-002
        1641   8.0000000000000002E-002
        1642  0.20000000000000001     
        1643   5.3333333333333337E-002
        1644   5.9999999999999998E-002
        1645   8.8888888888888889E-003
        1646   1.1111111111111112E-002
        1647   5.7777777777777775E-002
        1648   8.2222222222222224E-002
        1649   1.3333333333333334E-002
        1650  0.13333333333333333     
        1651   3.3333333333333333E-002
        1652   4.4444444444444446E-002
        1653  0.14666666666666667     
        1654  0.16000000000000000     
        1655   9.1111111111111115E-002
        1656   1.7777777777777778E-002
        1657   2.2222222222222222E-003
        1658  0.11555555555555555     
        1659   1.5555555555555555E-002
        1660   3.7777777777777778E-002
        1661   2.8888888888888888E-002
        1662   6.6666666666666666E-002
        1663   6.6666666666666671E-003
        1664   1.3333333333333334E-002
        1665   6.4444444444444443E-002
        1666  0.15111111111111111     
        1667  0.12666666666666668     
        1668   7.1111111111111111E-002
        1669   3.5555555555555556E-002
        1670   7.3333333333333334E-002
        1671   4.4444444444444444E-003
        1672   1.5555555555555555E-002
        1673  0.15333333333333332     
        1674  0.14888888888888888     
        1675   2.0000000000000000E-002
        1676   4.8888888888888891E-002
        1677   3.7777777777777778E-002
        1678   4.6666666666666669E-002
        1679   2.6666666666666668E-002
        1680   3.1111111111111110E-002
        1681  0.13333333333333333     
        1682  0.11555555555555555     
        1683   2.0000000000000000E-002
        1684   5.3333333333333337E-002
        1685   4.4444444444444444E-003
        1686   4.4444444444444444E-003
        1687   5.3333333333333337E-002
        1688   3.3333333333333333E-002
        1689   6.8888888888888888E-002
        1690   7.7777777777777779E-002
        1691   2.8888888888888888E-002
        1692   3.7777777777777778E-002
        1693   4.0000000000000001E-002
        1694  0.14444444444444443     
        1695   6.4444444444444443E-002
        1696   4.4444444444444446E-002
        1697   2.4444444444444446E-002
        1698  0.14444444444444443     
        1699  0.12888888888888889     
        1700   4.4444444444444444E-003
        1701   7.1111111111111111E-002
        1702  0.13333333333333333     
        1703   7.1111111111111111E-002
        1704  0.10222222222222223     
        1705  0.16666666666666666     
        1706   2.0000000000000000E-002
        1707   2.6666666666666668E-002
        1708   2.4444444444444446E-002
        1709   4.6666666666666669E-002
        1710   4.4444444444444444E-003
        1711   1.1111111111111112E-002
        1712   5.9999999999999998E-002
        1713  0.11777777777777777     
        1714   4.6666666666666669E-002
        1715   0.0000000000000000     
        1716   4.8888888888888891E-002
        1717   8.8888888888888892E-002
        1718   9.7777777777777783E-002
        1719   2.4444444444444446E-002
        1720   5.5555555555555552E-002
        1721   7.1111111111111111E-002
        1722   9.5555555555555560E-002
        1723   2.8888888888888888E-002
        1724   1.3333333333333334E-002
        1725   9.3333333333333338E-002
        1726   1.7777777777777778E-002
        1727  0.18444444444444444     
        1728   9.7777777777777783E-002
        1729  0.10000000000000001     
        1730   7.5555555555555556E-002
        1731   6.4444444444444443E-002
        1732   2.4444444444444446E-002
        1733   4.2222222222222223E-002
        1734   4.4444444444444446E-002
        1735   9.5555555555555560E-002
        1736   8.8888888888888889E-003
        1737   1.1111111111111112E-002
        1738   8.6666666666666670E-002
        1739  0.10444444444444445     
        1740   2.8888888888888888E-002
        1741   2.4444444444444446E-002
        1742   9.1111111111111115E-002
        1743   4.2222222222222223E-002
        1744  0.24444444444444444     
        1745   7.5555555555555556E-002
        1746  0.11333333333333333     
        1747  0.12000000000000000     
        1748   8.8888888888888892E-002
        1749   2.2222222222222223E-002
        1750  0.15555555555555556     
        1751   5.7777777777777775E-002
        1752  0.11333333333333333     
        1753  0.11777777777777777     
        1754   5.7777777777777775E-002
        1755   4.0000000000000001E-002
        1756   9.3333333333333338E-002
        1757  0.17111111111111110     
        1758  0.24444444444444444     
        1759  0.19777777777777777     
        1760   1.1111111111111112E-002
        1761  0.14666666666666667     
        1762   5.5555555555555552E-002
        1763   2.2222222222222223E-002
        1764   4.4444444444444446E-002
        1765  0.12888888888888889     
        1766   3.1111111111111110E-002
        1767   2.2222222222222222E-003
        1768  0.25111111111111112     
        1769  0.14444444444444443     
        1770  0.14222222222222222     
        1771  0.13111111111111112     
        1772  0.10444444444444445     
        1773  0.10444444444444445     
        1774  0.17555555555555555     
        1775   5.5555555555555552E-002
        1776   8.8888888888888889E-003
        1777   8.8888888888888889E-003
        1778   1.1111111111111112E-002
        1779   8.4444444444444447E-002
        1780   9.1111111111111115E-002
        1781  0.21777777777777776     
        1782   3.1111111111111110E-002
        1783   9.3333333333333338E-002
        1784   3.1111111111111110E-002
        1785   2.6666666666666668E-002
        1786   5.3333333333333337E-002
        1787   4.6666666666666669E-002
        1788  0.14222222222222222     
        1789   8.8888888888888892E-002
        1790   2.0000000000000000E-002
        1791  0.17555555555555555     
        1792  0.16666666666666666     
        1793  0.10888888888888888     
        1794   6.6666666666666671E-003
        1795   4.4444444444444446E-002
        1796  0.13111111111111112     
        1797   7.5555555555555556E-002
        1798  0.14444444444444443     
        1799  0.14000000000000001     
        1800  0.20222222222222222     
        1801   6.6666666666666671E-003
        1802   3.3333333333333333E-002
        1803   4.6666666666666669E-002
        1804   6.2222222222222220E-002
        1805   1.5555555555555555E-002
        1806  0.17999999999999999     
        1807   2.6666666666666668E-002
        1808   6.6666666666666671E-003
        1809   7.3333333333333334E-002
        1810   4.8888888888888891E-002
        1811  0.11333333333333333     
        1812  0.23999999999999999     
        1813   4.4444444444444446E-002
        1814   1.7777777777777778E-002
        1815   8.0000000000000002E-002
        1816  0.13111111111111112     
        1817   4.8888888888888891E-002
        1818   3.3333333333333333E-002
        1819   8.2222222222222224E-002
        1820   5.7777777777777775E-002
        1821   7.3333333333333334E-002
        1822   2.6666666666666668E-002
        1823   3.1111111111111110E-002
        1824   7.5555555555555556E-002
        1825   2.4444444444444446E-002
        1826   4.0000000000000001E-002
        1827  0.15111111111111111     
        1828   6.6666666666666666E-002
        1829   6.6666666666666671E-003
        1830   1.5555555555555555E-002
        1831  0.11555555555555555     
        1832  0.20666666666666667     
        1833  0.10444444444444445     
        1834  0.20666666666666667     
        1835   4.8888888888888891E-002
        1836  0.11777777777777777     
        1837   7.5555555555555556E-002
        1838  0.13555555555555557     
        1839   5.7777777777777775E-002
        1840   3.5555555555555556E-002
        1841  0.13555555555555557     
        1842   2.8888888888888888E-002
        1843   6.6666666666666671E-003
        1844  0.10444444444444445     
        1845  0.12222222222222222     
        1846  0.18222222222222223     
        1847   7.3333333333333334E-002
        1848  0.13111111111111112     
        1849   1.1111111111111112E-002
        1850  0.10444444444444445     
        1851   1.5555555555555555E-002
        1852   3.1111111111111110E-002
        1853  0.10000000000000001     
        1854   4.8888888888888891E-002
        1855   2.8888888888888888E-002
        1856  0.14000000000000001     
        1857  0.15111111111111111     
        1858   7.1111111111111111E-002
        1859   7.5555555555555556E-002
        1860  0.20444444444444446     
        1861   8.4444444444444447E-002
        1862   3.1111111111111110E-002
        1863  0.14888888888888888     
        1864  0.13777777777777778     
        1865  0.14888888888888888     
        1866  0.13555555555555557     
        1867  0.16444444444444445     
        1868   2.2222222222222222E-003
        1869   8.6666666666666670E-002
        1870  0.10666666666666667     
        1871   0.0000000000000000     
        1872  0.24666666666666667     
        1873   8.2222222222222224E-002
        1874  0.14222222222222222     
        1875  0.15777777777777777     
        1876   3.3333333333333333E-002
        1877   1.5555555555555555E-002
        1878   5.9999999999999998E-002
        1879   3.3333333333333333E-002
        1880  0.13777777777777778     
        1881  0.15777777777777777     
        1882   2.4444444444444446E-002
        1883   1.3333333333333334E-002
        1884   9.5555555555555560E-002
        1885   1.7777777777777778E-002
        1886  0.10444444444444445     
        1887   0.0000000000000000     
        1888   2.4444444444444446E-002
        1889  0.19555555555555557     
        1890   8.6666666666666670E-002
        1891   1.3333333333333334E-002
        1892   3.7777777777777778E-002
        1893   4.4444444444444446E-002
        1894   8.8888888888888892E-002
        1895   4.4444444444444444E-003
        1896   4.4444444444444444E-003
        1897  0.11777777777777777     
        1898  0.10666666666666667     
        1899   5.9999999999999998E-002
        1900   2.0000000000000000E-002
        1901   3.3333333333333333E-002
        1902  0.12666666666666668     
        1903   3.1111111111111110E-002
        1904   1.3333333333333334E-002
        1905   3.5555555555555556E-002
        1906   9.7777777777777783E-002
        1907  0.12666666666666668     
        1908   1.1111111111111112E-002
        1909  0.14444444444444443     
        1910   8.4444444444444447E-002
        1911  0.18444444444444444     
        1912  0.21333333333333335     
        1913  0.16000000000000000     
        1914   7.7777777777777779E-002
        1915   6.4444444444444443E-002
        1916   9.7777777777777783E-002
        1917   2.4444444444444446E-002
        1918   2.2222222222222223E-002
        1919   8.8888888888888892E-002
        1920   6.6666666666666666E-002
        1921  0.10666666666666667     
        1922   0.0000000000000000     
        1923   3.7777777777777778E-002
        1924  0.16000000000000000     
        1925   1.7777777777777778E-002
        1926   1.5555555555555555E-002
        1927   6.6666666666666671E-003
        1928   5.5555555555555552E-002
        1929  0.13333333333333333     
        1930  0.12666666666666668     
        1931  0.15333333333333332     
        1932   3.5555555555555556E-002
        1933   7.7777777777777779E-002
        1934   4.6666666666666669E-002
        1935  0.12444444444444444     
        1936  0.12444444444444444     
        1937  0.11333333333333333     
        1938   2.2222222222222222E-003
        1939  0.10444444444444445     
        1940  0.11555555555555555     
        1941   8.8888888888888889E-003
        1942   8.0000000000000002E-002
        1943   3.3333333333333333E-002
        1944   4.0000000000000001E-002
        1945  0.17555555555555555     
        1946   2.2222222222222223E-002
        1947   7.5555555555555556E-002
        1948   4.2222222222222223E-002
        1949   3.7777777777777778E-002
        1950   3.1111111111111110E-002
        1951   8.6666666666666670E-002
        1952   4.8888888888888891E-002
        1953   3.1111111111111110E-002
        1954   8.2222222222222224E-002
        1955   5.7777777777777775E-002
        1956   2.4444444444444446E-002
        1957  0.12444444444444444     
        1958  0.10222222222222223     
        1959  0.17111111111111110     
        1960   6.6666666666666666E-002
        1961   9.3333333333333338E-002
        1962   4.4444444444444446E-002
        1963  0.17999999999999999     
        1964   2.4444444444444446E-002
        1965  0.13333333333333333     
        1966   5.3333333333333337E-002
        1967  0.10666666666666667     
        1968   2.6666666666666668E-002
        1969   1.5555555555555555E-002
        1970  0.10888888888888888     
        1971   9.1111111111111115E-002
        1972  0.11555555555555555     
        1973  0.19111111111111112     
        1974   2.2222222222222223E-002
        1975   7.7777777777777779E-002
        1976   9.1111111111111115E-002
        1977  0.10666666666666667     
        1978   5.7777777777777775E-002
        1979   2.2222222222222223E-002
        1980  0.14444444444444443     
        1981   2.4444444444444446E-002
        1982  0.18444444444444444     
        1983  0.13111111111111112     
        1984   6.4444444444444443E-002
        1985   9.1111111111111115E-002
        1986   2.8888888888888888E-002
        1987   7.3333333333333334E-002
        1988   8.4444444444444447E-002
        1989   8.4444444444444447E-002
        1990  0.12222222222222222     
        1991   8.0000000000000002E-002
        1992  0.19111111111111112     
        1993   4.6666666666666669E-002
        1994   3.5555555555555556E-002
        1995   9.7777777777777783E-002
        1996   2.8888888888888888E-002
        1997   8.8888888888888889E-003
        1998   2.8888888888888888E-002
        1999   1.1111111111111112E-002
        2000   6.6666666666666666E-002
