           1   5.9999999999999998E-002
           2   6.6666666666666671E-003
           3   7.1111111111111111E-002
           4   4.0000000000000001E-002
           5   9.3333333333333338E-002
           6  0.12444444444444444     
           7  0.11555555555555555     
           8   4.6666666666666669E-002
           9   8.8888888888888889E-003
          10   4.4444444444444446E-002
          11   3.3333333333333333E-002
          12   1.3333333333333334E-002
          13   1.3333333333333334E-002
          14   6.2222222222222220E-002
          15  0.10444444444444445     
          16  0.11111111111111110     
          17  0.11777777777777777     
          18  0.19111111111111112     
          19   4.0000000000000001E-002
          20   5.1111111111111114E-002
          21   4.2222222222222223E-002
          22  0.12222222222222222     
          23   5.9999999999999998E-002
          24   3.3333333333333333E-002
          25  0.15777777777777777     
          26  0.10222222222222223     
          27  0.14666666666666667     
          28   8.2222222222222224E-002
          29   5.7777777777777775E-002
          30  0.14888888888888888     
          31   2.2222222222222222E-003
          32   7.7777777777777779E-002
          33   7.7777777777777779E-002
          34   6.6666666666666666E-002
          35   4.0000000000000001E-002
          36  0.16888888888888889     
          37  0.12000000000000000     
          38  0.12888888888888889     
          39   1.1111111111111112E-002
          40   4.0000000000000001E-002
          41   4.4444444444444446E-002
          42   4.6666666666666669E-002
          43   1.1111111111111112E-002
          44   6.6666666666666671E-003
          45   3.1111111111111110E-002
          46   5.7777777777777775E-002
          47  0.12444444444444444     
          48   5.5555555555555552E-002
          49   4.4444444444444444E-003
          50   1.7777777777777778E-002
          51   2.6666666666666668E-002
          52   9.1111111111111115E-002
          53   5.7777777777777775E-002
          54   5.7777777777777775E-002
          55   4.2222222222222223E-002
          56   3.5555555555555556E-002
          57   2.4444444444444446E-002
          58   1.3333333333333334E-002
          59   4.8888888888888891E-002
          60   9.7777777777777783E-002
          61   5.7777777777777775E-002
          62  0.14222222222222222     
          63   8.6666666666666670E-002
          64   7.1111111111111111E-002
          65   5.3333333333333337E-002
          66   7.1111111111111111E-002
          67   3.7777777777777778E-002
          68   3.3333333333333333E-002
          69   5.1111111111111114E-002
          70   8.8888888888888889E-003
          71   3.5555555555555556E-002
          72   8.8888888888888892E-002
          73  0.11333333333333333     
          74   4.8888888888888891E-002
          75   2.2222222222222223E-002
          76  0.17999999999999999     
          77   1.7777777777777778E-002
          78   4.4444444444444446E-002
          79   1.5555555555555555E-002
          80   4.0000000000000001E-002
          81   2.6666666666666668E-002
          82   5.9999999999999998E-002
          83   1.7777777777777778E-002
          84   3.7777777777777778E-002
          85   1.3333333333333334E-002
          86   8.8888888888888889E-003
          87   3.1111111111111110E-002
          88   5.3333333333333337E-002
          89   4.6666666666666669E-002
          90   4.6666666666666669E-002
          91   6.4444444444444443E-002
          92  0.11111111111111110     
          93  0.16888888888888889     
          94   3.3333333333333333E-002
          95  0.15111111111111111     
          96   7.3333333333333334E-002
          97   6.8888888888888888E-002
          98   8.4444444444444447E-002
          99   8.6666666666666670E-002
         100   5.9999999999999998E-002
         101   9.7777777777777783E-002
         102  0.11111111111111110     
         103   3.7777777777777778E-002
         104   4.4444444444444444E-003
         105   5.3333333333333337E-002
         106   1.1111111111111112E-002
         107   4.0000000000000001E-002
         108   0.0000000000000000     
         109   8.6666666666666670E-002
         110   4.6666666666666669E-002
         111   3.7777777777777778E-002
         112   2.8888888888888888E-002
         113   1.5555555555555555E-002
         114   5.3333333333333337E-002
         115   8.4444444444444447E-002
         116   1.3333333333333334E-002
         117  0.19333333333333333     
         118  0.10666666666666667     
         119   4.0000000000000001E-002
         120   4.2222222222222223E-002
         121   6.2222222222222220E-002
         122   2.2222222222222223E-002
         123   8.8888888888888892E-002
         124   4.8888888888888891E-002
         125   5.5555555555555552E-002
         126   6.6666666666666671E-003
         127   3.3333333333333333E-002
         128   1.7777777777777778E-002
         129   5.3333333333333337E-002
         130   9.7777777777777783E-002
         131   3.1111111111111110E-002
         132   5.1111111111111114E-002
         133   8.6666666666666670E-002
         134   9.1111111111111115E-002
         135   7.7777777777777779E-002
         136  0.12000000000000000     
         137  0.20666666666666667     
         138  0.21333333333333335     
         139  0.12000000000000000     
         140   4.4444444444444444E-003
         141   8.8888888888888889E-003
         142   2.8888888888888888E-002
         143  0.15333333333333332     
         144   6.2222222222222220E-002
         145   3.3333333333333333E-002
         146   7.1111111111111111E-002
         147   4.2222222222222223E-002
         148   8.2222222222222224E-002
         149   4.0000000000000001E-002
         150   5.9999999999999998E-002
         151   4.4444444444444444E-003
         152   2.6666666666666668E-002
         153   6.2222222222222220E-002
         154   6.6666666666666671E-003
         155   8.2222222222222224E-002
         156   8.0000000000000002E-002
         157   7.3333333333333334E-002
         158   4.4444444444444444E-003
         159   1.5555555555555555E-002
         160   8.8888888888888889E-003
         161  0.12888888888888889     
         162  0.14000000000000001     
         163   6.4444444444444443E-002
         164   8.2222222222222224E-002
         165   7.5555555555555556E-002
         166   3.7777777777777778E-002
         167  0.11777777777777777     
         168   1.5555555555555555E-002
         169   7.3333333333333334E-002
         170   7.1111111111111111E-002
         171   6.6666666666666666E-002
         172   4.8888888888888891E-002
         173   1.3333333333333334E-002
         174   8.4444444444444447E-002
         175   8.8888888888888889E-003
         176   1.7777777777777778E-002
         177   4.4444444444444446E-002
         178   2.8888888888888888E-002
         179   2.2222222222222222E-003
         180   5.3333333333333337E-002
         181   5.1111111111111114E-002
         182   8.0000000000000002E-002
         183   6.2222222222222220E-002
         184   3.1111111111111110E-002
         185   8.8888888888888892E-002
         186  0.12222222222222222     
         187   7.5555555555555556E-002
         188  0.10888888888888888     
         189   5.5555555555555552E-002
         190   9.7777777777777783E-002
         191   5.1111111111111114E-002
         192   4.6666666666666669E-002
         193   0.0000000000000000     
         194   2.2222222222222223E-002
         195   1.1111111111111112E-002
         196   4.8888888888888891E-002
         197   2.6666666666666668E-002
         198   6.2222222222222220E-002
         199   3.1111111111111110E-002
         200   6.6666666666666671E-003
         201   6.2222222222222220E-002
         202   3.5555555555555556E-002
         203   7.3333333333333334E-002
         204  0.12000000000000000     
         205  0.12222222222222222     
         206   4.8888888888888891E-002
         207   7.3333333333333334E-002
         208  0.13333333333333333     
         209  0.11555555555555555     
         210   4.2222222222222223E-002
         211   8.8888888888888889E-003
         212  0.10444444444444445     
         213   4.6666666666666669E-002
         214  0.13555555555555557     
         215   6.4444444444444443E-002
         216  0.15333333333333332     
         217   5.7777777777777775E-002
         218  0.10222222222222223     
         219   5.3333333333333337E-002
         220   1.3333333333333334E-002
         221   5.7777777777777775E-002
         222   6.4444444444444443E-002
         223   8.8888888888888889E-003
         224   6.2222222222222220E-002
         225   3.1111111111111110E-002
         226   3.3333333333333333E-002
         227  0.11111111111111110     
         228   2.6666666666666668E-002
         229  0.10888888888888888     
         230   1.3333333333333334E-002
         231   2.2222222222222222E-003
         232   8.8888888888888889E-003
         233   4.4444444444444444E-003
         234   2.0000000000000000E-002
         235   3.3333333333333333E-002
         236   8.8888888888888889E-003
         237   6.4444444444444443E-002
         238   3.7777777777777778E-002
         239   5.7777777777777775E-002
         240   2.4444444444444446E-002
         241   0.0000000000000000     
         242   1.5555555555555555E-002
         243   4.4444444444444446E-002
         244   1.3333333333333334E-002
         245   5.3333333333333337E-002
         246  0.11777777777777777     
         247   1.3333333333333334E-002
         248   5.3333333333333337E-002
         249   1.3333333333333334E-002
         250   4.8888888888888891E-002
         251   4.2222222222222223E-002
         252   6.6666666666666671E-003
         253   8.6666666666666670E-002
         254   9.7777777777777783E-002
         255  0.12888888888888889     
         256   4.6666666666666669E-002
         257   0.0000000000000000     
         258   2.0000000000000000E-002
         259   4.4444444444444444E-003
         260   5.5555555555555552E-002
         261   4.6666666666666669E-002
         262   7.1111111111111111E-002
         263   9.3333333333333338E-002
         264  0.11333333333333333     
         265  0.14222222222222222     
         266  0.22888888888888889     
         267   7.3333333333333334E-002
         268   8.6666666666666670E-002
         269  0.14666666666666667     
         270   4.6666666666666669E-002
         271   7.7777777777777779E-002
         272   8.0000000000000002E-002
         273   6.4444444444444443E-002
         274   5.5555555555555552E-002
         275   1.1111111111111112E-002
         276   4.8888888888888891E-002
         277   7.5555555555555556E-002
         278  0.14888888888888888     
         279  0.14000000000000001     
         280   2.6666666666666668E-002
         281   7.3333333333333334E-002
         282   2.2222222222222222E-003
         283   3.7777777777777778E-002
         284   8.0000000000000002E-002
         285   6.6666666666666671E-003
         286  0.13111111111111112     
         287   7.7777777777777779E-002
         288   2.6666666666666668E-002
         289   7.1111111111111111E-002
         290   5.3333333333333337E-002
         291   7.1111111111111111E-002
         292   2.8888888888888888E-002
         293   6.4444444444444443E-002
         294   3.5555555555555556E-002
         295   8.8888888888888889E-003
         296   1.1111111111111112E-002
         297   1.5555555555555555E-002
         298   8.6666666666666670E-002
         299   4.4444444444444444E-003
         300   7.1111111111111111E-002
         301  0.16666666666666666     
         302  0.12444444444444444     
         303   6.6666666666666671E-003
         304   3.5555555555555556E-002
         305   2.4444444444444446E-002
         306   2.2222222222222223E-002
         307   8.2222222222222224E-002
         308   6.6666666666666666E-002
         309   1.7777777777777778E-002
         310   1.5555555555555555E-002
         311   4.4444444444444446E-002
         312   7.5555555555555556E-002
         313  0.10444444444444445     
         314   8.2222222222222224E-002
         315  0.12888888888888889     
         316   6.4444444444444443E-002
         317   2.2222222222222223E-002
         318   2.6666666666666668E-002
         319   6.6666666666666671E-003
         320   4.8888888888888891E-002
         321   4.4444444444444444E-003
         322   4.2222222222222223E-002
         323  0.13777777777777778     
         324  0.13555555555555557     
         325   4.4444444444444446E-002
         326   3.7777777777777778E-002
         327   4.4444444444444444E-003
         328   4.8888888888888891E-002
         329   5.1111111111111114E-002
         330   1.3333333333333334E-002
         331   1.3333333333333334E-002
         332   4.4444444444444446E-002
         333   8.6666666666666670E-002
         334   8.4444444444444447E-002
         335   4.8888888888888891E-002
         336   2.2222222222222223E-002
         337   2.2222222222222222E-003
         338   2.8888888888888888E-002
         339   8.6666666666666670E-002
         340   1.7777777777777778E-002
         341   6.8888888888888888E-002
         342   8.8888888888888889E-003
         343   7.7777777777777779E-002
         344   9.5555555555555560E-002
         345   1.7777777777777778E-002
         346   2.2222222222222222E-003
         347   8.4444444444444447E-002
         348  0.12444444444444444     
         349   2.2222222222222223E-002
         350   1.5555555555555555E-002
         351   7.7777777777777779E-002
         352   3.7777777777777778E-002
         353  0.11111111111111110     
         354   7.7777777777777779E-002
         355  0.12000000000000000     
         356   3.7777777777777778E-002
         357   3.1111111111111110E-002
         358   5.1111111111111114E-002
         359  0.21555555555555556     
         360  0.16000000000000000     
         361  0.11111111111111110     
         362   7.7777777777777779E-002
         363   1.3333333333333334E-002
         364   2.4444444444444446E-002
         365   2.2222222222222222E-003
         366   1.1111111111111112E-002
         367   4.8888888888888891E-002
         368   8.8888888888888889E-003
         369   2.0000000000000000E-002
         370   2.2222222222222223E-002
         371   2.8888888888888888E-002
         372   6.6666666666666666E-002
         373   6.2222222222222220E-002
         374   5.5555555555555552E-002
         375   1.3333333333333334E-002
         376  0.17111111111111110     
         377  0.10000000000000001     
         378  0.14000000000000001     
         379   4.2222222222222223E-002
         380   0.0000000000000000     
         381   4.4444444444444444E-003
         382  0.11111111111111110     
         383   2.8888888888888888E-002
         384   2.6666666666666668E-002
         385   6.6666666666666666E-002
         386   9.5555555555555560E-002
         387  0.17777777777777778     
         388   6.6666666666666666E-002
         389   3.3333333333333333E-002
         390  0.16444444444444445     
         391   5.7777777777777775E-002
         392   8.8888888888888889E-003
         393   1.1111111111111112E-002
         394   3.3333333333333333E-002
         395   3.1111111111111110E-002
         396   2.0000000000000000E-002
         397   5.1111111111111114E-002
         398   2.8888888888888888E-002
         399   2.4444444444444446E-002
         400   4.6666666666666669E-002
         401   2.2222222222222223E-002
         402   9.1111111111111115E-002
         403  0.10666666666666667     
         404   2.8888888888888888E-002
         405   4.2222222222222223E-002
         406   0.0000000000000000     
         407   6.6666666666666671E-003
         408   5.5555555555555552E-002
         409   1.3333333333333334E-002
         410   6.6666666666666671E-003
         411   1.1111111111111112E-002
         412   2.4444444444444446E-002
         413   4.2222222222222223E-002
         414   1.1111111111111112E-002
         415   8.6666666666666670E-002
         416   4.6666666666666669E-002
         417   1.5555555555555555E-002
         418   8.8888888888888889E-003
         419   2.2222222222222222E-003
         420   7.1111111111111111E-002
         421   0.0000000000000000     
         422   3.1111111111111110E-002
         423   7.3333333333333334E-002
         424   1.5555555555555555E-002
         425  0.13777777777777778     
         426   9.5555555555555560E-002
         427   8.8888888888888892E-002
         428  0.11777777777777777     
         429   6.6666666666666666E-002
         430   2.2222222222222222E-003
         431   2.8888888888888888E-002
         432   3.1111111111111110E-002
         433   4.8888888888888891E-002
         434   7.7777777777777779E-002
         435   6.8888888888888888E-002
         436   7.7777777777777779E-002
         437   4.0000000000000001E-002
         438  0.10666666666666667     
         439   7.5555555555555556E-002
         440   2.2222222222222222E-003
         441   8.8888888888888889E-003
         442   4.6666666666666669E-002
         443   8.0000000000000002E-002
         444  0.12888888888888889     
         445   8.4444444444444447E-002
         446   1.7777777777777778E-002
         447   9.1111111111111115E-002
         448   2.2222222222222222E-003
         449   3.1111111111111110E-002
         450   4.4444444444444446E-002
         451   3.7777777777777778E-002
         452   2.4444444444444446E-002
         453  0.10666666666666667     
         454   1.3333333333333334E-002
         455   8.8888888888888889E-003
         456   6.6666666666666666E-002
         457   4.0000000000000001E-002
         458   3.1111111111111110E-002
         459   3.3333333333333333E-002
         460   8.2222222222222224E-002
         461   2.4444444444444446E-002
         462  0.14888888888888888     
         463   9.3333333333333338E-002
         464   5.1111111111111114E-002
         465   8.8888888888888889E-003
         466   4.0000000000000001E-002
         467  0.15333333333333332     
         468   8.6666666666666670E-002
         469   4.0000000000000001E-002
         470   4.4444444444444444E-003
         471   6.2222222222222220E-002
         472   6.6666666666666666E-002
         473   5.1111111111111114E-002
         474  0.13777777777777778     
         475  0.16000000000000000     
         476  0.10000000000000001     
         477   7.7777777777777779E-002
         478   6.6666666666666671E-003
         479   3.1111111111111110E-002
         480   2.2222222222222222E-003
         481  0.11555555555555555     
         482  0.10222222222222223     
         483   8.8888888888888889E-003
         484   1.5555555555555555E-002
         485   2.2222222222222223E-002
         486   2.2222222222222223E-002
         487   1.7777777777777778E-002
         488  0.11333333333333333     
         489   7.1111111111111111E-002
         490   4.4444444444444446E-002
         491   6.8888888888888888E-002
         492   1.1111111111111112E-002
         493   6.2222222222222220E-002
         494   3.5555555555555556E-002
         495   3.5555555555555556E-002
         496   2.8888888888888888E-002
         497   3.3333333333333333E-002
         498   2.6666666666666668E-002
         499   7.3333333333333334E-002
         500   8.8888888888888889E-003
         501   6.6666666666666666E-002
         502   3.7777777777777778E-002
         503  0.12000000000000000     
         504   7.1111111111111111E-002
         505   2.4444444444444446E-002
         506   1.3333333333333334E-002
         507   3.1111111111111110E-002
         508   9.1111111111111115E-002
         509   2.4444444444444446E-002
         510   2.2222222222222222E-003
         511  0.10222222222222223     
         512   6.4444444444444443E-002
         513   8.8888888888888892E-002
         514   2.6666666666666668E-002
         515   3.5555555555555556E-002
         516   6.6666666666666671E-003
         517   4.2222222222222223E-002
         518   5.3333333333333337E-002
         519   2.4444444444444446E-002
         520   7.5555555555555556E-002
         521   7.1111111111111111E-002
         522   4.2222222222222223E-002
         523   4.8888888888888891E-002
         524   8.4444444444444447E-002
         525   2.2222222222222223E-002
         526   5.7777777777777775E-002
         527   5.3333333333333337E-002
         528   4.2222222222222223E-002
         529   2.0000000000000000E-002
         530   4.0000000000000001E-002
         531   7.5555555555555556E-002
         532   3.5555555555555556E-002
         533   2.8888888888888888E-002
         534   8.4444444444444447E-002
         535   6.6666666666666671E-003
         536   5.7777777777777775E-002
         537   6.4444444444444443E-002
         538   3.5555555555555556E-002
         539   3.3333333333333333E-002
         540   4.2222222222222223E-002
         541   5.9999999999999998E-002
         542   1.3333333333333334E-002
         543   4.4444444444444446E-002
         544  0.12222222222222222     
         545  0.10000000000000001     
         546   4.4444444444444446E-002
         547   1.3333333333333334E-002
         548   2.2222222222222222E-003
         549   6.2222222222222220E-002
         550  0.16000000000000000     
         551   5.5555555555555552E-002
         552   8.6666666666666670E-002
         553  0.11111111111111110     
         554  0.12666666666666668     
         555   2.6666666666666668E-002
         556   2.4444444444444446E-002
         557   5.5555555555555552E-002
         558   4.6666666666666669E-002
         559   1.3333333333333334E-002
         560   3.7777777777777778E-002
         561   3.5555555555555556E-002
         562   3.1111111111111110E-002
         563  0.16000000000000000     
         564  0.16000000000000000     
         565  0.15555555555555556     
         566   6.6666666666666666E-002
         567   9.1111111111111115E-002
         568  0.10000000000000001     
         569   5.9999999999999998E-002
         570   6.2222222222222220E-002
         571   1.7777777777777778E-002
         572   9.5555555555555560E-002
         573  0.12222222222222222     
         574   5.5555555555555552E-002
         575   3.3333333333333333E-002
         576   6.4444444444444443E-002
         577   6.6666666666666671E-003
         578   3.1111111111111110E-002
         579   3.7777777777777778E-002
         580   1.5555555555555555E-002
         581   9.3333333333333338E-002
         582   3.3333333333333333E-002
         583   8.8888888888888889E-003
         584   5.7777777777777775E-002
         585   5.3333333333333337E-002
         586   5.9999999999999998E-002
         587   4.2222222222222223E-002
         588  0.12666666666666668     
         589   7.3333333333333334E-002
         590   6.4444444444444443E-002
         591   8.6666666666666670E-002
         592   8.4444444444444447E-002
         593   5.5555555555555552E-002
         594   1.5555555555555555E-002
         595   5.5555555555555552E-002
         596   2.0000000000000000E-002
         597   4.2222222222222223E-002
         598   1.3333333333333334E-002
         599   1.1111111111111112E-002
         600   4.8888888888888891E-002
         601   5.9999999999999998E-002
         602   4.6666666666666669E-002
         603   1.5555555555555555E-002
         604   2.2222222222222223E-002
         605   5.5555555555555552E-002
         606  0.12444444444444444     
         607   7.1111111111111111E-002
         608   7.5555555555555556E-002
         609   7.7777777777777779E-002
         610   9.5555555555555560E-002
         611   5.7777777777777775E-002
         612   0.0000000000000000     
         613   2.2222222222222222E-003
         614   6.6666666666666666E-002
         615   2.0000000000000000E-002
         616   1.5555555555555555E-002
         617   0.0000000000000000     
         618   8.8888888888888892E-002
         619  0.10222222222222223     
         620  0.13111111111111112     
         621  0.10888888888888888     
         622  0.23999999999999999     
         623   9.3333333333333338E-002
         624   2.2222222222222223E-002
         625   3.3333333333333333E-002
         626   4.4444444444444446E-002
         627   1.1111111111111112E-002
         628   4.4444444444444446E-002
         629   4.2222222222222223E-002
         630   3.5555555555555556E-002
         631   3.3333333333333333E-002
         632   8.8888888888888889E-003
         633   1.5555555555555555E-002
         634   7.7777777777777779E-002
         635   7.1111111111111111E-002
         636  0.10222222222222223     
         637   5.5555555555555552E-002
         638   8.6666666666666670E-002
         639   8.8888888888888892E-002
         640   9.5555555555555560E-002
         641   2.6666666666666668E-002
         642  0.10000000000000001     
         643   5.1111111111111114E-002
         644   0.0000000000000000     
         645   1.1111111111111112E-002
         646   4.0000000000000001E-002
         647   4.0000000000000001E-002
         648   2.4444444444444446E-002
         649   3.3333333333333333E-002
         650   4.4444444444444444E-003
         651   5.1111111111111114E-002
         652   7.5555555555555556E-002
         653   3.1111111111111110E-002
         654  0.10888888888888888     
         655   6.4444444444444443E-002
         656   2.8888888888888888E-002
         657   2.6666666666666668E-002
         658   6.6666666666666671E-003
         659   6.2222222222222220E-002
         660   4.4444444444444446E-002
         661   4.6666666666666669E-002
         662   1.7777777777777778E-002
         663   2.6666666666666668E-002
         664   5.7777777777777775E-002
         665   3.7777777777777778E-002
         666  0.12666666666666668     
         667   5.7777777777777775E-002
         668   3.5555555555555556E-002
         669   2.2222222222222223E-002
         670   5.3333333333333337E-002
         671   5.3333333333333337E-002
         672   4.4444444444444444E-003
         673   0.0000000000000000     
         674   3.7777777777777778E-002
         675   4.0000000000000001E-002
         676   4.0000000000000001E-002
         677   8.8888888888888889E-003
         678   6.4444444444444443E-002
         679   2.6666666666666668E-002
         680   9.1111111111111115E-002
         681  0.13333333333333333     
         682   3.7777777777777778E-002
         683   4.6666666666666669E-002
         684   4.4444444444444444E-003
         685   5.3333333333333337E-002
         686  0.10444444444444445     
         687   2.4444444444444446E-002
         688   2.8888888888888888E-002
         689   0.0000000000000000     
         690   0.0000000000000000     
         691  0.15111111111111111     
         692  0.10888888888888888     
         693   0.0000000000000000     
         694   0.0000000000000000     
         695   5.7777777777777775E-002
         696  0.12000000000000000     
         697   4.6666666666666669E-002
         698   9.1111111111111115E-002
         699   2.8888888888888888E-002
         700   6.6666666666666666E-002
         701   8.8888888888888889E-003
         702   6.8888888888888888E-002
         703   2.4444444444444446E-002
         704   2.4444444444444446E-002
         705   2.0000000000000000E-002
         706   7.7777777777777779E-002
         707   9.3333333333333338E-002
         708  0.12666666666666668     
         709   6.8888888888888888E-002
         710   1.1111111111111112E-002
         711   4.0000000000000001E-002
         712   4.4444444444444446E-002
         713   3.3333333333333333E-002
         714   7.5555555555555556E-002
         715   4.4444444444444446E-002
         716   8.2222222222222224E-002
         717   1.7777777777777778E-002
         718   8.8888888888888889E-003
         719   8.8888888888888889E-003
         720   5.5555555555555552E-002
         721   8.2222222222222224E-002
         722   1.1111111111111112E-002
         723   4.4444444444444446E-002
         724   0.0000000000000000     
         725   1.1111111111111112E-002
         726   0.0000000000000000     
         727   1.3333333333333334E-002
         728   9.5555555555555560E-002
         729   5.1111111111111114E-002
         730   5.7777777777777775E-002
         731   8.0000000000000002E-002
         732   3.7777777777777778E-002
         733   2.0000000000000000E-002
         734   4.8888888888888891E-002
         735   3.1111111111111110E-002
         736   1.1111111111111112E-002
         737   8.8888888888888889E-003
         738   6.4444444444444443E-002
         739   4.2222222222222223E-002
         740   3.5555555555555556E-002
         741   4.4444444444444446E-002
         742   5.3333333333333337E-002
         743   4.8888888888888891E-002
         744   6.6666666666666671E-003
         745   5.7777777777777775E-002
         746  0.15333333333333332     
         747   5.1111111111111114E-002
         748   8.8888888888888889E-003
         749   2.0000000000000000E-002
         750   1.1111111111111112E-002
         751   5.1111111111111114E-002
         752   1.5555555555555555E-002
         753  0.13333333333333333     
         754  0.11111111111111110     
         755   8.8888888888888892E-002
         756   4.4444444444444444E-003
         757   2.6666666666666668E-002
         758   7.5555555555555556E-002
         759   8.8888888888888889E-003
         760   1.1111111111111112E-002
         761   0.0000000000000000     
         762   2.4444444444444446E-002
         763  0.10000000000000001     
         764  0.12888888888888889     
         765   8.0000000000000002E-002
         766   7.7777777777777779E-002
         767   3.1111111111111110E-002
         768   5.9999999999999998E-002
         769  0.12222222222222222     
         770   5.7777777777777775E-002
         771   8.4444444444444447E-002
         772  0.11111111111111110     
         773   5.5555555555555552E-002
         774   1.7777777777777778E-002
         775   6.2222222222222220E-002
         776   2.8888888888888888E-002
         777   3.1111111111111110E-002
         778   6.6666666666666671E-003
         779  0.12888888888888889     
         780   1.5555555555555555E-002
         781   6.2222222222222220E-002
         782   4.8888888888888891E-002
         783   3.7777777777777778E-002
         784   3.3333333333333333E-002
         785   4.4444444444444444E-003
         786   9.3333333333333338E-002
         787  0.10666666666666667     
         788  0.10666666666666667     
         789   1.1111111111111112E-002
         790   4.4444444444444446E-002
         791   2.2222222222222222E-003
         792   7.5555555555555556E-002
         793   4.0000000000000001E-002
         794   4.0000000000000001E-002
         795   7.5555555555555556E-002
         796   9.1111111111111115E-002
         797   5.1111111111111114E-002
         798   7.5555555555555556E-002
         799   3.1111111111111110E-002
         800   2.6666666666666668E-002
         801   2.6666666666666668E-002
         802   4.8888888888888891E-002
         803   6.6666666666666671E-003
         804   4.4444444444444444E-003
         805   8.6666666666666670E-002
         806   7.7777777777777779E-002
         807  0.12000000000000000     
         808  0.10222222222222223     
         809   6.2222222222222220E-002
         810   5.9999999999999998E-002
         811   1.3333333333333334E-002
         812   2.2222222222222223E-002
         813   4.6666666666666669E-002
         814   7.3333333333333334E-002
         815   4.4444444444444444E-003
         816  0.12888888888888889     
         817   5.5555555555555552E-002
         818  0.15333333333333332     
         819   3.5555555555555556E-002
         820  0.10222222222222223     
         821   3.7777777777777778E-002
         822   1.5555555555555555E-002
         823   4.4444444444444444E-003
         824   2.8888888888888888E-002
         825   5.7777777777777775E-002
         826   6.6666666666666671E-003
         827   4.4444444444444446E-002
         828   4.2222222222222223E-002
         829   2.8888888888888888E-002
         830   2.6666666666666668E-002
         831   1.7777777777777778E-002
         832   7.1111111111111111E-002
         833   3.7777777777777778E-002
         834   5.5555555555555552E-002
         835   3.3333333333333333E-002
         836   2.6666666666666668E-002
         837   4.8888888888888891E-002
         838   6.4444444444444443E-002
         839   5.5555555555555552E-002
         840   6.6666666666666671E-003
         841   5.3333333333333337E-002
         842   4.4444444444444444E-003
         843   3.1111111111111110E-002
         844   8.0000000000000002E-002
         845  0.22222222222222221     
         846  0.13555555555555557     
         847   6.4444444444444443E-002
         848  0.11555555555555555     
         849   4.0000000000000001E-002
         850   2.4444444444444446E-002
         851   6.4444444444444443E-002
         852   7.3333333333333334E-002
         853  0.13555555555555557     
         854  0.18444444444444444     
         855   8.0000000000000002E-002
         856   1.5555555555555555E-002
         857   1.3333333333333334E-002
         858   3.1111111111111110E-002
         859   3.1111111111111110E-002
         860   5.7777777777777775E-002
         861   7.7777777777777779E-002
         862   8.2222222222222224E-002
         863  0.16000000000000000     
         864   8.2222222222222224E-002
         865   2.4444444444444446E-002
         866   8.6666666666666670E-002
         867   3.5555555555555556E-002
         868  0.15555555555555556     
         869   2.2222222222222222E-003
         870  0.10000000000000001     
         871  0.12666666666666668     
         872   7.1111111111111111E-002
         873   6.6666666666666671E-003
         874   5.7777777777777775E-002
         875   2.4444444444444446E-002
         876   1.1111111111111112E-002
         877   9.3333333333333338E-002
         878   5.1111111111111114E-002
         879   8.0000000000000002E-002
         880   4.4444444444444444E-003
         881   7.3333333333333334E-002
         882   5.5555555555555552E-002
         883   7.5555555555555556E-002
         884   5.5555555555555552E-002
         885   4.8888888888888891E-002
         886   6.4444444444444443E-002
         887   3.3333333333333333E-002
         888   5.1111111111111114E-002
         889  0.13777777777777778     
         890   4.0000000000000001E-002
         891   4.8888888888888891E-002
         892   2.2222222222222223E-002
         893   3.5555555555555556E-002
         894   8.8888888888888889E-003
         895   6.6666666666666666E-002
         896  0.12444444444444444     
         897  0.11333333333333333     
         898   2.0000000000000000E-002
         899   2.6666666666666668E-002
         900   5.7777777777777775E-002
         901   1.7777777777777778E-002
         902   3.5555555555555556E-002
         903   4.4444444444444446E-002
         904   1.3333333333333334E-002
         905  0.11333333333333333     
         906  0.12666666666666668     
         907   2.0000000000000000E-002
         908   7.1111111111111111E-002
         909   9.3333333333333338E-002
         910   8.8888888888888889E-003
         911   8.8888888888888889E-003
         912   0.0000000000000000     
         913   3.3333333333333333E-002
         914   7.3333333333333334E-002
         915   8.6666666666666670E-002
         916   4.4444444444444446E-002
         917   1.1111111111111112E-002
         918   8.8888888888888889E-003
         919   2.8888888888888888E-002
         920   1.5555555555555555E-002
         921   6.8888888888888888E-002
         922  0.11555555555555555     
         923  0.10888888888888888     
         924  0.10666666666666667     
         925   4.6666666666666669E-002
         926   1.3333333333333334E-002
         927  0.10000000000000001     
         928   3.5555555555555556E-002
         929   6.2222222222222220E-002
         930  0.11555555555555555     
         931  0.13333333333333333     
         932   8.2222222222222224E-002
         933   2.4444444444444446E-002
         934   2.4444444444444446E-002
         935   4.8888888888888891E-002
         936   8.8888888888888892E-002
         937   1.5555555555555555E-002
         938   4.2222222222222223E-002
         939   3.1111111111111110E-002
         940   4.4444444444444444E-003
         941  0.12000000000000000     
         942   2.8888888888888888E-002
         943   7.5555555555555556E-002
         944   4.2222222222222223E-002
         945   3.3333333333333333E-002
         946   3.5555555555555556E-002
         947   7.3333333333333334E-002
         948   2.6666666666666668E-002
         949   7.3333333333333334E-002
         950  0.14888888888888888     
         951   3.3333333333333333E-002
         952   4.8888888888888891E-002
         953   4.0000000000000001E-002
         954   5.9999999999999998E-002
         955   7.1111111111111111E-002
         956  0.16000000000000000     
         957  0.14666666666666667     
         958   8.8888888888888892E-002
         959   2.0000000000000000E-002
         960   2.4444444444444446E-002
         961   2.6666666666666668E-002
         962   3.7777777777777778E-002
         963   2.8888888888888888E-002
         964   5.5555555555555552E-002
         965   6.2222222222222220E-002
         966   4.6666666666666669E-002
         967   6.6666666666666666E-002
         968  0.10444444444444445     
         969  0.21777777777777776     
         970  0.11111111111111110     
         971   6.6666666666666666E-002
         972   1.3333333333333334E-002
         973   1.5555555555555555E-002
         974   6.6666666666666671E-003
         975   4.8888888888888891E-002
         976   6.4444444444444443E-002
         977   7.1111111111111111E-002
         978   9.7777777777777783E-002
         979   2.8888888888888888E-002
         980   8.0000000000000002E-002
         981   4.6666666666666669E-002
         982  0.11777777777777777     
         983   6.6666666666666666E-002
         984   3.5555555555555556E-002
         985   9.5555555555555560E-002
         986   5.3333333333333337E-002
         987   2.2222222222222222E-003
         988   2.4444444444444446E-002
         989   5.9999999999999998E-002
         990   4.2222222222222223E-002
         991   1.3333333333333334E-002
         992   2.6666666666666668E-002
         993   4.4444444444444444E-003
         994   1.7777777777777778E-002
         995  0.11777777777777777     
         996   5.3333333333333337E-002
         997   6.6666666666666666E-002
         998   3.1111111111111110E-002
         999   4.4444444444444444E-003
        1000   3.1111111111111110E-002
        1001   1.3333333333333334E-002
        1002   3.1111111111111110E-002
        1003   3.1111111111111110E-002
        1004   1.3333333333333334E-002
        1005   9.7777777777777783E-002
        1006   2.6666666666666668E-002
        1007   2.0000000000000000E-002
        1008   6.6666666666666666E-002
        1009   3.3333333333333333E-002
        1010   2.8888888888888888E-002
        1011   4.2222222222222223E-002
        1012   5.9999999999999998E-002
        1013   3.5555555555555556E-002
        1014   3.1111111111111110E-002
        1015   3.1111111111111110E-002
        1016   2.8888888888888888E-002
        1017   6.4444444444444443E-002
        1018  0.14888888888888888     
        1019   4.4444444444444446E-002
        1020   3.5555555555555556E-002
        1021   9.5555555555555560E-002
        1022   1.7777777777777778E-002
        1023   3.5555555555555556E-002
        1024   5.5555555555555552E-002
        1025   4.4444444444444446E-002
        1026   4.0000000000000001E-002
        1027   2.2222222222222222E-003
        1028   2.0000000000000000E-002
        1029   1.7777777777777778E-002
        1030   2.0000000000000000E-002
        1031   5.1111111111111114E-002
        1032   6.4444444444444443E-002
        1033   5.9999999999999998E-002
        1034   4.0000000000000001E-002
        1035   4.2222222222222223E-002
        1036   2.2222222222222222E-003
        1037  0.11333333333333333     
        1038   1.1111111111111112E-002
        1039   2.8888888888888888E-002
        1040   1.7777777777777778E-002
        1041   3.1111111111111110E-002
        1042   6.4444444444444443E-002
        1043   4.6666666666666669E-002
        1044   1.1111111111111112E-002
        1045   6.4444444444444443E-002
        1046   3.5555555555555556E-002
        1047   4.2222222222222223E-002
        1048   9.3333333333333338E-002
        1049   1.1111111111111112E-002
        1050   2.2222222222222222E-003
        1051   2.4444444444444446E-002
        1052   3.1111111111111110E-002
        1053   2.4444444444444446E-002
        1054   3.7777777777777778E-002
        1055   2.8888888888888888E-002
        1056   2.8888888888888888E-002
        1057   2.2222222222222223E-002
        1058   8.8888888888888889E-003
        1059   1.3333333333333334E-002
        1060   5.9999999999999998E-002
        1061   1.1111111111111112E-002
        1062   3.1111111111111110E-002
        1063   2.2222222222222223E-002
        1064   2.4444444444444446E-002
        1065   4.6666666666666669E-002
        1066   4.8888888888888891E-002
        1067   6.4444444444444443E-002
        1068   7.3333333333333334E-002
        1069   1.7777777777777778E-002
        1070   8.8888888888888892E-002
        1071  0.10444444444444445     
        1072  0.15555555555555556     
        1073   8.2222222222222224E-002
        1074   6.2222222222222220E-002
        1075   8.0000000000000002E-002
        1076   5.3333333333333337E-002
        1077   3.5555555555555556E-002
        1078   1.7777777777777778E-002
        1079   6.6666666666666666E-002
        1080   8.0000000000000002E-002
        1081   9.5555555555555560E-002
        1082  0.10000000000000001     
        1083   1.7777777777777778E-002
        1084   5.9999999999999998E-002
        1085   4.0000000000000001E-002
        1086   5.1111111111111114E-002
        1087  0.11555555555555555     
        1088  0.15555555555555556     
        1089   4.4444444444444444E-003
        1090  0.14222222222222222     
        1091  0.12222222222222222     
        1092   6.8888888888888888E-002
        1093   4.4444444444444444E-003
        1094   3.7777777777777778E-002
        1095   5.7777777777777775E-002
        1096   6.8888888888888888E-002
        1097   3.5555555555555556E-002
        1098   4.4444444444444444E-003
        1099   2.2222222222222223E-002
        1100   1.1111111111111112E-002
        1101   2.2222222222222222E-003
        1102   1.7777777777777778E-002
        1103   2.2222222222222222E-003
        1104   0.0000000000000000     
        1105   4.8888888888888891E-002
        1106   6.8888888888888888E-002
        1107  0.12666666666666668     
        1108   5.5555555555555552E-002
        1109  0.10666666666666667     
        1110   3.5555555555555556E-002
        1111  0.12222222222222222     
        1112   8.8888888888888889E-003
        1113   1.3333333333333334E-002
        1114  0.12444444444444444     
        1115   1.5555555555555555E-002
        1116   8.8888888888888889E-003
        1117   4.4444444444444444E-003
        1118   5.5555555555555552E-002
        1119   6.6666666666666666E-002
        1120   7.1111111111111111E-002
        1121  0.10222222222222223     
        1122   4.6666666666666669E-002
        1123   4.2222222222222223E-002
        1124   2.8888888888888888E-002
        1125   3.7777777777777778E-002
        1126   2.2222222222222223E-002
        1127   1.3333333333333334E-002
        1128  0.13777777777777778     
        1129   4.4444444444444444E-003
        1130   4.0000000000000001E-002
        1131   9.7777777777777783E-002
        1132   6.4444444444444443E-002
        1133   7.7777777777777779E-002
        1134   3.1111111111111110E-002
        1135  0.11555555555555555     
        1136   6.4444444444444443E-002
        1137   4.4444444444444446E-002
        1138   7.7777777777777779E-002
        1139   4.4444444444444446E-002
        1140   0.0000000000000000     
        1141   7.5555555555555556E-002
        1142  0.13555555555555557     
        1143   6.6666666666666671E-003
        1144   2.8888888888888888E-002
        1145   1.1111111111111112E-002
        1146   9.3333333333333338E-002
        1147   8.4444444444444447E-002
        1148   3.7777777777777778E-002
        1149   8.2222222222222224E-002
        1150  0.10666666666666667     
        1151   6.8888888888888888E-002
        1152   3.7777777777777778E-002
        1153   2.2222222222222223E-002
        1154   3.7777777777777778E-002
        1155   8.6666666666666670E-002
        1156   2.0000000000000000E-002
        1157   5.1111111111111114E-002
        1158   5.1111111111111114E-002
        1159   2.2222222222222222E-003
        1160  0.14222222222222222     
        1161  0.10666666666666667     
        1162  0.10444444444444445     
        1163  0.15111111111111111     
        1164   2.4444444444444446E-002
        1165   1.1111111111111112E-002
        1166   2.6666666666666668E-002
        1167  0.13777777777777778     
        1168  0.12666666666666668     
        1169   6.4444444444444443E-002
        1170   8.8888888888888889E-003
        1171   6.6666666666666666E-002
        1172   9.1111111111111115E-002
        1173  0.11111111111111110     
        1174  0.14000000000000001     
        1175   4.8888888888888891E-002
        1176   7.5555555555555556E-002
        1177   3.3333333333333333E-002
        1178   5.7777777777777775E-002
        1179   4.6666666666666669E-002
        1180  0.17555555555555555     
        1181   9.3333333333333338E-002
        1182  0.14000000000000001     
        1183  0.12222222222222222     
        1184   8.8888888888888889E-003
        1185   7.1111111111111111E-002
        1186   5.1111111111111114E-002
        1187   8.8888888888888889E-003
        1188   2.0000000000000000E-002
        1189   8.8888888888888889E-003
        1190  0.10222222222222223     
        1191  0.12666666666666668     
        1192  0.14888888888888888     
        1193   2.0000000000000000E-002
        1194  0.10222222222222223     
        1195  0.11555555555555555     
        1196   3.3333333333333333E-002
        1197  0.11333333333333333     
        1198   4.2222222222222223E-002
        1199  0.10888888888888888     
        1200   9.3333333333333338E-002
        1201   2.4444444444444446E-002
        1202   6.2222222222222220E-002
        1203   0.0000000000000000     
        1204   6.2222222222222220E-002
        1205   7.7777777777777779E-002
        1206   2.0000000000000000E-002
        1207   4.8888888888888891E-002
        1208  0.11333333333333333     
        1209   5.3333333333333337E-002
        1210  0.10000000000000001     
        1211   2.8888888888888888E-002
        1212   1.5555555555555555E-002
        1213   1.1111111111111112E-002
        1214   6.8888888888888888E-002
        1215  0.10000000000000001     
        1216   2.0000000000000000E-002
        1217   5.7777777777777775E-002
        1218   7.5555555555555556E-002
        1219  0.10444444444444445     
        1220   6.8888888888888888E-002
        1221  0.13555555555555557     
        1222   3.7777777777777778E-002
        1223   7.1111111111111111E-002
        1224   1.5555555555555555E-002
        1225   5.3333333333333337E-002
        1226   5.3333333333333337E-002
        1227   4.8888888888888891E-002
        1228   7.1111111111111111E-002
        1229   1.3333333333333334E-002
        1230   2.2222222222222223E-002
        1231  0.13555555555555557     
        1232  0.16444444444444445     
        1233  0.20222222222222222     
        1234  0.12222222222222222     
        1235  0.10444444444444445     
        1236   5.5555555555555552E-002
        1237   5.7777777777777775E-002
        1238  0.15777777777777777     
        1239  0.17333333333333334     
        1240   9.7777777777777783E-002
        1241  0.11333333333333333     
        1242   5.5555555555555552E-002
        1243   4.8888888888888891E-002
        1244   3.5555555555555556E-002
        1245   7.3333333333333334E-002
        1246   2.2222222222222223E-002
        1247   8.8888888888888889E-003
        1248   2.2222222222222222E-003
        1249   1.7777777777777778E-002
        1250   5.7777777777777775E-002
        1251   2.2222222222222222E-003
        1252   5.7777777777777775E-002
        1253   5.7777777777777775E-002
        1254   1.3333333333333334E-002
        1255   6.4444444444444443E-002
        1256   7.1111111111111111E-002
        1257   3.3333333333333333E-002
        1258   3.1111111111111110E-002
        1259   5.9999999999999998E-002
        1260  0.11333333333333333     
        1261   4.8888888888888891E-002
        1262   7.1111111111111111E-002
        1263  0.10000000000000001     
        1264   6.6666666666666666E-002
        1265  0.11555555555555555     
        1266   9.1111111111111115E-002
        1267   2.2222222222222222E-003
        1268   4.8888888888888891E-002
        1269   1.3333333333333334E-002
        1270   1.1111111111111112E-002
        1271   1.1111111111111112E-002
        1272   6.6666666666666671E-003
        1273   2.2222222222222222E-003
        1274   5.3333333333333337E-002
        1275   4.6666666666666669E-002
        1276   6.6666666666666671E-003
        1277   2.8888888888888888E-002
        1278   7.3333333333333334E-002
        1279   4.2222222222222223E-002
        1280   6.6666666666666671E-003
        1281   2.4444444444444446E-002
        1282   5.3333333333333337E-002
        1283  0.13555555555555557     
        1284   8.4444444444444447E-002
        1285   8.0000000000000002E-002
        1286   5.3333333333333337E-002
        1287   3.7777777777777778E-002
        1288   6.6666666666666671E-003
        1289  0.11777777777777777     
        1290  0.10888888888888888     
        1291   5.3333333333333337E-002
        1292   2.2222222222222223E-002
        1293   9.7777777777777783E-002
        1294  0.11555555555555555     
        1295  0.15777777777777777     
        1296   5.3333333333333337E-002
        1297   8.0000000000000002E-002
        1298   2.2222222222222223E-002
        1299   1.7777777777777778E-002
        1300   6.4444444444444443E-002
        1301   3.1111111111111110E-002
        1302   1.1111111111111112E-002
        1303   2.2222222222222222E-003
        1304   2.2222222222222222E-003
        1305   3.3333333333333333E-002
        1306   6.6666666666666671E-003
        1307   6.8888888888888888E-002
        1308   9.7777777777777783E-002
        1309   1.1111111111111112E-002
        1310   7.3333333333333334E-002
        1311   0.0000000000000000     
        1312   4.6666666666666669E-002
        1313   9.3333333333333338E-002
        1314   3.1111111111111110E-002
        1315   4.2222222222222223E-002
        1316   7.5555555555555556E-002
        1317   1.1111111111111112E-002
        1318   1.3333333333333334E-002
        1319  0.12222222222222222     
        1320   3.5555555555555556E-002
        1321   4.4444444444444444E-003
        1322   2.0000000000000000E-002
        1323   2.2222222222222222E-003
        1324   2.6666666666666668E-002
        1325   1.7777777777777778E-002
        1326   4.2222222222222223E-002
        1327   1.5555555555555555E-002
        1328   8.0000000000000002E-002
        1329   6.6666666666666666E-002
        1330   8.8888888888888889E-003
        1331   6.6666666666666671E-003
        1332   7.5555555555555556E-002
        1333   4.6666666666666669E-002
        1334   9.7777777777777783E-002
        1335  0.12000000000000000     
        1336   1.3333333333333334E-002
        1337   2.6666666666666668E-002
        1338   2.2222222222222223E-002
        1339   6.8888888888888888E-002
        1340   2.8888888888888888E-002
        1341  0.10444444444444445     
        1342   6.2222222222222220E-002
        1343   2.6666666666666668E-002
        1344   5.1111111111111114E-002
        1345  0.12444444444444444     
        1346   2.8888888888888888E-002
        1347   6.6666666666666666E-002
        1348   4.0000000000000001E-002
        1349   5.3333333333333337E-002
        1350   3.1111111111111110E-002
        1351   4.2222222222222223E-002
        1352   1.1111111111111112E-002
        1353   2.2222222222222222E-003
        1354   2.4444444444444446E-002
        1355  0.12666666666666668     
        1356   4.2222222222222223E-002
        1357   5.1111111111111114E-002
        1358   4.6666666666666669E-002
        1359   9.3333333333333338E-002
        1360   5.7777777777777775E-002
        1361   4.4444444444444446E-002
        1362   2.2222222222222222E-003
        1363   2.8888888888888888E-002
        1364   8.6666666666666670E-002
        1365   2.6666666666666668E-002
        1366   8.8888888888888889E-003
        1367   2.2222222222222222E-003
        1368   8.2222222222222224E-002
        1369   4.4444444444444444E-003
        1370   4.2222222222222223E-002
        1371   5.3333333333333337E-002
        1372   7.1111111111111111E-002
        1373   7.7777777777777779E-002
        1374   2.2222222222222222E-003
        1375   3.5555555555555556E-002
        1376   5.9999999999999998E-002
        1377   7.1111111111111111E-002
        1378   5.5555555555555552E-002
        1379   9.5555555555555560E-002
        1380   5.9999999999999998E-002
        1381   2.2222222222222223E-002
        1382  0.12222222222222222     
        1383   6.2222222222222220E-002
        1384   5.5555555555555552E-002
        1385  0.10666666666666667     
        1386  0.12888888888888889     
        1387   3.3333333333333333E-002
        1388   1.7777777777777778E-002
        1389   8.8888888888888889E-003
        1390   7.3333333333333334E-002
        1391   4.8888888888888891E-002
        1392   4.6666666666666669E-002
        1393   2.2222222222222222E-003
        1394   6.6666666666666666E-002
        1395   6.4444444444444443E-002
        1396   1.7777777777777778E-002
        1397   5.1111111111111114E-002
        1398   3.5555555555555556E-002
        1399   5.3333333333333337E-002
        1400   8.8888888888888889E-003
        1401   9.3333333333333338E-002
        1402   6.8888888888888888E-002
        1403   8.6666666666666670E-002
        1404   4.4444444444444446E-002
        1405   3.1111111111111110E-002
        1406   1.5555555555555555E-002
        1407   2.8888888888888888E-002
        1408   3.1111111111111110E-002
        1409   3.5555555555555556E-002
        1410   2.6666666666666668E-002
        1411   1.1111111111111112E-002
        1412   4.0000000000000001E-002
        1413   6.8888888888888888E-002
        1414   7.7777777777777779E-002
        1415  0.13111111111111112     
        1416  0.12888888888888889     
        1417   7.3333333333333334E-002
        1418   2.6666666666666668E-002
        1419   5.7777777777777775E-002
        1420   6.4444444444444443E-002
        1421  0.10888888888888888     
        1422   6.6666666666666666E-002
        1423   4.0000000000000001E-002
        1424   6.8888888888888888E-002
        1425   2.6666666666666668E-002
        1426   1.7777777777777778E-002
        1427  0.14444444444444443     
        1428  0.15777777777777777     
        1429  0.22666666666666666     
        1430  0.11555555555555555     
        1431  0.11777777777777777     
        1432   5.1111111111111114E-002
        1433   3.3333333333333333E-002
        1434   3.3333333333333333E-002
        1435   9.3333333333333338E-002
        1436  0.14000000000000001     
        1437  0.13111111111111112     
        1438   8.6666666666666670E-002
        1439   2.2222222222222223E-002
        1440   5.3333333333333337E-002
        1441   6.6666666666666666E-002
        1442   6.6666666666666671E-003
        1443  0.10888888888888888     
        1444   4.4444444444444446E-002
        1445   5.3333333333333337E-002
        1446   9.1111111111111115E-002
        1447   3.7777777777777778E-002
        1448   1.3333333333333334E-002
        1449   2.4444444444444446E-002
        1450   3.7777777777777778E-002
        1451   9.7777777777777783E-002
        1452   9.5555555555555560E-002
        1453   1.5555555555555555E-002
        1454   2.6666666666666668E-002
        1455   6.8888888888888888E-002
        1456   1.1111111111111112E-002
        1457   1.3333333333333334E-002
        1458   2.8888888888888888E-002
        1459   6.6666666666666666E-002
        1460  0.12888888888888889     
        1461   8.0000000000000002E-002
        1462   6.2222222222222220E-002
        1463   7.3333333333333334E-002
        1464   5.1111111111111114E-002
        1465   6.6666666666666671E-003
        1466   2.2222222222222223E-002
        1467   4.4444444444444444E-003
        1468   9.5555555555555560E-002
        1469   3.7777777777777778E-002
        1470   2.6666666666666668E-002
        1471   4.4444444444444444E-003
        1472   1.5555555555555555E-002
        1473   4.0000000000000001E-002
        1474   4.4444444444444444E-003
        1475   1.1111111111111112E-002
        1476  0.12444444444444444     
        1477   1.1111111111111112E-002
        1478   1.7777777777777778E-002
        1479  0.14222222222222222     
        1480   7.1111111111111111E-002
        1481   4.0000000000000001E-002
        1482   9.7777777777777783E-002
        1483   5.9999999999999998E-002
        1484   9.1111111111111115E-002
        1485   3.3333333333333333E-002
        1486   3.5555555555555556E-002
        1487   6.4444444444444443E-002
        1488   2.2222222222222223E-002
        1489   3.1111111111111110E-002
        1490   3.5555555555555556E-002
        1491   2.8888888888888888E-002
        1492   9.7777777777777783E-002
        1493   5.7777777777777775E-002
        1494   8.8888888888888892E-002
        1495   7.3333333333333334E-002
        1496   5.7777777777777775E-002
        1497  0.10888888888888888     
        1498   2.2222222222222223E-002
        1499   1.5555555555555555E-002
        1500   4.2222222222222223E-002
        1501   6.6666666666666671E-003
        1502   0.0000000000000000     
        1503   1.3333333333333334E-002
        1504   3.1111111111111110E-002
        1505   2.2222222222222222E-003
        1506   5.5555555555555552E-002
        1507   1.1111111111111112E-002
        1508   5.1111111111111114E-002
        1509   3.7777777777777778E-002
        1510   4.6666666666666669E-002
        1511   7.1111111111111111E-002
        1512   1.3333333333333334E-002
        1513   6.2222222222222220E-002
        1514   2.8888888888888888E-002
        1515   8.6666666666666670E-002
        1516  0.18222222222222223     
        1517   9.5555555555555560E-002
        1518   4.6666666666666669E-002
        1519  0.17555555555555555     
        1520   2.2222222222222222E-003
        1521   3.7777777777777778E-002
        1522   3.1111111111111110E-002
        1523   1.5555555555555555E-002
        1524   2.0000000000000000E-002
        1525   2.2222222222222223E-002
        1526   3.1111111111111110E-002
        1527   1.5555555555555555E-002
        1528   7.1111111111111111E-002
        1529   7.1111111111111111E-002
        1530   1.1111111111111112E-002
        1531   8.6666666666666670E-002
        1532   2.6666666666666668E-002
        1533   7.5555555555555556E-002
        1534   6.8888888888888888E-002
        1535   3.5555555555555556E-002
        1536   5.9999999999999998E-002
        1537   2.8888888888888888E-002
        1538   2.2222222222222223E-002
        1539   4.0000000000000001E-002
        1540   2.0000000000000000E-002
        1541   8.8888888888888889E-003
        1542   1.3333333333333334E-002
        1543   2.2222222222222223E-002
        1544   1.1111111111111112E-002
        1545   8.2222222222222224E-002
        1546  0.17111111111111110     
        1547  0.17111111111111110     
        1548   8.2222222222222224E-002
        1549   8.6666666666666670E-002
        1550  0.13111111111111112     
        1551   5.7777777777777775E-002
        1552   3.7777777777777778E-002
        1553  0.16444444444444445     
        1554   5.7777777777777775E-002
        1555   1.7777777777777778E-002
        1556   2.4444444444444446E-002
        1557  0.12444444444444444     
        1558   8.2222222222222224E-002
        1559   6.6666666666666671E-003
        1560   6.6666666666666666E-002
        1561   5.3333333333333337E-002
        1562   5.3333333333333337E-002
        1563   4.6666666666666669E-002
        1564   4.4444444444444444E-003
        1565   8.6666666666666670E-002
        1566   9.5555555555555560E-002
        1567   4.4444444444444444E-003
        1568   2.0000000000000000E-002
        1569   4.8888888888888891E-002
        1570   3.5555555555555556E-002
        1571  0.12222222222222222     
        1572   3.5555555555555556E-002
        1573   4.4444444444444444E-003
        1574   2.8888888888888888E-002
        1575   8.0000000000000002E-002
        1576   8.0000000000000002E-002
        1577   6.6666666666666666E-002
        1578   8.6666666666666670E-002
        1579   9.7777777777777783E-002
        1580   2.8888888888888888E-002
        1581  0.11333333333333333     
        1582   7.7777777777777779E-002
        1583   7.3333333333333334E-002
        1584  0.13555555555555557     
        1585   8.2222222222222224E-002
        1586   9.5555555555555560E-002
        1587   2.4444444444444446E-002
        1588   3.3333333333333333E-002
        1589  0.13777777777777778     
        1590   7.1111111111111111E-002
        1591   3.3333333333333333E-002
        1592   2.2222222222222222E-003
        1593   2.6666666666666668E-002
        1594  0.12222222222222222     
        1595   4.4444444444444446E-002
        1596  0.11777777777777777     
        1597  0.11555555555555555     
        1598   8.8888888888888889E-003
        1599   4.4444444444444446E-002
        1600   1.3333333333333334E-002
        1601   1.3333333333333334E-002
        1602   1.3333333333333334E-002
        1603   7.1111111111111111E-002
        1604   5.9999999999999998E-002
        1605   4.0000000000000001E-002
        1606   5.1111111111111114E-002
        1607   6.6666666666666666E-002
        1608   3.5555555555555556E-002
        1609   4.6666666666666669E-002
        1610   2.6666666666666668E-002
        1611   0.0000000000000000     
        1612   2.4444444444444446E-002
        1613   4.4444444444444444E-003
        1614   1.3333333333333334E-002
        1615   4.2222222222222223E-002
        1616   9.5555555555555560E-002
        1617   3.3333333333333333E-002
        1618   4.6666666666666669E-002
        1619   6.6666666666666671E-003
        1620   4.0000000000000001E-002
        1621   5.5555555555555552E-002
        1622   7.7777777777777779E-002
        1623   4.2222222222222223E-002
        1624   4.2222222222222223E-002
        1625   3.5555555555555556E-002
        1626   5.3333333333333337E-002
        1627   4.8888888888888891E-002
        1628   1.1111111111111112E-002
        1629   4.0000000000000001E-002
        1630   3.7777777777777778E-002
        1631   6.4444444444444443E-002
        1632   4.4444444444444446E-002
        1633   9.1111111111111115E-002
        1634   2.8888888888888888E-002
        1635   1.5555555555555555E-002
        1636   1.3333333333333334E-002
        1637   9.3333333333333338E-002
        1638   8.8888888888888889E-003
        1639   6.6666666666666671E-003
        1640   6.2222222222222220E-002
        1641  0.14222222222222222     
        1642   9.7777777777777783E-002
        1643   6.2222222222222220E-002
        1644   5.1111111111111114E-002
        1645   2.8888888888888888E-002
        1646   2.4444444444444446E-002
        1647   6.2222222222222220E-002
        1648   2.4444444444444446E-002
        1649   1.5555555555555555E-002
        1650   2.2222222222222223E-002
        1651   6.6666666666666671E-003
        1652   1.7777777777777778E-002
        1653   5.9999999999999998E-002
        1654   2.0000000000000000E-002
        1655   2.0000000000000000E-002
        1656   5.9999999999999998E-002
        1657   4.6666666666666669E-002
        1658   3.7777777777777778E-002
        1659   6.4444444444444443E-002
        1660   5.7777777777777775E-002
        1661   9.3333333333333338E-002
        1662   9.7777777777777783E-002
        1663  0.15111111111111111     
        1664   1.7777777777777778E-002
        1665   6.6666666666666671E-003
        1666   8.0000000000000002E-002
        1667  0.12222222222222222     
        1668   7.1111111111111111E-002
        1669  0.16444444444444445     
        1670  0.14444444444444443     
        1671   7.3333333333333334E-002
        1672   5.5555555555555552E-002
        1673   4.0000000000000001E-002
        1674   5.9999999999999998E-002
        1675   4.8888888888888891E-002
        1676   2.2222222222222222E-003
        1677   2.4444444444444446E-002
        1678   8.0000000000000002E-002
        1679   3.7777777777777778E-002
        1680   1.5555555555555555E-002
        1681   2.4444444444444446E-002
        1682   2.2222222222222222E-003
        1683   4.8888888888888891E-002
        1684   1.3333333333333334E-002
        1685   2.0000000000000000E-002
        1686   7.7777777777777779E-002
        1687   8.8888888888888889E-003
        1688   1.5555555555555555E-002
        1689  0.15333333333333332     
        1690   4.4444444444444446E-002
        1691   7.1111111111111111E-002
        1692   6.2222222222222220E-002
        1693   9.1111111111111115E-002
        1694   5.5555555555555552E-002
        1695  0.11111111111111110     
        1696  0.12222222222222222     
        1697   5.3333333333333337E-002
        1698   7.3333333333333334E-002
        1699   3.5555555555555556E-002
        1700  0.10222222222222223     
        1701   8.6666666666666670E-002
        1702   6.8888888888888888E-002
        1703   0.0000000000000000     
        1704   4.0000000000000001E-002
        1705   3.1111111111111110E-002
        1706   8.8888888888888889E-003
        1707   5.7777777777777775E-002
        1708   1.5555555555555555E-002
        1709   1.7777777777777778E-002
        1710   5.3333333333333337E-002
        1711   4.6666666666666669E-002
        1712   0.0000000000000000     
        1713   5.9999999999999998E-002
        1714   7.7777777777777779E-002
        1715   2.6666666666666668E-002
        1716  0.11777777777777777     
        1717  0.11555555555555555     
        1718  0.16888888888888889     
        1719  0.14444444444444443     
        1720   7.3333333333333334E-002
        1721   2.2222222222222222E-003
        1722   3.5555555555555556E-002
        1723   6.6666666666666671E-003
        1724   2.2222222222222223E-002
        1725   2.4444444444444446E-002
        1726   6.6666666666666671E-003
        1727   2.2222222222222222E-003
        1728   3.5555555555555556E-002
        1729   5.1111111111111114E-002
        1730   5.3333333333333337E-002
        1731   6.2222222222222220E-002
        1732   5.5555555555555552E-002
        1733   8.8888888888888889E-003
        1734  0.11111111111111110     
        1735   1.1111111111111112E-002
        1736   5.3333333333333337E-002
        1737   4.4444444444444446E-002
        1738  0.11333333333333333     
        1739   6.6666666666666671E-003
        1740   5.9999999999999998E-002
        1741   4.2222222222222223E-002
        1742  0.11111111111111110     
        1743   7.1111111111111111E-002
        1744   9.1111111111111115E-002
        1745   6.4444444444444443E-002
        1746   1.7777777777777778E-002
        1747   8.8888888888888889E-003
        1748   7.3333333333333334E-002
        1749   4.8888888888888891E-002
        1750   3.1111111111111110E-002
        1751   6.6666666666666671E-003
        1752   8.0000000000000002E-002
        1753   1.3333333333333334E-002
        1754   4.0000000000000001E-002
        1755   1.7777777777777778E-002
        1756   1.1111111111111112E-002
        1757   4.6666666666666669E-002
        1758   5.5555555555555552E-002
        1759   2.4444444444444446E-002
        1760  0.10444444444444445     
        1761   4.4444444444444446E-002
        1762   2.2222222222222222E-003
        1763   3.3333333333333333E-002
        1764   5.9999999999999998E-002
        1765   5.5555555555555552E-002
        1766   2.6666666666666668E-002
        1767   4.6666666666666669E-002
        1768   6.2222222222222220E-002
        1769  0.15111111111111111     
        1770   1.7777777777777778E-002
        1771   0.0000000000000000     
        1772   0.0000000000000000     
        1773   4.4444444444444444E-003
        1774   3.5555555555555556E-002
        1775   6.2222222222222220E-002
        1776   6.6666666666666666E-002
        1777   6.6666666666666666E-002
        1778   1.5555555555555555E-002
        1779   2.2222222222222223E-002
        1780   4.6666666666666669E-002
        1781   2.4444444444444446E-002
        1782   1.7777777777777778E-002
        1783   5.3333333333333337E-002
        1784   6.2222222222222220E-002
        1785   2.0000000000000000E-002
        1786   5.7777777777777775E-002
        1787   9.5555555555555560E-002
        1788   1.1111111111111112E-002
        1789  0.12888888888888889     
        1790   6.6666666666666666E-002
        1791   6.6666666666666671E-003
        1792   2.8888888888888888E-002
        1793   2.6666666666666668E-002
        1794   3.1111111111111110E-002
        1795  0.10222222222222223     
        1796   6.8888888888888888E-002
        1797   2.6666666666666668E-002
        1798   4.4444444444444444E-003
        1799   6.6666666666666666E-002
        1800   1.5555555555555555E-002
        1801   3.1111111111111110E-002
        1802   5.5555555555555552E-002
        1803   3.5555555555555556E-002
        1804   3.1111111111111110E-002
        1805   2.2222222222222222E-003
        1806   5.3333333333333337E-002
        1807   8.8888888888888892E-002
        1808   4.4444444444444444E-003
        1809   8.0000000000000002E-002
        1810   2.8888888888888888E-002
        1811  0.17777777777777778     
        1812   6.8888888888888888E-002
        1813  0.13555555555555557     
        1814   4.4444444444444444E-003
        1815   5.9999999999999998E-002
        1816   5.3333333333333337E-002
        1817  0.10222222222222223     
        1818   5.7777777777777775E-002
        1819   4.2222222222222223E-002
        1820  0.10888888888888888     
        1821   8.4444444444444447E-002
        1822   1.3333333333333334E-002
        1823   5.7777777777777775E-002
        1824   9.1111111111111115E-002
        1825   5.5555555555555552E-002
        1826  0.14444444444444443     
        1827   7.5555555555555556E-002
        1828   5.1111111111111114E-002
        1829  0.10444444444444445     
        1830   4.4444444444444444E-003
        1831   7.1111111111111111E-002
        1832   2.0000000000000000E-002
        1833   5.5555555555555552E-002
        1834  0.17777777777777778     
        1835   8.8888888888888892E-002
        1836  0.15555555555555556     
        1837   6.4444444444444443E-002
        1838   3.1111111111111110E-002
        1839   2.0000000000000000E-002
        1840   9.3333333333333338E-002
        1841   5.9999999999999998E-002
        1842   8.2222222222222224E-002
        1843  0.10222222222222223     
        1844   1.5555555555555555E-002
        1845   2.8888888888888888E-002
        1846   2.4444444444444446E-002
        1847   6.8888888888888888E-002
        1848   3.3333333333333333E-002
        1849   1.5555555555555555E-002
        1850   5.9999999999999998E-002
        1851   4.4444444444444446E-002
        1852  0.10888888888888888     
        1853  0.13111111111111112     
        1854  0.13111111111111112     
        1855   5.9999999999999998E-002
        1856   5.1111111111111114E-002
        1857   2.4444444444444446E-002
        1858  0.12222222222222222     
        1859   1.3333333333333334E-002
        1860   2.0000000000000000E-002
        1861   3.3333333333333333E-002
        1862   6.8888888888888888E-002
        1863   6.4444444444444443E-002
        1864   1.1111111111111112E-002
        1865   2.2222222222222222E-003
        1866   2.6666666666666668E-002
        1867   7.7777777777777779E-002
        1868   7.5555555555555556E-002
        1869   8.8888888888888889E-003
        1870   3.5555555555555556E-002
        1871  0.19111111111111112     
        1872   8.8888888888888892E-002
        1873   4.6666666666666669E-002
        1874   5.5555555555555552E-002
        1875   4.6666666666666669E-002
        1876   5.7777777777777775E-002
        1877   3.3333333333333333E-002
        1878   7.5555555555555556E-002
        1879   3.5555555555555556E-002
        1880   8.8888888888888889E-003
        1881  0.13111111111111112     
        1882  0.12000000000000000     
        1883   9.7777777777777783E-002
        1884  0.10666666666666667     
        1885   7.7777777777777779E-002
        1886   5.9999999999999998E-002
        1887   8.8888888888888889E-003
        1888   2.0000000000000000E-002
        1889   1.1111111111111112E-002
        1890   0.0000000000000000     
        1891   2.2222222222222223E-002
        1892   8.2222222222222224E-002
        1893   1.3333333333333334E-002
        1894   1.7777777777777778E-002
        1895   8.8888888888888889E-003
        1896   5.5555555555555552E-002
        1897   3.5555555555555556E-002
        1898   5.3333333333333337E-002
        1899   6.6666666666666671E-003
        1900   8.0000000000000002E-002
        1901   6.8888888888888888E-002
        1902  0.12444444444444444     
        1903   3.3333333333333333E-002
        1904  0.16000000000000000     
        1905  0.12444444444444444     
        1906   5.9999999999999998E-002
        1907   9.7777777777777783E-002
        1908   2.0000000000000000E-002
        1909   8.8888888888888889E-003
        1910   4.6666666666666669E-002
        1911   3.3333333333333333E-002
        1912   8.8888888888888892E-002
        1913  0.11555555555555555     
        1914   5.7777777777777775E-002
        1915   9.7777777777777783E-002
        1916   1.3333333333333334E-002
        1917   3.3333333333333333E-002
        1918   1.3333333333333334E-002
        1919   3.1111111111111110E-002
        1920   5.5555555555555552E-002
        1921  0.14222222222222222     
        1922   4.4444444444444446E-002
        1923   1.1111111111111112E-002
        1924  0.11333333333333333     
        1925   4.8888888888888891E-002
        1926   2.8888888888888888E-002
        1927   7.7777777777777779E-002
        1928   3.1111111111111110E-002
        1929   9.5555555555555560E-002
        1930   3.5555555555555556E-002
        1931   9.5555555555555560E-002
        1932   6.6666666666666666E-002
        1933   6.2222222222222220E-002
        1934   5.5555555555555552E-002
        1935   6.6666666666666671E-003
        1936   2.2222222222222223E-002
        1937   6.6666666666666666E-002
        1938   3.5555555555555556E-002
        1939   5.9999999999999998E-002
        1940   2.2222222222222222E-003
        1941   9.1111111111111115E-002
        1942   9.5555555555555560E-002
        1943   5.7777777777777775E-002
        1944   5.9999999999999998E-002
        1945  0.15111111111111111     
        1946  0.14666666666666667     
        1947  0.10666666666666667     
        1948   7.1111111111111111E-002
        1949  0.11333333333333333     
        1950   5.5555555555555552E-002
        1951   2.2222222222222222E-003
        1952   7.5555555555555556E-002
        1953   6.4444444444444443E-002
        1954  0.11777777777777777     
        1955  0.10888888888888888     
        1956   3.7777777777777778E-002
        1957   6.2222222222222220E-002
        1958   9.7777777777777783E-002
        1959   9.3333333333333338E-002
        1960   1.3333333333333334E-002
        1961   1.5555555555555555E-002
        1962   2.8888888888888888E-002
        1963   8.8888888888888889E-003
        1964   4.4444444444444444E-003
        1965  0.14000000000000001     
        1966   8.6666666666666670E-002
        1967   1.5555555555555555E-002
        1968   5.9999999999999998E-002
        1969   7.1111111111111111E-002
        1970   6.2222222222222220E-002
        1971   3.3333333333333333E-002
        1972   2.0000000000000000E-002
        1973   4.2222222222222223E-002
        1974   8.0000000000000002E-002
        1975   8.6666666666666670E-002
        1976   5.1111111111111114E-002
        1977  0.11111111111111110     
        1978   6.8888888888888888E-002
        1979   5.9999999999999998E-002
        1980   4.0000000000000001E-002
        1981   1.5555555555555555E-002
        1982   1.3333333333333334E-002
        1983   8.8888888888888892E-002
        1984   5.5555555555555552E-002
        1985   4.0000000000000001E-002
        1986   7.3333333333333334E-002
        1987  0.12444444444444444     
        1988  0.12666666666666668     
        1989  0.12888888888888889     
        1990   6.2222222222222220E-002
        1991   6.6666666666666666E-002
        1992   5.3333333333333337E-002
        1993   6.6666666666666671E-003
        1994   1.1111111111111112E-002
        1995  0.15111111111111111     
        1996   3.1111111111111110E-002
        1997   3.7777777777777778E-002
        1998   3.7777777777777778E-002
        1999   3.5555555555555556E-002
        2000   8.2222222222222224E-002
