           1  0.99555555555555553     
           2  0.98444444444444446     
           3  0.99777777777777776     
           4  0.99333333333333329     
           5  0.99555555555555553     
           6  0.99777777777777776     
           7  0.99777777777777776     
           8   1.0000000000000000     
           9  0.99777777777777776     
          10  0.99555555555555553     
          11  0.99555555555555553     
          12   1.0000000000000000     
          13  0.99777777777777776     
          14  0.98888888888888893     
          15  0.98888888888888893     
          16  0.98888888888888893     
          17  0.99777777777777776     
          18   1.0000000000000000     
          19   1.0000000000000000     
          20  0.99777777777777776     
          21  0.99777777777777776     
          22  0.99555555555555553     
          23   1.0000000000000000     
          24  0.99777777777777776     
          25  0.99333333333333329     
          26  0.99777777777777776     
          27  0.99555555555555553     
          28  0.99111111111111116     
          29   1.0000000000000000     
          30  0.99555555555555553     
          31  0.99111111111111116     
          32  0.99777777777777776     
          33   1.0000000000000000     
          34  0.99333333333333329     
          35  0.99777777777777776     
          36  0.99555555555555553     
          37  0.99555555555555553     
          38  0.99777777777777776     
          39  0.99777777777777776     
          40  0.99555555555555553     
          41  0.99777777777777776     
          42  0.99555555555555553     
          43  0.99555555555555553     
          44  0.99333333333333329     
          45   1.0000000000000000     
          46  0.99777777777777776     
          47  0.99555555555555553     
          48  0.99333333333333329     
          49  0.99111111111111116     
          50  0.99555555555555553     
          51  0.99333333333333329     
          52  0.99777777777777776     
          53   1.0000000000000000     
          54  0.99777777777777776     
          55  0.99777777777777776     
          56  0.99333333333333329     
          57  0.99555555555555553     
          58  0.99333333333333329     
          59  0.99333333333333329     
          60   1.0000000000000000     
          61  0.99111111111111116     
          62   1.0000000000000000     
          63   1.0000000000000000     
          64  0.98666666666666669     
          65  0.99555555555555553     
          66  0.99333333333333329     
          67  0.99777777777777776     
          68  0.99555555555555553     
          69  0.99777777777777776     
          70  0.99777777777777776     
          71  0.99555555555555553     
          72   1.0000000000000000     
          73   1.0000000000000000     
          74  0.99555555555555553     
          75  0.99777777777777776     
          76   1.0000000000000000     
          77  0.99777777777777776     
          78  0.99777777777777776     
          79  0.99777777777777776     
          80  0.99333333333333329     
          81  0.99555555555555553     
          82  0.99777777777777776     
          83   1.0000000000000000     
          84  0.99777777777777776     
          85  0.99777777777777776     
          86  0.99111111111111116     
          87  0.99777777777777776     
          88  0.99777777777777776     
          89  0.99777777777777776     
          90  0.99333333333333329     
          91  0.99333333333333329     
          92  0.99555555555555553     
          93  0.99111111111111116     
          94  0.99777777777777776     
          95  0.99777777777777776     
          96  0.99777777777777776     
          97  0.99555555555555553     
          98  0.99777777777777776     
          99  0.99111111111111116     
         100  0.99333333333333329     
         101  0.99777777777777776     
         102  0.98888888888888893     
         103  0.99333333333333329     
         104  0.99777777777777776     
         105  0.98888888888888893     
         106  0.99111111111111116     
         107  0.98666666666666669     
         108  0.99777777777777776     
         109  0.98888888888888893     
         110   1.0000000000000000     
         111  0.99555555555555553     
         112  0.99333333333333329     
         113  0.99555555555555553     
         114  0.99777777777777776     
         115   1.0000000000000000     
         116  0.99333333333333329     
         117   1.0000000000000000     
         118  0.99777777777777776     
         119  0.99333333333333329     
         120  0.99333333333333329     
         121  0.99111111111111116     
         122  0.99333333333333329     
         123  0.99777777777777776     
         124  0.99555555555555553     
         125  0.99333333333333329     
         126  0.99333333333333329     
         127  0.99555555555555553     
         128  0.99333333333333329     
         129  0.99777777777777776     
         130  0.99777777777777776     
         131   1.0000000000000000     
         132  0.99555555555555553     
         133  0.99555555555555553     
         134  0.99333333333333329     
         135  0.99777777777777776     
         136  0.98666666666666669     
         137  0.99555555555555553     
         138  0.99333333333333329     
         139  0.98888888888888893     
         140  0.99777777777777776     
         141  0.99777777777777776     
         142  0.99777777777777776     
         143  0.99777777777777776     
         144  0.99777777777777776     
         145  0.99777777777777776     
         146  0.99777777777777776     
         147  0.99333333333333329     
         148  0.99111111111111116     
         149  0.99777777777777776     
         150  0.99777777777777776     
         151  0.99555555555555553     
         152  0.99777777777777776     
         153  0.99777777777777776     
         154  0.99111111111111116     
         155  0.99555555555555553     
         156  0.99555555555555553     
         157  0.99777777777777776     
         158  0.99555555555555553     
         159  0.99333333333333329     
         160  0.98666666666666669     
         161  0.99555555555555553     
         162  0.99555555555555553     
         163  0.99777777777777776     
         164  0.99333333333333329     
         165  0.99111111111111116     
         166  0.98666666666666669     
         167  0.99333333333333329     
         168  0.99777777777777776     
         169   1.0000000000000000     
         170   1.0000000000000000     
         171   1.0000000000000000     
         172   1.0000000000000000     
         173  0.99777777777777776     
         174  0.99111111111111116     
         175  0.99333333333333329     
         176  0.99777777777777776     
         177  0.99777777777777776     
         178   1.0000000000000000     
         179  0.99777777777777776     
         180  0.99555555555555553     
         181   1.0000000000000000     
         182   1.0000000000000000     
         183  0.98666666666666669     
         184   1.0000000000000000     
         185   1.0000000000000000     
         186   1.0000000000000000     
         187   1.0000000000000000     
         188  0.99777777777777776     
         189  0.99555555555555553     
         190  0.99777777777777776     
         191  0.99333333333333329     
         192  0.99777777777777776     
         193  0.99333333333333329     
         194  0.99555555555555553     
         195   1.0000000000000000     
         196  0.99555555555555553     
         197  0.99555555555555553     
         198  0.99777777777777776     
         199  0.99777777777777776     
         200  0.98888888888888893     
         201  0.99555555555555553     
         202   1.0000000000000000     
         203  0.99777777777777776     
         204  0.99111111111111116     
         205   1.0000000000000000     
         206  0.99777777777777776     
         207  0.99777777777777776     
         208  0.99111111111111116     
         209  0.98888888888888893     
         210  0.99555555555555553     
         211  0.99777777777777776     
         212  0.99555555555555553     
         213  0.99777777777777776     
         214  0.99555555555555553     
         215  0.99777777777777776     
         216  0.99333333333333329     
         217  0.99555555555555553     
         218  0.99111111111111116     
         219  0.99555555555555553     
         220  0.99555555555555553     
         221   1.0000000000000000     
         222   1.0000000000000000     
         223  0.99555555555555553     
         224  0.99555555555555553     
         225  0.99777777777777776     
         226  0.99777777777777776     
         227  0.99555555555555553     
         228  0.99555555555555553     
         229  0.99555555555555553     
         230  0.99555555555555553     
         231  0.98222222222222222     
         232  0.99555555555555553     
         233  0.99777777777777776     
         234  0.99111111111111116     
         235  0.98888888888888893     
         236   1.0000000000000000     
         237  0.99555555555555553     
         238  0.98666666666666669     
         239  0.99333333333333329     
         240  0.99777777777777776     
         241  0.98666666666666669     
         242  0.99555555555555553     
         243  0.99777777777777776     
         244  0.99777777777777776     
         245   1.0000000000000000     
         246  0.99777777777777776     
         247  0.99333333333333329     
         248   1.0000000000000000     
         249  0.99777777777777776     
         250  0.99555555555555553     
         251  0.99777777777777776     
         252  0.99333333333333329     
         253  0.99333333333333329     
         254   1.0000000000000000     
         255  0.99555555555555553     
         256  0.99777777777777776     
         257  0.99777777777777776     
         258  0.99111111111111116     
         259   1.0000000000000000     
         260   1.0000000000000000     
         261  0.99111111111111116     
         262  0.99333333333333329     
         263   1.0000000000000000     
         264  0.99777777777777776     
         265  0.99333333333333329     
         266  0.99555555555555553     
         267  0.98888888888888893     
         268  0.99777777777777776     
         269  0.99777777777777776     
         270  0.99555555555555553     
         271  0.99555555555555553     
         272  0.99555555555555553     
         273  0.99111111111111116     
         274  0.99555555555555553     
         275  0.99555555555555553     
         276  0.99333333333333329     
         277   1.0000000000000000     
         278  0.99555555555555553     
         279  0.99555555555555553     
         280   1.0000000000000000     
         281  0.99777777777777776     
         282  0.99333333333333329     
         283  0.99777777777777776     
         284   1.0000000000000000     
         285  0.99555555555555553     
         286  0.99333333333333329     
         287  0.99777777777777776     
         288  0.99777777777777776     
         289  0.99777777777777776     
         290  0.99777777777777776     
         291   1.0000000000000000     
         292  0.99333333333333329     
         293  0.99555555555555553     
         294  0.99555555555555553     
         295  0.99333333333333329     
         296  0.99777777777777776     
         297  0.99777777777777776     
         298  0.99777777777777776     
         299  0.99777777777777776     
         300  0.99555555555555553     
         301  0.99777777777777776     
         302  0.99111111111111116     
         303  0.99555555555555553     
         304  0.99777777777777776     
         305  0.99777777777777776     
         306  0.99333333333333329     
         307  0.98888888888888893     
         308  0.99777777777777776     
         309  0.99333333333333329     
         310  0.99777777777777776     
         311  0.99777777777777776     
         312  0.99111111111111116     
         313  0.99777777777777776     
         314  0.99333333333333329     
         315  0.99555555555555553     
         316  0.99555555555555553     
         317  0.99777777777777776     
         318   1.0000000000000000     
         319  0.99777777777777776     
         320  0.99777777777777776     
         321   1.0000000000000000     
         322  0.98888888888888893     
         323  0.99777777777777776     
         324  0.99555555555555553     
         325  0.99111111111111116     
         326  0.99333333333333329     
         327  0.99333333333333329     
         328  0.98888888888888893     
         329  0.99111111111111116     
         330  0.99777777777777776     
         331  0.99333333333333329     
         332  0.99333333333333329     
         333  0.99777777777777776     
         334  0.99777777777777776     
         335  0.99555555555555553     
         336   1.0000000000000000     
         337  0.99777777777777776     
         338  0.99777777777777776     
         339   1.0000000000000000     
         340  0.99555555555555553     
         341  0.98888888888888893     
         342  0.99777777777777776     
         343   1.0000000000000000     
         344  0.99777777777777776     
         345  0.99111111111111116     
         346  0.99777777777777776     
         347  0.99777777777777776     
         348  0.99777777777777776     
         349  0.99555555555555553     
         350  0.99111111111111116     
         351  0.99777777777777776     
         352   1.0000000000000000     
         353  0.99777777777777776     
         354  0.99111111111111116     
         355   1.0000000000000000     
         356  0.99333333333333329     
         357  0.99777777777777776     
         358  0.99555555555555553     
         359  0.98888888888888893     
         360  0.99777777777777776     
         361  0.99333333333333329     
         362  0.99333333333333329     
         363   1.0000000000000000     
         364   1.0000000000000000     
         365  0.99333333333333329     
         366  0.99555555555555553     
         367  0.99777777777777776     
         368  0.98888888888888893     
         369  0.99333333333333329     
         370  0.99777777777777776     
         371  0.99777777777777776     
         372  0.99555555555555553     
         373  0.99555555555555553     
         374  0.99777777777777776     
         375  0.99777777777777776     
         376   1.0000000000000000     
         377   1.0000000000000000     
         378  0.98666666666666669     
         379   1.0000000000000000     
         380  0.99555555555555553     
         381  0.99777777777777776     
         382   1.0000000000000000     
         383  0.99111111111111116     
         384  0.99333333333333329     
         385  0.99777777777777776     
         386   1.0000000000000000     
         387  0.99777777777777776     
         388  0.99555555555555553     
         389  0.99555555555555553     
         390   1.0000000000000000     
         391  0.98888888888888893     
         392  0.99555555555555553     
         393   1.0000000000000000     
         394   1.0000000000000000     
         395  0.99777777777777776     
         396   1.0000000000000000     
         397  0.99111111111111116     
         398  0.99555555555555553     
         399  0.99777777777777776     
         400  0.99555555555555553     
         401  0.99777777777777776     
         402  0.99777777777777776     
         403  0.99777777777777776     
         404  0.99333333333333329     
         405  0.99777777777777776     
         406   1.0000000000000000     
         407  0.99777777777777776     
         408  0.98888888888888893     
         409  0.99777777777777776     
         410  0.99777777777777776     
         411  0.99333333333333329     
         412  0.99777777777777776     
         413  0.99555555555555553     
         414  0.99555555555555553     
         415   1.0000000000000000     
         416  0.99555555555555553     
         417   1.0000000000000000     
         418   1.0000000000000000     
         419  0.99333333333333329     
         420  0.99777777777777776     
         421  0.99333333333333329     
         422  0.99333333333333329     
         423  0.99777777777777776     
         424  0.99333333333333329     
         425  0.99333333333333329     
         426  0.99555555555555553     
         427   1.0000000000000000     
         428  0.99777777777777776     
         429  0.99777777777777776     
         430  0.99777777777777776     
         431  0.99555555555555553     
         432  0.99111111111111116     
         433  0.99777777777777776     
         434  0.99777777777777776     
         435  0.99555555555555553     
         436  0.99333333333333329     
         437  0.99333333333333329     
         438  0.99555555555555553     
         439  0.99333333333333329     
         440  0.98888888888888893     
         441  0.99555555555555553     
         442  0.99555555555555553     
         443   1.0000000000000000     
         444   1.0000000000000000     
         445  0.99333333333333329     
         446  0.99777777777777776     
         447  0.99333333333333329     
         448  0.99333333333333329     
         449  0.99777777777777776     
         450  0.99555555555555553     
         451  0.99555555555555553     
         452   1.0000000000000000     
         453  0.99111111111111116     
         454   1.0000000000000000     
         455  0.99555555555555553     
         456  0.99111111111111116     
         457  0.99555555555555553     
         458  0.99333333333333329     
         459  0.99777777777777776     
         460  0.99555555555555553     
         461   1.0000000000000000     
         462  0.99777777777777776     
         463   1.0000000000000000     
         464  0.99777777777777776     
         465  0.99777777777777776     
         466  0.99777777777777776     
         467  0.99777777777777776     
         468  0.98222222222222222     
         469  0.99555555555555553     
         470  0.99777777777777776     
         471  0.99777777777777776     
         472  0.99555555555555553     
         473  0.99777777777777776     
         474  0.99555555555555553     
         475  0.99777777777777776     
         476  0.99777777777777776     
         477  0.99333333333333329     
         478  0.98888888888888893     
         479  0.99333333333333329     
         480  0.99333333333333329     
         481  0.98888888888888893     
         482   1.0000000000000000     
         483  0.99777777777777776     
         484  0.99777777777777776     
         485  0.99777777777777776     
         486   1.0000000000000000     
         487  0.99777777777777776     
         488  0.99111111111111116     
         489  0.99333333333333329     
         490  0.99333333333333329     
         491  0.99555555555555553     
         492   1.0000000000000000     
         493  0.99777777777777776     
         494  0.99777777777777776     
         495  0.99777777777777776     
         496   1.0000000000000000     
         497  0.99777777777777776     
         498   1.0000000000000000     
         499  0.99555555555555553     
         500   1.0000000000000000     
         501   1.0000000000000000     
         502  0.99777777777777776     
         503  0.99777777777777776     
         504   1.0000000000000000     
         505   1.0000000000000000     
         506   1.0000000000000000     
         507   1.0000000000000000     
         508  0.99777777777777776     
         509  0.99777777777777776     
         510  0.99555555555555553     
         511  0.98888888888888893     
         512  0.99333333333333329     
         513   1.0000000000000000     
         514  0.99777777777777776     
         515  0.99333333333333329     
         516  0.99555555555555553     
         517  0.99777777777777776     
         518  0.99555555555555553     
         519   1.0000000000000000     
         520  0.99555555555555553     
         521  0.99333333333333329     
         522  0.99111111111111116     
         523  0.99777777777777776     
         524  0.99555555555555553     
         525  0.98888888888888893     
         526  0.99555555555555553     
         527  0.99777777777777776     
         528  0.99333333333333329     
         529   1.0000000000000000     
         530   1.0000000000000000     
         531  0.99111111111111116     
         532  0.99777777777777776     
         533  0.99555555555555553     
         534  0.98666666666666669     
         535  0.98666666666666669     
         536   1.0000000000000000     
         537  0.99555555555555553     
         538   1.0000000000000000     
         539  0.99333333333333329     
         540  0.99333333333333329     
         541  0.99777777777777776     
         542   1.0000000000000000     
         543  0.99777777777777776     
         544  0.99555555555555553     
         545   1.0000000000000000     
         546  0.98888888888888893     
         547  0.99555555555555553     
         548  0.99777777777777776     
         549  0.99777777777777776     
         550   1.0000000000000000     
         551  0.99777777777777776     
         552  0.99777777777777776     
         553   1.0000000000000000     
         554  0.99777777777777776     
         555  0.99777777777777776     
         556  0.99555555555555553     
         557  0.99777777777777776     
         558  0.99777777777777776     
         559  0.99111111111111116     
         560  0.99555555555555553     
         561  0.99555555555555553     
         562  0.99777777777777776     
         563   1.0000000000000000     
         564  0.99555555555555553     
         565   1.0000000000000000     
         566  0.99333333333333329     
         567  0.99333333333333329     
         568  0.99111111111111116     
         569   1.0000000000000000     
         570  0.99333333333333329     
         571  0.99333333333333329     
         572  0.99333333333333329     
         573  0.99777777777777776     
         574  0.99555555555555553     
         575  0.99555555555555553     
         576  0.99777777777777776     
         577  0.99777777777777776     
         578  0.99333333333333329     
         579  0.99555555555555553     
         580  0.99333333333333329     
         581  0.99555555555555553     
         582  0.99555555555555553     
         583  0.99777777777777776     
         584  0.99777777777777776     
         585   1.0000000000000000     
         586  0.99555555555555553     
         587  0.99333333333333329     
         588  0.99777777777777776     
         589  0.99777777777777776     
         590   1.0000000000000000     
         591  0.99777777777777776     
         592  0.99777777777777776     
         593  0.99333333333333329     
         594  0.99555555555555553     
         595  0.99333333333333329     
         596   1.0000000000000000     
         597  0.99333333333333329     
         598  0.99555555555555553     
         599  0.99777777777777776     
         600  0.99777777777777776     
         601  0.99333333333333329     
         602  0.99777777777777776     
         603   1.0000000000000000     
         604  0.99555555555555553     
         605  0.99333333333333329     
         606   1.0000000000000000     
         607  0.99111111111111116     
         608  0.99111111111111116     
         609  0.99555555555555553     
         610   1.0000000000000000     
         611   1.0000000000000000     
         612  0.99777777777777776     
         613  0.99555555555555553     
         614  0.99555555555555553     
         615   1.0000000000000000     
         616  0.99555555555555553     
         617  0.99333333333333329     
         618  0.99333333333333329     
         619  0.99777777777777776     
         620  0.99777777777777776     
         621   1.0000000000000000     
         622  0.99777777777777776     
         623  0.99555555555555553     
         624  0.99555555555555553     
         625  0.99777777777777776     
         626  0.99777777777777776     
         627  0.99333333333333329     
         628  0.99777777777777776     
         629  0.99777777777777776     
         630   1.0000000000000000     
         631   1.0000000000000000     
         632  0.99777777777777776     
         633  0.99555555555555553     
         634  0.99333333333333329     
         635  0.99777777777777776     
         636   1.0000000000000000     
         637   1.0000000000000000     
         638  0.99777777777777776     
         639  0.99111111111111116     
         640  0.99333333333333329     
         641  0.99555555555555553     
         642  0.99777777777777776     
         643  0.99333333333333329     
         644  0.99777777777777776     
         645  0.99555555555555553     
         646   1.0000000000000000     
         647  0.99333333333333329     
         648  0.99777777777777776     
         649   1.0000000000000000     
         650  0.99555555555555553     
         651  0.99555555555555553     
         652  0.99555555555555553     
         653  0.99333333333333329     
         654  0.99333333333333329     
         655  0.99777777777777776     
         656  0.99333333333333329     
         657  0.99777777777777776     
         658   1.0000000000000000     
         659   1.0000000000000000     
         660  0.99111111111111116     
         661   1.0000000000000000     
         662  0.98666666666666669     
         663  0.99555555555555553     
         664  0.99777777777777776     
         665   1.0000000000000000     
         666  0.99333333333333329     
         667  0.99555555555555553     
         668   1.0000000000000000     
         669  0.99111111111111116     
         670  0.99333333333333329     
         671   1.0000000000000000     
         672  0.98888888888888893     
         673  0.99555555555555553     
         674   1.0000000000000000     
         675  0.99555555555555553     
         676  0.98444444444444446     
         677  0.99333333333333329     
         678  0.99333333333333329     
         679  0.99333333333333329     
         680  0.99555555555555553     
         681  0.99555555555555553     
         682  0.99555555555555553     
         683  0.99777777777777776     
         684  0.99777777777777776     
         685  0.99555555555555553     
         686  0.99333333333333329     
         687  0.99111111111111116     
         688  0.99777777777777776     
         689  0.99333333333333329     
         690   1.0000000000000000     
         691  0.99777777777777776     
         692  0.98888888888888893     
         693  0.99333333333333329     
         694   1.0000000000000000     
         695  0.99777777777777776     
         696  0.99333333333333329     
         697  0.99777777777777776     
         698  0.99777777777777776     
         699  0.99111111111111116     
         700  0.99777777777777776     
         701   1.0000000000000000     
         702  0.99555555555555553     
         703   1.0000000000000000     
         704  0.99555555555555553     
         705  0.99555555555555553     
         706  0.99777777777777776     
         707  0.99777777777777776     
         708  0.99777777777777776     
         709  0.99777777777777776     
         710  0.99333333333333329     
         711  0.99111111111111116     
         712   1.0000000000000000     
         713  0.99333333333333329     
         714   1.0000000000000000     
         715  0.99333333333333329     
         716  0.98888888888888893     
         717  0.99333333333333329     
         718  0.99555555555555553     
         719  0.99555555555555553     
         720  0.99777777777777776     
         721  0.99777777777777776     
         722  0.99777777777777776     
         723  0.99777777777777776     
         724  0.99333333333333329     
         725  0.99555555555555553     
         726  0.99555555555555553     
         727  0.99333333333333329     
         728  0.99333333333333329     
         729  0.99777777777777776     
         730  0.99111111111111116     
         731  0.99777777777777776     
         732  0.99333333333333329     
         733  0.99777777777777776     
         734  0.99555555555555553     
         735  0.99333333333333329     
         736  0.99555555555555553     
         737  0.99555555555555553     
         738   1.0000000000000000     
         739  0.99555555555555553     
         740  0.99777777777777776     
         741  0.99777777777777776     
         742  0.99111111111111116     
         743   1.0000000000000000     
         744  0.99777777777777776     
         745   1.0000000000000000     
         746  0.99555555555555553     
         747  0.98888888888888893     
         748  0.99333333333333329     
         749   1.0000000000000000     
         750  0.99777777777777776     
         751  0.99777777777777776     
         752   1.0000000000000000     
         753  0.99777777777777776     
         754  0.99777777777777776     
         755  0.99333333333333329     
         756  0.98666666666666669     
         757  0.99555555555555553     
         758  0.99777777777777776     
         759  0.99777777777777776     
         760  0.99333333333333329     
         761   1.0000000000000000     
         762  0.99555555555555553     
         763   1.0000000000000000     
         764  0.98888888888888893     
         765  0.99555555555555553     
         766   1.0000000000000000     
         767  0.99555555555555553     
         768   1.0000000000000000     
         769  0.99777777777777776     
         770  0.99111111111111116     
         771  0.99555555555555553     
         772  0.99333333333333329     
         773  0.99555555555555553     
         774  0.99777777777777776     
         775  0.99777777777777776     
         776   1.0000000000000000     
         777  0.99333333333333329     
         778  0.99555555555555553     
         779  0.99555555555555553     
         780  0.99333333333333329     
         781   1.0000000000000000     
         782  0.99555555555555553     
         783  0.99555555555555553     
         784  0.99777777777777776     
         785   1.0000000000000000     
         786  0.99777777777777776     
         787  0.99777777777777776     
         788  0.99555555555555553     
         789  0.99555555555555553     
         790   1.0000000000000000     
         791  0.99555555555555553     
         792  0.98888888888888893     
         793   1.0000000000000000     
         794  0.99111111111111116     
         795  0.99777777777777776     
         796   1.0000000000000000     
         797   1.0000000000000000     
         798  0.99555555555555553     
         799  0.99555555555555553     
         800  0.99111111111111116     
         801  0.99777777777777776     
         802  0.99777777777777776     
         803  0.99333333333333329     
         804  0.99333333333333329     
         805   1.0000000000000000     
         806  0.99333333333333329     
         807  0.99777777777777776     
         808  0.99777777777777776     
         809  0.98888888888888893     
         810  0.99555555555555553     
         811  0.99555555555555553     
         812   1.0000000000000000     
         813  0.99555555555555553     
         814  0.99555555555555553     
         815  0.99111111111111116     
         816  0.99333333333333329     
         817   1.0000000000000000     
         818   1.0000000000000000     
         819  0.99333333333333329     
         820  0.99333333333333329     
         821  0.99333333333333329     
         822  0.98666666666666669     
         823  0.99555555555555553     
         824  0.99777777777777776     
         825  0.99333333333333329     
         826  0.98666666666666669     
         827  0.99777777777777776     
         828  0.99777777777777776     
         829  0.99111111111111116     
         830  0.99555555555555553     
         831  0.99555555555555553     
         832  0.99555555555555553     
         833  0.99777777777777776     
         834  0.99555555555555553     
         835   1.0000000000000000     
         836  0.99333333333333329     
         837  0.99777777777777776     
         838  0.99111111111111116     
         839   1.0000000000000000     
         840  0.99777777777777776     
         841  0.99777777777777776     
         842  0.99777777777777776     
         843  0.99333333333333329     
         844  0.99333333333333329     
         845   1.0000000000000000     
         846   1.0000000000000000     
         847   1.0000000000000000     
         848   1.0000000000000000     
         849  0.99777777777777776     
         850   1.0000000000000000     
         851  0.99555555555555553     
         852  0.99555555555555553     
         853  0.99777777777777776     
         854  0.98222222222222222     
         855  0.99333333333333329     
         856  0.99333333333333329     
         857  0.99777777777777776     
         858  0.99777777777777776     
         859  0.99777777777777776     
         860  0.99333333333333329     
         861  0.99555555555555553     
         862  0.99777777777777776     
         863  0.99555555555555553     
         864  0.99555555555555553     
         865   1.0000000000000000     
         866  0.99777777777777776     
         867  0.99555555555555553     
         868  0.99777777777777776     
         869  0.99555555555555553     
         870  0.99333333333333329     
         871  0.99555555555555553     
         872  0.99333333333333329     
         873  0.99333333333333329     
         874  0.99777777777777776     
         875  0.99555555555555553     
         876  0.99555555555555553     
         877   1.0000000000000000     
         878  0.99333333333333329     
         879   1.0000000000000000     
         880   1.0000000000000000     
         881  0.99777777777777776     
         882  0.98888888888888893     
         883   1.0000000000000000     
         884  0.99111111111111116     
         885  0.99777777777777776     
         886  0.99777777777777776     
         887  0.99333333333333329     
         888  0.99777777777777776     
         889  0.99777777777777776     
         890   1.0000000000000000     
         891  0.99555555555555553     
         892  0.99333333333333329     
         893  0.99777777777777776     
         894   1.0000000000000000     
         895  0.99333333333333329     
         896  0.99111111111111116     
         897  0.99555555555555553     
         898  0.99333333333333329     
         899  0.99333333333333329     
         900  0.99333333333333329     
         901  0.99777777777777776     
         902  0.99777777777777776     
         903  0.99777777777777776     
         904   1.0000000000000000     
         905  0.99333333333333329     
         906  0.99333333333333329     
         907  0.99333333333333329     
         908  0.99777777777777776     
         909  0.99333333333333329     
         910  0.99777777777777776     
         911  0.99111111111111116     
         912  0.99777777777777776     
         913  0.99555555555555553     
         914  0.99333333333333329     
         915   1.0000000000000000     
         916  0.99555555555555553     
         917  0.99777777777777776     
         918  0.99111111111111116     
         919  0.99555555555555553     
         920   1.0000000000000000     
         921   1.0000000000000000     
         922  0.99555555555555553     
         923  0.99777777777777776     
         924   1.0000000000000000     
         925   1.0000000000000000     
         926  0.99777777777777776     
         927  0.99555555555555553     
         928  0.99555555555555553     
         929  0.99777777777777776     
         930  0.99333333333333329     
         931  0.99111111111111116     
         932  0.99555555555555553     
         933  0.99777777777777776     
         934  0.99333333333333329     
         935   1.0000000000000000     
         936  0.99777777777777776     
         937  0.99333333333333329     
         938  0.99555555555555553     
         939  0.99555555555555553     
         940  0.99333333333333329     
         941  0.99777777777777776     
         942  0.99111111111111116     
         943  0.99333333333333329     
         944  0.99777777777777776     
         945  0.99777777777777776     
         946   1.0000000000000000     
         947  0.97999999999999998     
         948  0.99333333333333329     
         949   1.0000000000000000     
         950  0.99777777777777776     
         951  0.99333333333333329     
         952  0.99555555555555553     
         953  0.99555555555555553     
         954  0.99111111111111116     
         955  0.99555555555555553     
         956  0.99555555555555553     
         957   1.0000000000000000     
         958  0.99777777777777776     
         959  0.99333333333333329     
         960   1.0000000000000000     
         961  0.99777777777777776     
         962   1.0000000000000000     
         963  0.99555555555555553     
         964  0.99111111111111116     
         965  0.99777777777777776     
         966   1.0000000000000000     
         967  0.99777777777777776     
         968  0.99333333333333329     
         969   1.0000000000000000     
         970  0.99555555555555553     
         971   1.0000000000000000     
         972  0.99555555555555553     
         973  0.99555555555555553     
         974  0.99777777777777776     
         975  0.99333333333333329     
         976  0.99333333333333329     
         977  0.99777777777777776     
         978  0.99777777777777776     
         979  0.99333333333333329     
         980  0.99777777777777776     
         981  0.99777777777777776     
         982  0.99777777777777776     
         983  0.99777777777777776     
         984  0.99777777777777776     
         985  0.99555555555555553     
         986  0.99777777777777776     
         987   1.0000000000000000     
         988  0.98888888888888893     
         989   1.0000000000000000     
         990  0.99777777777777776     
         991   1.0000000000000000     
         992  0.99555555555555553     
         993  0.99555555555555553     
         994  0.99555555555555553     
         995  0.99777777777777776     
         996  0.99777777777777776     
         997  0.99555555555555553     
         998  0.99333333333333329     
         999  0.99777777777777776     
        1000   1.0000000000000000     
        1001  0.99333333333333329     
        1002  0.99111111111111116     
        1003   1.0000000000000000     
        1004  0.99555555555555553     
        1005   1.0000000000000000     
        1006  0.99333333333333329     
        1007  0.99555555555555553     
        1008  0.99777777777777776     
        1009  0.99555555555555553     
        1010  0.99777777777777776     
        1011  0.99333333333333329     
        1012   1.0000000000000000     
        1013  0.99777777777777776     
        1014   1.0000000000000000     
        1015  0.99777777777777776     
        1016  0.98888888888888893     
        1017  0.99111111111111116     
        1018  0.99333333333333329     
        1019  0.99777777777777776     
        1020   1.0000000000000000     
        1021   1.0000000000000000     
        1022  0.99333333333333329     
        1023  0.99777777777777776     
        1024   1.0000000000000000     
        1025  0.99555555555555553     
        1026   1.0000000000000000     
        1027  0.99777777777777776     
        1028  0.98888888888888893     
        1029   1.0000000000000000     
        1030  0.99777777777777776     
        1031  0.99333333333333329     
        1032  0.99777777777777776     
        1033  0.99555555555555553     
        1034  0.99777777777777776     
        1035  0.99555555555555553     
        1036  0.99777777777777776     
        1037   1.0000000000000000     
        1038  0.99555555555555553     
        1039  0.99111111111111116     
        1040  0.99555555555555553     
        1041  0.99333333333333329     
        1042  0.99555555555555553     
        1043  0.99555555555555553     
        1044  0.98888888888888893     
        1045  0.99333333333333329     
        1046  0.99333333333333329     
        1047   1.0000000000000000     
        1048  0.99333333333333329     
        1049  0.99777777777777776     
        1050  0.99777777777777776     
        1051  0.99555555555555553     
        1052   1.0000000000000000     
        1053  0.99555555555555553     
        1054  0.99777777777777776     
        1055  0.99555555555555553     
        1056  0.99555555555555553     
        1057  0.99555555555555553     
        1058   1.0000000000000000     
        1059  0.99333333333333329     
        1060  0.99777777777777776     
        1061   1.0000000000000000     
        1062  0.99555555555555553     
        1063  0.99333333333333329     
        1064  0.99555555555555553     
        1065  0.99777777777777776     
        1066  0.99555555555555553     
        1067  0.99555555555555553     
        1068   1.0000000000000000     
        1069  0.99111111111111116     
        1070  0.99777777777777776     
        1071  0.98888888888888893     
        1072   1.0000000000000000     
        1073  0.99777777777777776     
        1074  0.98666666666666669     
        1075  0.99777777777777776     
        1076  0.98666666666666669     
        1077  0.99777777777777776     
        1078  0.99777777777777776     
        1079  0.98666666666666669     
        1080  0.99111111111111116     
        1081   1.0000000000000000     
        1082  0.99333333333333329     
        1083   1.0000000000000000     
        1084  0.99333333333333329     
        1085  0.99333333333333329     
        1086  0.99777777777777776     
        1087  0.99555555555555553     
        1088  0.99777777777777776     
        1089  0.99111111111111116     
        1090   1.0000000000000000     
        1091  0.99555555555555553     
        1092  0.99111111111111116     
        1093  0.99333333333333329     
        1094  0.99777777777777776     
        1095  0.99777777777777776     
        1096  0.99111111111111116     
        1097  0.99555555555555553     
        1098  0.99777777777777776     
        1099  0.99777777777777776     
        1100  0.99555555555555553     
        1101  0.99333333333333329     
        1102   1.0000000000000000     
        1103  0.99333333333333329     
        1104  0.99777777777777776     
        1105  0.99777777777777776     
        1106   1.0000000000000000     
        1107  0.99555555555555553     
        1108  0.99777777777777776     
        1109  0.99777777777777776     
        1110  0.99777777777777776     
        1111  0.99777777777777776     
        1112  0.99333333333333329     
        1113  0.99333333333333329     
        1114   1.0000000000000000     
        1115   1.0000000000000000     
        1116   1.0000000000000000     
        1117  0.99777777777777776     
        1118  0.99777777777777776     
        1119  0.99777777777777776     
        1120  0.99555555555555553     
        1121  0.99777777777777776     
        1122  0.99555555555555553     
        1123  0.99111111111111116     
        1124  0.99111111111111116     
        1125   1.0000000000000000     
        1126  0.99777777777777776     
        1127  0.99555555555555553     
        1128   1.0000000000000000     
        1129   1.0000000000000000     
        1130  0.99333333333333329     
        1131   1.0000000000000000     
        1132   1.0000000000000000     
        1133  0.99111111111111116     
        1134  0.99777777777777776     
        1135  0.99333333333333329     
        1136  0.99555555555555553     
        1137  0.99111111111111116     
        1138  0.99777777777777776     
        1139  0.98444444444444446     
        1140   1.0000000000000000     
        1141   1.0000000000000000     
        1142  0.99111111111111116     
        1143  0.99555555555555553     
        1144   1.0000000000000000     
        1145   1.0000000000000000     
        1146  0.99333333333333329     
        1147  0.99111111111111116     
        1148  0.99777777777777776     
        1149   1.0000000000000000     
        1150  0.99333333333333329     
        1151  0.99555555555555553     
        1152  0.99333333333333329     
        1153  0.99111111111111116     
        1154  0.99777777777777776     
        1155  0.99777777777777776     
        1156  0.99555555555555553     
        1157  0.99777777777777776     
        1158  0.99777777777777776     
        1159  0.99555555555555553     
        1160   1.0000000000000000     
        1161  0.99111111111111116     
        1162  0.99777777777777776     
        1163   1.0000000000000000     
        1164  0.99777777777777776     
        1165  0.99555555555555553     
        1166   1.0000000000000000     
        1167  0.99777777777777776     
        1168  0.99777777777777776     
        1169  0.98888888888888893     
        1170  0.99777777777777776     
        1171   1.0000000000000000     
        1172  0.99555555555555553     
        1173  0.99777777777777776     
        1174  0.99333333333333329     
        1175  0.99777777777777776     
        1176  0.99777777777777776     
        1177  0.99777777777777776     
        1178   1.0000000000000000     
        1179   1.0000000000000000     
        1180  0.99777777777777776     
        1181  0.99333333333333329     
        1182   1.0000000000000000     
        1183   1.0000000000000000     
        1184  0.99777777777777776     
        1185  0.99777777777777776     
        1186   1.0000000000000000     
        1187  0.99111111111111116     
        1188  0.99555555555555553     
        1189  0.99777777777777776     
        1190  0.98666666666666669     
        1191   1.0000000000000000     
        1192  0.99333333333333329     
        1193   1.0000000000000000     
        1194  0.99111111111111116     
        1195  0.98888888888888893     
        1196  0.99555555555555553     
        1197  0.99777777777777776     
        1198  0.99777777777777776     
        1199  0.99555555555555553     
        1200  0.99777777777777776     
        1201  0.99555555555555553     
        1202   1.0000000000000000     
        1203  0.99777777777777776     
        1204  0.99777777777777776     
        1205   1.0000000000000000     
        1206  0.99333333333333329     
        1207  0.99777777777777776     
        1208  0.99555555555555553     
        1209   1.0000000000000000     
        1210  0.99777777777777776     
        1211  0.99333333333333329     
        1212  0.99777777777777776     
        1213  0.99555555555555553     
        1214  0.99777777777777776     
        1215  0.99333333333333329     
        1216  0.98666666666666669     
        1217  0.98888888888888893     
        1218  0.99555555555555553     
        1219  0.99777777777777776     
        1220   1.0000000000000000     
        1221  0.99333333333333329     
        1222  0.99333333333333329     
        1223  0.99777777777777776     
        1224  0.99777777777777776     
        1225  0.99333333333333329     
        1226  0.99111111111111116     
        1227  0.99333333333333329     
        1228  0.99777777777777776     
        1229  0.99777777777777776     
        1230  0.99777777777777776     
        1231  0.99555555555555553     
        1232  0.99111111111111116     
        1233  0.99777777777777776     
        1234  0.99333333333333329     
        1235  0.99777777777777776     
        1236  0.99777777777777776     
        1237  0.99555555555555553     
        1238   1.0000000000000000     
        1239  0.99111111111111116     
        1240  0.99777777777777776     
        1241   1.0000000000000000     
        1242   1.0000000000000000     
        1243  0.99333333333333329     
        1244  0.99777777777777776     
        1245  0.99555555555555553     
        1246   1.0000000000000000     
        1247  0.99777777777777776     
        1248  0.99111111111111116     
        1249  0.99555555555555553     
        1250   1.0000000000000000     
        1251  0.99555555555555553     
        1252  0.99111111111111116     
        1253  0.99777777777777776     
        1254  0.99777777777777776     
        1255  0.99555555555555553     
        1256   1.0000000000000000     
        1257  0.99555555555555553     
        1258  0.99333333333333329     
        1259  0.99111111111111116     
        1260  0.99333333333333329     
        1261  0.99111111111111116     
        1262  0.99555555555555553     
        1263  0.99777777777777776     
        1264  0.99777777777777776     
        1265  0.99555555555555553     
        1266  0.99333333333333329     
        1267  0.99777777777777776     
        1268  0.99333333333333329     
        1269  0.98888888888888893     
        1270  0.99777777777777776     
        1271  0.99777777777777776     
        1272  0.99555555555555553     
        1273   1.0000000000000000     
        1274  0.99333333333333329     
        1275  0.99777777777777776     
        1276  0.99555555555555553     
        1277  0.99111111111111116     
        1278  0.99777777777777776     
        1279  0.99555555555555553     
        1280  0.99777777777777776     
        1281  0.99777777777777776     
        1282   1.0000000000000000     
        1283  0.99555555555555553     
        1284  0.99777777777777776     
        1285  0.99555555555555553     
        1286  0.99777777777777776     
        1287   1.0000000000000000     
        1288  0.99777777777777776     
        1289  0.99111111111111116     
        1290  0.99777777777777776     
        1291   1.0000000000000000     
        1292  0.99777777777777776     
        1293  0.99555555555555553     
        1294  0.99555555555555553     
        1295  0.99111111111111116     
        1296  0.99777777777777776     
        1297  0.99777777777777776     
        1298  0.99777777777777776     
        1299  0.99333333333333329     
        1300   1.0000000000000000     
        1301  0.99333333333333329     
        1302   1.0000000000000000     
        1303   1.0000000000000000     
        1304  0.99777777777777776     
        1305  0.99555555555555553     
        1306  0.98666666666666669     
        1307  0.99777777777777776     
        1308  0.99111111111111116     
        1309  0.99777777777777776     
        1310  0.99333333333333329     
        1311  0.99333333333333329     
        1312  0.99777777777777776     
        1313  0.98888888888888893     
        1314  0.99555555555555553     
        1315  0.99777777777777776     
        1316  0.99777777777777776     
        1317   1.0000000000000000     
        1318  0.99777777777777776     
        1319  0.99111111111111116     
        1320  0.99555555555555553     
        1321  0.99333333333333329     
        1322  0.99777777777777776     
        1323  0.99777777777777776     
        1324  0.99333333333333329     
        1325  0.99777777777777776     
        1326  0.99777777777777776     
        1327   1.0000000000000000     
        1328  0.99333333333333329     
        1329  0.99777777777777776     
        1330  0.99333333333333329     
        1331   1.0000000000000000     
        1332  0.99777777777777776     
        1333  0.99555555555555553     
        1334  0.99333333333333329     
        1335   1.0000000000000000     
        1336  0.99555555555555553     
        1337  0.99555555555555553     
        1338   1.0000000000000000     
        1339  0.99111111111111116     
        1340  0.99777777777777776     
        1341  0.99111111111111116     
        1342   1.0000000000000000     
        1343  0.99111111111111116     
        1344  0.99555555555555553     
        1345  0.99333333333333329     
        1346   1.0000000000000000     
        1347  0.99777777777777776     
        1348   1.0000000000000000     
        1349  0.99777777777777776     
        1350  0.99333333333333329     
        1351  0.98888888888888893     
        1352  0.99777777777777776     
        1353  0.99777777777777776     
        1354   1.0000000000000000     
        1355  0.99777777777777776     
        1356  0.99555555555555553     
        1357   1.0000000000000000     
        1358   1.0000000000000000     
        1359  0.99777777777777776     
        1360   1.0000000000000000     
        1361  0.99777777777777776     
        1362  0.99333333333333329     
        1363  0.99555555555555553     
        1364  0.99777777777777776     
        1365  0.99555555555555553     
        1366  0.99555555555555553     
        1367  0.99777777777777776     
        1368  0.99333333333333329     
        1369  0.99777777777777776     
        1370  0.99555555555555553     
        1371  0.99777777777777776     
        1372  0.99333333333333329     
        1373  0.99555555555555553     
        1374  0.99777777777777776     
        1375  0.99777777777777776     
        1376  0.99555555555555553     
        1377   1.0000000000000000     
        1378  0.99777777777777776     
        1379  0.99777777777777776     
        1380  0.99333333333333329     
        1381  0.99111111111111116     
        1382  0.99777777777777776     
        1383  0.99555555555555553     
        1384  0.99777777777777776     
        1385   1.0000000000000000     
        1386  0.99111111111111116     
        1387  0.99777777777777776     
        1388  0.99555555555555553     
        1389   1.0000000000000000     
        1390  0.99777777777777776     
        1391  0.99555555555555553     
        1392  0.99777777777777776     
        1393  0.99777777777777776     
        1394   1.0000000000000000     
        1395   1.0000000000000000     
        1396   1.0000000000000000     
        1397  0.99555555555555553     
        1398  0.99777777777777776     
        1399  0.99777777777777776     
        1400  0.98666666666666669     
        1401  0.99333333333333329     
        1402  0.99555555555555553     
        1403  0.99777777777777776     
        1404   1.0000000000000000     
        1405  0.99555555555555553     
        1406  0.99555555555555553     
        1407  0.99333333333333329     
        1408  0.99555555555555553     
        1409  0.99555555555555553     
        1410  0.99111111111111116     
        1411  0.99555555555555553     
        1412  0.99111111111111116     
        1413  0.99777777777777776     
        1414  0.99333333333333329     
        1415  0.99333333333333329     
        1416  0.99777777777777776     
        1417   1.0000000000000000     
        1418  0.99777777777777776     
        1419   1.0000000000000000     
        1420  0.99555555555555553     
        1421  0.98888888888888893     
        1422   1.0000000000000000     
        1423   1.0000000000000000     
        1424  0.99555555555555553     
        1425  0.99777777777777776     
        1426  0.99777777777777776     
        1427  0.99777777777777776     
        1428   1.0000000000000000     
        1429  0.99555555555555553     
        1430  0.99555555555555553     
        1431  0.99555555555555553     
        1432  0.99333333333333329     
        1433  0.99777777777777776     
        1434  0.99555555555555553     
        1435   1.0000000000000000     
        1436  0.99555555555555553     
        1437  0.99333333333333329     
        1438  0.99777777777777776     
        1439  0.99555555555555553     
        1440  0.99111111111111116     
        1441  0.99555555555555553     
        1442  0.99111111111111116     
        1443  0.99555555555555553     
        1444  0.98888888888888893     
        1445  0.99777777777777776     
        1446  0.99555555555555553     
        1447  0.99333333333333329     
        1448  0.99555555555555553     
        1449  0.99555555555555553     
        1450  0.99333333333333329     
        1451  0.99555555555555553     
        1452  0.99333333333333329     
        1453   1.0000000000000000     
        1454   1.0000000000000000     
        1455   1.0000000000000000     
        1456  0.99333333333333329     
        1457   1.0000000000000000     
        1458  0.99111111111111116     
        1459  0.99333333333333329     
        1460  0.99777777777777776     
        1461   1.0000000000000000     
        1462  0.99777777777777776     
        1463  0.99555555555555553     
        1464  0.99333333333333329     
        1465  0.99333333333333329     
        1466  0.99555555555555553     
        1467  0.99333333333333329     
        1468  0.99555555555555553     
        1469   1.0000000000000000     
        1470  0.99333333333333329     
        1471  0.99333333333333329     
        1472  0.99555555555555553     
        1473  0.99777777777777776     
        1474  0.99777777777777776     
        1475   1.0000000000000000     
        1476  0.99777777777777776     
        1477  0.99333333333333329     
        1478  0.99555555555555553     
        1479  0.99555555555555553     
        1480   1.0000000000000000     
        1481   1.0000000000000000     
        1482   1.0000000000000000     
        1483   1.0000000000000000     
        1484  0.99111111111111116     
        1485  0.98888888888888893     
        1486  0.99777777777777776     
        1487  0.99777777777777776     
        1488  0.99333333333333329     
        1489   1.0000000000000000     
        1490  0.99555555555555553     
        1491  0.99777777777777776     
        1492   1.0000000000000000     
        1493   1.0000000000000000     
        1494  0.99555555555555553     
        1495   1.0000000000000000     
        1496  0.99777777777777776     
        1497   1.0000000000000000     
        1498  0.99555555555555553     
        1499  0.99777777777777776     
        1500  0.99555555555555553     
        1501  0.99555555555555553     
        1502  0.98888888888888893     
        1503   1.0000000000000000     
        1504  0.98888888888888893     
        1505   1.0000000000000000     
        1506  0.99333333333333329     
        1507  0.99777777777777776     
        1508  0.99555555555555553     
        1509  0.99777777777777776     
        1510  0.99333333333333329     
        1511  0.98888888888888893     
        1512   1.0000000000000000     
        1513  0.99111111111111116     
        1514  0.99111111111111116     
        1515  0.99333333333333329     
        1516   1.0000000000000000     
        1517  0.99555555555555553     
        1518   1.0000000000000000     
        1519  0.99777777777777776     
        1520   1.0000000000000000     
        1521  0.98888888888888893     
        1522   1.0000000000000000     
        1523  0.99555555555555553     
        1524  0.99777777777777776     
        1525   1.0000000000000000     
        1526  0.99333333333333329     
        1527  0.99777777777777776     
        1528  0.99111111111111116     
        1529  0.99777777777777776     
        1530   1.0000000000000000     
        1531  0.99777777777777776     
        1532  0.99111111111111116     
        1533  0.99555555555555553     
        1534  0.99555555555555553     
        1535   1.0000000000000000     
        1536  0.99777777777777776     
        1537   1.0000000000000000     
        1538  0.99333333333333329     
        1539  0.98888888888888893     
        1540  0.99777777777777776     
        1541   1.0000000000000000     
        1542   1.0000000000000000     
        1543  0.99333333333333329     
        1544  0.99555555555555553     
        1545   1.0000000000000000     
        1546  0.99777777777777776     
        1547   1.0000000000000000     
        1548  0.99777777777777776     
        1549  0.99777777777777776     
        1550   1.0000000000000000     
        1551  0.99555555555555553     
        1552  0.99555555555555553     
        1553  0.99777777777777776     
        1554  0.99777777777777776     
        1555  0.99333333333333329     
        1556  0.98888888888888893     
        1557  0.99555555555555553     
        1558  0.99555555555555553     
        1559   1.0000000000000000     
        1560  0.99333333333333329     
        1561  0.99555555555555553     
        1562  0.99777777777777776     
        1563  0.99111111111111116     
        1564   1.0000000000000000     
        1565  0.99555555555555553     
        1566  0.99111111111111116     
        1567  0.99777777777777776     
        1568  0.99555555555555553     
        1569  0.99555555555555553     
        1570  0.99111111111111116     
        1571   1.0000000000000000     
        1572  0.99777777777777776     
        1573   1.0000000000000000     
        1574  0.99555555555555553     
        1575  0.99333333333333329     
        1576  0.99555555555555553     
        1577  0.99111111111111116     
        1578  0.99333333333333329     
        1579  0.98666666666666669     
        1580  0.99777777777777776     
        1581  0.99555555555555553     
        1582  0.99111111111111116     
        1583  0.99777777777777776     
        1584  0.99555555555555553     
        1585  0.99777777777777776     
        1586   1.0000000000000000     
        1587  0.99555555555555553     
        1588  0.99777777777777776     
        1589  0.99777777777777776     
        1590  0.99555555555555553     
        1591  0.99333333333333329     
        1592  0.99777777777777776     
        1593   1.0000000000000000     
        1594  0.99777777777777776     
        1595  0.99333333333333329     
        1596  0.99777777777777776     
        1597  0.98888888888888893     
        1598  0.99333333333333329     
        1599  0.99777777777777776     
        1600  0.99555555555555553     
        1601  0.99777777777777776     
        1602  0.99555555555555553     
        1603  0.99555555555555553     
        1604   1.0000000000000000     
        1605   1.0000000000000000     
        1606  0.99555555555555553     
        1607  0.99333333333333329     
        1608  0.99111111111111116     
        1609  0.99777777777777776     
        1610  0.99111111111111116     
        1611  0.99555555555555553     
        1612   1.0000000000000000     
        1613  0.99777777777777776     
        1614  0.99777777777777776     
        1615  0.99333333333333329     
        1616  0.99111111111111116     
        1617  0.99777777777777776     
        1618  0.99555555555555553     
        1619  0.99555555555555553     
        1620  0.99555555555555553     
        1621   1.0000000000000000     
        1622  0.99777777777777776     
        1623  0.99777777777777776     
        1624   1.0000000000000000     
        1625  0.99333333333333329     
        1626  0.99111111111111116     
        1627  0.99777777777777776     
        1628   1.0000000000000000     
        1629  0.99555555555555553     
        1630  0.99777777777777776     
        1631  0.99777777777777776     
        1632  0.99555555555555553     
        1633  0.99333333333333329     
        1634  0.99777777777777776     
        1635   1.0000000000000000     
        1636  0.99333333333333329     
        1637  0.99333333333333329     
        1638  0.99777777777777776     
        1639  0.99777777777777776     
        1640  0.99333333333333329     
        1641  0.99555555555555553     
        1642   1.0000000000000000     
        1643   1.0000000000000000     
        1644   1.0000000000000000     
        1645  0.99111111111111116     
        1646  0.99555555555555553     
        1647  0.99777777777777776     
        1648   1.0000000000000000     
        1649  0.99777777777777776     
        1650  0.99777777777777776     
        1651  0.99777777777777776     
        1652  0.99777777777777776     
        1653  0.99777777777777776     
        1654  0.99555555555555553     
        1655  0.99555555555555553     
        1656  0.99777777777777776     
        1657  0.99777777777777776     
        1658  0.99333333333333329     
        1659  0.99777777777777776     
        1660  0.99777777777777776     
        1661   1.0000000000000000     
        1662  0.99777777777777776     
        1663  0.99555555555555553     
        1664  0.99777777777777776     
        1665  0.99555555555555553     
        1666  0.99555555555555553     
        1667  0.99777777777777776     
        1668  0.99333333333333329     
        1669  0.98888888888888893     
        1670  0.99555555555555553     
        1671  0.99333333333333329     
        1672  0.99333333333333329     
        1673   1.0000000000000000     
        1674  0.99777777777777776     
        1675  0.99555555555555553     
        1676  0.99777777777777776     
        1677  0.99777777777777776     
        1678   1.0000000000000000     
        1679  0.99555555555555553     
        1680  0.99555555555555553     
        1681  0.99777777777777776     
        1682   1.0000000000000000     
        1683  0.99777777777777776     
        1684  0.99333333333333329     
        1685  0.99111111111111116     
        1686  0.99555555555555553     
        1687  0.99555555555555553     
        1688   1.0000000000000000     
        1689  0.99555555555555553     
        1690  0.98888888888888893     
        1691  0.99333333333333329     
        1692  0.99555555555555553     
        1693  0.99555555555555553     
        1694  0.99777777777777776     
        1695  0.99555555555555553     
        1696  0.99333333333333329     
        1697  0.99777777777777776     
        1698  0.99111111111111116     
        1699  0.99555555555555553     
        1700  0.99777777777777776     
        1701  0.99777777777777776     
        1702  0.99333333333333329     
        1703  0.99555555555555553     
        1704   1.0000000000000000     
        1705   1.0000000000000000     
        1706  0.99777777777777776     
        1707  0.99111111111111116     
        1708   1.0000000000000000     
        1709  0.99111111111111116     
        1710  0.99555555555555553     
        1711  0.99555555555555553     
        1712  0.99111111111111116     
        1713  0.99555555555555553     
        1714  0.99333333333333329     
        1715  0.99777777777777776     
        1716  0.99111111111111116     
        1717  0.99333333333333329     
        1718  0.99555555555555553     
        1719  0.99555555555555553     
        1720  0.99777777777777776     
        1721   1.0000000000000000     
        1722  0.99555555555555553     
        1723  0.99333333333333329     
        1724  0.99111111111111116     
        1725  0.99333333333333329     
        1726  0.99333333333333329     
        1727   1.0000000000000000     
        1728  0.99777777777777776     
        1729  0.99555555555555553     
        1730  0.99555555555555553     
        1731  0.99555555555555553     
        1732   1.0000000000000000     
        1733  0.99555555555555553     
        1734  0.99333333333333329     
        1735   1.0000000000000000     
        1736  0.99555555555555553     
        1737  0.99333333333333329     
        1738  0.98888888888888893     
        1739  0.99777777777777776     
        1740   1.0000000000000000     
        1741   1.0000000000000000     
        1742  0.99333333333333329     
        1743  0.99555555555555553     
        1744  0.99555555555555553     
        1745  0.99555555555555553     
        1746   1.0000000000000000     
        1747  0.99777777777777776     
        1748  0.98666666666666669     
        1749  0.99777777777777776     
        1750  0.99777777777777776     
        1751  0.99777777777777776     
        1752  0.99777777777777776     
        1753  0.99111111111111116     
        1754  0.99333333333333329     
        1755  0.99333333333333329     
        1756  0.99333333333333329     
        1757   1.0000000000000000     
        1758  0.99555555555555553     
        1759  0.99555555555555553     
        1760   1.0000000000000000     
        1761  0.99555555555555553     
        1762  0.99333333333333329     
        1763  0.99333333333333329     
        1764  0.99555555555555553     
        1765  0.99777777777777776     
        1766  0.99777777777777776     
        1767   1.0000000000000000     
        1768  0.98888888888888893     
        1769  0.99555555555555553     
        1770   1.0000000000000000     
        1771  0.99555555555555553     
        1772  0.99333333333333329     
        1773  0.99333333333333329     
        1774  0.99777777777777776     
        1775   1.0000000000000000     
        1776  0.98888888888888893     
        1777   1.0000000000000000     
        1778  0.99777777777777776     
        1779   1.0000000000000000     
        1780   1.0000000000000000     
        1781  0.99777777777777776     
        1782   1.0000000000000000     
        1783  0.99555555555555553     
        1784  0.99555555555555553     
        1785  0.99777777777777776     
        1786  0.99333333333333329     
        1787   1.0000000000000000     
        1788  0.99333333333333329     
        1789  0.99333333333333329     
        1790  0.99111111111111116     
        1791  0.99555555555555553     
        1792  0.99111111111111116     
        1793  0.99555555555555553     
        1794   1.0000000000000000     
        1795   1.0000000000000000     
        1796  0.99777777777777776     
        1797   1.0000000000000000     
        1798  0.99333333333333329     
        1799  0.99777777777777776     
        1800   1.0000000000000000     
        1801  0.98888888888888893     
        1802  0.99555555555555553     
        1803  0.98666666666666669     
        1804  0.99555555555555553     
        1805  0.99777777777777776     
        1806  0.99777777777777776     
        1807  0.99111111111111116     
        1808   1.0000000000000000     
        1809  0.99777777777777776     
        1810  0.99333333333333329     
        1811  0.99777777777777776     
        1812   1.0000000000000000     
        1813  0.99777777777777776     
        1814   1.0000000000000000     
        1815  0.99333333333333329     
        1816  0.99555555555555553     
        1817  0.99777777777777776     
        1818  0.99777777777777776     
        1819   1.0000000000000000     
        1820  0.99777777777777776     
        1821  0.99777777777777776     
        1822  0.98444444444444446     
        1823   1.0000000000000000     
        1824  0.99555555555555553     
        1825  0.99333333333333329     
        1826  0.99555555555555553     
        1827  0.99777777777777776     
        1828  0.99777777777777776     
        1829  0.99333333333333329     
        1830  0.99555555555555553     
        1831  0.99777777777777776     
        1832   1.0000000000000000     
        1833   1.0000000000000000     
        1834  0.98888888888888893     
        1835  0.99777777777777776     
        1836   1.0000000000000000     
        1837  0.99777777777777776     
        1838  0.99555555555555553     
        1839  0.99555555555555553     
        1840  0.99555555555555553     
        1841   1.0000000000000000     
        1842  0.99777777777777776     
        1843  0.99777777777777776     
        1844  0.99555555555555553     
        1845  0.99555555555555553     
        1846  0.99777777777777776     
        1847   1.0000000000000000     
        1848  0.99777777777777776     
        1849  0.99333333333333329     
        1850  0.99555555555555553     
        1851  0.99777777777777776     
        1852  0.99777777777777776     
        1853  0.99777777777777776     
        1854  0.99777777777777776     
        1855  0.99555555555555553     
        1856  0.99555555555555553     
        1857  0.99555555555555553     
        1858  0.99555555555555553     
        1859  0.99555555555555553     
        1860  0.99777777777777776     
        1861  0.99555555555555553     
        1862   1.0000000000000000     
        1863  0.99555555555555553     
        1864   1.0000000000000000     
        1865  0.99333333333333329     
        1866  0.99777777777777776     
        1867  0.99777777777777776     
        1868  0.99777777777777776     
        1869  0.99333333333333329     
        1870  0.98888888888888893     
        1871  0.99111111111111116     
        1872  0.98888888888888893     
        1873  0.99111111111111116     
        1874  0.99777777777777776     
        1875  0.99777777777777776     
        1876  0.99111111111111116     
        1877  0.99111111111111116     
        1878  0.99555555555555553     
        1879  0.99555555555555553     
        1880  0.99555555555555553     
        1881  0.99555555555555553     
        1882   1.0000000000000000     
        1883  0.99555555555555553     
        1884  0.99333333333333329     
        1885  0.99111111111111116     
        1886  0.98666666666666669     
        1887  0.99777777777777776     
        1888   1.0000000000000000     
        1889  0.99333333333333329     
        1890  0.99777777777777776     
        1891   1.0000000000000000     
        1892  0.99555555555555553     
        1893  0.99555555555555553     
        1894  0.99777777777777776     
        1895  0.98888888888888893     
        1896   1.0000000000000000     
        1897  0.99777777777777776     
        1898   1.0000000000000000     
        1899  0.99111111111111116     
        1900   1.0000000000000000     
        1901  0.99777777777777776     
        1902   1.0000000000000000     
        1903  0.99555555555555553     
        1904  0.98666666666666669     
        1905  0.99777777777777776     
        1906   1.0000000000000000     
        1907   1.0000000000000000     
        1908  0.99777777777777776     
        1909  0.99777777777777776     
        1910  0.99777777777777776     
        1911  0.99777777777777776     
        1912  0.99111111111111116     
        1913  0.99777777777777776     
        1914  0.99333333333333329     
        1915  0.99555555555555553     
        1916  0.99333333333333329     
        1917  0.99777777777777776     
        1918  0.99555555555555553     
        1919  0.99777777777777776     
        1920  0.99555555555555553     
        1921  0.99555555555555553     
        1922   1.0000000000000000     
        1923  0.99333333333333329     
        1924   1.0000000000000000     
        1925   1.0000000000000000     
        1926   1.0000000000000000     
        1927  0.99777777777777776     
        1928  0.99333333333333329     
        1929  0.99555555555555553     
        1930  0.99777777777777776     
        1931  0.99777777777777776     
        1932  0.99111111111111116     
        1933  0.99555555555555553     
        1934  0.99777777777777776     
        1935  0.99555555555555553     
        1936   1.0000000000000000     
        1937  0.99555555555555553     
        1938  0.99777777777777776     
        1939  0.99555555555555553     
        1940  0.99555555555555553     
        1941   1.0000000000000000     
        1942  0.99111111111111116     
        1943  0.99333333333333329     
        1944  0.99777777777777776     
        1945  0.99777777777777776     
        1946   1.0000000000000000     
        1947   1.0000000000000000     
        1948  0.99777777777777776     
        1949  0.99555555555555553     
        1950   1.0000000000000000     
        1951  0.98888888888888893     
        1952  0.99555555555555553     
        1953  0.99333333333333329     
        1954  0.99555555555555553     
        1955  0.99111111111111116     
        1956  0.99555555555555553     
        1957  0.99111111111111116     
        1958  0.99333333333333329     
        1959  0.99555555555555553     
        1960  0.99555555555555553     
        1961  0.99555555555555553     
        1962  0.99555555555555553     
        1963  0.99777777777777776     
        1964  0.99555555555555553     
        1965  0.98666666666666669     
        1966  0.99777777777777776     
        1967  0.99333333333333329     
        1968   1.0000000000000000     
        1969  0.99333333333333329     
        1970  0.99555555555555553     
        1971  0.99777777777777776     
        1972  0.99555555555555553     
        1973  0.98666666666666669     
        1974  0.99777777777777776     
        1975  0.99555555555555553     
        1976   1.0000000000000000     
        1977  0.99777777777777776     
        1978  0.99333333333333329     
        1979  0.99777777777777776     
        1980  0.99555555555555553     
        1981  0.99111111111111116     
        1982  0.99555555555555553     
        1983  0.99555555555555553     
        1984   1.0000000000000000     
        1985  0.99111111111111116     
        1986  0.99555555555555553     
        1987  0.99555555555555553     
        1988  0.99777777777777776     
        1989  0.99111111111111116     
        1990   1.0000000000000000     
        1991  0.99777777777777776     
        1992   1.0000000000000000     
        1993  0.99777777777777776     
        1994  0.99777777777777776     
        1995  0.99555555555555553     
        1996  0.99777777777777776     
        1997  0.99111111111111116     
        1998   1.0000000000000000     
        1999   1.0000000000000000     
        2000  0.99555555555555553     
