           1  0.33555555555555555     
           2  0.32000000000000001     
           3   3.3333333333333333E-002
           4  0.44444444444444442     
           5  0.40222222222222220     
           6   8.0000000000000002E-002
           7  0.29333333333333333     
           8   7.5555555555555556E-002
           9  0.24666666666666667     
          10  0.34888888888888892     
          11   7.3333333333333334E-002
          12  0.39333333333333331     
          13  0.30222222222222223     
          14  0.55555555555555558     
          15   7.7777777777777779E-002
          16   7.7777777777777779E-002
          17   5.3333333333333337E-002
          18   7.1111111111111111E-002
          19  0.32222222222222224     
          20   4.2222222222222223E-002
          21  0.17555555555555555     
          22  0.14444444444444443     
          23  0.11333333333333333     
          24  0.12000000000000000     
          25   6.8888888888888888E-002
          26  0.17333333333333334     
          27  0.36444444444444446     
          28  0.17111111111111110     
          29  0.15555555555555556     
          30  0.50888888888888884     
          31   9.5555555555555560E-002
          32   6.2222222222222220E-002
          33   4.4444444444444444E-003
          34  0.24444444444444444     
          35   5.9999999999999998E-002
          36   1.3333333333333334E-002
          37  0.18444444444444444     
          38   6.6666666666666666E-002
          39   7.5555555555555556E-002
          40   5.3333333333333337E-002
          41  0.18888888888888888     
          42  0.22444444444444445     
          43  0.10444444444444445     
          44   3.7777777777777778E-002
          45  0.15111111111111111     
          46  0.28888888888888886     
          47   2.4444444444444446E-002
          48  0.53111111111111109     
          49  0.12000000000000000     
          50  0.43333333333333335     
          51  0.16000000000000000     
          52  0.10666666666666667     
          53  0.34666666666666668     
          54  0.20888888888888890     
          55  0.23555555555555555     
          56  0.12222222222222222     
          57  0.18666666666666668     
          58   6.4444444444444443E-002
          59  0.11777777777777777     
          60  0.15555555555555556     
          61  0.12000000000000000     
          62  0.20000000000000001     
          63   3.7777777777777778E-002
          64   2.2222222222222222E-003
          65  0.11333333333333333     
          66   7.1111111111111111E-002
          67  0.11777777777777777     
          68  0.15555555555555556     
          69   7.5555555555555556E-002
          70  0.14444444444444443     
          71  0.15333333333333332     
          72  0.25333333333333335     
          73  0.20888888888888890     
          74  0.11111111111111110     
          75  0.11111111111111110     
          76   8.8888888888888889E-003
          77  0.13333333333333333     
          78   7.1111111111111111E-002
          79  0.10000000000000001     
          80  0.28444444444444444     
          81  0.29111111111111110     
          82  0.13777777777777778     
          83  0.20666666666666667     
          84  0.44222222222222224     
          85  0.21111111111111111     
          86   2.2222222222222222E-003
          87   7.7777777777777779E-002
          88   1.1111111111111112E-002
          89   2.4444444444444446E-002
          90  0.48222222222222222     
          91  0.38222222222222224     
          92  0.12444444444444444     
          93  0.14000000000000001     
          94  0.33777777777777779     
          95  0.14666666666666667     
          96  0.26444444444444443     
          97  0.53111111111111109     
          98  0.36666666666666664     
          99  0.30888888888888888     
         100  0.12000000000000000     
         101   8.8888888888888892E-002
         102   1.3333333333333334E-002
         103  0.18666666666666668     
         104   4.8888888888888891E-002
         105  0.19555555555555557     
         106   6.2222222222222220E-002
         107   8.8888888888888889E-003
         108   5.5555555555555552E-002
         109  0.13777777777777778     
         110  0.33111111111111113     
         111  0.17555555555555555     
         112  0.17555555555555555     
         113  0.22000000000000000     
         114   1.7777777777777778E-002
         115   8.8888888888888889E-003
         116   6.6666666666666666E-002
         117  0.16444444444444445     
         118   9.1111111111111115E-002
         119  0.23111111111111110     
         120  0.10000000000000001     
         121   6.6666666666666671E-003
         122  0.23111111111111110     
         123  0.18666666666666668     
         124  0.10888888888888888     
         125  0.19555555555555557     
         126  0.19333333333333333     
         127  0.29777777777777775     
         128   5.7777777777777775E-002
         129   3.3333333333333333E-002
         130   8.4444444444444447E-002
         131  0.20666666666666667     
         132  0.22222222222222221     
         133  0.27555555555555555     
         134  0.20444444444444446     
         135   2.8888888888888888E-002
         136   8.6666666666666670E-002
         137  0.49555555555555558     
         138  0.18222222222222223     
         139   7.1111111111111111E-002
         140   9.5555555555555560E-002
         141  0.14666666666666667     
         142  0.24888888888888888     
         143   6.8888888888888888E-002
         144  0.22444444444444445     
         145   7.3333333333333334E-002
         146   5.5555555555555552E-002
         147   3.3333333333333333E-002
         148   6.4444444444444443E-002
         149   5.3333333333333337E-002
         150  0.48444444444444446     
         151  0.22444444444444445     
         152  0.21111111111111111     
         153  0.13333333333333333     
         154  0.23333333333333334     
         155   4.2222222222222223E-002
         156   8.0000000000000002E-002
         157   1.7777777777777778E-002
         158   2.8888888888888888E-002
         159  0.12444444444444444     
         160   0.0000000000000000     
         161  0.17777777777777778     
         162   7.7777777777777779E-002
         163  0.16888888888888889     
         164   2.4444444444444446E-002
         165  0.10888888888888888     
         166  0.37333333333333335     
         167   3.1111111111111110E-002
         168  0.11555555555555555     
         169  0.22222222222222221     
         170  0.19777777777777777     
         171  0.10444444444444445     
         172  0.23999999999999999     
         173   8.8888888888888889E-003
         174  0.34000000000000002     
         175  0.22888888888888889     
         176   3.1111111111111110E-002
         177  0.13333333333333333     
         178  0.28000000000000003     
         179  0.46222222222222220     
         180   6.8888888888888888E-002
         181   4.2222222222222223E-002
         182  0.22444444444444445     
         183  0.11333333333333333     
         184  0.50444444444444447     
         185  0.10444444444444445     
         186  0.16444444444444445     
         187  0.16444444444444445     
         188  0.30222222222222223     
         189  0.14666666666666667     
         190  0.17999999999999999     
         191   4.2222222222222223E-002
         192  0.20000000000000001     
         193   8.0000000000000002E-002
         194  0.30222222222222223     
         195   6.6666666666666671E-003
         196  0.23999999999999999     
         197  0.42666666666666669     
         198  0.24222222222222223     
         199  0.14666666666666667     
         200  0.31555555555555553     
         201   2.6666666666666668E-002
         202  0.10666666666666667     
         203  0.18666666666666668     
         204  0.28000000000000003     
         205  0.14666666666666667     
         206   8.2222222222222224E-002
         207  0.50222222222222224     
         208  0.10888888888888888     
         209  0.14666666666666667     
         210   4.0000000000000001E-002
         211  0.18666666666666668     
         212  0.10444444444444445     
         213  0.12666666666666668     
         214  0.23555555555555555     
         215  0.14666666666666667     
         216   8.8888888888888889E-003
         217   7.3333333333333334E-002
         218  0.26444444444444443     
         219   1.1111111111111112E-002
         220  0.32444444444444442     
         221  0.21777777777777776     
         222   8.0000000000000002E-002
         223   4.6666666666666669E-002
         224  0.15777777777777777     
         225  0.12222222222222222     
         226  0.21777777777777776     
         227   4.0000000000000001E-002
         228   3.3333333333333333E-002
         229   4.8888888888888891E-002
         230  0.14666666666666667     
         231   4.4444444444444446E-002
         232  0.21333333333333335     
         233  0.10000000000000001     
         234   4.0000000000000001E-002
         235  0.28666666666666668     
         236  0.14888888888888888     
         237  0.19333333333333333     
         238  0.10222222222222223     
         239  0.14444444444444443     
         240  0.24666666666666667     
         241  0.11555555555555555     
         242  0.29777777777777775     
         243  0.29999999999999999     
         244   5.5555555555555552E-002
         245   4.8888888888888891E-002
         246  0.14666666666666667     
         247   8.2222222222222224E-002
         248   5.9999999999999998E-002
         249  0.10222222222222223     
         250  0.14888888888888888     
         251  0.31777777777777777     
         252  0.19333333333333333     
         253   3.5555555555555556E-002
         254  0.12888888888888889     
         255   6.6666666666666671E-003
         256  0.28444444444444444     
         257  0.29555555555555557     
         258   2.4444444444444446E-002
         259  0.27111111111111114     
         260   9.7777777777777783E-002
         261  0.15555555555555556     
         262  0.18888888888888888     
         263  0.31333333333333335     
         264  0.66666666666666663     
         265   9.1111111111111115E-002
         266  0.54444444444444440     
         267  0.10222222222222223     
         268   5.1111111111111114E-002
         269  0.26888888888888890     
         270  0.38444444444444442     
         271   1.7777777777777778E-002
         272  0.33111111111111113     
         273   8.6666666666666670E-002
         274  0.10444444444444445     
         275   4.4444444444444446E-002
         276  0.18222222222222223     
         277   5.9999999999999998E-002
         278   7.3333333333333334E-002
         279  0.11111111111111110     
         280  0.32666666666666666     
         281  0.18222222222222223     
         282   4.8888888888888891E-002
         283  0.42222222222222222     
         284   6.2222222222222220E-002
         285  0.19333333333333333     
         286  0.23999999999999999     
         287  0.22000000000000000     
         288   2.2222222222222223E-002
         289  0.26666666666666666     
         290   2.0000000000000000E-002
         291   9.3333333333333338E-002
         292  0.16888888888888889     
         293  0.21555555555555556     
         294  0.14222222222222222     
         295  0.45777777777777778     
         296  0.11777777777777777     
         297   5.9999999999999998E-002
         298  0.34444444444444444     
         299  0.25111111111111112     
         300  0.12666666666666668     
         301  0.11555555555555555     
         302  0.31333333333333335     
         303  0.38222222222222224     
         304   9.7777777777777783E-002
         305   9.3333333333333338E-002
         306   5.7777777777777775E-002
         307   7.3333333333333334E-002
         308  0.19111111111111112     
         309  0.44000000000000000     
         310  0.25333333333333335     
         311  0.43111111111111111     
         312  0.15111111111111111     
         313  0.16888888888888889     
         314   8.8888888888888889E-003
         315   8.4444444444444447E-002
         316   2.4444444444444446E-002
         317   2.6666666666666668E-002
         318  0.26222222222222225     
         319  0.21777777777777776     
         320   4.8888888888888891E-002
         321   5.9999999999999998E-002
         322   3.3333333333333333E-002
         323   3.5555555555555556E-002
         324  0.10888888888888888     
         325   4.6666666666666669E-002
         326  0.15333333333333332     
         327   8.8888888888888892E-002
         328   2.2222222222222222E-003
         329  0.22888888888888889     
         330  0.38000000000000000     
         331  0.12444444444444444     
         332  0.23777777777777778     
         333  0.11111111111111110     
         334  0.12888888888888889     
         335   6.6666666666666666E-002
         336  0.15111111111111111     
         337  0.16666666666666666     
         338  0.26666666666666666     
         339  0.10444444444444445     
         340  0.11555555555555555     
         341  0.16222222222222221     
         342  0.11555555555555555     
         343  0.26666666666666666     
         344   9.1111111111111115E-002
         345   9.7777777777777783E-002
         346  0.33777777777777779     
         347  0.22444444444444445     
         348  0.23777777777777778     
         349   9.3333333333333338E-002
         350  0.30888888888888888     
         351  0.29777777777777775     
         352  0.12444444444444444     
         353  0.18888888888888888     
         354   7.1111111111111111E-002
         355  0.31777777777777777     
         356  0.33333333333333331     
         357   9.5555555555555560E-002
         358  0.13777777777777778     
         359   1.1111111111111112E-002
         360  0.24888888888888888     
         361  0.15555555555555556     
         362   8.8888888888888892E-002
         363  0.20888888888888890     
         364   8.0000000000000002E-002
         365  0.33555555555555555     
         366   4.4444444444444446E-002
         367   7.5555555555555556E-002
         368  0.21333333333333335     
         369   4.6666666666666669E-002
         370  0.24222222222222223     
         371   1.1111111111111112E-002
         372   5.7777777777777775E-002
         373   8.8888888888888892E-002
         374  0.14888888888888888     
         375  0.14666666666666667     
         376   4.8888888888888891E-002
         377  0.17333333333333334     
         378   2.4444444444444446E-002
         379  0.32222222222222224     
         380  0.23555555555555555     
         381   8.8888888888888889E-003
         382  0.16444444444444445     
         383  0.17333333333333334     
         384   9.5555555555555560E-002
         385   5.5555555555555552E-002
         386   3.1111111111111110E-002
         387  0.28666666666666668     
         388   1.5555555555555555E-002
         389   8.0000000000000002E-002
         390  0.35777777777777775     
         391   5.1111111111111114E-002
         392  0.21777777777777776     
         393  0.19111111111111112     
         394  0.28888888888888886     
         395  0.31777777777777777     
         396  0.28888888888888886     
         397  0.32888888888888890     
         398   2.0000000000000000E-002
         399  0.31777777777777777     
         400   1.3333333333333334E-002
         401   5.1111111111111114E-002
         402  0.26444444444444443     
         403  0.48222222222222222     
         404  0.31555555555555553     
         405  0.27777777777777779     
         406   5.9999999999999998E-002
         407  0.28888888888888886     
         408  0.16888888888888889     
         409   1.1111111111111112E-002
         410  0.37333333333333335     
         411  0.49111111111111111     
         412   2.8888888888888888E-002
         413   4.6666666666666669E-002
         414   7.3333333333333334E-002
         415  0.12222222222222222     
         416   2.2222222222222222E-003
         417  0.20444444444444446     
         418   4.4444444444444444E-003
         419   3.1111111111111110E-002
         420  0.14222222222222222     
         421  0.28000000000000003     
         422  0.12888888888888889     
         423  0.39333333333333331     
         424  0.14000000000000001     
         425  0.11555555555555555     
         426  0.21111111111111111     
         427   7.7777777777777779E-002
         428  0.35333333333333333     
         429   5.9999999999999998E-002
         430  0.39333333333333331     
         431   9.5555555555555560E-002
         432  0.22666666666666666     
         433  0.37555555555555553     
         434  0.15777777777777777     
         435  0.21111111111111111     
         436   8.2222222222222224E-002
         437  0.12888888888888889     
         438  0.12000000000000000     
         439  0.11777777777777777     
         440  0.16444444444444445     
         441   4.2222222222222223E-002
         442  0.23555555555555555     
         443  0.20000000000000001     
         444   7.7777777777777779E-002
         445  0.27777777777777779     
         446  0.28222222222222221     
         447  0.28666666666666668     
         448   2.4444444444444446E-002
         449  0.38000000000000000     
         450   8.0000000000000002E-002
         451  0.27555555555555555     
         452  0.13111111111111112     
         453  0.27777777777777779     
         454  0.14888888888888888     
         455  0.16222222222222221     
         456  0.29333333333333333     
         457   2.2222222222222223E-002
         458  0.12444444444444444     
         459  0.19333333333333333     
         460   8.8888888888888892E-002
         461   4.4444444444444446E-002
         462  0.31555555555555553     
         463  0.20000000000000001     
         464  0.33111111111111113     
         465  0.26444444444444443     
         466  0.15333333333333332     
         467   8.0000000000000002E-002
         468  0.33333333333333331     
         469  0.39555555555555555     
         470  0.35111111111111110     
         471  0.56888888888888889     
         472   2.2222222222222223E-002
         473  0.28222222222222221     
         474   6.6666666666666666E-002
         475  0.17777777777777778     
         476   5.1111111111111114E-002
         477   1.3333333333333334E-002
         478  0.16222222222222221     
         479  0.15111111111111111     
         480   7.5555555555555556E-002
         481  0.33333333333333331     
         482   4.2222222222222223E-002
         483  0.40888888888888891     
         484  0.29999999999999999     
         485   8.8888888888888892E-002
         486  0.15111111111111111     
         487  0.24444444444444444     
         488   7.3333333333333334E-002
         489  0.14444444444444443     
         490   6.8888888888888888E-002
         491  0.12888888888888889     
         492  0.16444444444444445     
         493  0.11555555555555555     
         494   2.6666666666666668E-002
         495   6.8888888888888888E-002
         496   9.3333333333333338E-002
         497  0.20444444444444446     
         498   7.5555555555555556E-002
         499   8.2222222222222224E-002
         500  0.15333333333333332     
         501   5.1111111111111114E-002
         502  0.19333333333333333     
         503  0.24666666666666667     
         504  0.24888888888888888     
         505   6.6666666666666666E-002
         506  0.12666666666666668     
         507   5.1111111111111114E-002
         508  0.14444444444444443     
         509  0.20444444444444446     
         510  0.29999999999999999     
         511   5.5555555555555552E-002
         512  0.11333333333333333     
         513   8.6666666666666670E-002
         514  0.16000000000000000     
         515  0.22444444444444445     
         516  0.14444444444444443     
         517  0.33111111111111113     
         518  0.37333333333333335     
         519  0.12666666666666668     
         520   8.8888888888888892E-002
         521   8.6666666666666670E-002
         522   8.0000000000000002E-002
         523  0.17999999999999999     
         524  0.33777777777777779     
         525   8.8888888888888889E-003
         526  0.14000000000000001     
         527  0.18888888888888888     
         528   3.7777777777777778E-002
         529  0.12888888888888889     
         530   5.7777777777777775E-002
         531   3.1111111111111110E-002
         532  0.12000000000000000     
         533  0.27111111111111114     
         534  0.17111111111111110     
         535  0.10888888888888888     
         536  0.29555555555555557     
         537  0.23111111111111110     
         538   2.8888888888888888E-002
         539  0.30888888888888888     
         540  0.37333333333333335     
         541   2.8888888888888888E-002
         542  0.21333333333333335     
         543  0.27111111111111114     
         544  0.22000000000000000     
         545  0.36222222222222222     
         546  0.12222222222222222     
         547   4.4444444444444446E-002
         548   5.7777777777777775E-002
         549   5.1111111111111114E-002
         550  0.13555555555555557     
         551  0.21333333333333335     
         552  0.28000000000000003     
         553  0.20000000000000001     
         554  0.17333333333333334     
         555   2.2222222222222223E-002
         556   4.2222222222222223E-002
         557  0.13777777777777778     
         558  0.16888888888888889     
         559  0.35999999999999999     
         560  0.15777777777777777     
         561  0.33111111111111113     
         562   3.5555555555555556E-002
         563  0.17333333333333334     
         564  0.33777777777777779     
         565  0.33111111111111113     
         566   5.7777777777777775E-002
         567   3.1111111111111110E-002
         568   6.6666666666666666E-002
         569  0.34000000000000002     
         570  0.25777777777777777     
         571  0.36444444444444446     
         572   9.1111111111111115E-002
         573  0.42222222222222222     
         574  0.23333333333333334     
         575   4.4444444444444446E-002
         576  0.20444444444444446     
         577   6.6666666666666666E-002
         578   6.6666666666666671E-003
         579  0.13555555555555557     
         580  0.16888888888888889     
         581   9.5555555555555560E-002
         582  0.24888888888888888     
         583  0.27333333333333332     
         584  0.21555555555555556     
         585  0.26666666666666666     
         586  0.43777777777777777     
         587  0.10888888888888888     
         588  0.24666666666666667     
         589  0.12000000000000000     
         590   7.5555555555555556E-002
         591   9.5555555555555560E-002
         592   7.5555555555555556E-002
         593   7.5555555555555556E-002
         594   2.8888888888888888E-002
         595  0.19555555555555557     
         596   8.8888888888888892E-002
         597  0.16000000000000000     
         598   1.5555555555555555E-002
         599  0.31777777777777777     
         600   4.0000000000000001E-002
         601   7.5555555555555556E-002
         602  0.39555555555555555     
         603   4.4444444444444444E-003
         604  0.14222222222222222     
         605  0.34000000000000002     
         606  0.22222222222222221     
         607  0.29111111111111110     
         608  0.30222222222222223     
         609  0.14000000000000001     
         610   2.8888888888888888E-002
         611  0.17555555555555555     
         612  0.17333333333333334     
         613  0.47111111111111109     
         614   2.6666666666666668E-002
         615  0.29333333333333333     
         616  0.24666666666666667     
         617  0.21111111111111111     
         618  0.20888888888888890     
         619  0.30444444444444446     
         620   0.0000000000000000     
         621  0.20000000000000001     
         622   4.2222222222222223E-002
         623   6.6666666666666671E-003
         624   9.5555555555555560E-002
         625  0.14666666666666667     
         626  0.22444444444444445     
         627  0.19555555555555557     
         628   1.5555555555555555E-002
         629   6.4444444444444443E-002
         630  0.20444444444444446     
         631  0.21333333333333335     
         632   7.5555555555555556E-002
         633  0.22000000000000000     
         634   8.8888888888888892E-002
         635  0.14000000000000001     
         636  0.18888888888888888     
         637  0.35777777777777775     
         638  0.14666666666666667     
         639  0.20222222222222222     
         640  0.47777777777777780     
         641  0.10444444444444445     
         642  0.24444444444444444     
         643  0.32000000000000001     
         644  0.16000000000000000     
         645   1.3333333333333334E-002
         646  0.36666666666666664     
         647  0.26222222222222225     
         648   1.1111111111111112E-002
         649   5.5555555555555552E-002
         650   7.7777777777777779E-002
         651  0.30888888888888888     
         652  0.22666666666666666     
         653  0.32000000000000001     
         654   3.7777777777777778E-002
         655  0.28222222222222221     
         656   6.6666666666666666E-002
         657  0.31777777777777777     
         658   5.5555555555555552E-002
         659  0.35999999999999999     
         660   4.4444444444444444E-003
         661  0.22000000000000000     
         662  0.17777777777777778     
         663  0.15333333333333332     
         664   3.1111111111111110E-002
         665  0.14888888888888888     
         666  0.11111111111111110     
         667   2.8888888888888888E-002
         668   8.2222222222222224E-002
         669   4.4444444444444446E-002
         670  0.10444444444444445     
         671   2.6666666666666668E-002
         672   4.4444444444444446E-002
         673  0.40888888888888891     
         674   2.4444444444444446E-002
         675   4.2222222222222223E-002
         676  0.30666666666666664     
         677  0.14666666666666667     
         678   2.8888888888888888E-002
         679  0.10444444444444445     
         680   0.0000000000000000     
         681  0.24888888888888888     
         682  0.25555555555555554     
         683   5.7777777777777775E-002
         684  0.15555555555555556     
         685  0.27333333333333332     
         686  0.23999999999999999     
         687   7.7777777777777779E-002
         688  0.13555555555555557     
         689  0.28444444444444444     
         690   8.6666666666666670E-002
         691  0.31111111111111112     
         692   2.8888888888888888E-002
         693  0.17999999999999999     
         694   4.0000000000000001E-002
         695   6.6666666666666671E-003
         696  0.18888888888888888     
         697   4.4444444444444444E-003
         698  0.29777777777777775     
         699  0.11777777777777777     
         700  0.17555555555555555     
         701  0.36444444444444446     
         702  0.16888888888888889     
         703   6.6666666666666671E-003
         704  0.37555555555555553     
         705   1.5555555555555555E-002
         706   8.8888888888888892E-002
         707  0.23333333333333334     
         708   3.1111111111111110E-002
         709  0.12444444444444444     
         710   9.5555555555555560E-002
         711   5.1111111111111114E-002
         712  0.28000000000000003     
         713   2.4444444444444446E-002
         714  0.10444444444444445     
         715  0.14444444444444443     
         716  0.12888888888888889     
         717  0.26444444444444443     
         718   2.0000000000000000E-002
         719  0.13111111111111112     
         720  0.10444444444444445     
         721  0.15111111111111111     
         722   4.6666666666666669E-002
         723   3.1111111111111110E-002
         724   8.2222222222222224E-002
         725   8.8888888888888889E-003
         726   4.8888888888888891E-002
         727  0.20222222222222222     
         728  0.26666666666666666     
         729   8.8888888888888889E-003
         730   8.2222222222222224E-002
         731  0.14666666666666667     
         732   2.2222222222222223E-002
         733  0.14444444444444443     
         734  0.20000000000000001     
         735  0.35777777777777775     
         736   6.2222222222222220E-002
         737  0.11333333333333333     
         738   4.0000000000000001E-002
         739  0.23333333333333334     
         740   3.7777777777777778E-002
         741  0.18444444444444444     
         742  0.19333333333333333     
         743  0.25777777777777777     
         744  0.28666666666666668     
         745   6.2222222222222220E-002
         746  0.16666666666666666     
         747   8.8888888888888892E-002
         748  0.19777777777777777     
         749  0.11111111111111110     
         750   1.1111111111111112E-002
         751  0.14666666666666667     
         752  0.15777777777777777     
         753   2.0000000000000000E-002
         754  0.26222222222222225     
         755  0.20666666666666667     
         756  0.11333333333333333     
         757  0.22444444444444445     
         758   5.9999999999999998E-002
         759   8.8888888888888892E-002
         760   8.8888888888888892E-002
         761   8.2222222222222224E-002
         762  0.10222222222222223     
         763   4.4444444444444446E-002
         764   4.8888888888888891E-002
         765  0.11333333333333333     
         766   4.0000000000000001E-002
         767  0.37111111111111111     
         768   6.4444444444444443E-002
         769  0.20444444444444446     
         770  0.13111111111111112     
         771  0.21111111111111111     
         772   6.6666666666666671E-003
         773  0.47111111111111109     
         774   6.6666666666666671E-003
         775   7.5555555555555556E-002
         776   8.6666666666666670E-002
         777  0.45333333333333331     
         778  0.14666666666666667     
         779   9.1111111111111115E-002
         780   8.6666666666666670E-002
         781  0.16444444444444445     
         782   4.0000000000000001E-002
         783  0.16222222222222221     
         784  0.34888888888888892     
         785  0.34222222222222221     
         786   6.8888888888888888E-002
         787   5.9999999999999998E-002
         788  0.21333333333333335     
         789  0.10222222222222223     
         790  0.13333333333333333     
         791  0.46666666666666667     
         792  0.14666666666666667     
         793   5.9999999999999998E-002
         794  0.38000000000000000     
         795  0.13777777777777778     
         796  0.12666666666666668     
         797  0.28444444444444444     
         798  0.26888888888888890     
         799  0.23777777777777778     
         800   1.5555555555555555E-002
         801   1.3333333333333334E-002
         802  0.12222222222222222     
         803  0.24222222222222223     
         804  0.32888888888888890     
         805   2.6666666666666668E-002
         806  0.11777777777777777     
         807  0.25333333333333335     
         808  0.16666666666666666     
         809  0.36222222222222222     
         810  0.24888888888888888     
         811   9.7777777777777783E-002
         812   5.3333333333333337E-002
         813  0.19777777777777777     
         814  0.19333333333333333     
         815  0.32000000000000001     
         816   9.7777777777777783E-002
         817   8.8888888888888889E-003
         818  0.15333333333333332     
         819   4.8888888888888891E-002
         820   1.3333333333333334E-002
         821  0.21777777777777776     
         822  0.17999999999999999     
         823  0.11777777777777777     
         824  0.18888888888888888     
         825   4.0000000000000001E-002
         826   8.0000000000000002E-002
         827   1.5555555555555555E-002
         828  0.22222222222222221     
         829   1.7777777777777778E-002
         830  0.16444444444444445     
         831   2.8888888888888888E-002
         832   5.9999999999999998E-002
         833  0.31777777777777777     
         834  0.13777777777777778     
         835  0.20444444444444446     
         836   4.8888888888888891E-002
         837  0.10888888888888888     
         838   1.3333333333333334E-002
         839  0.17333333333333334     
         840  0.14000000000000001     
         841   1.1111111111111112E-002
         842  0.15333333333333332     
         843  0.16444444444444445     
         844   8.2222222222222224E-002
         845  0.10888888888888888     
         846  0.29555555555555557     
         847  0.43777777777777777     
         848  0.12222222222222222     
         849   1.3333333333333334E-002
         850   3.7777777777777778E-002
         851   5.9999999999999998E-002
         852   9.5555555555555560E-002
         853  0.19111111111111112     
         854  0.18444444444444444     
         855  0.26888888888888890     
         856   1.3333333333333334E-002
         857  0.29777777777777775     
         858  0.15555555555555556     
         859  0.17111111111111110     
         860   4.6666666666666669E-002
         861  0.27555555555555555     
         862   1.3333333333333334E-002
         863  0.10666666666666667     
         864  0.38000000000000000     
         865   4.4444444444444446E-002
         866  0.40888888888888891     
         867  0.24222222222222223     
         868  0.29111111111111110     
         869   8.4444444444444447E-002
         870  0.21111111111111111     
         871  0.27333333333333332     
         872  0.33777777777777779     
         873   4.6666666666666669E-002
         874  0.20222222222222222     
         875  0.30666666666666664     
         876  0.15555555555555556     
         877   7.5555555555555556E-002
         878  0.20666666666666667     
         879  0.34444444444444444     
         880  0.19777777777777777     
         881  0.51333333333333331     
         882  0.30888888888888888     
         883  0.17333333333333334     
         884   2.0000000000000000E-002
         885  0.12222222222222222     
         886  0.10666666666666667     
         887  0.16888888888888889     
         888  0.43777777777777777     
         889  0.41111111111111109     
         890  0.17111111111111110     
         891   5.3333333333333337E-002
         892  0.29777777777777775     
         893  0.30666666666666664     
         894   4.4444444444444446E-002
         895  0.16888888888888889     
         896   7.3333333333333334E-002
         897  0.31777777777777777     
         898  0.40666666666666668     
         899  0.14666666666666667     
         900  0.14666666666666667     
         901   6.6666666666666666E-002
         902   4.2222222222222223E-002
         903   8.8888888888888889E-003
         904   1.3333333333333334E-002
         905   5.9999999999999998E-002
         906  0.21111111111111111     
         907  0.25777777777777777     
         908  0.26666666666666666     
         909  0.26444444444444443     
         910   0.0000000000000000     
         911  0.34444444444444444     
         912   9.5555555555555560E-002
         913   1.5555555555555555E-002
         914   5.3333333333333337E-002
         915  0.41333333333333333     
         916   3.1111111111111110E-002
         917  0.25555555555555554     
         918   4.0000000000000001E-002
         919   6.6666666666666666E-002
         920  0.21333333333333335     
         921  0.31333333333333335     
         922   5.7777777777777775E-002
         923  0.17333333333333334     
         924   4.4444444444444444E-003
         925  0.16000000000000000     
         926  0.10000000000000001     
         927  0.27777777777777779     
         928   5.5555555555555552E-002
         929  0.25333333333333335     
         930   8.4444444444444447E-002
         931  0.40000000000000002     
         932  0.33333333333333331     
         933  0.13111111111111112     
         934  0.10444444444444445     
         935  0.13111111111111112     
         936  0.20888888888888890     
         937  0.23555555555555555     
         938  0.35777777777777775     
         939  0.22000000000000000     
         940   7.7777777777777779E-002
         941   6.6666666666666666E-002
         942  0.20000000000000001     
         943   6.8888888888888888E-002
         944   4.4444444444444446E-002
         945  0.22888888888888889     
         946  0.24444444444444444     
         947  0.34444444444444444     
         948  0.34000000000000002     
         949  0.30888888888888888     
         950  0.30222222222222223     
         951  0.22222222222222221     
         952  0.17555555555555555     
         953   5.5555555555555552E-002
         954  0.15333333333333332     
         955   1.1111111111111112E-002
         956  0.12444444444444444     
         957   8.8888888888888889E-003
         958   4.4444444444444444E-003
         959  0.18666666666666668     
         960   2.2222222222222223E-002
         961   9.7777777777777783E-002
         962  0.14444444444444443     
         963  0.34000000000000002     
         964  0.36666666666666664     
         965   9.5555555555555560E-002
         966  0.39555555555555555     
         967  0.37777777777777777     
         968   5.7777777777777775E-002
         969   6.6666666666666671E-003
         970  0.23333333333333334     
         971   5.1111111111111114E-002
         972  0.32000000000000001     
         973  0.14666666666666667     
         974  0.28888888888888886     
         975  0.22888888888888889     
         976   8.0000000000000002E-002
         977  0.13555555555555557     
         978  0.23555555555555555     
         979  0.38000000000000000     
         980  0.26222222222222225     
         981   7.5555555555555556E-002
         982  0.23111111111111110     
         983   1.3333333333333334E-002
         984  0.21333333333333335     
         985   7.5555555555555556E-002
         986   6.2222222222222220E-002
         987  0.43333333333333335     
         988  0.10222222222222223     
         989   9.1111111111111115E-002
         990  0.34666666666666668     
         991   2.8888888888888888E-002
         992  0.13777777777777778     
         993   8.6666666666666670E-002
         994  0.38666666666666666     
         995  0.11777777777777777     
         996  0.17999999999999999     
         997  0.26666666666666666     
         998  0.23999999999999999     
         999  0.21777777777777776     
        1000  0.16444444444444445     
        1001  0.13111111111111112     
        1002  0.18444444444444444     
        1003   8.2222222222222224E-002
        1004   8.0000000000000002E-002
        1005  0.43111111111111111     
        1006  0.16888888888888889     
        1007  0.19111111111111112     
        1008  0.31333333333333335     
        1009  0.12222222222222222     
        1010   9.5555555555555560E-002
        1011  0.15111111111111111     
        1012  0.26444444444444443     
        1013  0.19111111111111112     
        1014   5.5555555555555552E-002
        1015  0.30666666666666664     
        1016  0.20444444444444446     
        1017  0.18666666666666668     
        1018   4.4444444444444446E-002
        1019  0.20444444444444446     
        1020  0.13555555555555557     
        1021  0.30666666666666664     
        1022  0.15333333333333332     
        1023   6.2222222222222220E-002
        1024  0.15555555555555556     
        1025   6.8888888888888888E-002
        1026  0.43777777777777777     
        1027  0.11111111111111110     
        1028   7.5555555555555556E-002
        1029  0.29777777777777775     
        1030  0.11777777777777777     
        1031  0.35999999999999999     
        1032   2.4444444444444446E-002
        1033  0.22222222222222221     
        1034  0.11777777777777777     
        1035  0.12000000000000000     
        1036  0.10222222222222223     
        1037   8.0000000000000002E-002
        1038   2.6666666666666668E-002
        1039   7.3333333333333334E-002
        1040  0.13555555555555557     
        1041   9.5555555555555560E-002
        1042  0.10888888888888888     
        1043  0.32444444444444442     
        1044   4.4444444444444446E-002
        1045  0.12000000000000000     
        1046   3.1111111111111110E-002
        1047  0.16444444444444445     
        1048  0.17777777777777778     
        1049  0.24666666666666667     
        1050   2.2222222222222223E-002
        1051  0.16444444444444445     
        1052  0.12000000000000000     
        1053  0.17555555555555555     
        1054   7.5555555555555556E-002
        1055  0.19111111111111112     
        1056  0.28888888888888886     
        1057   2.2222222222222223E-002
        1058   9.3333333333333338E-002
        1059  0.22666666666666666     
        1060   2.2222222222222223E-002
        1061  0.44666666666666666     
        1062  0.21555555555555556     
        1063   1.7777777777777778E-002
        1064  0.19777777777777777     
        1065  0.22444444444444445     
        1066  0.15777777777777777     
        1067   2.8888888888888888E-002
        1068  0.16222222222222221     
        1069  0.13333333333333333     
        1070   9.5555555555555560E-002
        1071  0.17999999999999999     
        1072   3.1111111111111110E-002
        1073  0.34222222222222221     
        1074   5.1111111111111114E-002
        1075   4.0000000000000001E-002
        1076   9.7777777777777783E-002
        1077  0.35555555555555557     
        1078   5.5555555555555552E-002
        1079  0.20222222222222222     
        1080   3.5555555555555556E-002
        1081   2.2222222222222222E-003
        1082  0.24444444444444444     
        1083  0.38666666666666666     
        1084   0.0000000000000000     
        1085  0.32222222222222224     
        1086   2.8888888888888888E-002
        1087   9.1111111111111115E-002
        1088  0.34222222222222221     
        1089   2.2222222222222223E-002
        1090   4.0000000000000001E-002
        1091   3.1111111111111110E-002
        1092  0.12222222222222222     
        1093  0.39111111111111113     
        1094  0.29999999999999999     
        1095   5.7777777777777775E-002
        1096   4.2222222222222223E-002
        1097  0.13555555555555557     
        1098   9.3333333333333338E-002
        1099  0.11777777777777777     
        1100  0.10222222222222223     
        1101  0.26888888888888890     
        1102   8.8888888888888889E-003
        1103   2.6666666666666668E-002
        1104   8.6666666666666670E-002
        1105   6.4444444444444443E-002
        1106  0.18222222222222223     
        1107   8.8888888888888892E-002
        1108  0.12888888888888889     
        1109   8.2222222222222224E-002
        1110  0.13777777777777778     
        1111  0.16222222222222221     
        1112  0.17999999999999999     
        1113   4.6666666666666669E-002
        1114  0.14666666666666667     
        1115   5.1111111111111114E-002
        1116   1.1111111111111112E-002
        1117  0.12000000000000000     
        1118  0.24888888888888888     
        1119  0.26000000000000001     
        1120   7.1111111111111111E-002
        1121  0.16888888888888889     
        1122   4.8888888888888891E-002
        1123  0.10444444444444445     
        1124  0.12222222222222222     
        1125  0.20888888888888890     
        1126  0.26666666666666666     
        1127   2.6666666666666668E-002
        1128   7.1111111111111111E-002
        1129   9.1111111111111115E-002
        1130  0.37333333333333335     
        1131  0.14888888888888888     
        1132   2.2222222222222223E-002
        1133  0.14444444444444443     
        1134  0.17999999999999999     
        1135  0.11111111111111110     
        1136  0.10000000000000001     
        1137  0.25111111111111112     
        1138  0.21777777777777776     
        1139   1.3333333333333334E-002
        1140   2.2222222222222223E-002
        1141  0.15777777777777777     
        1142  0.14000000000000001     
        1143   5.1111111111111114E-002
        1144  0.26888888888888890     
        1145   2.2222222222222222E-003
        1146  0.11111111111111110     
        1147  0.16444444444444445     
        1148  0.14222222222222222     
        1149  0.46222222222222220     
        1150  0.10888888888888888     
        1151  0.16222222222222221     
        1152   3.1111111111111110E-002
        1153   4.6666666666666669E-002
        1154   2.0000000000000000E-002
        1155  0.24444444444444444     
        1156  0.15777777777777777     
        1157  0.22000000000000000     
        1158  0.40666666666666668     
        1159  0.10222222222222223     
        1160  0.23777777777777778     
        1161   2.2222222222222222E-003
        1162  0.28666666666666668     
        1163   6.6666666666666666E-002
        1164   5.9999999999999998E-002
        1165  0.10444444444444445     
        1166  0.15777777777777777     
        1167   5.1111111111111114E-002
        1168  0.10000000000000001     
        1169   9.1111111111111115E-002
        1170  0.15555555555555556     
        1171  0.12444444444444444     
        1172  0.10000000000000001     
        1173   9.3333333333333338E-002
        1174  0.12444444444444444     
        1175   8.8888888888888889E-003
        1176  0.40888888888888891     
        1177   9.7777777777777783E-002
        1178  0.35333333333333333     
        1179  0.26000000000000001     
        1180  0.22888888888888889     
        1181   7.1111111111111111E-002
        1182  0.10222222222222223     
        1183  0.32444444444444442     
        1184  0.22444444444444445     
        1185   8.6666666666666670E-002
        1186  0.36222222222222222     
        1187   1.7777777777777778E-002
        1188  0.28444444444444444     
        1189   1.7777777777777778E-002
        1190  0.21777777777777776     
        1191  0.29111111111111110     
        1192  0.38666666666666666     
        1193   2.2222222222222223E-002
        1194  0.16888888888888889     
        1195  0.17555555555555555     
        1196  0.19111111111111112     
        1197  0.10000000000000001     
        1198   9.5555555555555560E-002
        1199   2.0000000000000000E-002
        1200   8.2222222222222224E-002
        1201   9.7777777777777783E-002
        1202  0.16666666666666666     
        1203   9.3333333333333338E-002
        1204  0.12666666666666668     
        1205  0.29999999999999999     
        1206   1.1111111111111112E-002
        1207  0.17111111111111110     
        1208  0.29555555555555557     
        1209  0.39777777777777779     
        1210  0.22000000000000000     
        1211  0.11111111111111110     
        1212   3.1111111111111110E-002
        1213  0.11333333333333333     
        1214   7.5555555555555556E-002
        1215  0.12000000000000000     
        1216  0.30444444444444446     
        1217  0.16000000000000000     
        1218  0.27555555555555555     
        1219  0.35777777777777775     
        1220  0.12444444444444444     
        1221  0.18444444444444444     
        1222  0.10000000000000001     
        1223  0.17999999999999999     
        1224  0.30222222222222223     
        1225   5.3333333333333337E-002
        1226  0.17333333333333334     
        1227   2.0000000000000000E-002
        1228   9.7777777777777783E-002
        1229  0.24666666666666667     
        1230  0.28444444444444444     
        1231  0.30444444444444446     
        1232   9.5555555555555560E-002
        1233  0.23999999999999999     
        1234  0.28666666666666668     
        1235   2.0000000000000000E-002
        1236  0.14000000000000001     
        1237  0.14444444444444443     
        1238  0.38888888888888890     
        1239   8.8888888888888889E-003
        1240  0.12666666666666668     
        1241   3.3333333333333333E-002
        1242   8.0000000000000002E-002
        1243  0.11111111111111110     
        1244  0.14222222222222222     
        1245  0.19111111111111112     
        1246  0.21111111111111111     
        1247  0.27777777777777779     
        1248  0.44000000000000000     
        1249  0.29999999999999999     
        1250  0.16666666666666666     
        1251  0.11111111111111110     
        1252   7.7777777777777779E-002
        1253  0.32888888888888890     
        1254  0.16444444444444445     
        1255   2.0000000000000000E-002
        1256   3.1111111111111110E-002
        1257  0.13111111111111112     
        1258  0.21555555555555556     
        1259  0.11333333333333333     
        1260  0.11777777777777777     
        1261  0.18222222222222223     
        1262   6.4444444444444443E-002
        1263  0.25777777777777777     
        1264  0.27555555555555555     
        1265  0.19555555555555557     
        1266  0.33555555555555555     
        1267  0.12888888888888889     
        1268  0.18222222222222223     
        1269   7.3333333333333334E-002
        1270   5.9999999999999998E-002
        1271  0.12444444444444444     
        1272   1.3333333333333334E-002
        1273  0.11555555555555555     
        1274  0.12888888888888889     
        1275   6.6666666666666666E-002
        1276  0.29111111111111110     
        1277   8.6666666666666670E-002
        1278  0.12444444444444444     
        1279  0.13111111111111112     
        1280  0.31333333333333335     
        1281  0.11333333333333333     
        1282  0.47555555555555556     
        1283  0.23555555555555555     
        1284  0.26444444444444443     
        1285  0.24666666666666667     
        1286  0.28222222222222221     
        1287   7.3333333333333334E-002
        1288   6.4444444444444443E-002
        1289  0.22222222222222221     
        1290  0.11333333333333333     
        1291   1.1111111111111112E-002
        1292   1.5555555555555555E-002
        1293   6.6666666666666671E-003
        1294  0.20000000000000001     
        1295  0.25555555555555554     
        1296  0.25111111111111112     
        1297   8.4444444444444447E-002
        1298  0.14888888888888888     
        1299   9.7777777777777783E-002
        1300  0.23333333333333334     
        1301   4.0000000000000001E-002
        1302  0.27333333333333332     
        1303   9.7777777777777783E-002
        1304  0.31111111111111112     
        1305   3.5555555555555556E-002
        1306   5.5555555555555552E-002
        1307  0.15111111111111111     
        1308  0.20000000000000001     
        1309  0.16000000000000000     
        1310  0.15111111111111111     
        1311  0.22444444444444445     
        1312  0.13777777777777778     
        1313  0.31777777777777777     
        1314  0.20444444444444446     
        1315   2.2222222222222222E-003
        1316  0.13777777777777778     
        1317  0.19555555555555557     
        1318  0.53333333333333333     
        1319  0.10888888888888888     
        1320   9.3333333333333338E-002
        1321   4.4444444444444444E-003
        1322  0.10888888888888888     
        1323   8.0000000000000002E-002
        1324  0.15333333333333332     
        1325  0.14000000000000001     
        1326   2.4444444444444446E-002
        1327   6.8888888888888888E-002
        1328  0.10444444444444445     
        1329   3.5555555555555556E-002
        1330  0.26444444444444443     
        1331  0.19555555555555557     
        1332  0.37333333333333335     
        1333  0.14000000000000001     
        1334   3.5555555555555556E-002
        1335  0.11777777777777777     
        1336  0.18444444444444444     
        1337   2.4444444444444446E-002
        1338   9.5555555555555560E-002
        1339  0.14666666666666667     
        1340  0.18444444444444444     
        1341   1.1111111111111112E-002
        1342  0.16000000000000000     
        1343  0.22444444444444445     
        1344  0.25111111111111112     
        1345  0.22222222222222221     
        1346   1.7777777777777778E-002
        1347  0.18222222222222223     
        1348   4.4444444444444446E-002
        1349   7.5555555555555556E-002
        1350  0.27333333333333332     
        1351  0.42222222222222222     
        1352   3.5555555555555556E-002
        1353   3.5555555555555556E-002
        1354  0.10666666666666667     
        1355   5.1111111111111114E-002
        1356   3.3333333333333333E-002
        1357   3.5555555555555556E-002
        1358  0.17333333333333334     
        1359  0.12444444444444444     
        1360   6.8888888888888888E-002
        1361   8.8888888888888889E-003
        1362   4.2222222222222223E-002
        1363  0.30888888888888888     
        1364   5.1111111111111114E-002
        1365   8.8888888888888889E-003
        1366   2.8888888888888888E-002
        1367  0.22888888888888889     
        1368  0.25111111111111112     
        1369  0.11111111111111110     
        1370  0.18666666666666668     
        1371  0.24444444444444444     
        1372   9.3333333333333338E-002
        1373   5.1111111111111114E-002
        1374  0.17777777777777778     
        1375  0.16000000000000000     
        1376  0.29333333333333333     
        1377  0.25777777777777777     
        1378  0.21333333333333335     
        1379  0.23111111111111110     
        1380  0.45333333333333331     
        1381   2.4444444444444446E-002
        1382   5.9999999999999998E-002
        1383  0.14444444444444443     
        1384  0.35333333333333333     
        1385  0.23777777777777778     
        1386  0.24222222222222223     
        1387  0.40222222222222220     
        1388   4.4444444444444444E-003
        1389   0.0000000000000000     
        1390  0.16444444444444445     
        1391   7.1111111111111111E-002
        1392   8.2222222222222224E-002
        1393   3.1111111111111110E-002
        1394  0.10222222222222223     
        1395  0.34000000000000002     
        1396  0.25777777777777777     
        1397  0.16000000000000000     
        1398  0.16000000000000000     
        1399   3.7777777777777778E-002
        1400   1.1111111111111112E-002
        1401   8.8888888888888889E-003
        1402  0.11555555555555555     
        1403  0.49111111111111111     
        1404  0.27333333333333332     
        1405  0.18666666666666668     
        1406  0.20888888888888890     
        1407   2.8888888888888888E-002
        1408   8.8888888888888892E-002
        1409  0.22222222222222221     
        1410  0.17777777777777778     
        1411  0.15111111111111111     
        1412  0.20666666666666667     
        1413  0.17777777777777778     
        1414  0.19333333333333333     
        1415  0.23333333333333334     
        1416  0.24222222222222223     
        1417  0.23555555555555555     
        1418   3.5555555555555556E-002
        1419   4.4444444444444446E-002
        1420  0.29777777777777775     
        1421   4.6666666666666669E-002
        1422  0.11333333333333333     
        1423   5.7777777777777775E-002
        1424  0.11333333333333333     
        1425  0.13111111111111112     
        1426  0.27777777777777779     
        1427  0.24888888888888888     
        1428   3.1111111111111110E-002
        1429  0.14000000000000001     
        1430   5.3333333333333337E-002
        1431   7.7777777777777779E-002
        1432  0.19777777777777777     
        1433  0.26000000000000001     
        1434  0.10444444444444445     
        1435   4.8888888888888891E-002
        1436   1.7777777777777778E-002
        1437  0.36888888888888888     
        1438  0.20000000000000001     
        1439  0.30222222222222223     
        1440  0.22000000000000000     
        1441  0.13111111111111112     
        1442  0.21333333333333335     
        1443  0.11777777777777777     
        1444  0.23555555555555555     
        1445   4.4444444444444444E-003
        1446  0.28000000000000003     
        1447   6.6666666666666671E-003
        1448   8.6666666666666670E-002
        1449   8.8888888888888889E-003
        1450  0.11777777777777777     
        1451  0.17999999999999999     
        1452  0.14000000000000001     
        1453  0.39111111111111113     
        1454   3.1111111111111110E-002
        1455  0.12222222222222222     
        1456   8.2222222222222224E-002
        1457   5.3333333333333337E-002
        1458  0.45333333333333331     
        1459  0.11555555555555555     
        1460   8.6666666666666670E-002
        1461  0.28444444444444444     
        1462   1.1111111111111112E-002
        1463  0.29777777777777775     
        1464  0.42444444444444446     
        1465  0.19555555555555557     
        1466   8.8888888888888889E-003
        1467   8.6666666666666670E-002
        1468   8.6666666666666670E-002
        1469   3.1111111111111110E-002
        1470   4.0000000000000001E-002
        1471   2.8888888888888888E-002
        1472   4.0000000000000001E-002
        1473   7.1111111111111111E-002
        1474  0.13777777777777778     
        1475  0.34222222222222221     
        1476  0.14888888888888888     
        1477   9.1111111111111115E-002
        1478  0.10000000000000001     
        1479  0.14000000000000001     
        1480  0.44000000000000000     
        1481   2.2222222222222222E-003
        1482  0.29999999999999999     
        1483   9.7777777777777783E-002
        1484  0.11333333333333333     
        1485  0.27111111111111114     
        1486  0.18888888888888888     
        1487   2.2222222222222223E-002
        1488  0.14000000000000001     
        1489  0.21777777777777776     
        1490   6.8888888888888888E-002
        1491   9.1111111111111115E-002
        1492  0.13777777777777778     
        1493  0.37555555555555553     
        1494   2.4444444444444446E-002
        1495  0.27777777777777779     
        1496   7.1111111111111111E-002
        1497  0.40666666666666668     
        1498  0.20444444444444446     
        1499   8.2222222222222224E-002
        1500   1.5555555555555555E-002
        1501  0.11333333333333333     
        1502  0.30222222222222223     
        1503  0.21777777777777776     
        1504  0.21111111111111111     
        1505   3.1111111111111110E-002
        1506   8.8888888888888892E-002
        1507  0.12444444444444444     
        1508  0.23777777777777778     
        1509  0.19555555555555557     
        1510   2.2222222222222222E-003
        1511   1.7777777777777778E-002
        1512   3.3333333333333333E-002
        1513  0.12888888888888889     
        1514  0.26666666666666666     
        1515  0.10888888888888888     
        1516  0.30888888888888888     
        1517  0.17999999999999999     
        1518   1.3333333333333334E-002
        1519  0.23333333333333334     
        1520  0.21111111111111111     
        1521   7.5555555555555556E-002
        1522   5.5555555555555552E-002
        1523  0.11111111111111110     
        1524   3.5555555555555556E-002
        1525  0.21111111111111111     
        1526  0.19777777777777777     
        1527   4.8888888888888891E-002
        1528  0.18666666666666668     
        1529  0.25555555555555554     
        1530   7.1111111111111111E-002
        1531   5.3333333333333337E-002
        1532   4.4444444444444446E-002
        1533   8.2222222222222224E-002
        1534  0.29999999999999999     
        1535   4.4444444444444444E-003
        1536  0.33777777777777779     
        1537  0.14666666666666667     
        1538  0.17999999999999999     
        1539   4.8888888888888891E-002
        1540   7.3333333333333334E-002
        1541   8.8888888888888892E-002
        1542  0.10444444444444445     
        1543  0.36666666666666664     
        1544   4.0000000000000001E-002
        1545  0.32666666666666666     
        1546   4.0000000000000001E-002
        1547  0.13555555555555557     
        1548  0.30888888888888888     
        1549  0.25111111111111112     
        1550  0.11777777777777777     
        1551   8.2222222222222224E-002
        1552   2.2222222222222223E-002
        1553  0.19333333333333333     
        1554  0.12888888888888889     
        1555   2.4444444444444446E-002
        1556   2.6666666666666668E-002
        1557  0.49777777777777776     
        1558   8.8888888888888892E-002
        1559  0.15777777777777777     
        1560   5.7777777777777775E-002
        1561  0.14666666666666667     
        1562   5.3333333333333337E-002
        1563   8.8888888888888889E-003
        1564  0.27333333333333332     
        1565  0.32222222222222224     
        1566  0.33777777777777779     
        1567   5.7777777777777775E-002
        1568   3.7777777777777778E-002
        1569   5.3333333333333337E-002
        1570   3.7777777777777778E-002
        1571   5.3333333333333337E-002
        1572  0.22000000000000000     
        1573   4.4444444444444444E-003
        1574  0.28444444444444444     
        1575  0.21555555555555556     
        1576   6.6666666666666671E-003
        1577   4.6666666666666669E-002
        1578  0.18444444444444444     
        1579  0.27777777777777779     
        1580  0.26888888888888890     
        1581  0.25333333333333335     
        1582  0.10666666666666667     
        1583   4.4444444444444444E-003
        1584  0.19555555555555557     
        1585   8.8888888888888889E-003
        1586  0.14000000000000001     
        1587   8.4444444444444447E-002
        1588  0.30888888888888888     
        1589  0.24888888888888888     
        1590   4.0000000000000001E-002
        1591   6.2222222222222220E-002
        1592  0.39777777777777779     
        1593   2.6666666666666668E-002
        1594   6.8888888888888888E-002
        1595   4.6666666666666669E-002
        1596  0.29777777777777775     
        1597   1.5555555555555555E-002
        1598   7.7777777777777779E-002
        1599  0.11111111111111110     
        1600   8.0000000000000002E-002
        1601   5.9999999999999998E-002
        1602   6.8888888888888888E-002
        1603   2.2222222222222222E-003
        1604  0.14888888888888888     
        1605  0.13111111111111112     
        1606  0.10444444444444445     
        1607  0.10666666666666667     
        1608  0.23555555555555555     
        1609   2.2222222222222222E-003
        1610  0.11111111111111110     
        1611   2.8888888888888888E-002
        1612  0.12888888888888889     
        1613   7.3333333333333334E-002
        1614   3.1111111111111110E-002
        1615  0.16222222222222221     
        1616  0.30666666666666664     
        1617  0.26000000000000001     
        1618  0.12222222222222222     
        1619   4.6666666666666669E-002
        1620   4.4444444444444446E-002
        1621   0.0000000000000000     
        1622  0.10444444444444445     
        1623   4.4444444444444446E-002
        1624   5.3333333333333337E-002
        1625   5.3333333333333337E-002
        1626  0.17333333333333334     
        1627   5.7777777777777775E-002
        1628  0.29777777777777775     
        1629   2.6666666666666668E-002
        1630   5.5555555555555552E-002
        1631  0.29555555555555557     
        1632  0.34000000000000002     
        1633  0.21777777777777776     
        1634   8.0000000000000002E-002
        1635   8.0000000000000002E-002
        1636   2.4444444444444446E-002
        1637  0.26444444444444443     
        1638  0.11333333333333333     
        1639  0.25111111111111112     
        1640   1.7777777777777778E-002
        1641  0.23555555555555555     
        1642  0.33333333333333331     
        1643   1.7777777777777778E-002
        1644  0.11111111111111110     
        1645  0.14444444444444443     
        1646  0.18222222222222223     
        1647  0.32222222222222224     
        1648   8.8888888888888889E-003
        1649   1.7777777777777778E-002
        1650  0.27777777777777779     
        1651   3.1111111111111110E-002
        1652  0.12888888888888889     
        1653   4.6666666666666669E-002
        1654  0.20888888888888890     
        1655  0.11333333333333333     
        1656  0.21111111111111111     
        1657  0.18222222222222223     
        1658  0.10666666666666667     
        1659   1.1111111111111112E-002
        1660   2.6666666666666668E-002
        1661  0.13777777777777778     
        1662  0.24222222222222223     
        1663   1.1111111111111112E-002
        1664  0.26444444444444443     
        1665   3.1111111111111110E-002
        1666  0.38888888888888890     
        1667   8.4444444444444447E-002
        1668  0.25111111111111112     
        1669   7.5555555555555556E-002
        1670  0.17333333333333334     
        1671  0.40444444444444444     
        1672   9.7777777777777783E-002
        1673   4.4444444444444444E-003
        1674   5.5555555555555552E-002
        1675   2.4444444444444446E-002
        1676   4.2222222222222223E-002
        1677  0.26888888888888890     
        1678   6.8888888888888888E-002
        1679  0.23333333333333334     
        1680  0.10444444444444445     
        1681   3.5555555555555556E-002
        1682  0.34000000000000002     
        1683  0.10666666666666667     
        1684   5.1111111111111114E-002
        1685  0.22222222222222221     
        1686  0.15555555555555556     
        1687   6.6666666666666666E-002
        1688  0.12444444444444444     
        1689   4.8888888888888891E-002
        1690  0.13555555555555557     
        1691   5.3333333333333337E-002
        1692  0.41555555555555557     
        1693   8.0000000000000002E-002
        1694  0.11333333333333333     
        1695   1.1111111111111112E-002
        1696  0.34000000000000002     
        1697  0.15333333333333332     
        1698   9.7777777777777783E-002
        1699   7.1111111111111111E-002
        1700   5.9999999999999998E-002
        1701   4.4444444444444444E-003
        1702   1.3333333333333334E-002
        1703   2.6666666666666668E-002
        1704  0.21777777777777776     
        1705  0.33555555555555555     
        1706  0.19333333333333333     
        1707  0.29999999999999999     
        1708   8.8888888888888892E-002
        1709   5.1111111111111114E-002
        1710  0.13111111111111112     
        1711   6.2222222222222220E-002
        1712  0.17777777777777778     
        1713  0.15111111111111111     
        1714  0.45111111111111113     
        1715  0.20000000000000001     
        1716   6.6666666666666666E-002
        1717  0.12444444444444444     
        1718  0.22000000000000000     
        1719  0.46444444444444444     
        1720  0.25333333333333335     
        1721  0.26444444444444443     
        1722  0.10888888888888888     
        1723  0.32222222222222224     
        1724  0.20444444444444446     
        1725  0.54444444444444440     
        1726  0.17333333333333334     
        1727  0.13555555555555557     
        1728  0.43555555555555553     
        1729  0.24222222222222223     
        1730  0.12222222222222222     
        1731   3.1111111111111110E-002
        1732   2.0000000000000000E-002
        1733  0.18222222222222223     
        1734  0.42888888888888888     
        1735  0.12888888888888889     
        1736   4.8888888888888891E-002
        1737   6.6666666666666671E-003
        1738  0.20000000000000001     
        1739  0.41555555555555557     
        1740   9.5555555555555560E-002
        1741   7.7777777777777779E-002
        1742   9.5555555555555560E-002
        1743   5.5555555555555552E-002
        1744   5.7777777777777775E-002
        1745  0.22666666666666666     
        1746   8.8888888888888892E-002
        1747   3.1111111111111110E-002
        1748  0.13111111111111112     
        1749  0.24444444444444444     
        1750  0.19777777777777777     
        1751  0.12000000000000000     
        1752  0.29333333333333333     
        1753   1.7777777777777778E-002
        1754   2.2222222222222222E-003
        1755  0.12222222222222222     
        1756   8.8888888888888889E-003
        1757  0.16000000000000000     
        1758  0.30222222222222223     
        1759  0.10666666666666667     
        1760   3.7777777777777778E-002
        1761   9.5555555555555560E-002
        1762   5.3333333333333337E-002
        1763   5.1111111111111114E-002
        1764   4.6666666666666669E-002
        1765  0.15333333333333332     
        1766  0.16888888888888889     
        1767   9.5555555555555560E-002
        1768  0.12000000000000000     
        1769  0.16666666666666666     
        1770  0.19555555555555557     
        1771  0.22444444444444445     
        1772  0.19555555555555557     
        1773  0.22888888888888889     
        1774   4.8888888888888891E-002
        1775   7.5555555555555556E-002
        1776  0.18666666666666668     
        1777  0.16666666666666666     
        1778   6.4444444444444443E-002
        1779  0.27555555555555555     
        1780  0.42666666666666669     
        1781   4.6666666666666669E-002
        1782   4.8888888888888891E-002
        1783   7.7777777777777779E-002
        1784  0.13333333333333333     
        1785   8.2222222222222224E-002
        1786   1.5555555555555555E-002
        1787  0.23555555555555555     
        1788  0.35333333333333333     
        1789   5.1111111111111114E-002
        1790  0.14222222222222222     
        1791  0.10000000000000001     
        1792   6.8888888888888888E-002
        1793  0.10444444444444445     
        1794   3.7777777777777778E-002
        1795  0.26222222222222225     
        1796   5.1111111111111114E-002
        1797  0.15555555555555556     
        1798   9.5555555555555560E-002
        1799   2.0000000000000000E-002
        1800  0.19333333333333333     
        1801   1.7777777777777778E-002
        1802   4.6666666666666669E-002
        1803   6.6666666666666671E-003
        1804  0.19111111111111112     
        1805  0.22888888888888889     
        1806  0.10888888888888888     
        1807  0.17999999999999999     
        1808   7.3333333333333334E-002
        1809  0.24888888888888888     
        1810  0.18888888888888888     
        1811  0.23111111111111110     
        1812  0.11777777777777777     
        1813   7.1111111111111111E-002
        1814   4.4444444444444444E-003
        1815   9.3333333333333338E-002
        1816  0.12222222222222222     
        1817  0.33555555555555555     
        1818  0.25333333333333335     
        1819  0.15111111111111111     
        1820   1.1111111111111112E-002
        1821   3.3333333333333333E-002
        1822   5.1111111111111114E-002
        1823  0.10000000000000001     
        1824  0.28666666666666668     
        1825  0.25111111111111112     
        1826  0.32000000000000001     
        1827  0.31555555555555553     
        1828  0.26222222222222225     
        1829   6.2222222222222220E-002
        1830  0.16666666666666666     
        1831  0.32888888888888890     
        1832  0.25333333333333335     
        1833   1.5555555555555555E-002
        1834  0.23999999999999999     
        1835   2.2222222222222222E-003
        1836  0.40000000000000002     
        1837   0.0000000000000000     
        1838   8.8888888888888889E-003
        1839  0.27111111111111114     
        1840  0.13777777777777778     
        1841  0.38222222222222224     
        1842   1.7777777777777778E-002
        1843   7.1111111111111111E-002
        1844  0.14888888888888888     
        1845   4.4444444444444444E-003
        1846  0.17111111111111110     
        1847   5.5555555555555552E-002
        1848   3.5555555555555556E-002
        1849  0.32000000000000001     
        1850  0.15111111111111111     
        1851   9.7777777777777783E-002
        1852   7.5555555555555556E-002
        1853  0.20666666666666667     
        1854  0.35333333333333333     
        1855   4.8888888888888891E-002
        1856   4.4444444444444446E-002
        1857   4.0000000000000001E-002
        1858   8.4444444444444447E-002
        1859  0.45111111111111113     
        1860  0.14222222222222222     
        1861   6.4444444444444443E-002
        1862  0.18222222222222223     
        1863   3.5555555555555556E-002
        1864   6.6666666666666671E-003
        1865  0.19555555555555557     
        1866   5.9999999999999998E-002
        1867   7.1111111111111111E-002
        1868  0.31333333333333335     
        1869   3.5555555555555556E-002
        1870  0.15111111111111111     
        1871  0.11111111111111110     
        1872  0.20666666666666667     
        1873  0.37333333333333335     
        1874   2.4444444444444446E-002
        1875  0.10444444444444445     
        1876  0.30444444444444446     
        1877  0.27555555555555555     
        1878  0.13111111111111112     
        1879  0.26666666666666666     
        1880  0.18666666666666668     
        1881  0.19777777777777777     
        1882   6.6666666666666666E-002
        1883  0.31555555555555553     
        1884  0.29777777777777775     
        1885   6.8888888888888888E-002
        1886   1.3333333333333334E-002
        1887   6.6666666666666666E-002
        1888   8.8888888888888889E-003
        1889   1.5555555555555555E-002
        1890   8.2222222222222224E-002
        1891  0.20888888888888890     
        1892  0.62888888888888894     
        1893  0.10666666666666667     
        1894  0.12000000000000000     
        1895   2.2222222222222223E-002
        1896   2.2222222222222222E-003
        1897  0.11777777777777777     
        1898   9.1111111111111115E-002
        1899   6.6666666666666671E-003
        1900   2.2222222222222222E-003
        1901  0.20444444444444446     
        1902   8.6666666666666670E-002
        1903   1.1111111111111112E-002
        1904   5.1111111111111114E-002
        1905  0.14666666666666667     
        1906  0.29333333333333333     
        1907  0.26000000000000001     
        1908   4.4444444444444446E-002
        1909  0.13111111111111112     
        1910  0.11555555555555555     
        1911  0.36444444444444446     
        1912   3.7777777777777778E-002
        1913  0.23333333333333334     
        1914   6.2222222222222220E-002
        1915  0.10888888888888888     
        1916   2.6666666666666668E-002
        1917  0.13111111111111112     
        1918  0.22666666666666666     
        1919  0.21333333333333335     
        1920   7.3333333333333334E-002
        1921  0.12444444444444444     
        1922  0.24444444444444444     
        1923   2.2222222222222223E-002
        1924  0.28666666666666668     
        1925  0.33555555555555555     
        1926  0.22222222222222221     
        1927  0.36888888888888888     
        1928  0.17999999999999999     
        1929  0.15555555555555556     
        1930  0.14444444444444443     
        1931   2.4444444444444446E-002
        1932   2.4444444444444446E-002
        1933   5.9999999999999998E-002
        1934  0.13111111111111112     
        1935  0.14666666666666667     
        1936  0.28222222222222221     
        1937   4.4444444444444444E-003
        1938  0.28000000000000003     
        1939  0.13777777777777778     
        1940  0.21777777777777776     
        1941  0.18888888888888888     
        1942  0.16000000000000000     
        1943  0.20444444444444446     
        1944  0.14000000000000001     
        1945  0.18222222222222223     
        1946   7.3333333333333334E-002
        1947   6.8888888888888888E-002
        1948  0.18222222222222223     
        1949  0.16222222222222221     
        1950   8.0000000000000002E-002
        1951  0.26000000000000001     
        1952  0.32000000000000001     
        1953   7.3333333333333334E-002
        1954   8.8888888888888892E-002
        1955  0.23777777777777778     
        1956  0.18222222222222223     
        1957  0.22888888888888889     
        1958   4.8888888888888891E-002
        1959  0.19555555555555557     
        1960  0.31333333333333335     
        1961   1.3333333333333334E-002
        1962   1.5555555555555555E-002
        1963   8.8888888888888889E-003
        1964   8.8888888888888892E-002
        1965   4.4444444444444446E-002
        1966   0.0000000000000000     
        1967   2.2222222222222223E-002
        1968  0.22888888888888889     
        1969  0.27555555555555555     
        1970  0.13555555555555557     
        1971   6.4444444444444443E-002
        1972   2.8888888888888888E-002
        1973  0.13777777777777778     
        1974  0.29999999999999999     
        1975  0.45333333333333331     
        1976   8.6666666666666670E-002
        1977  0.16000000000000000     
        1978  0.17777777777777778     
        1979  0.35555555555555557     
        1980  0.28666666666666668     
        1981  0.23999999999999999     
        1982   2.2222222222222223E-002
        1983  0.12222222222222222     
        1984  0.18222222222222223     
        1985  0.35333333333333333     
        1986  0.10888888888888888     
        1987  0.20222222222222222     
        1988   5.1111111111111114E-002
        1989  0.22000000000000000     
        1990  0.12666666666666668     
        1991  0.28222222222222221     
        1992   4.4444444444444446E-002
        1993  0.28888888888888886     
        1994   1.1111111111111112E-002
        1995  0.24888888888888888     
        1996  0.20222222222222222     
        1997   8.2222222222222224E-002
        1998   2.6666666666666668E-002
        1999   1.3333333333333334E-002
        2000  0.17333333333333334     
