           1  0.93874999999999997     
           2  0.94125000000000003     
           3  0.95250000000000001     
           4  0.93750000000000000     
           5  0.94750000000000001     
           6  0.93374999999999997     
           7  0.94125000000000003     
           8  0.95125000000000004     
           9  0.92874999999999996     
          10  0.96499999999999997     
          11  0.92374999999999996     
          12  0.93250000000000000     
          13  0.95874999999999999     
          14  0.90375000000000005     
          15  0.92000000000000004     
          16  0.94999999999999996     
          17  0.95874999999999999     
          18  0.94374999999999998     
          19  0.94625000000000004     
          20  0.92749999999999999     
          21  0.93625000000000003     
          22  0.93999999999999995     
          23  0.95125000000000004     
          24  0.96625000000000005     
          25  0.92000000000000004     
          26  0.94750000000000001     
          27  0.93374999999999997     
          28  0.94999999999999996     
          29  0.93125000000000002     
          30  0.95250000000000001     
          31  0.94499999999999995     
          32  0.93500000000000005     
          33  0.95625000000000004     
          34  0.95625000000000004     
          35  0.93874999999999997     
          36  0.94250000000000000     
          37  0.93874999999999997     
          38  0.94625000000000004     
          39  0.94125000000000003     
          40  0.94125000000000003     
          41  0.91500000000000004     
          42  0.95625000000000004     
          43  0.92500000000000004     
          44  0.92500000000000004     
          45  0.93125000000000002     
          46  0.94874999999999998     
          47  0.95874999999999999     
          48  0.90749999999999997     
          49  0.93500000000000005     
          50  0.93874999999999997     
          51  0.94874999999999998     
          52  0.91125000000000000     
          53  0.93000000000000005     
          54  0.95874999999999999     
          55  0.92125000000000001     
          56  0.92874999999999996     
          57  0.95999999999999996     
          58  0.94125000000000003     
          59  0.91874999999999996     
          60  0.92625000000000002     
          61  0.92249999999999999     
          62  0.92874999999999996     
          63  0.94125000000000003     
          64  0.92125000000000001     
          65  0.96999999999999997     
          66  0.95125000000000004     
          67  0.92749999999999999     
          68  0.92374999999999996     
          69  0.94499999999999995     
          70  0.93874999999999997     
          71  0.92500000000000004     
          72  0.92374999999999996     
          73  0.94499999999999995     
          74  0.93874999999999997     
          75  0.92500000000000004     
          76  0.93750000000000000     
          77  0.93625000000000003     
          78  0.94750000000000001     
          79  0.93500000000000005     
          80  0.91625000000000001     
          81  0.93125000000000002     
          82  0.93999999999999995     
          83  0.94874999999999998     
          84  0.93874999999999997     
          85  0.90249999999999997     
          86  0.93750000000000000     
          87  0.93874999999999997     
          88  0.93999999999999995     
          89  0.93250000000000000     
          90  0.93750000000000000     
          91  0.92625000000000002     
          92  0.95125000000000004     
          93  0.93750000000000000     
          94  0.93874999999999997     
          95  0.91500000000000004     
          96  0.94625000000000004     
          97  0.95250000000000001     
          98  0.93500000000000005     
          99  0.93250000000000000     
         100  0.94625000000000004     
         101  0.93374999999999997     
         102  0.93125000000000002     
         103  0.92125000000000001     
         104  0.96250000000000002     
         105  0.94999999999999996     
         106  0.93000000000000005     
         107  0.91874999999999996     
         108  0.94374999999999998     
         109  0.94499999999999995     
         110  0.96375000000000000     
         111  0.94874999999999998     
         112  0.90249999999999997     
         113  0.91749999999999998     
         114  0.94625000000000004     
         115  0.95125000000000004     
         116  0.93374999999999997     
         117  0.91874999999999996     
         118  0.95625000000000004     
         119  0.94750000000000001     
         120  0.95750000000000002     
         121  0.92249999999999999     
         122  0.95374999999999999     
         123  0.94999999999999996     
         124  0.96625000000000005     
         125  0.94250000000000000     
         126  0.91874999999999996     
         127  0.94999999999999996     
         128  0.94999999999999996     
         129  0.91125000000000000     
         130  0.91374999999999995     
         131  0.93874999999999997     
         132  0.92500000000000004     
         133  0.93125000000000002     
         134  0.93500000000000005     
         135  0.94625000000000004     
         136  0.91625000000000001     
         137  0.93750000000000000     
         138  0.93874999999999997     
         139  0.94125000000000003     
         140  0.93999999999999995     
         141  0.93999999999999995     
         142  0.94250000000000000     
         143  0.93874999999999997     
         144  0.91374999999999995     
         145  0.93750000000000000     
         146  0.94125000000000003     
         147  0.95874999999999999     
         148  0.93625000000000003     
         149  0.93500000000000005     
         150  0.93000000000000005     
         151  0.92249999999999999     
         152  0.93625000000000003     
         153  0.92500000000000004     
         154  0.94999999999999996     
         155  0.92000000000000004     
         156  0.94250000000000000     
         157  0.93999999999999995     
         158  0.91500000000000004     
         159  0.93374999999999997     
         160  0.94374999999999998     
         161  0.93625000000000003     
         162  0.90874999999999995     
         163  0.94250000000000000     
         164  0.92625000000000002     
         165  0.93000000000000005     
         166  0.92874999999999996     
         167  0.92500000000000004     
         168  0.91625000000000001     
         169  0.93874999999999997     
         170  0.96499999999999997     
         171  0.93374999999999997     
         172  0.96375000000000000     
         173  0.92125000000000001     
         174  0.95874999999999999     
         175  0.91625000000000001     
         176  0.95874999999999999     
         177  0.95499999999999996     
         178  0.95125000000000004     
         179  0.95125000000000004     
         180  0.94874999999999998     
         181  0.93250000000000000     
         182  0.94750000000000001     
         183  0.92749999999999999     
         184  0.93999999999999995     
         185  0.95125000000000004     
         186  0.92374999999999996     
         187  0.91874999999999996     
         188  0.94874999999999998     
         189  0.95999999999999996     
         190  0.92374999999999996     
         191  0.94250000000000000     
         192  0.93500000000000005     
         193  0.91249999999999998     
         194  0.94999999999999996     
         195  0.93000000000000005     
         196  0.94125000000000003     
         197  0.93999999999999995     
         198  0.96625000000000005     
         199  0.92249999999999999     
         200  0.94250000000000000     
         201  0.92374999999999996     
         202  0.95750000000000002     
         203  0.94750000000000001     
         204  0.93874999999999997     
         205  0.94499999999999995     
         206  0.93625000000000003     
         207  0.94125000000000003     
         208  0.90749999999999997     
         209  0.92000000000000004     
         210  0.93625000000000003     
         211  0.95125000000000004     
         212  0.94874999999999998     
         213  0.91749999999999998     
         214  0.92874999999999996     
         215  0.91874999999999996     
         216  0.93874999999999997     
         217  0.91374999999999995     
         218  0.95250000000000001     
         219  0.93999999999999995     
         220  0.94125000000000003     
         221  0.93374999999999997     
         222  0.95125000000000004     
         223  0.92374999999999996     
         224  0.93750000000000000     
         225  0.95125000000000004     
         226  0.92374999999999996     
         227  0.92374999999999996     
         228  0.93250000000000000     
         229  0.94999999999999996     
         230  0.93250000000000000     
         231  0.94374999999999998     
         232  0.92125000000000001     
         233  0.94874999999999998     
         234  0.94499999999999995     
         235  0.94125000000000003     
         236  0.95499999999999996     
         237  0.91500000000000004     
         238  0.91249999999999998     
         239  0.93750000000000000     
         240  0.94125000000000003     
         241  0.92249999999999999     
         242  0.93250000000000000     
         243  0.91749999999999998     
         244  0.92625000000000002     
         245  0.93250000000000000     
         246  0.92249999999999999     
         247  0.94250000000000000     
         248  0.92625000000000002     
         249  0.93500000000000005     
         250  0.94874999999999998     
         251  0.92874999999999996     
         252  0.92125000000000001     
         253  0.93125000000000002     
         254  0.94625000000000004     
         255  0.94999999999999996     
         256  0.93999999999999995     
         257  0.92500000000000004     
         258  0.93500000000000005     
         259  0.95125000000000004     
         260  0.93125000000000002     
         261  0.93625000000000003     
         262  0.95374999999999999     
         263  0.93250000000000000     
         264  0.93000000000000005     
         265  0.94125000000000003     
         266  0.93250000000000000     
         267  0.94999999999999996     
         268  0.93625000000000003     
         269  0.92249999999999999     
         270  0.94999999999999996     
         271  0.92874999999999996     
         272  0.95625000000000004     
         273  0.93750000000000000     
         274  0.93625000000000003     
         275  0.89375000000000004     
         276  0.92000000000000004     
         277  0.95874999999999999     
         278  0.93874999999999997     
         279  0.95999999999999996     
         280  0.92374999999999996     
         281  0.89749999999999996     
         282  0.95374999999999999     
         283  0.92374999999999996     
         284  0.93374999999999997     
         285  0.94625000000000004     
         286  0.95374999999999999     
         287  0.94374999999999998     
         288  0.93874999999999997     
         289  0.94499999999999995     
         290  0.95374999999999999     
         291  0.92874999999999996     
         292  0.95125000000000004     
         293  0.94999999999999996     
         294  0.94999999999999996     
         295  0.92374999999999996     
         296  0.94625000000000004     
         297  0.95499999999999996     
         298  0.92500000000000004     
         299  0.93999999999999995     
         300  0.95874999999999999     
         301  0.94625000000000004     
         302  0.92000000000000004     
         303  0.93874999999999997     
         304  0.94625000000000004     
         305  0.95374999999999999     
         306  0.92249999999999999     
         307  0.93750000000000000     
         308  0.93374999999999997     
         309  0.92625000000000002     
         310  0.96250000000000002     
         311  0.94499999999999995     
         312  0.92125000000000001     
         313  0.93250000000000000     
         314  0.94250000000000000     
         315  0.92625000000000002     
         316  0.92749999999999999     
         317  0.95125000000000004     
         318  0.94999999999999996     
         319  0.91125000000000000     
         320  0.87875000000000003     
         321  0.90125000000000000     
         322  0.92125000000000001     
         323  0.94374999999999998     
         324  0.95125000000000004     
         325  0.94499999999999995     
         326  0.93000000000000005     
         327  0.92874999999999996     
         328  0.92625000000000002     
         329  0.90249999999999997     
         330  0.94125000000000003     
         331  0.93874999999999997     
         332  0.94999999999999996     
         333  0.90375000000000005     
         334  0.93374999999999997     
         335  0.93000000000000005     
         336  0.92125000000000001     
         337  0.94874999999999998     
         338  0.92125000000000001     
         339  0.94125000000000003     
         340  0.97124999999999995     
         341  0.91500000000000004     
         342  0.94999999999999996     
         343  0.92749999999999999     
         344  0.93125000000000002     
         345  0.93125000000000002     
         346  0.95999999999999996     
         347  0.93374999999999997     
         348  0.91625000000000001     
         349  0.95374999999999999     
         350  0.93125000000000002     
         351  0.92374999999999996     
         352  0.93250000000000000     
         353  0.94374999999999998     
         354  0.94750000000000001     
         355  0.92500000000000004     
         356  0.93000000000000005     
         357  0.94125000000000003     
         358  0.91874999999999996     
         359  0.92874999999999996     
         360  0.92874999999999996     
         361  0.93250000000000000     
         362  0.94499999999999995     
         363  0.93500000000000005     
         364  0.94625000000000004     
         365  0.91625000000000001     
         366  0.94250000000000000     
         367  0.93500000000000005     
         368  0.93874999999999997     
         369  0.94374999999999998     
         370  0.93750000000000000     
         371  0.95499999999999996     
         372  0.91749999999999998     
         373  0.92000000000000004     
         374  0.95625000000000004     
         375  0.92749999999999999     
         376  0.93374999999999997     
         377  0.94499999999999995     
         378  0.94874999999999998     
         379  0.95750000000000002     
         380  0.95250000000000001     
         381  0.93125000000000002     
         382  0.91125000000000000     
         383  0.91374999999999995     
         384  0.93874999999999997     
         385  0.87375000000000003     
         386  0.95125000000000004     
         387  0.93000000000000005     
         388  0.93625000000000003     
         389  0.93750000000000000     
         390  0.93999999999999995     
         391  0.92874999999999996     
         392  0.94250000000000000     
         393  0.92874999999999996     
         394  0.91874999999999996     
         395  0.93625000000000003     
         396  0.95999999999999996     
         397  0.95250000000000001     
         398  0.94125000000000003     
         399  0.96125000000000005     
         400  0.91374999999999995     
         401  0.92749999999999999     
         402  0.93500000000000005     
         403  0.95125000000000004     
         404  0.93999999999999995     
         405  0.92000000000000004     
         406  0.94499999999999995     
         407  0.92000000000000004     
         408  0.93125000000000002     
         409  0.93250000000000000     
         410  0.93750000000000000     
         411  0.94374999999999998     
         412  0.92000000000000004     
         413  0.93125000000000002     
         414  0.92625000000000002     
         415  0.94999999999999996     
         416  0.94374999999999998     
         417  0.94250000000000000     
         418  0.94499999999999995     
         419  0.94250000000000000     
         420  0.94750000000000001     
         421  0.92749999999999999     
         422  0.93000000000000005     
         423  0.95125000000000004     
         424  0.92374999999999996     
         425  0.94625000000000004     
         426  0.92000000000000004     
         427  0.92874999999999996     
         428  0.92625000000000002     
         429  0.92500000000000004     
         430  0.93374999999999997     
         431  0.93874999999999997     
         432  0.93374999999999997     
         433  0.93250000000000000     
         434  0.94499999999999995     
         435  0.94874999999999998     
         436  0.95250000000000001     
         437  0.94374999999999998     
         438  0.94999999999999996     
         439  0.95499999999999996     
         440  0.94374999999999998     
         441  0.93374999999999997     
         442  0.93374999999999997     
         443  0.92625000000000002     
         444  0.92249999999999999     
         445  0.93000000000000005     
         446  0.94374999999999998     
         447  0.92374999999999996     
         448  0.93000000000000005     
         449  0.94874999999999998     
         450  0.93250000000000000     
         451  0.92249999999999999     
         452  0.93000000000000005     
         453  0.93750000000000000     
         454  0.91749999999999998     
         455  0.92625000000000002     
         456  0.95125000000000004     
         457  0.93250000000000000     
         458  0.93625000000000003     
         459  0.92249999999999999     
         460  0.94125000000000003     
         461  0.94999999999999996     
         462  0.93625000000000003     
         463  0.93750000000000000     
         464  0.95625000000000004     
         465  0.94999999999999996     
         466  0.91125000000000000     
         467  0.94250000000000000     
         468  0.94625000000000004     
         469  0.95374999999999999     
         470  0.94374999999999998     
         471  0.96499999999999997     
         472  0.93125000000000002     
         473  0.92374999999999996     
         474  0.92749999999999999     
         475  0.94625000000000004     
         476  0.95874999999999999     
         477  0.92749999999999999     
         478  0.92625000000000002     
         479  0.94874999999999998     
         480  0.92125000000000001     
         481  0.94250000000000000     
         482  0.90500000000000003     
         483  0.95874999999999999     
         484  0.92874999999999996     
         485  0.95125000000000004     
         486  0.90249999999999997     
         487  0.93500000000000005     
         488  0.94499999999999995     
         489  0.92125000000000001     
         490  0.93250000000000000     
         491  0.95750000000000002     
         492  0.93999999999999995     
         493  0.93125000000000002     
         494  0.92125000000000001     
         495  0.94750000000000001     
         496  0.93874999999999997     
         497  0.93374999999999997     
         498  0.94625000000000004     
         499  0.94125000000000003     
         500  0.94874999999999998     
         501  0.96375000000000000     
         502  0.95374999999999999     
         503  0.95374999999999999     
         504  0.93125000000000002     
         505  0.93374999999999997     
         506  0.94499999999999995     
         507  0.93750000000000000     
         508  0.94625000000000004     
         509  0.91374999999999995     
         510  0.95250000000000001     
         511  0.92874999999999996     
         512  0.92500000000000004     
         513  0.93374999999999997     
         514  0.95625000000000004     
         515  0.92749999999999999     
         516  0.93000000000000005     
         517  0.94999999999999996     
         518  0.94874999999999998     
         519  0.94499999999999995     
         520  0.93000000000000005     
         521  0.93125000000000002     
         522  0.93000000000000005     
         523  0.92749999999999999     
         524  0.90749999999999997     
         525  0.96125000000000005     
         526  0.94874999999999998     
         527  0.94874999999999998     
         528  0.93874999999999997     
         529  0.93625000000000003     
         530  0.92625000000000002     
         531  0.91874999999999996     
         532  0.95125000000000004     
         533  0.92749999999999999     
         534  0.94250000000000000     
         535  0.94499999999999995     
         536  0.93750000000000000     
         537  0.94374999999999998     
         538  0.93999999999999995     
         539  0.92500000000000004     
         540  0.92000000000000004     
         541  0.91500000000000004     
         542  0.91874999999999996     
         543  0.95999999999999996     
         544  0.94499999999999995     
         545  0.93374999999999997     
         546  0.92874999999999996     
         547  0.94250000000000000     
         548  0.94499999999999995     
         549  0.94374999999999998     
         550  0.94499999999999995     
         551  0.91625000000000001     
         552  0.93750000000000000     
         553  0.91625000000000001     
         554  0.93125000000000002     
         555  0.92500000000000004     
         556  0.93874999999999997     
         557  0.92625000000000002     
         558  0.93874999999999997     
         559  0.94250000000000000     
         560  0.93125000000000002     
         561  0.93125000000000002     
         562  0.95125000000000004     
         563  0.91374999999999995     
         564  0.94874999999999998     
         565  0.94874999999999998     
         566  0.93750000000000000     
         567  0.92249999999999999     
         568  0.95374999999999999     
         569  0.94374999999999998     
         570  0.93750000000000000     
         571  0.93125000000000002     
         572  0.93250000000000000     
         573  0.89000000000000001     
         574  0.95625000000000004     
         575  0.92500000000000004     
         576  0.95625000000000004     
         577  0.93000000000000005     
         578  0.94125000000000003     
         579  0.93000000000000005     
         580  0.94625000000000004     
         581  0.96625000000000005     
         582  0.92249999999999999     
         583  0.93374999999999997     
         584  0.94625000000000004     
         585  0.91625000000000001     
         586  0.93999999999999995     
         587  0.95750000000000002     
         588  0.94374999999999998     
         589  0.96250000000000002     
         590  0.92000000000000004     
         591  0.95250000000000001     
         592  0.93625000000000003     
         593  0.93874999999999997     
         594  0.92374999999999996     
         595  0.93374999999999997     
         596  0.94999999999999996     
         597  0.94999999999999996     
         598  0.94125000000000003     
         599  0.94374999999999998     
         600  0.90375000000000005     
         601  0.94374999999999998     
         602  0.93999999999999995     
         603  0.93999999999999995     
         604  0.91625000000000001     
         605  0.88500000000000001     
         606  0.92249999999999999     
         607  0.95125000000000004     
         608  0.94625000000000004     
         609  0.95750000000000002     
         610  0.90249999999999997     
         611  0.94374999999999998     
         612  0.94250000000000000     
         613  0.91000000000000003     
         614  0.93500000000000005     
         615  0.95750000000000002     
         616  0.93374999999999997     
         617  0.93750000000000000     
         618  0.90249999999999997     
         619  0.92500000000000004     
         620  0.94750000000000001     
         621  0.90000000000000002     
         622  0.92125000000000001     
         623  0.94374999999999998     
         624  0.94874999999999998     
         625  0.93250000000000000     
         626  0.95250000000000001     
         627  0.93500000000000005     
         628  0.95250000000000001     
         629  0.94750000000000001     
         630  0.92625000000000002     
         631  0.92874999999999996     
         632  0.95125000000000004     
         633  0.94125000000000003     
         634  0.94499999999999995     
         635  0.94125000000000003     
         636  0.89249999999999996     
         637  0.96250000000000002     
         638  0.92874999999999996     
         639  0.94750000000000001     
         640  0.96375000000000000     
         641  0.94750000000000001     
         642  0.89249999999999996     
         643  0.95125000000000004     
         644  0.93625000000000003     
         645  0.93625000000000003     
         646  0.92874999999999996     
         647  0.94374999999999998     
         648  0.93125000000000002     
         649  0.93625000000000003     
         650  0.95499999999999996     
         651  0.93374999999999997     
         652  0.95125000000000004     
         653  0.93125000000000002     
         654  0.93625000000000003     
         655  0.95250000000000001     
         656  0.93750000000000000     
         657  0.95125000000000004     
         658  0.93000000000000005     
         659  0.95499999999999996     
         660  0.95374999999999999     
         661  0.93500000000000005     
         662  0.92874999999999996     
         663  0.90249999999999997     
         664  0.95499999999999996     
         665  0.91249999999999998     
         666  0.92874999999999996     
         667  0.94750000000000001     
         668  0.95374999999999999     
         669  0.93000000000000005     
         670  0.94999999999999996     
         671  0.94374999999999998     
         672  0.96250000000000002     
         673  0.94374999999999998     
         674  0.92000000000000004     
         675  0.91500000000000004     
         676  0.93625000000000003     
         677  0.93874999999999997     
         678  0.95125000000000004     
         679  0.92125000000000001     
         680  0.93125000000000002     
         681  0.94874999999999998     
         682  0.93625000000000003     
         683  0.96250000000000002     
         684  0.93125000000000002     
         685  0.93625000000000003     
         686  0.93625000000000003     
         687  0.94374999999999998     
         688  0.92500000000000004     
         689  0.92249999999999999     
         690  0.90500000000000003     
         691  0.93374999999999997     
         692  0.90874999999999995     
         693  0.91874999999999996     
         694  0.96375000000000000     
         695  0.92000000000000004     
         696  0.95374999999999999     
         697  0.90749999999999997     
         698  0.94250000000000000     
         699  0.95374999999999999     
         700  0.93250000000000000     
         701  0.93874999999999997     
         702  0.94874999999999998     
         703  0.96499999999999997     
         704  0.93999999999999995     
         705  0.92374999999999996     
         706  0.94374999999999998     
         707  0.94625000000000004     
         708  0.91500000000000004     
         709  0.93000000000000005     
         710  0.88000000000000000     
         711  0.93750000000000000     
         712  0.93250000000000000     
         713  0.94625000000000004     
         714  0.93000000000000005     
         715  0.94125000000000003     
         716  0.94625000000000004     
         717  0.93374999999999997     
         718  0.90625000000000000     
         719  0.91249999999999998     
         720  0.94250000000000000     
         721  0.91749999999999998     
         722  0.93874999999999997     
         723  0.93874999999999997     
         724  0.92625000000000002     
         725  0.89375000000000004     
         726  0.92749999999999999     
         727  0.94999999999999996     
         728  0.91000000000000003     
         729  0.94499999999999995     
         730  0.92625000000000002     
         731  0.94874999999999998     
         732  0.93500000000000005     
         733  0.93625000000000003     
         734  0.96250000000000002     
         735  0.92874999999999996     
         736  0.93125000000000002     
         737  0.93250000000000000     
         738  0.88375000000000004     
         739  0.92500000000000004     
         740  0.92625000000000002     
         741  0.94999999999999996     
         742  0.91125000000000000     
         743  0.96375000000000000     
         744  0.93625000000000003     
         745  0.94374999999999998     
         746  0.95250000000000001     
         747  0.89624999999999999     
         748  0.92000000000000004     
         749  0.94125000000000003     
         750  0.95374999999999999     
         751  0.96250000000000002     
         752  0.91749999999999998     
         753  0.93625000000000003     
         754  0.91500000000000004     
         755  0.93000000000000005     
         756  0.95250000000000001     
         757  0.95125000000000004     
         758  0.91125000000000000     
         759  0.90500000000000003     
         760  0.90500000000000003     
         761  0.93874999999999997     
         762  0.92749999999999999     
         763  0.90125000000000000     
         764  0.93625000000000003     
         765  0.89375000000000004     
         766  0.95750000000000002     
         767  0.93374999999999997     
         768  0.94125000000000003     
         769  0.92749999999999999     
         770  0.94250000000000000     
         771  0.92625000000000002     
         772  0.95250000000000001     
         773  0.92500000000000004     
         774  0.94499999999999995     
         775  0.92374999999999996     
         776  0.93374999999999997     
         777  0.90874999999999995     
         778  0.95499999999999996     
         779  0.91874999999999996     
         780  0.94250000000000000     
         781  0.91749999999999998     
         782  0.93374999999999997     
         783  0.92125000000000001     
         784  0.91249999999999998     
         785  0.95625000000000004     
         786  0.92000000000000004     
         787  0.91500000000000004     
         788  0.93874999999999997     
         789  0.92625000000000002     
         790  0.95499999999999996     
         791  0.93125000000000002     
         792  0.94750000000000001     
         793  0.93374999999999997     
         794  0.93874999999999997     
         795  0.93999999999999995     
         796  0.93374999999999997     
         797  0.94374999999999998     
         798  0.93000000000000005     
         799  0.94374999999999998     
         800  0.95874999999999999     
         801  0.94250000000000000     
         802  0.91249999999999998     
         803  0.94499999999999995     
         804  0.89124999999999999     
         805  0.93250000000000000     
         806  0.94374999999999998     
         807  0.92249999999999999     
         808  0.94750000000000001     
         809  0.94374999999999998     
         810  0.95750000000000002     
         811  0.93874999999999997     
         812  0.94625000000000004     
         813  0.95999999999999996     
         814  0.93874999999999997     
         815  0.95250000000000001     
         816  0.92749999999999999     
         817  0.93999999999999995     
         818  0.95999999999999996     
         819  0.93250000000000000     
         820  0.88375000000000004     
         821  0.91625000000000001     
         822  0.93250000000000000     
         823  0.94750000000000001     
         824  0.93374999999999997     
         825  0.95874999999999999     
         826  0.92000000000000004     
         827  0.95125000000000004     
         828  0.94499999999999995     
         829  0.91749999999999998     
         830  0.93874999999999997     
         831  0.94625000000000004     
         832  0.95125000000000004     
         833  0.94374999999999998     
         834  0.92500000000000004     
         835  0.95250000000000001     
         836  0.95250000000000001     
         837  0.90000000000000002     
         838  0.92625000000000002     
         839  0.92374999999999996     
         840  0.96125000000000005     
         841  0.94999999999999996     
         842  0.96250000000000002     
         843  0.94125000000000003     
         844  0.95250000000000001     
         845  0.95874999999999999     
         846  0.91625000000000001     
         847  0.95125000000000004     
         848  0.93750000000000000     
         849  0.93250000000000000     
         850  0.95125000000000004     
         851  0.89500000000000002     
         852  0.92500000000000004     
         853  0.93125000000000002     
         854  0.92874999999999996     
         855  0.95750000000000002     
         856  0.94374999999999998     
         857  0.90500000000000003     
         858  0.90375000000000005     
         859  0.94125000000000003     
         860  0.93625000000000003     
         861  0.94374999999999998     
         862  0.93750000000000000     
         863  0.92874999999999996     
         864  0.93999999999999995     
         865  0.95750000000000002     
         866  0.93999999999999995     
         867  0.93500000000000005     
         868  0.95125000000000004     
         869  0.93874999999999997     
         870  0.93625000000000003     
         871  0.93000000000000005     
         872  0.95625000000000004     
         873  0.94250000000000000     
         874  0.93500000000000005     
         875  0.94125000000000003     
         876  0.95750000000000002     
         877  0.95750000000000002     
         878  0.93874999999999997     
         879  0.90000000000000002     
         880  0.94125000000000003     
         881  0.93374999999999997     
         882  0.93250000000000000     
         883  0.93874999999999997     
         884  0.90000000000000002     
         885  0.93999999999999995     
         886  0.96250000000000002     
         887  0.92500000000000004     
         888  0.94499999999999995     
         889  0.95250000000000001     
         890  0.93500000000000005     
         891  0.94625000000000004     
         892  0.93874999999999997     
         893  0.94374999999999998     
         894  0.94625000000000004     
         895  0.94999999999999996     
         896  0.94499999999999995     
         897  0.93125000000000002     
         898  0.93374999999999997     
         899  0.93625000000000003     
         900  0.90874999999999995     
         901  0.93874999999999997     
         902  0.92249999999999999     
         903  0.95125000000000004     
         904  0.94125000000000003     
         905  0.94999999999999996     
         906  0.93250000000000000     
         907  0.92125000000000001     
         908  0.91874999999999996     
         909  0.93250000000000000     
         910  0.93999999999999995     
         911  0.92125000000000001     
         912  0.86875000000000002     
         913  0.93250000000000000     
         914  0.92249999999999999     
         915  0.93750000000000000     
         916  0.92874999999999996     
         917  0.94499999999999995     
         918  0.92625000000000002     
         919  0.93500000000000005     
         920  0.93500000000000005     
         921  0.96375000000000000     
         922  0.95125000000000004     
         923  0.93000000000000005     
         924  0.93625000000000003     
         925  0.93374999999999997     
         926  0.95750000000000002     
         927  0.87875000000000003     
         928  0.94750000000000001     
         929  0.92874999999999996     
         930  0.92000000000000004     
         931  0.90000000000000002     
         932  0.94874999999999998     
         933  0.95374999999999999     
         934  0.90500000000000003     
         935  0.94250000000000000     
         936  0.92500000000000004     
         937  0.93750000000000000     
         938  0.91874999999999996     
         939  0.92000000000000004     
         940  0.96125000000000005     
         941  0.95499999999999996     
         942  0.95125000000000004     
         943  0.92249999999999999     
         944  0.95374999999999999     
         945  0.93125000000000002     
         946  0.94625000000000004     
         947  0.94750000000000001     
         948  0.93625000000000003     
         949  0.94374999999999998     
         950  0.95125000000000004     
         951  0.93000000000000005     
         952  0.93374999999999997     
         953  0.94374999999999998     
         954  0.96250000000000002     
         955  0.93374999999999997     
         956  0.95750000000000002     
         957  0.93250000000000000     
         958  0.93374999999999997     
         959  0.92000000000000004     
         960  0.92874999999999996     
         961  0.94874999999999998     
         962  0.95250000000000001     
         963  0.91125000000000000     
         964  0.95125000000000004     
         965  0.92749999999999999     
         966  0.91749999999999998     
         967  0.95374999999999999     
         968  0.95125000000000004     
         969  0.95250000000000001     
         970  0.93750000000000000     
         971  0.94250000000000000     
         972  0.92749999999999999     
         973  0.93250000000000000     
         974  0.92749999999999999     
         975  0.93874999999999997     
         976  0.95125000000000004     
         977  0.92125000000000001     
         978  0.93250000000000000     
         979  0.93625000000000003     
         980  0.93500000000000005     
         981  0.94374999999999998     
         982  0.93750000000000000     
         983  0.94250000000000000     
         984  0.94374999999999998     
         985  0.94750000000000001     
         986  0.93374999999999997     
         987  0.90000000000000002     
         988  0.91874999999999996     
         989  0.93000000000000005     
         990  0.95250000000000001     
         991  0.93125000000000002     
         992  0.95499999999999996     
         993  0.94999999999999996     
         994  0.93500000000000005     
         995  0.91749999999999998     
         996  0.94499999999999995     
         997  0.91874999999999996     
         998  0.93750000000000000     
         999  0.92625000000000002     
        1000  0.93250000000000000     
        1001  0.93374999999999997     
        1002  0.94999999999999996     
        1003  0.95499999999999996     
        1004  0.93250000000000000     
        1005  0.93625000000000003     
        1006  0.92125000000000001     
        1007  0.92625000000000002     
        1008  0.93125000000000002     
        1009  0.95750000000000002     
        1010  0.93374999999999997     
        1011  0.93000000000000005     
        1012  0.89375000000000004     
        1013  0.92249999999999999     
        1014  0.95499999999999996     
        1015  0.87749999999999995     
        1016  0.93125000000000002     
        1017  0.93000000000000005     
        1018  0.92625000000000002     
        1019  0.92625000000000002     
        1020  0.93125000000000002     
        1021  0.92500000000000004     
        1022  0.93500000000000005     
        1023  0.93625000000000003     
        1024  0.95374999999999999     
        1025  0.91500000000000004     
        1026  0.96250000000000002     
        1027  0.94874999999999998     
        1028  0.93750000000000000     
        1029  0.96375000000000000     
        1030  0.91749999999999998     
        1031  0.96125000000000005     
        1032  0.93250000000000000     
        1033  0.92874999999999996     
        1034  0.92000000000000004     
        1035  0.90375000000000005     
        1036  0.94374999999999998     
        1037  0.94750000000000001     
        1038  0.93750000000000000     
        1039  0.92249999999999999     
        1040  0.94250000000000000     
        1041  0.95499999999999996     
        1042  0.95250000000000001     
        1043  0.91500000000000004     
        1044  0.95250000000000001     
        1045  0.93000000000000005     
        1046  0.93000000000000005     
        1047  0.94625000000000004     
        1048  0.93125000000000002     
        1049  0.93125000000000002     
        1050  0.93000000000000005     
        1051  0.95625000000000004     
        1052  0.93500000000000005     
        1053  0.94499999999999995     
        1054  0.94374999999999998     
        1055  0.94125000000000003     
        1056  0.95125000000000004     
        1057  0.93500000000000005     
        1058  0.91749999999999998     
        1059  0.92625000000000002     
        1060  0.93625000000000003     
        1061  0.94625000000000004     
        1062  0.93000000000000005     
        1063  0.93500000000000005     
        1064  0.94874999999999998     
        1065  0.95874999999999999     
        1066  0.94874999999999998     
        1067  0.92249999999999999     
        1068  0.93374999999999997     
        1069  0.92125000000000001     
        1070  0.93250000000000000     
        1071  0.94750000000000001     
        1072  0.97624999999999995     
        1073  0.92874999999999996     
        1074  0.94499999999999995     
        1075  0.91000000000000003     
        1076  0.91249999999999998     
        1077  0.92749999999999999     
        1078  0.92500000000000004     
        1079  0.94999999999999996     
        1080  0.93874999999999997     
        1081  0.93750000000000000     
        1082  0.95625000000000004     
        1083  0.95125000000000004     
        1084  0.94499999999999995     
        1085  0.91249999999999998     
        1086  0.94250000000000000     
        1087  0.96375000000000000     
        1088  0.94999999999999996     
        1089  0.90375000000000005     
        1090  0.93874999999999997     
        1091  0.92749999999999999     
        1092  0.94625000000000004     
        1093  0.89875000000000005     
        1094  0.94374999999999998     
        1095  0.93750000000000000     
        1096  0.94874999999999998     
        1097  0.95874999999999999     
        1098  0.92874999999999996     
        1099  0.91625000000000001     
        1100  0.94374999999999998     
        1101  0.95374999999999999     
        1102  0.94374999999999998     
        1103  0.93250000000000000     
        1104  0.94625000000000004     
        1105  0.94499999999999995     
        1106  0.93500000000000005     
        1107  0.92874999999999996     
        1108  0.95499999999999996     
        1109  0.92374999999999996     
        1110  0.92749999999999999     
        1111  0.93874999999999997     
        1112  0.89875000000000005     
        1113  0.94874999999999998     
        1114  0.92374999999999996     
        1115  0.92000000000000004     
        1116  0.95499999999999996     
        1117  0.92500000000000004     
        1118  0.92874999999999996     
        1119  0.94750000000000001     
        1120  0.93500000000000005     
        1121  0.93374999999999997     
        1122  0.90874999999999995     
        1123  0.94874999999999998     
        1124  0.94250000000000000     
        1125  0.92625000000000002     
        1126  0.92749999999999999     
        1127  0.92000000000000004     
        1128  0.91500000000000004     
        1129  0.95750000000000002     
        1130  0.95125000000000004     
        1131  0.95499999999999996     
        1132  0.94874999999999998     
        1133  0.93250000000000000     
        1134  0.90249999999999997     
        1135  0.94250000000000000     
        1136  0.95999999999999996     
        1137  0.94750000000000001     
        1138  0.93750000000000000     
        1139  0.95499999999999996     
        1140  0.94374999999999998     
        1141  0.94750000000000001     
        1142  0.93374999999999997     
        1143  0.95250000000000001     
        1144  0.89500000000000002     
        1145  0.94374999999999998     
        1146  0.95125000000000004     
        1147  0.88124999999999998     
        1148  0.93000000000000005     
        1149  0.95750000000000002     
        1150  0.94250000000000000     
        1151  0.92374999999999996     
        1152  0.92749999999999999     
        1153  0.94250000000000000     
        1154  0.93625000000000003     
        1155  0.92125000000000001     
        1156  0.91749999999999998     
        1157  0.92500000000000004     
        1158  0.94250000000000000     
        1159  0.93250000000000000     
        1160  0.92874999999999996     
        1161  0.91500000000000004     
        1162  0.92749999999999999     
        1163  0.95499999999999996     
        1164  0.95625000000000004     
        1165  0.93125000000000002     
        1166  0.93500000000000005     
        1167  0.95874999999999999     
        1168  0.92625000000000002     
        1169  0.93750000000000000     
        1170  0.95999999999999996     
        1171  0.95499999999999996     
        1172  0.93999999999999995     
        1173  0.92749999999999999     
        1174  0.95625000000000004     
        1175  0.93750000000000000     
        1176  0.95750000000000002     
        1177  0.93999999999999995     
        1178  0.93874999999999997     
        1179  0.89124999999999999     
        1180  0.95250000000000001     
        1181  0.92000000000000004     
        1182  0.92874999999999996     
        1183  0.93999999999999995     
        1184  0.93250000000000000     
        1185  0.95750000000000002     
        1186  0.94625000000000004     
        1187  0.92625000000000002     
        1188  0.93874999999999997     
        1189  0.88500000000000001     
        1190  0.92249999999999999     
        1191  0.93125000000000002     
        1192  0.92374999999999996     
        1193  0.89124999999999999     
        1194  0.93250000000000000     
        1195  0.92625000000000002     
        1196  0.94750000000000001     
        1197  0.91874999999999996     
        1198  0.91249999999999998     
        1199  0.94374999999999998     
        1200  0.95499999999999996     
        1201  0.93999999999999995     
        1202  0.90874999999999995     
        1203  0.94750000000000001     
        1204  0.93999999999999995     
        1205  0.96375000000000000     
        1206  0.93999999999999995     
        1207  0.93750000000000000     
        1208  0.96750000000000003     
        1209  0.94125000000000003     
        1210  0.94874999999999998     
        1211  0.95250000000000001     
        1212  0.93374999999999997     
        1213  0.93625000000000003     
        1214  0.94374999999999998     
        1215  0.92249999999999999     
        1216  0.94999999999999996     
        1217  0.93750000000000000     
        1218  0.93250000000000000     
        1219  0.94750000000000001     
        1220  0.93500000000000005     
        1221  0.94874999999999998     
        1222  0.94374999999999998     
        1223  0.94999999999999996     
        1224  0.95750000000000002     
        1225  0.92749999999999999     
        1226  0.95374999999999999     
        1227  0.93999999999999995     
        1228  0.94250000000000000     
        1229  0.94250000000000000     
        1230  0.94499999999999995     
        1231  0.91625000000000001     
        1232  0.95250000000000001     
        1233  0.95374999999999999     
        1234  0.93874999999999997     
        1235  0.93250000000000000     
        1236  0.93874999999999997     
        1237  0.93874999999999997     
        1238  0.95125000000000004     
        1239  0.93250000000000000     
        1240  0.94874999999999998     
        1241  0.95374999999999999     
        1242  0.91249999999999998     
        1243  0.94374999999999998     
        1244  0.93250000000000000     
        1245  0.93250000000000000     
        1246  0.92874999999999996     
        1247  0.92874999999999996     
        1248  0.92374999999999996     
        1249  0.92500000000000004     
        1250  0.92874999999999996     
        1251  0.93125000000000002     
        1252  0.89249999999999996     
        1253  0.95625000000000004     
        1254  0.91125000000000000     
        1255  0.92625000000000002     
        1256  0.94374999999999998     
        1257  0.94999999999999996     
        1258  0.92625000000000002     
        1259  0.94874999999999998     
        1260  0.95374999999999999     
        1261  0.91749999999999998     
        1262  0.95250000000000001     
        1263  0.92125000000000001     
        1264  0.91874999999999996     
        1265  0.93625000000000003     
        1266  0.92874999999999996     
        1267  0.91249999999999998     
        1268  0.92500000000000004     
        1269  0.92374999999999996     
        1270  0.93750000000000000     
        1271  0.94874999999999998     
        1272  0.93874999999999997     
        1273  0.93750000000000000     
        1274  0.93999999999999995     
        1275  0.94874999999999998     
        1276  0.93125000000000002     
        1277  0.92249999999999999     
        1278  0.94625000000000004     
        1279  0.93125000000000002     
        1280  0.94999999999999996     
        1281  0.94999999999999996     
        1282  0.94750000000000001     
        1283  0.94999999999999996     
        1284  0.93999999999999995     
        1285  0.93250000000000000     
        1286  0.93750000000000000     
        1287  0.93250000000000000     
        1288  0.95750000000000002     
        1289  0.92249999999999999     
        1290  0.92625000000000002     
        1291  0.93750000000000000     
        1292  0.93125000000000002     
        1293  0.93000000000000005     
        1294  0.95874999999999999     
        1295  0.93374999999999997     
        1296  0.93999999999999995     
        1297  0.93250000000000000     
        1298  0.93125000000000002     
        1299  0.93750000000000000     
        1300  0.93625000000000003     
        1301  0.94250000000000000     
        1302  0.92374999999999996     
        1303  0.95374999999999999     
        1304  0.95125000000000004     
        1305  0.93125000000000002     
        1306  0.93750000000000000     
        1307  0.93500000000000005     
        1308  0.92249999999999999     
        1309  0.92500000000000004     
        1310  0.93625000000000003     
        1311  0.95499999999999996     
        1312  0.94499999999999995     
        1313  0.94625000000000004     
        1314  0.92625000000000002     
        1315  0.92874999999999996     
        1316  0.93125000000000002     
        1317  0.92249999999999999     
        1318  0.94374999999999998     
        1319  0.92500000000000004     
        1320  0.95374999999999999     
        1321  0.94374999999999998     
        1322  0.92000000000000004     
        1323  0.91874999999999996     
        1324  0.94874999999999998     
        1325  0.95250000000000001     
        1326  0.95250000000000001     
        1327  0.95750000000000002     
        1328  0.93874999999999997     
        1329  0.92874999999999996     
        1330  0.94250000000000000     
        1331  0.91625000000000001     
        1332  0.89124999999999999     
        1333  0.95625000000000004     
        1334  0.93374999999999997     
        1335  0.94250000000000000     
        1336  0.93750000000000000     
        1337  0.92749999999999999     
        1338  0.93125000000000002     
        1339  0.95125000000000004     
        1340  0.91625000000000001     
        1341  0.95125000000000004     
        1342  0.91500000000000004     
        1343  0.94125000000000003     
        1344  0.93874999999999997     
        1345  0.94250000000000000     
        1346  0.91874999999999996     
        1347  0.93500000000000005     
        1348  0.93125000000000002     
        1349  0.95625000000000004     
        1350  0.95250000000000001     
        1351  0.93250000000000000     
        1352  0.95999999999999996     
        1353  0.96375000000000000     
        1354  0.94125000000000003     
        1355  0.94374999999999998     
        1356  0.94625000000000004     
        1357  0.95874999999999999     
        1358  0.94999999999999996     
        1359  0.93374999999999997     
        1360  0.95625000000000004     
        1361  0.92874999999999996     
        1362  0.93374999999999997     
        1363  0.89875000000000005     
        1364  0.94250000000000000     
        1365  0.91374999999999995     
        1366  0.94999999999999996     
        1367  0.93125000000000002     
        1368  0.92374999999999996     
        1369  0.94999999999999996     
        1370  0.94250000000000000     
        1371  0.90500000000000003     
        1372  0.96250000000000002     
        1373  0.91874999999999996     
        1374  0.91000000000000003     
        1375  0.92125000000000001     
        1376  0.94874999999999998     
        1377  0.92749999999999999     
        1378  0.93374999999999997     
        1379  0.95125000000000004     
        1380  0.94250000000000000     
        1381  0.94499999999999995     
        1382  0.92000000000000004     
        1383  0.91500000000000004     
        1384  0.92249999999999999     
        1385  0.93750000000000000     
        1386  0.92500000000000004     
        1387  0.92000000000000004     
        1388  0.96125000000000005     
        1389  0.94874999999999998     
        1390  0.94625000000000004     
        1391  0.95750000000000002     
        1392  0.96999999999999997     
        1393  0.93750000000000000     
        1394  0.94750000000000001     
        1395  0.93374999999999997     
        1396  0.93750000000000000     
        1397  0.94999999999999996     
        1398  0.95250000000000001     
        1399  0.90249999999999997     
        1400  0.91000000000000003     
        1401  0.93374999999999997     
        1402  0.94374999999999998     
        1403  0.95250000000000001     
        1404  0.94499999999999995     
        1405  0.93625000000000003     
        1406  0.94874999999999998     
        1407  0.95374999999999999     
        1408  0.90500000000000003     
        1409  0.94625000000000004     
        1410  0.95125000000000004     
        1411  0.95625000000000004     
        1412  0.95374999999999999     
        1413  0.93374999999999997     
        1414  0.92874999999999996     
        1415  0.94625000000000004     
        1416  0.93999999999999995     
        1417  0.90500000000000003     
        1418  0.93874999999999997     
        1419  0.94625000000000004     
        1420  0.94625000000000004     
        1421  0.93374999999999997     
        1422  0.94374999999999998     
        1423  0.94625000000000004     
        1424  0.94999999999999996     
        1425  0.91125000000000000     
        1426  0.95125000000000004     
        1427  0.93874999999999997     
        1428  0.93750000000000000     
        1429  0.92125000000000001     
        1430  0.93999999999999995     
        1431  0.94125000000000003     
        1432  0.91749999999999998     
        1433  0.91125000000000000     
        1434  0.95125000000000004     
        1435  0.93874999999999997     
        1436  0.92874999999999996     
        1437  0.95374999999999999     
        1438  0.93000000000000005     
        1439  0.94874999999999998     
        1440  0.94250000000000000     
        1441  0.95625000000000004     
        1442  0.94999999999999996     
        1443  0.96625000000000005     
        1444  0.90625000000000000     
        1445  0.91874999999999996     
        1446  0.90249999999999997     
        1447  0.93500000000000005     
        1448  0.95499999999999996     
        1449  0.93000000000000005     
        1450  0.94750000000000001     
        1451  0.93874999999999997     
        1452  0.94125000000000003     
        1453  0.93500000000000005     
        1454  0.94499999999999995     
        1455  0.94250000000000000     
        1456  0.91500000000000004     
        1457  0.92125000000000001     
        1458  0.93750000000000000     
        1459  0.92500000000000004     
        1460  0.94499999999999995     
        1461  0.94999999999999996     
        1462  0.93250000000000000     
        1463  0.94625000000000004     
        1464  0.94625000000000004     
        1465  0.91374999999999995     
        1466  0.94625000000000004     
        1467  0.87500000000000000     
        1468  0.92874999999999996     
        1469  0.95625000000000004     
        1470  0.95625000000000004     
        1471  0.90500000000000003     
        1472  0.93125000000000002     
        1473  0.91874999999999996     
        1474  0.94625000000000004     
        1475  0.94125000000000003     
        1476  0.94874999999999998     
        1477  0.95374999999999999     
        1478  0.93874999999999997     
        1479  0.90249999999999997     
        1480  0.93500000000000005     
        1481  0.93750000000000000     
        1482  0.93625000000000003     
        1483  0.92374999999999996     
        1484  0.91374999999999995     
        1485  0.94750000000000001     
        1486  0.94374999999999998     
        1487  0.92749999999999999     
        1488  0.94374999999999998     
        1489  0.94874999999999998     
        1490  0.92374999999999996     
        1491  0.93500000000000005     
        1492  0.94750000000000001     
        1493  0.93000000000000005     
        1494  0.93750000000000000     
        1495  0.93000000000000005     
        1496  0.93750000000000000     
        1497  0.95625000000000004     
        1498  0.93874999999999997     
        1499  0.92625000000000002     
        1500  0.93500000000000005     
        1501  0.92749999999999999     
        1502  0.92874999999999996     
        1503  0.93625000000000003     
        1504  0.94125000000000003     
        1505  0.95374999999999999     
        1506  0.96875000000000000     
        1507  0.94250000000000000     
        1508  0.93874999999999997     
        1509  0.95374999999999999     
        1510  0.94999999999999996     
        1511  0.92249999999999999     
        1512  0.93750000000000000     
        1513  0.91000000000000003     
        1514  0.95874999999999999     
        1515  0.93874999999999997     
        1516  0.91249999999999998     
        1517  0.94125000000000003     
        1518  0.92000000000000004     
        1519  0.92000000000000004     
        1520  0.87250000000000005     
        1521  0.92625000000000002     
        1522  0.94374999999999998     
        1523  0.93625000000000003     
        1524  0.93250000000000000     
        1525  0.91749999999999998     
        1526  0.94374999999999998     
        1527  0.96250000000000002     
        1528  0.89875000000000005     
        1529  0.93999999999999995     
        1530  0.93374999999999997     
        1531  0.93874999999999997     
        1532  0.93874999999999997     
        1533  0.94499999999999995     
        1534  0.94750000000000001     
        1535  0.94125000000000003     
        1536  0.88749999999999996     
        1537  0.93625000000000003     
        1538  0.92874999999999996     
        1539  0.94625000000000004     
        1540  0.92000000000000004     
        1541  0.94750000000000001     
        1542  0.93874999999999997     
        1543  0.95625000000000004     
        1544  0.95125000000000004     
        1545  0.94874999999999998     
        1546  0.94874999999999998     
        1547  0.94750000000000001     
        1548  0.93874999999999997     
        1549  0.95125000000000004     
        1550  0.91249999999999998     
        1551  0.91625000000000001     
        1552  0.94374999999999998     
        1553  0.90749999999999997     
        1554  0.92249999999999999     
        1555  0.93125000000000002     
        1556  0.93750000000000000     
        1557  0.94874999999999998     
        1558  0.94874999999999998     
        1559  0.93999999999999995     
        1560  0.95874999999999999     
        1561  0.93500000000000005     
        1562  0.90375000000000005     
        1563  0.93625000000000003     
        1564  0.92749999999999999     
        1565  0.95125000000000004     
        1566  0.94374999999999998     
        1567  0.93874999999999997     
        1568  0.93625000000000003     
        1569  0.93874999999999997     
        1570  0.93125000000000002     
        1571  0.93874999999999997     
        1572  0.93000000000000005     
        1573  0.94125000000000003     
        1574  0.95374999999999999     
        1575  0.93125000000000002     
        1576  0.92125000000000001     
        1577  0.94999999999999996     
        1578  0.92625000000000002     
        1579  0.92625000000000002     
        1580  0.92625000000000002     
        1581  0.93500000000000005     
        1582  0.95374999999999999     
        1583  0.91874999999999996     
        1584  0.93999999999999995     
        1585  0.92249999999999999     
        1586  0.95374999999999999     
        1587  0.93999999999999995     
        1588  0.93874999999999997     
        1589  0.95750000000000002     
        1590  0.92249999999999999     
        1591  0.93250000000000000     
        1592  0.92374999999999996     
        1593  0.92249999999999999     
        1594  0.92374999999999996     
        1595  0.93125000000000002     
        1596  0.93750000000000000     
        1597  0.91000000000000003     
        1598  0.94625000000000004     
        1599  0.92000000000000004     
        1600  0.95374999999999999     
        1601  0.90874999999999995     
        1602  0.93874999999999997     
        1603  0.95250000000000001     
        1604  0.95374999999999999     
        1605  0.94874999999999998     
        1606  0.93374999999999997     
        1607  0.91749999999999998     
        1608  0.95125000000000004     
        1609  0.93250000000000000     
        1610  0.94250000000000000     
        1611  0.93374999999999997     
        1612  0.94125000000000003     
        1613  0.94125000000000003     
        1614  0.94874999999999998     
        1615  0.95250000000000001     
        1616  0.94125000000000003     
        1617  0.94499999999999995     
        1618  0.94125000000000003     
        1619  0.92500000000000004     
        1620  0.93999999999999995     
        1621  0.93874999999999997     
        1622  0.94999999999999996     
        1623  0.91500000000000004     
        1624  0.95625000000000004     
        1625  0.93250000000000000     
        1626  0.94750000000000001     
        1627  0.92500000000000004     
        1628  0.91374999999999995     
        1629  0.94625000000000004     
        1630  0.92749999999999999     
        1631  0.95374999999999999     
        1632  0.92874999999999996     
        1633  0.92749999999999999     
        1634  0.92249999999999999     
        1635  0.88875000000000004     
        1636  0.89875000000000005     
        1637  0.93250000000000000     
        1638  0.95999999999999996     
        1639  0.95250000000000001     
        1640  0.92874999999999996     
        1641  0.94374999999999998     
        1642  0.94250000000000000     
        1643  0.95125000000000004     
        1644  0.90375000000000005     
        1645  0.92625000000000002     
        1646  0.95250000000000001     
        1647  0.93625000000000003     
        1648  0.96125000000000005     
        1649  0.95625000000000004     
        1650  0.90500000000000003     
        1651  0.94750000000000001     
        1652  0.96125000000000005     
        1653  0.92125000000000001     
        1654  0.94750000000000001     
        1655  0.95250000000000001     
        1656  0.92000000000000004     
        1657  0.94250000000000000     
        1658  0.95125000000000004     
        1659  0.93750000000000000     
        1660  0.92000000000000004     
        1661  0.92125000000000001     
        1662  0.93125000000000002     
        1663  0.93500000000000005     
        1664  0.95374999999999999     
        1665  0.92625000000000002     
        1666  0.93000000000000005     
        1667  0.90249999999999997     
        1668  0.94499999999999995     
        1669  0.96375000000000000     
        1670  0.93625000000000003     
        1671  0.92874999999999996     
        1672  0.92500000000000004     
        1673  0.93000000000000005     
        1674  0.92625000000000002     
        1675  0.93500000000000005     
        1676  0.92500000000000004     
        1677  0.93374999999999997     
        1678  0.95499999999999996     
        1679  0.93250000000000000     
        1680  0.93000000000000005     
        1681  0.93500000000000005     
        1682  0.93874999999999997     
        1683  0.93250000000000000     
        1684  0.91874999999999996     
        1685  0.90249999999999997     
        1686  0.92249999999999999     
        1687  0.93374999999999997     
        1688  0.93500000000000005     
        1689  0.95374999999999999     
        1690  0.94250000000000000     
        1691  0.91625000000000001     
        1692  0.94874999999999998     
        1693  0.94499999999999995     
        1694  0.92625000000000002     
        1695  0.93874999999999997     
        1696  0.94750000000000001     
        1697  0.94499999999999995     
        1698  0.93625000000000003     
        1699  0.93374999999999997     
        1700  0.92625000000000002     
        1701  0.95125000000000004     
        1702  0.93999999999999995     
        1703  0.92625000000000002     
        1704  0.95125000000000004     
        1705  0.93125000000000002     
        1706  0.92874999999999996     
        1707  0.92874999999999996     
        1708  0.94625000000000004     
        1709  0.92125000000000001     
        1710  0.95499999999999996     
        1711  0.93750000000000000     
        1712  0.93625000000000003     
        1713  0.94999999999999996     
        1714  0.90000000000000002     
        1715  0.91874999999999996     
        1716  0.93625000000000003     
        1717  0.93750000000000000     
        1718  0.94625000000000004     
        1719  0.94250000000000000     
        1720  0.93500000000000005     
        1721  0.93999999999999995     
        1722  0.89749999999999996     
        1723  0.94125000000000003     
        1724  0.94625000000000004     
        1725  0.95999999999999996     
        1726  0.94999999999999996     
        1727  0.96375000000000000     
        1728  0.94625000000000004     
        1729  0.94499999999999995     
        1730  0.91625000000000001     
        1731  0.93750000000000000     
        1732  0.94625000000000004     
        1733  0.93000000000000005     
        1734  0.96375000000000000     
        1735  0.95625000000000004     
        1736  0.92374999999999996     
        1737  0.92500000000000004     
        1738  0.94874999999999998     
        1739  0.91249999999999998     
        1740  0.91749999999999998     
        1741  0.93625000000000003     
        1742  0.91374999999999995     
        1743  0.92625000000000002     
        1744  0.92625000000000002     
        1745  0.92874999999999996     
        1746  0.92625000000000002     
        1747  0.93374999999999997     
        1748  0.94250000000000000     
        1749  0.93874999999999997     
        1750  0.93125000000000002     
        1751  0.93500000000000005     
        1752  0.95499999999999996     
        1753  0.91125000000000000     
        1754  0.94499999999999995     
        1755  0.97124999999999995     
        1756  0.97124999999999995     
        1757  0.94499999999999995     
        1758  0.95250000000000001     
        1759  0.92625000000000002     
        1760  0.93125000000000002     
        1761  0.89249999999999996     
        1762  0.93125000000000002     
        1763  0.92249999999999999     
        1764  0.95499999999999996     
        1765  0.91125000000000000     
        1766  0.95374999999999999     
        1767  0.94750000000000001     
        1768  0.93999999999999995     
        1769  0.95125000000000004     
        1770  0.95374999999999999     
        1771  0.96875000000000000     
        1772  0.94625000000000004     
        1773  0.93500000000000005     
        1774  0.95750000000000002     
        1775  0.93374999999999997     
        1776  0.94374999999999998     
        1777  0.94750000000000001     
        1778  0.92125000000000001     
        1779  0.90000000000000002     
        1780  0.95874999999999999     
        1781  0.94750000000000001     
        1782  0.90500000000000003     
        1783  0.92374999999999996     
        1784  0.93874999999999997     
        1785  0.94499999999999995     
        1786  0.92374999999999996     
        1787  0.95125000000000004     
        1788  0.93750000000000000     
        1789  0.94499999999999995     
        1790  0.91374999999999995     
        1791  0.94374999999999998     
        1792  0.92125000000000001     
        1793  0.94625000000000004     
        1794  0.95499999999999996     
        1795  0.94499999999999995     
        1796  0.91500000000000004     
        1797  0.92625000000000002     
        1798  0.94999999999999996     
        1799  0.95750000000000002     
        1800  0.94874999999999998     
        1801  0.91749999999999998     
        1802  0.95250000000000001     
        1803  0.93000000000000005     
        1804  0.92749999999999999     
        1805  0.91249999999999998     
        1806  0.91249999999999998     
        1807  0.93500000000000005     
        1808  0.94499999999999995     
        1809  0.89249999999999996     
        1810  0.96250000000000002     
        1811  0.94874999999999998     
        1812  0.93250000000000000     
        1813  0.94999999999999996     
        1814  0.92249999999999999     
        1815  0.94125000000000003     
        1816  0.94750000000000001     
        1817  0.93625000000000003     
        1818  0.92749999999999999     
        1819  0.90125000000000000     
        1820  0.93874999999999997     
        1821  0.94999999999999996     
        1822  0.94125000000000003     
        1823  0.92000000000000004     
        1824  0.93250000000000000     
        1825  0.91374999999999995     
        1826  0.93874999999999997     
        1827  0.95250000000000001     
        1828  0.93125000000000002     
        1829  0.94999999999999996     
        1830  0.94125000000000003     
        1831  0.95250000000000001     
        1832  0.92625000000000002     
        1833  0.94625000000000004     
        1834  0.94874999999999998     
        1835  0.93999999999999995     
        1836  0.94999999999999996     
        1837  0.91374999999999995     
        1838  0.93874999999999997     
        1839  0.94874999999999998     
        1840  0.91874999999999996     
        1841  0.94374999999999998     
        1842  0.91749999999999998     
        1843  0.95125000000000004     
        1844  0.93750000000000000     
        1845  0.93874999999999997     
        1846  0.94750000000000001     
        1847  0.94874999999999998     
        1848  0.93625000000000003     
        1849  0.90249999999999997     
        1850  0.94374999999999998     
        1851  0.90249999999999997     
        1852  0.93999999999999995     
        1853  0.93000000000000005     
        1854  0.91749999999999998     
        1855  0.91749999999999998     
        1856  0.94374999999999998     
        1857  0.95125000000000004     
        1858  0.93999999999999995     
        1859  0.95250000000000001     
        1860  0.94125000000000003     
        1861  0.92749999999999999     
        1862  0.94499999999999995     
        1863  0.94874999999999998     
        1864  0.92500000000000004     
        1865  0.93874999999999997     
        1866  0.93999999999999995     
        1867  0.94125000000000003     
        1868  0.91874999999999996     
        1869  0.95999999999999996     
        1870  0.92625000000000002     
        1871  0.94125000000000003     
        1872  0.94874999999999998     
        1873  0.94750000000000001     
        1874  0.92749999999999999     
        1875  0.93999999999999995     
        1876  0.93750000000000000     
        1877  0.89375000000000004     
        1878  0.94374999999999998     
        1879  0.93874999999999997     
        1880  0.94125000000000003     
        1881  0.90249999999999997     
        1882  0.92625000000000002     
        1883  0.95499999999999996     
        1884  0.93874999999999997     
        1885  0.93000000000000005     
        1886  0.93374999999999997     
        1887  0.90625000000000000     
        1888  0.95499999999999996     
        1889  0.93000000000000005     
        1890  0.87749999999999995     
        1891  0.93000000000000005     
        1892  0.92000000000000004     
        1893  0.93750000000000000     
        1894  0.93000000000000005     
        1895  0.91874999999999996     
        1896  0.92374999999999996     
        1897  0.92374999999999996     
        1898  0.93999999999999995     
        1899  0.93125000000000002     
        1900  0.91749999999999998     
        1901  0.94250000000000000     
        1902  0.93500000000000005     
        1903  0.93500000000000005     
        1904  0.93625000000000003     
        1905  0.95499999999999996     
        1906  0.94750000000000001     
        1907  0.92625000000000002     
        1908  0.95750000000000002     
        1909  0.93750000000000000     
        1910  0.93374999999999997     
        1911  0.94625000000000004     
        1912  0.93500000000000005     
        1913  0.97499999999999998     
        1914  0.94374999999999998     
        1915  0.94374999999999998     
        1916  0.92125000000000001     
        1917  0.93625000000000003     
        1918  0.93874999999999997     
        1919  0.90249999999999997     
        1920  0.95625000000000004     
        1921  0.95750000000000002     
        1922  0.93625000000000003     
        1923  0.91625000000000001     
        1924  0.93500000000000005     
        1925  0.94125000000000003     
        1926  0.92000000000000004     
        1927  0.96250000000000002     
        1928  0.93125000000000002     
        1929  0.92125000000000001     
        1930  0.94874999999999998     
        1931  0.93125000000000002     
        1932  0.96375000000000000     
        1933  0.89749999999999996     
        1934  0.95625000000000004     
        1935  0.95999999999999996     
        1936  0.92000000000000004     
        1937  0.91125000000000000     
        1938  0.91625000000000001     
        1939  0.90000000000000002     
        1940  0.94999999999999996     
        1941  0.93750000000000000     
        1942  0.94999999999999996     
        1943  0.94125000000000003     
        1944  0.92874999999999996     
        1945  0.95499999999999996     
        1946  0.94374999999999998     
        1947  0.91500000000000004     
        1948  0.93500000000000005     
        1949  0.93999999999999995     
        1950  0.95374999999999999     
        1951  0.95750000000000002     
        1952  0.94625000000000004     
        1953  0.93874999999999997     
        1954  0.95125000000000004     
        1955  0.96499999999999997     
        1956  0.93750000000000000     
        1957  0.93625000000000003     
        1958  0.93874999999999997     
        1959  0.94999999999999996     
        1960  0.94125000000000003     
        1961  0.92749999999999999     
        1962  0.95625000000000004     
        1963  0.89500000000000002     
        1964  0.94374999999999998     
        1965  0.93125000000000002     
        1966  0.92500000000000004     
        1967  0.95125000000000004     
        1968  0.91249999999999998     
        1969  0.96125000000000005     
        1970  0.95125000000000004     
        1971  0.92874999999999996     
        1972  0.93500000000000005     
        1973  0.94999999999999996     
        1974  0.92874999999999996     
        1975  0.93374999999999997     
        1976  0.93500000000000005     
        1977  0.94250000000000000     
        1978  0.94750000000000001     
        1979  0.94625000000000004     
        1980  0.91749999999999998     
        1981  0.93999999999999995     
        1982  0.93000000000000005     
        1983  0.95874999999999999     
        1984  0.95750000000000002     
        1985  0.90500000000000003     
        1986  0.94250000000000000     
        1987  0.93000000000000005     
        1988  0.91249999999999998     
        1989  0.93125000000000002     
        1990  0.94874999999999998     
        1991  0.92625000000000002     
        1992  0.92874999999999996     
        1993  0.91374999999999995     
        1994  0.92625000000000002     
        1995  0.93500000000000005     
        1996  0.92374999999999996     
        1997  0.93999999999999995     
        1998  0.93999999999999995     
        1999  0.96375000000000000     
        2000  0.91874999999999996     
