           1   5.0000000000000003E-002
           2   1.2500000000000001E-002
           3   1.0000000000000000E-002
           4   1.6250000000000001E-002
           5   2.6249999999999999E-002
           6   1.2500000000000001E-002
           7   4.6249999999999999E-002
           8  0.12125000000000000     
           9   2.5000000000000001E-002
          10   3.6249999999999998E-002
          11   2.1250000000000002E-002
          12   5.0000000000000001E-003
          13   2.2499999999999999E-002
          14  0.10500000000000000     
          15   7.1249999999999994E-002
          16   7.6249999999999998E-002
          17   2.3750000000000000E-002
          18   5.5000000000000000E-002
          19   8.8749999999999996E-002
          20   7.4999999999999997E-003
          21   8.9999999999999997E-002
          22   2.8750000000000001E-002
          23   2.8750000000000001E-002
          24   3.8750000000000000E-002
          25   6.7500000000000004E-002
          26   2.9999999999999999E-002
          27   4.8750000000000002E-002
          28   1.6250000000000001E-002
          29   5.2499999999999998E-002
          30   6.7500000000000004E-002
          31   6.3750000000000001E-002
          32  0.10500000000000000     
          33   2.1250000000000002E-002
          34   6.1249999999999999E-002
          35   3.2500000000000001E-002
          36   7.0000000000000007E-002
          37   8.7500000000000008E-003
          38   8.7500000000000008E-003
          39   4.6249999999999999E-002
          40   2.7500000000000000E-002
          41   6.5000000000000002E-002
          42   4.3749999999999997E-002
          43   4.8750000000000002E-002
          44   2.1250000000000002E-002
          45   1.2500000000000001E-002
          46   6.7500000000000004E-002
          47   5.7500000000000002E-002
          48   7.4999999999999997E-003
          49   3.3750000000000002E-002
          50   5.0000000000000003E-002
          51   2.7500000000000000E-002
          52   3.1250000000000000E-002
          53   4.0000000000000001E-002
          54   2.5000000000000001E-002
          55   2.1250000000000002E-002
          56   2.6249999999999999E-002
          57   5.0000000000000003E-002
          58   1.4999999999999999E-002
          59   5.0000000000000003E-002
          60   2.6249999999999999E-002
          61   3.6249999999999998E-002
          62   9.8750000000000004E-002
          63   8.9999999999999997E-002
          64   8.3750000000000005E-002
          65   3.1250000000000000E-002
          66   8.3750000000000005E-002
          67   4.8750000000000002E-002
          68   3.7499999999999999E-002
          69   1.2500000000000001E-002
          70   7.6249999999999998E-002
          71   9.7500000000000003E-002
          72  0.11250000000000000     
          73   5.5000000000000000E-002
          74   8.0000000000000002E-002
          75  0.12500000000000000     
          76   3.1250000000000000E-002
          77   2.3750000000000000E-002
          78   2.3750000000000000E-002
          79   6.2500000000000000E-002
          80   3.1250000000000000E-002
          81   2.9999999999999999E-002
          82   4.4999999999999998E-002
          83   2.8750000000000001E-002
          84   2.5000000000000001E-003
          85   1.2500000000000000E-003
          86   1.2500000000000000E-003
          87   1.3750000000000000E-002
          88   8.0000000000000002E-002
          89   4.4999999999999998E-002
          90   3.8750000000000000E-002
          91   8.9999999999999997E-002
          92   5.1249999999999997E-002
          93   6.2500000000000003E-003
          94   4.3749999999999997E-002
          95   4.6249999999999999E-002
          96   2.5000000000000001E-002
          97   3.3750000000000002E-002
          98   5.3749999999999999E-002
          99   5.6250000000000001E-002
         100   5.8749999999999997E-002
         101   1.1250000000000000E-002
         102   6.6250000000000003E-002
         103   2.5000000000000001E-003
         104   6.2500000000000000E-002
         105   3.6249999999999998E-002
         106   1.8749999999999999E-002
         107   2.0000000000000000E-002
         108   5.5000000000000000E-002
         109  0.12000000000000000     
         110   4.3749999999999997E-002
         111   3.8750000000000000E-002
         112  0.10375000000000000     
         113  0.10375000000000000     
         114   4.4999999999999998E-002
         115   4.3749999999999997E-002
         116   4.3749999999999997E-002
         117   7.4999999999999997E-003
         118   6.2500000000000003E-003
         119   7.2499999999999995E-002
         120   7.2499999999999995E-002
         121  0.13750000000000001     
         122  0.15250000000000000     
         123   5.0000000000000003E-002
         124  0.13625000000000001     
         125   6.6250000000000003E-002
         126   1.7500000000000002E-002
         127   8.3750000000000005E-002
         128   6.5000000000000002E-002
         129   3.3750000000000002E-002
         130   6.2500000000000000E-002
         131   2.0000000000000000E-002
         132   1.4999999999999999E-002
         133   5.0000000000000003E-002
         134   7.4999999999999997E-003
         135   1.4999999999999999E-002
         136   1.1250000000000000E-002
         137   1.3750000000000000E-002
         138   1.0000000000000000E-002
         139   1.2500000000000001E-002
         140   2.3750000000000000E-002
         141   4.0000000000000001E-002
         142   7.3749999999999996E-002
         143   6.6250000000000003E-002
         144  0.13875000000000001     
         145   3.5000000000000003E-002
         146   3.5000000000000003E-002
         147   7.0000000000000007E-002
         148   2.8750000000000001E-002
         149   3.1250000000000000E-002
         150   2.0000000000000000E-002
         151   1.1250000000000000E-002
         152   2.5000000000000001E-003
         153   3.6249999999999998E-002
         154   4.4999999999999998E-002
         155   5.5000000000000000E-002
         156   6.2500000000000003E-003
         157   3.8750000000000000E-002
         158   4.4999999999999998E-002
         159   5.0000000000000003E-002
         160   2.6249999999999999E-002
         161   5.1249999999999997E-002
         162   3.2500000000000001E-002
         163   8.0000000000000002E-002
         164   1.7500000000000002E-002
         165   4.0000000000000001E-002
         166   4.0000000000000001E-002
         167   1.2500000000000001E-002
         168   6.2500000000000003E-003
         169   1.4999999999999999E-002
         170   1.3750000000000000E-002
         171  0.11375000000000000     
         172  0.11250000000000000     
         173   1.7500000000000002E-002
         174  0.10125000000000001     
         175   9.2499999999999999E-002
         176  0.10500000000000000     
         177   4.7500000000000001E-002
         178   6.7500000000000004E-002
         179   4.1250000000000002E-002
         180   6.5000000000000002E-002
         181   5.8749999999999997E-002
         182   9.1249999999999998E-002
         183   2.5000000000000001E-002
         184   6.3750000000000001E-002
         185   5.3749999999999999E-002
         186   1.3750000000000000E-002
         187   9.7500000000000003E-002
         188   9.3750000000000000E-002
         189  0.17000000000000001     
         190  0.16000000000000000     
         191  0.16625000000000001     
         192   2.1250000000000002E-002
         193   5.6250000000000001E-002
         194   2.6249999999999999E-002
         195   5.0000000000000001E-003
         196   5.0000000000000001E-003
         197   5.8749999999999997E-002
         198   4.1250000000000002E-002
         199   6.7500000000000004E-002
         200   9.5000000000000001E-002
         201   7.0000000000000007E-002
         202   1.4999999999999999E-002
         203   5.2499999999999998E-002
         204   1.8749999999999999E-002
         205   1.7500000000000002E-002
         206   5.7500000000000002E-002
         207   3.6249999999999998E-002
         208  0.10875000000000000     
         209   7.2499999999999995E-002
         210   7.4999999999999997E-003
         211  0.11000000000000000     
         212   2.6249999999999999E-002
         213   4.3749999999999997E-002
         214   1.1250000000000000E-002
         215   1.7500000000000002E-002
         216   8.9999999999999997E-002
         217   1.2500000000000001E-002
         218   9.2499999999999999E-002
         219  0.10375000000000000     
         220   7.0000000000000007E-002
         221   1.0000000000000000E-002
         222   5.6250000000000001E-002
         223   6.7500000000000004E-002
         224   2.2499999999999999E-002
         225   3.6249999999999998E-002
         226   1.6250000000000001E-002
         227   7.4999999999999997E-003
         228   8.1250000000000003E-002
         229   3.2500000000000001E-002
         230   2.5000000000000001E-003
         231   1.7500000000000002E-002
         232   3.7499999999999999E-003
         233   7.4999999999999997E-003
         234   1.8749999999999999E-002
         235   4.0000000000000001E-002
         236   1.4999999999999999E-002
         237   1.8749999999999999E-002
         238   8.7500000000000008E-003
         239   4.3749999999999997E-002
         240   5.3749999999999999E-002
         241   5.2499999999999998E-002
         242   6.2500000000000000E-002
         243   2.1250000000000002E-002
         244   4.0000000000000001E-002
         245  0.13000000000000000     
         246   1.2500000000000001E-002
         247   1.0000000000000000E-002
         248   1.1250000000000000E-002
         249   1.0000000000000000E-002
         250   3.2500000000000001E-002
         251   3.3750000000000002E-002
         252   1.8749999999999999E-002
         253   5.6250000000000001E-002
         254  0.10875000000000000     
         255   7.6249999999999998E-002
         256   3.1250000000000000E-002
         257   4.0000000000000001E-002
         258   7.8750000000000001E-002
         259   2.5000000000000001E-002
         260   8.5000000000000006E-002
         261  0.10625000000000000     
         262   2.9999999999999999E-002
         263   7.4999999999999997E-003
         264   6.2500000000000003E-003
         265   3.3750000000000002E-002
         266   3.1250000000000000E-002
         267   3.1250000000000000E-002
         268   2.2499999999999999E-002
         269   2.5000000000000001E-002
         270   5.3749999999999999E-002
         271   9.8750000000000004E-002
         272   2.6249999999999999E-002
         273   1.8749999999999999E-002
         274   2.5000000000000001E-002
         275   2.0000000000000000E-002
         276   5.2499999999999998E-002
         277   4.7500000000000001E-002
         278   3.7499999999999999E-003
         279   6.2500000000000003E-003
         280   6.1249999999999999E-002
         281   1.0000000000000000E-002
         282   1.6250000000000001E-002
         283   4.8750000000000002E-002
         284   6.2500000000000003E-003
         285   5.2499999999999998E-002
         286   4.2500000000000003E-002
         287   1.7500000000000002E-002
         288   2.2499999999999999E-002
         289   4.1250000000000002E-002
         290   5.2499999999999998E-002
         291   1.1250000000000000E-002
         292   2.5000000000000001E-002
         293   9.1249999999999998E-002
         294   4.6249999999999999E-002
         295  0.10249999999999999     
         296   6.6250000000000003E-002
         297   5.5000000000000000E-002
         298   2.5000000000000001E-003
         299   6.2500000000000003E-003
         300   2.9999999999999999E-002
         301   3.5000000000000003E-002
         302   6.2500000000000000E-002
         303  0.12750000000000000     
         304   1.2500000000000000E-003
         305   1.7500000000000002E-002
         306   1.7500000000000002E-002
         307   3.7499999999999999E-003
         308   3.8750000000000000E-002
         309   2.7500000000000000E-002
         310   6.1249999999999999E-002
         311   6.2500000000000003E-003
         312   4.1250000000000002E-002
         313   2.0000000000000000E-002
         314   2.6249999999999999E-002
         315   4.8750000000000002E-002
         316   3.5000000000000003E-002
         317   5.1249999999999997E-002
         318   5.1249999999999997E-002
         319   5.0000000000000001E-003
         320   4.3749999999999997E-002
         321   2.6249999999999999E-002
         322   7.4999999999999997E-003
         323   7.4999999999999997E-002
         324   3.8750000000000000E-002
         325   7.4999999999999997E-003
         326   1.3750000000000000E-002
         327   5.6250000000000001E-002
         328   4.6249999999999999E-002
         329   2.2499999999999999E-002
         330   6.5000000000000002E-002
         331   9.8750000000000004E-002
         332   4.1250000000000002E-002
         333   1.7500000000000002E-002
         334   3.1250000000000000E-002
         335   0.0000000000000000     
         336   2.3750000000000000E-002
         337   6.2500000000000003E-003
         338   1.2500000000000000E-003
         339   4.2500000000000003E-002
         340   1.7500000000000002E-002
         341   5.3749999999999999E-002
         342  0.10249999999999999     
         343   3.7499999999999999E-003
         344   3.8750000000000000E-002
         345   7.4999999999999997E-003
         346   3.6249999999999998E-002
         347   5.8749999999999997E-002
         348   4.7500000000000001E-002
         349   1.2500000000000001E-002
         350   3.7499999999999999E-002
         351   9.5000000000000001E-002
         352   6.1249999999999999E-002
         353   2.3750000000000000E-002
         354   1.6250000000000001E-002
         355   7.4999999999999997E-003
         356   2.0000000000000000E-002
         357   2.9999999999999999E-002
         358   7.7499999999999999E-002
         359   8.0000000000000002E-002
         360   2.5000000000000001E-002
         361   2.8750000000000001E-002
         362   5.1249999999999997E-002
         363   1.1250000000000000E-002
         364   7.4999999999999997E-002
         365   2.3750000000000000E-002
         366   8.3750000000000005E-002
         367   4.2500000000000003E-002
         368   9.3750000000000000E-002
         369   7.4999999999999997E-002
         370   5.0000000000000001E-003
         371   3.7499999999999999E-002
         372   7.1249999999999994E-002
         373   3.3750000000000002E-002
         374   5.5000000000000000E-002
         375   1.8749999999999999E-002
         376   9.2499999999999999E-002
         377   7.0000000000000007E-002
         378   6.3750000000000001E-002
         379   8.1250000000000003E-002
         380  0.11874999999999999     
         381   6.2500000000000000E-002
         382   3.6249999999999998E-002
         383   2.3750000000000000E-002
         384   4.6249999999999999E-002
         385   7.0000000000000007E-002
         386   2.5000000000000001E-002
         387   4.1250000000000002E-002
         388   2.2499999999999999E-002
         389   6.2500000000000003E-003
         390   6.2500000000000003E-003
         391   3.3750000000000002E-002
         392   8.7500000000000008E-003
         393   3.8750000000000000E-002
         394  0.14249999999999999     
         395   8.7499999999999994E-002
         396   8.5000000000000006E-002
         397   5.1249999999999997E-002
         398   4.6249999999999999E-002
         399   8.7500000000000008E-003
         400   9.5000000000000001E-002
         401   1.3750000000000000E-002
         402   3.7499999999999999E-003
         403   1.8749999999999999E-002
         404   2.3750000000000000E-002
         405   1.3750000000000000E-002
         406   4.4999999999999998E-002
         407   1.6250000000000001E-002
         408   2.9999999999999999E-002
         409   5.9999999999999998E-002
         410   2.3750000000000000E-002
         411   3.1250000000000000E-002
         412   1.8749999999999999E-002
         413   0.0000000000000000     
         414   8.0000000000000002E-002
         415   4.6249999999999999E-002
         416   4.2500000000000003E-002
         417   1.6250000000000001E-002
         418   3.2500000000000001E-002
         419   5.7500000000000002E-002
         420   3.7499999999999999E-003
         421   3.5000000000000003E-002
         422   5.6250000000000001E-002
         423   4.8750000000000002E-002
         424   5.7500000000000002E-002
         425   8.0000000000000002E-002
         426  0.10500000000000000     
         427   3.7499999999999999E-003
         428   3.2500000000000001E-002
         429   1.3750000000000000E-002
         430  0.10500000000000000     
         431   5.3749999999999999E-002
         432   5.0000000000000001E-003
         433   1.2500000000000000E-003
         434  0.11125000000000000     
         435  0.14249999999999999     
         436  0.12375000000000000     
         437   5.7500000000000002E-002
         438   6.5000000000000002E-002
         439   4.6249999999999999E-002
         440   4.7500000000000001E-002
         441  0.10125000000000001     
         442   8.0000000000000002E-002
         443   2.2499999999999999E-002
         444   2.2499999999999999E-002
         445   3.1250000000000000E-002
         446   4.1250000000000002E-002
         447   5.9999999999999998E-002
         448  0.10625000000000000     
         449  0.10625000000000000     
         450   5.3749999999999999E-002
         451   1.3750000000000000E-002
         452   6.2500000000000003E-003
         453   5.5000000000000000E-002
         454   9.8750000000000004E-002
         455   1.4999999999999999E-002
         456   3.3750000000000002E-002
         457   7.1249999999999994E-002
         458   3.8750000000000000E-002
         459   2.0000000000000000E-002
         460  0.10500000000000000     
         461   9.5000000000000001E-002
         462   8.0000000000000002E-002
         463   2.5000000000000001E-003
         464   1.6250000000000001E-002
         465   3.1250000000000000E-002
         466   3.6249999999999998E-002
         467   1.2500000000000001E-002
         468   6.2500000000000003E-003
         469   4.0000000000000001E-002
         470   1.7500000000000002E-002
         471   3.7499999999999999E-003
         472   3.7499999999999999E-003
         473   5.6250000000000001E-002
         474   5.6250000000000001E-002
         475   7.4999999999999997E-003
         476   6.1249999999999999E-002
         477   9.6250000000000002E-002
         478   6.1249999999999999E-002
         479   4.3749999999999997E-002
         480   1.1250000000000000E-002
         481   5.5000000000000000E-002
         482   6.8750000000000006E-002
         483  0.11375000000000000     
         484   2.1250000000000002E-002
         485   2.1250000000000002E-002
         486   7.1249999999999994E-002
         487   3.6249999999999998E-002
         488   2.9999999999999999E-002
         489  0.13000000000000000     
         490  0.13375000000000001     
         491  0.14249999999999999     
         492   5.8749999999999997E-002
         493   1.4999999999999999E-002
         494   5.0000000000000001E-003
         495   3.5000000000000003E-002
         496  0.10249999999999999     
         497   2.7500000000000000E-002
         498   2.6249999999999999E-002
         499   5.0000000000000001E-003
         500   1.3750000000000000E-002
         501   3.7499999999999999E-003
         502   5.0000000000000001E-003
         503   6.3750000000000001E-002
         504   2.8750000000000001E-002
         505   1.8749999999999999E-002
         506   3.3750000000000002E-002
         507   4.4999999999999998E-002
         508   2.5000000000000001E-003
         509   7.2499999999999995E-002
         510   3.2500000000000001E-002
         511   6.3750000000000001E-002
         512   7.1249999999999994E-002
         513   7.2499999999999995E-002
         514   2.2499999999999999E-002
         515   9.1249999999999998E-002
         516   1.6250000000000001E-002
         517   3.7499999999999999E-003
         518  0.11625000000000001     
         519   5.2499999999999998E-002
         520  0.11625000000000001     
         521   6.6250000000000003E-002
         522   7.4999999999999997E-003
         523   5.0000000000000001E-003
         524   8.6249999999999993E-002
         525  0.10375000000000000     
         526   2.7500000000000000E-002
         527   7.4999999999999997E-003
         528   2.9999999999999999E-002
         529  0.12250000000000000     
         530   6.2500000000000003E-003
         531   6.6250000000000003E-002
         532  0.10249999999999999     
         533  0.10125000000000001     
         534  0.10750000000000000     
         535   7.6249999999999998E-002
         536   3.2500000000000001E-002
         537   6.8750000000000006E-002
         538   1.2500000000000000E-003
         539   4.3749999999999997E-002
         540   3.7499999999999999E-002
         541   4.7500000000000001E-002
         542   4.0000000000000001E-002
         543   1.8749999999999999E-002
         544   6.2500000000000000E-002
         545   1.2500000000000000E-003
         546   1.7500000000000002E-002
         547   4.7500000000000001E-002
         548   4.1250000000000002E-002
         549   2.7500000000000000E-002
         550   1.4999999999999999E-002
         551   3.7499999999999999E-003
         552   3.7499999999999999E-003
         553   1.3750000000000000E-002
         554   3.5000000000000003E-002
         555   5.9999999999999998E-002
         556   1.2500000000000000E-003
         557   5.0000000000000001E-003
         558   4.6249999999999999E-002
         559   6.2500000000000003E-003
         560   5.1249999999999997E-002
         561   2.1250000000000002E-002
         562   7.4999999999999997E-002
         563   1.8749999999999999E-002
         564   6.6250000000000003E-002
         565   5.3749999999999999E-002
         566   3.5000000000000003E-002
         567  0.14124999999999999     
         568   7.7499999999999999E-002
         569   6.2500000000000000E-002
         570   7.0000000000000007E-002
         571   2.0000000000000000E-002
         572  0.12750000000000000     
         573   4.1250000000000002E-002
         574   9.6250000000000002E-002
         575   1.1250000000000000E-002
         576   8.2500000000000004E-002
         577   1.2500000000000000E-003
         578   3.2500000000000001E-002
         579   2.8750000000000001E-002
         580   1.2500000000000000E-003
         581   3.8750000000000000E-002
         582   1.8749999999999999E-002
         583   5.7500000000000002E-002
         584   5.0000000000000001E-003
         585   4.4999999999999998E-002
         586   1.2500000000000001E-002
         587   7.3749999999999996E-002
         588   3.2500000000000001E-002
         589   5.7500000000000002E-002
         590   5.7500000000000002E-002
         591  0.11000000000000000     
         592   5.2499999999999998E-002
         593  0.10249999999999999     
         594  0.11749999999999999     
         595   2.8750000000000001E-002
         596   4.3749999999999997E-002
         597   2.5000000000000001E-003
         598   5.0000000000000003E-002
         599   8.1250000000000003E-002
         600   2.5000000000000001E-003
         601   2.2499999999999999E-002
         602   7.4999999999999997E-003
         603   4.0000000000000001E-002
         604   2.5000000000000001E-003
         605   3.3750000000000002E-002
         606   1.6250000000000001E-002
         607   2.7500000000000000E-002
         608   1.0000000000000000E-002
         609   4.7500000000000001E-002
         610  0.15500000000000000     
         611   3.2500000000000001E-002
         612   4.3749999999999997E-002
         613   1.6250000000000001E-002
         614   8.8749999999999996E-002
         615   3.2500000000000001E-002
         616   8.9999999999999997E-002
         617  0.11000000000000000     
         618  0.14874999999999999     
         619  0.11000000000000000     
         620   5.8749999999999997E-002
         621  0.10249999999999999     
         622   1.8749999999999999E-002
         623   1.6250000000000001E-002
         624   4.1250000000000002E-002
         625   7.4999999999999997E-003
         626   3.2500000000000001E-002
         627   1.4999999999999999E-002
         628   3.5000000000000003E-002
         629   4.3749999999999997E-002
         630   8.7500000000000008E-003
         631   4.7500000000000001E-002
         632   7.2499999999999995E-002
         633   3.5000000000000003E-002
         634   3.7499999999999999E-003
         635   5.1249999999999997E-002
         636   4.2500000000000003E-002
         637   7.4999999999999997E-003
         638   1.3750000000000000E-002
         639   2.0000000000000000E-002
         640   6.5000000000000002E-002
         641   8.1250000000000003E-002
         642   8.8749999999999996E-002
         643   1.3750000000000000E-002
         644   4.6249999999999999E-002
         645   5.5000000000000000E-002
         646   7.6249999999999998E-002
         647   1.1250000000000000E-002
         648   1.3750000000000000E-002
         649   4.1250000000000002E-002
         650   1.1250000000000000E-002
         651   8.3750000000000005E-002
         652   5.2499999999999998E-002
         653   7.8750000000000001E-002
         654   8.1250000000000003E-002
         655   4.7500000000000001E-002
         656   6.7500000000000004E-002
         657   2.3750000000000000E-002
         658   6.2500000000000003E-003
         659   2.9999999999999999E-002
         660   2.0000000000000000E-002
         661   1.0000000000000000E-002
         662   3.1250000000000000E-002
         663   5.8749999999999997E-002
         664   4.4999999999999998E-002
         665   4.3749999999999997E-002
         666   3.6249999999999998E-002
         667   2.2499999999999999E-002
         668   8.2500000000000004E-002
         669   1.6250000000000001E-002
         670  0.14624999999999999     
         671  0.10125000000000001     
         672   4.4999999999999998E-002
         673   5.7500000000000002E-002
         674   8.8749999999999996E-002
         675  0.10750000000000000     
         676  0.10750000000000000     
         677  0.11375000000000000     
         678   4.0000000000000001E-002
         679   2.0000000000000000E-002
         680   3.7499999999999999E-002
         681   5.0000000000000001E-003
         682  0.10750000000000000     
         683   6.1249999999999999E-002
         684   1.3750000000000000E-002
         685   4.7500000000000001E-002
         686   7.2499999999999995E-002
         687  0.10249999999999999     
         688   1.6250000000000001E-002
         689   5.5000000000000000E-002
         690   3.7499999999999999E-003
         691   1.1250000000000000E-002
         692   2.3750000000000000E-002
         693   5.3749999999999999E-002
         694   5.0000000000000001E-003
         695   5.0000000000000003E-002
         696   2.0000000000000000E-002
         697   7.6249999999999998E-002
         698   9.6250000000000002E-002
         699   9.6250000000000002E-002
         700  0.12000000000000000     
         701   4.4999999999999998E-002
         702   5.9999999999999998E-002
         703   1.0000000000000000E-002
         704   1.4999999999999999E-002
         705   5.1249999999999997E-002
         706   6.1249999999999999E-002
         707   9.1249999999999998E-002
         708   1.1250000000000000E-002
         709   2.5000000000000001E-003
         710   6.8750000000000006E-002
         711   4.0000000000000001E-002
         712   2.1250000000000002E-002
         713   4.4999999999999998E-002
         714   3.7499999999999999E-003
         715   3.2500000000000001E-002
         716   3.7499999999999999E-002
         717   1.8749999999999999E-002
         718   9.2499999999999999E-002
         719   8.8749999999999996E-002
         720   8.2500000000000004E-002
         721   4.1250000000000002E-002
         722   1.2500000000000000E-003
         723   0.0000000000000000     
         724   6.3750000000000001E-002
         725   2.1250000000000002E-002
         726   1.3750000000000000E-002
         727   2.1250000000000002E-002
         728   2.9999999999999999E-002
         729   2.8750000000000001E-002
         730   3.8750000000000000E-002
         731   1.8749999999999999E-002
         732   1.7500000000000002E-002
         733   1.3750000000000000E-002
         734   8.7500000000000008E-003
         735   0.0000000000000000     
         736   2.6249999999999999E-002
         737   1.0000000000000000E-002
         738   2.7500000000000000E-002
         739   3.6249999999999998E-002
         740   3.3750000000000002E-002
         741   4.1250000000000002E-002
         742   1.2500000000000000E-003
         743   5.7500000000000002E-002
         744   1.6250000000000001E-002
         745  0.10375000000000000     
         746   5.7500000000000002E-002
         747   5.5000000000000000E-002
         748   3.7499999999999999E-002
         749   4.8750000000000002E-002
         750   2.3750000000000000E-002
         751   2.5000000000000001E-003
         752   2.9999999999999999E-002
         753   5.3749999999999999E-002
         754   4.4999999999999998E-002
         755   8.1250000000000003E-002
         756   6.2500000000000000E-002
         757   3.2500000000000001E-002
         758   7.4999999999999997E-003
         759   1.8749999999999999E-002
         760   6.5000000000000002E-002
         761   7.1249999999999994E-002
         762   8.7500000000000008E-003
         763   3.1250000000000000E-002
         764   7.8750000000000001E-002
         765   8.0000000000000002E-002
         766  0.10875000000000000     
         767   8.5000000000000006E-002
         768   2.5000000000000001E-002
         769   3.3750000000000002E-002
         770   2.6249999999999999E-002
         771   5.9999999999999998E-002
         772   2.9999999999999999E-002
         773   2.5000000000000001E-002
         774   1.2500000000000001E-002
         775   0.0000000000000000     
         776   5.1249999999999997E-002
         777   4.0000000000000001E-002
         778   4.2500000000000003E-002
         779   2.6249999999999999E-002
         780   7.0000000000000007E-002
         781   8.8749999999999996E-002
         782   8.9999999999999997E-002
         783   1.7500000000000002E-002
         784   2.3750000000000000E-002
         785   1.0000000000000000E-002
         786   5.9999999999999998E-002
         787   6.2500000000000000E-002
         788   1.1250000000000000E-002
         789   8.7500000000000008E-003
         790  0.11500000000000000     
         791  0.14624999999999999     
         792   8.7499999999999994E-002
         793   5.6250000000000001E-002
         794   7.2499999999999995E-002
         795  0.10500000000000000     
         796   5.6250000000000001E-002
         797   6.3750000000000001E-002
         798   6.7500000000000004E-002
         799   9.7500000000000003E-002
         800   2.1250000000000002E-002
         801   5.0000000000000003E-002
         802   8.7500000000000008E-003
         803   3.7499999999999999E-002
         804   8.1250000000000003E-002
         805   2.5000000000000001E-003
         806   6.6250000000000003E-002
         807   2.5000000000000001E-003
         808   5.0000000000000001E-003
         809   1.8749999999999999E-002
         810   8.6249999999999993E-002
         811   9.1249999999999998E-002
         812   5.7500000000000002E-002
         813   9.1249999999999998E-002
         814   1.7500000000000002E-002
         815   5.0000000000000001E-003
         816   4.4999999999999998E-002
         817   2.2499999999999999E-002
         818   9.6250000000000002E-002
         819   9.7500000000000003E-002
         820  0.10249999999999999     
         821   3.8750000000000000E-002
         822   1.3750000000000000E-002
         823   1.4999999999999999E-002
         824   9.1249999999999998E-002
         825   5.9999999999999998E-002
         826  0.15375000000000000     
         827   9.8750000000000004E-002
         828   7.2499999999999995E-002
         829   3.7499999999999999E-003
         830   2.1250000000000002E-002
         831   7.2499999999999995E-002
         832   6.2500000000000000E-002
         833  0.11500000000000000     
         834   5.8749999999999997E-002
         835  0.10875000000000000     
         836   3.7499999999999999E-002
         837   1.7500000000000002E-002
         838   4.0000000000000001E-002
         839   4.4999999999999998E-002
         840   5.8749999999999997E-002
         841   4.7500000000000001E-002
         842   1.0000000000000000E-002
         843   6.5000000000000002E-002
         844   5.0000000000000003E-002
         845   5.0000000000000001E-003
         846   4.0000000000000001E-002
         847   3.2500000000000001E-002
         848   5.0000000000000001E-003
         849   1.7500000000000002E-002
         850   3.2500000000000001E-002
         851   3.3750000000000002E-002
         852   1.2500000000000000E-003
         853   1.0000000000000000E-002
         854   7.4999999999999997E-003
         855   6.8750000000000006E-002
         856   4.8750000000000002E-002
         857   1.2500000000000000E-003
         858  0.12125000000000000     
         859  0.10500000000000000     
         860   2.6249999999999999E-002
         861  0.16500000000000001     
         862   8.1250000000000003E-002
         863  0.11125000000000000     
         864   1.8749999999999999E-002
         865   7.0000000000000007E-002
         866   3.7499999999999999E-003
         867   3.7499999999999999E-003
         868  0.10500000000000000     
         869   2.6249999999999999E-002
         870   2.6249999999999999E-002
         871   2.5000000000000001E-003
         872   4.8750000000000002E-002
         873  0.11749999999999999     
         874   9.7500000000000003E-002
         875   1.1250000000000000E-002
         876   5.0000000000000001E-003
         877   3.8750000000000000E-002
         878   2.7500000000000000E-002
         879   8.1250000000000003E-002
         880   2.8750000000000001E-002
         881   2.5000000000000001E-003
         882   2.1250000000000002E-002
         883   6.2500000000000000E-002
         884   4.1250000000000002E-002
         885   8.5000000000000006E-002
         886   9.7500000000000003E-002
         887   5.1249999999999997E-002
         888   1.7500000000000002E-002
         889   1.6250000000000001E-002
         890   3.7499999999999999E-003
         891   2.2499999999999999E-002
         892   2.6249999999999999E-002
         893   2.1250000000000002E-002
         894   1.6250000000000001E-002
         895  0.10625000000000000     
         896   7.7499999999999999E-002
         897   7.6249999999999998E-002
         898  0.10500000000000000     
         899   4.1250000000000002E-002
         900   1.7500000000000002E-002
         901   8.1250000000000003E-002
         902   1.0000000000000000E-002
         903   3.6249999999999998E-002
         904   2.6249999999999999E-002
         905   8.2500000000000004E-002
         906   1.2500000000000000E-003
         907   6.3750000000000001E-002
         908   3.2500000000000001E-002
         909   1.2500000000000000E-003
         910   6.7500000000000004E-002
         911   7.4999999999999997E-002
         912   4.7500000000000001E-002
         913   4.1250000000000002E-002
         914   8.8749999999999996E-002
         915   8.7500000000000008E-003
         916   4.7500000000000001E-002
         917   1.8749999999999999E-002
         918   2.0000000000000000E-002
         919  0.13875000000000001     
         920  0.10125000000000001     
         921  0.14000000000000001     
         922   8.5000000000000006E-002
         923   7.2499999999999995E-002
         924   2.8750000000000001E-002
         925   8.7499999999999994E-002
         926  0.10000000000000001     
         927   3.7499999999999999E-002
         928   6.5000000000000002E-002
         929   5.0000000000000001E-003
         930   2.5000000000000001E-003
         931   9.3750000000000000E-002
         932   9.1249999999999998E-002
         933   1.3750000000000000E-002
         934   6.2500000000000003E-003
         935   4.6249999999999999E-002
         936   5.2499999999999998E-002
         937   3.6249999999999998E-002
         938   4.4999999999999998E-002
         939  0.15875000000000000     
         940  0.14749999999999999     
         941   3.7499999999999999E-002
         942   2.2499999999999999E-002
         943   3.7499999999999999E-003
         944   1.0000000000000000E-002
         945   5.0000000000000003E-002
         946   4.2500000000000003E-002
         947   1.0000000000000000E-002
         948  0.10625000000000000     
         949   4.7500000000000001E-002
         950  0.13875000000000001     
         951   8.7500000000000008E-003
         952   2.3750000000000000E-002
         953   1.1250000000000000E-002
         954   2.5000000000000001E-002
         955   2.9999999999999999E-002
         956   4.7500000000000001E-002
         957   1.0000000000000000E-002
         958   6.1249999999999999E-002
         959   8.5000000000000006E-002
         960   8.7499999999999994E-002
         961   4.4999999999999998E-002
         962   5.7500000000000002E-002
         963   2.5000000000000001E-003
         964   9.7500000000000003E-002
         965   1.0000000000000000E-002
         966   4.0000000000000001E-002
         967   6.6250000000000003E-002
         968   6.2500000000000000E-002
         969   2.7500000000000000E-002
         970   2.3750000000000000E-002
         971   3.2500000000000001E-002
         972   1.2500000000000001E-002
         973  0.12875000000000000     
         974  0.20499999999999999     
         975   7.4999999999999997E-002
         976   3.6249999999999998E-002
         977   1.4999999999999999E-002
         978   2.8750000000000001E-002
         979   1.4999999999999999E-002
         980   4.2500000000000003E-002
         981   5.7500000000000002E-002
         982   7.2499999999999995E-002
         983   7.4999999999999997E-003
         984   4.4999999999999998E-002
         985   3.8750000000000000E-002
         986   5.7500000000000002E-002
         987   8.3750000000000005E-002
         988   8.7500000000000008E-003
         989   6.7500000000000004E-002
         990   4.3749999999999997E-002
         991   6.5000000000000002E-002
         992   6.3750000000000001E-002
         993   5.7500000000000002E-002
         994   7.2499999999999995E-002
         995  0.12875000000000000     
         996   7.7499999999999999E-002
         997   6.1249999999999999E-002
         998   3.8750000000000000E-002
         999   5.7500000000000002E-002
        1000   8.7499999999999994E-002
        1001   4.1250000000000002E-002
        1002   5.0000000000000003E-002
        1003   6.7500000000000004E-002
        1004   5.3749999999999999E-002
        1005   2.3750000000000000E-002
        1006   4.6249999999999999E-002
        1007   8.8749999999999996E-002
        1008   5.1249999999999997E-002
        1009   7.4999999999999997E-003
        1010   2.0000000000000000E-002
        1011   3.7499999999999999E-003
        1012   5.7500000000000002E-002
        1013   5.2499999999999998E-002
        1014   4.2500000000000003E-002
        1015   2.6249999999999999E-002
        1016   2.5000000000000001E-002
        1017   3.6249999999999998E-002
        1018   5.2499999999999998E-002
        1019   1.2500000000000000E-003
        1020  0.10625000000000000     
        1021   6.8750000000000006E-002
        1022   1.4999999999999999E-002
        1023   1.7500000000000002E-002
        1024   8.8749999999999996E-002
        1025   4.2500000000000003E-002
        1026   6.7500000000000004E-002
        1027   1.0000000000000000E-002
        1028   1.2500000000000000E-003
        1029   5.7500000000000002E-002
        1030   8.6249999999999993E-002
        1031   5.2499999999999998E-002
        1032   1.6250000000000001E-002
        1033   0.0000000000000000     
        1034   1.1250000000000000E-002
        1035   5.0000000000000001E-003
        1036   1.2500000000000000E-003
        1037   4.1250000000000002E-002
        1038   3.7499999999999999E-002
        1039   2.7500000000000000E-002
        1040   2.1250000000000002E-002
        1041   2.3750000000000000E-002
        1042   1.8749999999999999E-002
        1043   7.7499999999999999E-002
        1044   6.8750000000000006E-002
        1045   2.9999999999999999E-002
        1046   1.1250000000000000E-002
        1047   3.6249999999999998E-002
        1048   1.7500000000000002E-002
        1049   5.0000000000000001E-003
        1050   3.6249999999999998E-002
        1051   5.2499999999999998E-002
        1052   3.3750000000000002E-002
        1053  0.11625000000000001     
        1054  0.13875000000000001     
        1055   9.1249999999999998E-002
        1056   5.9999999999999998E-002
        1057   2.6249999999999999E-002
        1058  0.10125000000000001     
        1059   3.6249999999999998E-002
        1060   1.2500000000000001E-002
        1061   6.2500000000000000E-002
        1062   5.6250000000000001E-002
        1063   7.8750000000000001E-002
        1064   3.7499999999999999E-002
        1065   4.6249999999999999E-002
        1066   6.1249999999999999E-002
        1067   3.6249999999999998E-002
        1068   2.5000000000000001E-002
        1069   2.3750000000000000E-002
        1070  0.11749999999999999     
        1071  0.10249999999999999     
        1072   1.1250000000000000E-002
        1073   9.8750000000000004E-002
        1074   7.2499999999999995E-002
        1075   2.2499999999999999E-002
        1076   2.9999999999999999E-002
        1077   5.0000000000000001E-003
        1078   1.4999999999999999E-002
        1079   0.0000000000000000     
        1080   2.3750000000000000E-002
        1081   1.2500000000000001E-002
        1082   5.3749999999999999E-002
        1083   8.1250000000000003E-002
        1084   3.8750000000000000E-002
        1085   2.5000000000000001E-003
        1086   3.8750000000000000E-002
        1087   9.5000000000000001E-002
        1088   9.3750000000000000E-002
        1089   2.7500000000000000E-002
        1090   2.8750000000000001E-002
        1091   1.1250000000000000E-002
        1092   2.5000000000000001E-002
        1093   2.1250000000000002E-002
        1094   8.9999999999999997E-002
        1095   1.2500000000000001E-002
        1096   7.3749999999999996E-002
        1097   4.2500000000000003E-002
        1098   2.8750000000000001E-002
        1099   1.8749999999999999E-002
        1100   1.4999999999999999E-002
        1101  0.10000000000000001     
        1102   7.4999999999999997E-003
        1103   3.7499999999999999E-003
        1104   1.1250000000000000E-002
        1105   4.0000000000000001E-002
        1106  0.16375000000000001     
        1107  0.10750000000000000     
        1108   2.7500000000000000E-002
        1109   1.2500000000000001E-002
        1110   3.7499999999999999E-003
        1111  0.10125000000000001     
        1112   6.3750000000000001E-002
        1113   3.5000000000000003E-002
        1114   2.5000000000000001E-002
        1115   1.8749999999999999E-002
        1116   1.4999999999999999E-002
        1117   3.6249999999999998E-002
        1118   7.7499999999999999E-002
        1119  0.11874999999999999     
        1120   7.8750000000000001E-002
        1121   5.0000000000000003E-002
        1122   2.2499999999999999E-002
        1123   1.8749999999999999E-002
        1124   3.3750000000000002E-002
        1125   1.4999999999999999E-002
        1126   2.7500000000000000E-002
        1127   4.3749999999999997E-002
        1128   3.7499999999999999E-002
        1129   1.7500000000000002E-002
        1130   3.7499999999999999E-003
        1131   5.5000000000000000E-002
        1132   4.1250000000000002E-002
        1133   3.3750000000000002E-002
        1134  0.12625000000000000     
        1135   1.2500000000000000E-003
        1136   7.4999999999999997E-003
        1137   2.1250000000000002E-002
        1138   3.6249999999999998E-002
        1139   8.3750000000000005E-002
        1140   3.7499999999999999E-003
        1141   7.4999999999999997E-002
        1142   6.8750000000000006E-002
        1143  0.17249999999999999     
        1144  0.13625000000000001     
        1145   7.8750000000000001E-002
        1146   1.2500000000000000E-003
        1147   6.6250000000000003E-002
        1148   2.6249999999999999E-002
        1149   5.0000000000000001E-003
        1150   2.9999999999999999E-002
        1151   6.2500000000000003E-003
        1152   1.1250000000000000E-002
        1153   7.4999999999999997E-003
        1154   3.7499999999999999E-003
        1155   4.0000000000000001E-002
        1156   2.1250000000000002E-002
        1157   5.0000000000000003E-002
        1158   5.2499999999999998E-002
        1159   2.0000000000000000E-002
        1160   6.7500000000000004E-002
        1161   9.6250000000000002E-002
        1162   1.2500000000000001E-002
        1163   2.7500000000000000E-002
        1164   5.0000000000000001E-003
        1165   4.7500000000000001E-002
        1166   4.2500000000000003E-002
        1167   4.4999999999999998E-002
        1168   5.3749999999999999E-002
        1169   6.8750000000000006E-002
        1170   3.8750000000000000E-002
        1171   4.7500000000000001E-002
        1172   4.7500000000000001E-002
        1173  0.10500000000000000     
        1174   6.6250000000000003E-002
        1175   4.7500000000000001E-002
        1176   1.2500000000000001E-002
        1177   2.2499999999999999E-002
        1178   5.6250000000000001E-002
        1179   1.8749999999999999E-002
        1180  0.14124999999999999     
        1181   1.1250000000000000E-002
        1182   6.2500000000000003E-003
        1183   6.5000000000000002E-002
        1184   7.6249999999999998E-002
        1185   1.2500000000000001E-002
        1186   4.8750000000000002E-002
        1187   4.6249999999999999E-002
        1188   3.7499999999999999E-003
        1189   5.9999999999999998E-002
        1190  0.12500000000000000     
        1191   4.1250000000000002E-002
        1192  0.10875000000000000     
        1193  0.10625000000000000     
        1194   4.1250000000000002E-002
        1195   2.6249999999999999E-002
        1196   1.2500000000000001E-002
        1197   6.2500000000000003E-003
        1198   4.8750000000000002E-002
        1199   2.9999999999999999E-002
        1200   2.9999999999999999E-002
        1201   8.2500000000000004E-002
        1202   4.1250000000000002E-002
        1203   2.1250000000000002E-002
        1204  0.14000000000000001     
        1205   1.7500000000000002E-002
        1206   1.3750000000000000E-002
        1207   6.7500000000000004E-002
        1208   4.3749999999999997E-002
        1209  0.10625000000000000     
        1210   9.2499999999999999E-002
        1211   1.1250000000000000E-002
        1212   7.7499999999999999E-002
        1213   4.4999999999999998E-002
        1214   7.7499999999999999E-002
        1215   3.5000000000000003E-002
        1216   3.5000000000000003E-002
        1217   2.0000000000000000E-002
        1218   6.3750000000000001E-002
        1219   4.1250000000000002E-002
        1220   4.8750000000000002E-002
        1221   9.6250000000000002E-002
        1222   2.2499999999999999E-002
        1223   2.2499999999999999E-002
        1224   2.1250000000000002E-002
        1225  0.10125000000000001     
        1226  0.14499999999999999     
        1227   7.4999999999999997E-003
        1228   1.2500000000000001E-002
        1229   5.3749999999999999E-002
        1230   4.8750000000000002E-002
        1231   8.7500000000000008E-003
        1232   2.5000000000000001E-002
        1233   2.5000000000000001E-002
        1234   1.0000000000000000E-002
        1235   3.7499999999999999E-002
        1236   5.8749999999999997E-002
        1237   2.0000000000000000E-002
        1238   1.1250000000000000E-002
        1239   2.0000000000000000E-002
        1240   4.7500000000000001E-002
        1241  0.12375000000000000     
        1242  0.14374999999999999     
        1243   4.4999999999999998E-002
        1244   2.7500000000000000E-002
        1245   2.0000000000000000E-002
        1246  0.11500000000000000     
        1247   9.7500000000000003E-002
        1248   6.5000000000000002E-002
        1249   2.5000000000000001E-002
        1250   1.1250000000000000E-002
        1251   3.7499999999999999E-003
        1252   2.2499999999999999E-002
        1253   3.3750000000000002E-002
        1254   8.7500000000000008E-003
        1255   4.8750000000000002E-002
        1256   5.0000000000000001E-003
        1257   4.6249999999999999E-002
        1258   7.4999999999999997E-002
        1259   4.7500000000000001E-002
        1260   8.7500000000000008E-003
        1261   4.4999999999999998E-002
        1262   3.1250000000000000E-002
        1263   3.6249999999999998E-002
        1264   5.2499999999999998E-002
        1265   1.8749999999999999E-002
        1266  0.11250000000000000     
        1267   7.3749999999999996E-002
        1268   3.3750000000000002E-002
        1269   3.6249999999999998E-002
        1270   3.7499999999999999E-003
        1271   3.5000000000000003E-002
        1272   7.4999999999999997E-003
        1273   1.7500000000000002E-002
        1274  0.10875000000000000     
        1275   3.1250000000000000E-002
        1276   2.3750000000000000E-002
        1277   4.3749999999999997E-002
        1278  0.13625000000000001     
        1279   7.2499999999999995E-002
        1280   9.8750000000000004E-002
        1281   3.5000000000000003E-002
        1282   8.9999999999999997E-002
        1283   5.2499999999999998E-002
        1284   2.2499999999999999E-002
        1285   1.2500000000000000E-003
        1286   8.3750000000000005E-002
        1287   9.3750000000000000E-002
        1288   3.5000000000000003E-002
        1289   1.8749999999999999E-002
        1290   7.7499999999999999E-002
        1291   7.4999999999999997E-003
        1292   8.0000000000000002E-002
        1293   9.6250000000000002E-002
        1294   4.1250000000000002E-002
        1295   2.2499999999999999E-002
        1296   7.4999999999999997E-002
        1297   4.1250000000000002E-002
        1298   5.5000000000000000E-002
        1299   1.0000000000000000E-002
        1300   2.8750000000000001E-002
        1301   2.9999999999999999E-002
        1302   4.3749999999999997E-002
        1303   2.7500000000000000E-002
        1304   5.5000000000000000E-002
        1305   2.5000000000000001E-002
        1306   4.2500000000000003E-002
        1307   2.3750000000000000E-002
        1308   5.0000000000000001E-003
        1309   2.0000000000000000E-002
        1310   7.4999999999999997E-003
        1311   2.8750000000000001E-002
        1312   1.6250000000000001E-002
        1313   3.7499999999999999E-003
        1314   5.1249999999999997E-002
        1315  0.13500000000000001     
        1316  0.13625000000000001     
        1317   4.2500000000000003E-002
        1318   1.6250000000000001E-002
        1319  0.12500000000000000     
        1320   1.3750000000000000E-002
        1321   1.7500000000000002E-002
        1322   1.2500000000000001E-002
        1323   6.2500000000000003E-003
        1324   2.3750000000000000E-002
        1325   3.6249999999999998E-002
        1326   3.6249999999999998E-002
        1327   3.7499999999999999E-003
        1328   2.7500000000000000E-002
        1329   1.3750000000000000E-002
        1330   1.2500000000000000E-003
        1331   3.7499999999999999E-002
        1332   1.8749999999999999E-002
        1333   9.6250000000000002E-002
        1334   1.2500000000000001E-002
        1335   2.0000000000000000E-002
        1336  0.10249999999999999     
        1337   9.5000000000000001E-002
        1338  0.14499999999999999     
        1339   5.7500000000000002E-002
        1340   7.4999999999999997E-002
        1341  0.13000000000000000     
        1342   4.4999999999999998E-002
        1343   5.8749999999999997E-002
        1344  0.13500000000000001     
        1345   6.5000000000000002E-002
        1346   1.2500000000000001E-002
        1347   5.1249999999999997E-002
        1348   7.0000000000000007E-002
        1349   4.0000000000000001E-002
        1350   1.8749999999999999E-002
        1351   8.7500000000000008E-003
        1352   2.5000000000000001E-003
        1353   4.8750000000000002E-002
        1354   1.2500000000000001E-002
        1355   1.3750000000000000E-002
        1356   6.2500000000000003E-003
        1357   3.7499999999999999E-003
        1358   1.8749999999999999E-002
        1359   5.3749999999999999E-002
        1360   2.3750000000000000E-002
        1361  0.13250000000000001     
        1362   5.1249999999999997E-002
        1363   4.6249999999999999E-002
        1364  0.10249999999999999     
        1365  0.10750000000000000     
        1366   1.2500000000000000E-003
        1367   2.6249999999999999E-002
        1368   6.3750000000000001E-002
        1369   2.7500000000000000E-002
        1370   4.8750000000000002E-002
        1371   5.1249999999999997E-002
        1372   8.3750000000000005E-002
        1373   3.5000000000000003E-002
        1374   2.6249999999999999E-002
        1375   4.1250000000000002E-002
        1376   2.5000000000000001E-002
        1377   4.4999999999999998E-002
        1378   3.7499999999999999E-003
        1379   4.6249999999999999E-002
        1380   7.0000000000000007E-002
        1381   3.7499999999999999E-002
        1382   4.4999999999999998E-002
        1383   2.0000000000000000E-002
        1384   1.3750000000000000E-002
        1385   1.8749999999999999E-002
        1386   2.5000000000000001E-003
        1387   2.7500000000000000E-002
        1388   3.3750000000000002E-002
        1389   8.7500000000000008E-003
        1390   8.6249999999999993E-002
        1391   2.3750000000000000E-002
        1392   6.2500000000000003E-003
        1393   5.7500000000000002E-002
        1394   4.4999999999999998E-002
        1395   5.2499999999999998E-002
        1396   5.6250000000000001E-002
        1397   7.8750000000000001E-002
        1398   5.8749999999999997E-002
        1399   3.6249999999999998E-002
        1400   2.3750000000000000E-002
        1401   7.3749999999999996E-002
        1402   4.3749999999999997E-002
        1403   8.7500000000000008E-003
        1404   7.1249999999999994E-002
        1405   3.6249999999999998E-002
        1406   6.3750000000000001E-002
        1407   1.1250000000000000E-002
        1408   3.2500000000000001E-002
        1409  0.11375000000000000     
        1410   8.7500000000000008E-003
        1411   7.7499999999999999E-002
        1412   3.7499999999999999E-003
        1413  0.12625000000000000     
        1414  0.10375000000000000     
        1415   4.0000000000000001E-002
        1416   6.8750000000000006E-002
        1417   3.1250000000000000E-002
        1418   7.4999999999999997E-002
        1419   4.3749999999999997E-002
        1420   3.3750000000000002E-002
        1421   3.3750000000000002E-002
        1422   9.7500000000000003E-002
        1423   7.4999999999999997E-002
        1424   4.3749999999999997E-002
        1425   1.4999999999999999E-002
        1426   7.6249999999999998E-002
        1427  0.10000000000000001     
        1428   4.6249999999999999E-002
        1429   1.7500000000000002E-002
        1430   2.5000000000000001E-002
        1431   2.0000000000000000E-002
        1432   2.1250000000000002E-002
        1433   2.3750000000000000E-002
        1434   5.2499999999999998E-002
        1435   1.7500000000000002E-002
        1436   1.7500000000000002E-002
        1437   5.3749999999999999E-002
        1438   8.7500000000000008E-003
        1439   5.9999999999999998E-002
        1440   3.2500000000000001E-002
        1441   1.3750000000000000E-002
        1442   9.6250000000000002E-002
        1443   9.5000000000000001E-002
        1444   2.9999999999999999E-002
        1445   1.2500000000000001E-002
        1446   2.5000000000000001E-003
        1447   4.0000000000000001E-002
        1448   5.0000000000000003E-002
        1449  0.10375000000000000     
        1450   8.0000000000000002E-002
        1451   8.3750000000000005E-002
        1452   3.1250000000000000E-002
        1453   4.2500000000000003E-002
        1454   8.7500000000000008E-003
        1455   3.5000000000000003E-002
        1456   4.1250000000000002E-002
        1457   1.2500000000000000E-003
        1458   4.4999999999999998E-002
        1459   7.6249999999999998E-002
        1460   1.2500000000000000E-003
        1461   3.6249999999999998E-002
        1462   6.3750000000000001E-002
        1463   4.8750000000000002E-002
        1464   2.2499999999999999E-002
        1465   2.9999999999999999E-002
        1466   1.4999999999999999E-002
        1467   1.0000000000000000E-002
        1468   5.1249999999999997E-002
        1469   3.6249999999999998E-002
        1470   8.7500000000000008E-003
        1471   3.2500000000000001E-002
        1472   1.2500000000000000E-003
        1473   5.6250000000000001E-002
        1474   7.4999999999999997E-003
        1475   4.0000000000000001E-002
        1476   9.3750000000000000E-002
        1477   6.2500000000000000E-002
        1478   3.3750000000000002E-002
        1479   2.8750000000000001E-002
        1480  0.12250000000000000     
        1481  0.10500000000000000     
        1482   7.4999999999999997E-003
        1483   6.7500000000000004E-002
        1484   2.3750000000000000E-002
        1485   1.3750000000000000E-002
        1486   3.1250000000000000E-002
        1487   1.6250000000000001E-002
        1488   6.2500000000000003E-003
        1489   1.2500000000000001E-002
        1490   4.4999999999999998E-002
        1491   2.1250000000000002E-002
        1492   2.8750000000000001E-002
        1493   2.8750000000000001E-002
        1494   3.7499999999999999E-003
        1495   5.0000000000000003E-002
        1496   3.3750000000000002E-002
        1497   2.3750000000000000E-002
        1498   2.8750000000000001E-002
        1499  0.13500000000000001     
        1500   4.2500000000000003E-002
        1501   4.1250000000000002E-002
        1502   2.2499999999999999E-002
        1503   4.1250000000000002E-002
        1504   7.4999999999999997E-003
        1505   2.6249999999999999E-002
        1506   1.0000000000000000E-002
        1507   1.8749999999999999E-002
        1508   4.0000000000000001E-002
        1509   7.8750000000000001E-002
        1510   8.5000000000000006E-002
        1511   4.1250000000000002E-002
        1512   5.2499999999999998E-002
        1513   9.5000000000000001E-002
        1514   9.6250000000000002E-002
        1515   3.3750000000000002E-002
        1516   6.2500000000000003E-003
        1517   5.9999999999999998E-002
        1518   8.7499999999999994E-002
        1519   5.7500000000000002E-002
        1520   4.2500000000000003E-002
        1521   4.6249999999999999E-002
        1522  0.12750000000000000     
        1523   5.0000000000000001E-003
        1524   2.1250000000000002E-002
        1525   1.3750000000000000E-002
        1526   1.8749999999999999E-002
        1527   6.3750000000000001E-002
        1528  0.12125000000000000     
        1529   7.0000000000000007E-002
        1530   3.7499999999999999E-003
        1531   1.8749999999999999E-002
        1532   1.0000000000000000E-002
        1533   8.7500000000000008E-003
        1534   2.9999999999999999E-002
        1535   4.6249999999999999E-002
        1536   5.5000000000000000E-002
        1537   5.5000000000000000E-002
        1538   3.2500000000000001E-002
        1539   1.3750000000000000E-002
        1540   1.1250000000000000E-002
        1541   1.2500000000000001E-002
        1542   3.2500000000000001E-002
        1543   5.0000000000000001E-003
        1544   0.0000000000000000     
        1545   2.2499999999999999E-002
        1546  0.10375000000000000     
        1547   1.8749999999999999E-002
        1548   1.7500000000000002E-002
        1549   2.0000000000000000E-002
        1550   3.1250000000000000E-002
        1551  0.14499999999999999     
        1552   8.5000000000000006E-002
        1553   7.0000000000000007E-002
        1554   7.4999999999999997E-003
        1555   2.5000000000000001E-003
        1556   6.8750000000000006E-002
        1557  0.11250000000000000     
        1558  0.10375000000000000     
        1559  0.14499999999999999     
        1560   3.5000000000000003E-002
        1561   6.3750000000000001E-002
        1562   1.8749999999999999E-002
        1563   8.7500000000000008E-003
        1564   8.7500000000000008E-003
        1565   4.2500000000000003E-002
        1566   1.4999999999999999E-002
        1567   6.2500000000000003E-003
        1568   5.0000000000000003E-002
        1569   2.9999999999999999E-002
        1570   6.8750000000000006E-002
        1571   9.1249999999999998E-002
        1572   3.7499999999999999E-002
        1573   6.2500000000000003E-003
        1574   3.7499999999999999E-002
        1575   3.2500000000000001E-002
        1576   2.5000000000000001E-002
        1577   3.1250000000000000E-002
        1578   3.8750000000000000E-002
        1579   4.8750000000000002E-002
        1580   3.6249999999999998E-002
        1581   5.7500000000000002E-002
        1582  0.10125000000000001     
        1583   8.1250000000000003E-002
        1584   6.6250000000000003E-002
        1585   3.7499999999999999E-002
        1586   7.4999999999999997E-003
        1587   7.6249999999999998E-002
        1588   3.1250000000000000E-002
        1589   5.0000000000000001E-003
        1590   2.6249999999999999E-002
        1591   4.6249999999999999E-002
        1592   1.6250000000000001E-002
        1593   3.7499999999999999E-003
        1594   4.0000000000000001E-002
        1595   1.2500000000000001E-002
        1596   3.7499999999999999E-002
        1597   2.3750000000000000E-002
        1598   7.6249999999999998E-002
        1599   4.4999999999999998E-002
        1600   2.6249999999999999E-002
        1601   4.8750000000000002E-002
        1602   2.8750000000000001E-002
        1603   1.8749999999999999E-002
        1604  0.11625000000000001     
        1605   6.3750000000000001E-002
        1606   2.1250000000000002E-002
        1607   1.0000000000000000E-002
        1608   2.9999999999999999E-002
        1609   5.1249999999999997E-002
        1610   6.1249999999999999E-002
        1611   4.0000000000000001E-002
        1612   5.1249999999999997E-002
        1613   7.0000000000000007E-002
        1614   8.7499999999999994E-002
        1615   7.0000000000000007E-002
        1616   2.7500000000000000E-002
        1617   8.3750000000000005E-002
        1618   8.2500000000000004E-002
        1619   2.3750000000000000E-002
        1620  0.12375000000000000     
        1621   1.2500000000000001E-002
        1622   5.8749999999999997E-002
        1623   4.7500000000000001E-002
        1624   6.2500000000000003E-003
        1625  0.10000000000000001     
        1626   1.3750000000000000E-002
        1627   1.2500000000000001E-002
        1628   5.8749999999999997E-002
        1629   8.7499999999999994E-002
        1630   9.3750000000000000E-002
        1631   9.3750000000000000E-002
        1632   3.2500000000000001E-002
        1633   3.5000000000000003E-002
        1634   1.7500000000000002E-002
        1635   6.1249999999999999E-002
        1636   8.6249999999999993E-002
        1637   3.7499999999999999E-002
        1638   5.0000000000000003E-002
        1639   8.7500000000000008E-003
        1640   5.0000000000000001E-003
        1641   8.2500000000000004E-002
        1642   6.5000000000000002E-002
        1643   2.5000000000000001E-003
        1644   2.5000000000000001E-002
        1645   4.7500000000000001E-002
        1646   2.7500000000000000E-002
        1647   7.8750000000000001E-002
        1648   5.3749999999999999E-002
        1649  0.11625000000000001     
        1650   6.2500000000000000E-002
        1651   4.7500000000000001E-002
        1652   5.2499999999999998E-002
        1653   1.8749999999999999E-002
        1654   3.5000000000000003E-002
        1655   8.0000000000000002E-002
        1656   2.1250000000000002E-002
        1657   7.4999999999999997E-003
        1658   7.2499999999999995E-002
        1659   5.9999999999999998E-002
        1660   7.4999999999999997E-003
        1661   4.6249999999999999E-002
        1662   1.2500000000000001E-002
        1663   6.8750000000000006E-002
        1664   1.2500000000000001E-002
        1665   4.4999999999999998E-002
        1666   1.6250000000000001E-002
        1667   2.5000000000000001E-003
        1668   9.2499999999999999E-002
        1669   5.1249999999999997E-002
        1670   1.4999999999999999E-002
        1671   1.0000000000000000E-002
        1672   6.6250000000000003E-002
        1673   3.5000000000000003E-002
        1674   1.7500000000000002E-002
        1675   1.0000000000000000E-002
        1676   4.4999999999999998E-002
        1677  0.10125000000000001     
        1678   5.3749999999999999E-002
        1679   2.5000000000000001E-002
        1680   6.2500000000000000E-002
        1681   3.8750000000000000E-002
        1682   2.3750000000000000E-002
        1683   2.7500000000000000E-002
        1684   5.1249999999999997E-002
        1685   4.4999999999999998E-002
        1686  0.12250000000000000     
        1687  0.15375000000000000     
        1688  0.19375000000000001     
        1689  0.14124999999999999     
        1690   4.4999999999999998E-002
        1691   6.2500000000000003E-003
        1692   3.7499999999999999E-002
        1693   1.2500000000000000E-003
        1694   1.4999999999999999E-002
        1695   4.2500000000000003E-002
        1696   1.3750000000000000E-002
        1697   3.7499999999999999E-002
        1698   5.0000000000000003E-002
        1699   1.6250000000000001E-002
        1700   4.1250000000000002E-002
        1701   1.4999999999999999E-002
        1702   0.0000000000000000     
        1703   1.0000000000000000E-002
        1704   1.3750000000000000E-002
        1705   1.4999999999999999E-002
        1706   4.6249999999999999E-002
        1707   3.7499999999999999E-003
        1708   8.7500000000000008E-003
        1709   8.7500000000000008E-003
        1710   1.2500000000000000E-003
        1711   2.5000000000000001E-003
        1712   4.7500000000000001E-002
        1713   3.3750000000000002E-002
        1714   1.7500000000000002E-002
        1715   2.9999999999999999E-002
        1716   1.6250000000000001E-002
        1717   1.8749999999999999E-002
        1718   7.8750000000000001E-002
        1719   8.1250000000000003E-002
        1720   6.2500000000000003E-003
        1721   1.3750000000000000E-002
        1722   4.2500000000000003E-002
        1723   4.0000000000000001E-002
        1724   1.3750000000000000E-002
        1725   7.4999999999999997E-003
        1726   2.2499999999999999E-002
        1727   7.0000000000000007E-002
        1728   4.6249999999999999E-002
        1729  0.11375000000000000     
        1730   7.2499999999999995E-002
        1731   1.2500000000000000E-003
        1732   2.0000000000000000E-002
        1733   4.1250000000000002E-002
        1734   1.2500000000000001E-002
        1735  0.14624999999999999     
        1736   8.7499999999999994E-002
        1737   8.9999999999999997E-002
        1738   6.5000000000000002E-002
        1739   3.7499999999999999E-002
        1740   2.5000000000000001E-003
        1741   3.7499999999999999E-003
        1742   8.7500000000000008E-003
        1743   4.8750000000000002E-002
        1744   5.6250000000000001E-002
        1745   3.7499999999999999E-003
        1746   8.7500000000000008E-003
        1747   2.1250000000000002E-002
        1748   2.2499999999999999E-002
        1749   8.9999999999999997E-002
        1750  0.10000000000000001     
        1751  0.10750000000000000     
        1752   6.6250000000000003E-002
        1753   2.1250000000000002E-002
        1754   6.8750000000000006E-002
        1755  0.17000000000000001     
        1756  0.15625000000000000     
        1757   7.2499999999999995E-002
        1758   3.3750000000000002E-002
        1759   5.8749999999999997E-002
        1760   1.4999999999999999E-002
        1761   2.8750000000000001E-002
        1762   8.7500000000000008E-003
        1763   9.8750000000000004E-002
        1764   5.5000000000000000E-002
        1765   1.6250000000000001E-002
        1766   2.2499999999999999E-002
        1767  0.12000000000000000     
        1768   3.3750000000000002E-002
        1769   4.3749999999999997E-002
        1770   5.8749999999999997E-002
        1771   6.6250000000000003E-002
        1772  0.11375000000000000     
        1773  0.11375000000000000     
        1774   5.0000000000000003E-002
        1775   4.2500000000000003E-002
        1776   6.6250000000000003E-002
        1777   7.7499999999999999E-002
        1778   4.6249999999999999E-002
        1779   3.7499999999999999E-003
        1780   6.6250000000000003E-002
        1781   5.0000000000000003E-002
        1782   2.8750000000000001E-002
        1783   1.6250000000000001E-002
        1784   7.4999999999999997E-002
        1785   5.9999999999999998E-002
        1786   5.5000000000000000E-002
        1787   8.7500000000000008E-003
        1788   1.6250000000000001E-002
        1789   7.1249999999999994E-002
        1790  0.11000000000000000     
        1791   3.2500000000000001E-002
        1792   2.7500000000000000E-002
        1793   8.9999999999999997E-002
        1794   2.5000000000000001E-002
        1795   2.1250000000000002E-002
        1796   2.5000000000000001E-002
        1797   3.6249999999999998E-002
        1798   4.1250000000000002E-002
        1799   5.1249999999999997E-002
        1800   8.7500000000000008E-003
        1801   1.1250000000000000E-002
        1802   3.5000000000000003E-002
        1803   7.4999999999999997E-003
        1804   7.0000000000000007E-002
        1805   4.1250000000000002E-002
        1806   3.5000000000000003E-002
        1807   7.4999999999999997E-003
        1808   3.2500000000000001E-002
        1809   2.1250000000000002E-002
        1810   3.1250000000000000E-002
        1811   6.7500000000000004E-002
        1812   3.6249999999999998E-002
        1813   3.7499999999999999E-002
        1814   1.6250000000000001E-002
        1815   3.8750000000000000E-002
        1816   1.2500000000000000E-003
        1817   3.7499999999999999E-002
        1818   1.6250000000000001E-002
        1819   8.3750000000000005E-002
        1820   4.8750000000000002E-002
        1821   2.1250000000000002E-002
        1822   8.1250000000000003E-002
        1823   3.8750000000000000E-002
        1824   8.7500000000000008E-003
        1825   2.6249999999999999E-002
        1826   3.7499999999999999E-003
        1827   7.4999999999999997E-003
        1828   1.6250000000000001E-002
        1829   2.7500000000000000E-002
        1830   2.3750000000000000E-002
        1831   6.5000000000000002E-002
        1832   2.0000000000000000E-002
        1833   4.8750000000000002E-002
        1834   1.6250000000000001E-002
        1835   2.2499999999999999E-002
        1836   6.7500000000000004E-002
        1837   1.7500000000000002E-002
        1838   5.0000000000000001E-003
        1839   1.2500000000000000E-003
        1840   2.6249999999999999E-002
        1841   3.7499999999999999E-003
        1842   1.2500000000000000E-003
        1843   6.7500000000000004E-002
        1844   5.0000000000000003E-002
        1845   4.3749999999999997E-002
        1846   5.0000000000000001E-003
        1847   6.2500000000000003E-003
        1848   1.2500000000000001E-002
        1849   3.6249999999999998E-002
        1850   8.6249999999999993E-002
        1851   7.2499999999999995E-002
        1852   8.7500000000000008E-003
        1853   5.8749999999999997E-002
        1854  0.10500000000000000     
        1855   8.5000000000000006E-002
        1856  0.12750000000000000     
        1857   6.2500000000000000E-002
        1858   3.5000000000000003E-002
        1859   7.1249999999999994E-002
        1860   3.7499999999999999E-003
        1861   1.3750000000000000E-002
        1862   3.7499999999999999E-003
        1863   3.7499999999999999E-003
        1864   5.8749999999999997E-002
        1865  0.10249999999999999     
        1866   9.6250000000000002E-002
        1867   6.7500000000000004E-002
        1868   2.0000000000000000E-002
        1869   8.1250000000000003E-002
        1870   7.0000000000000007E-002
        1871   1.8749999999999999E-002
        1872  0.15875000000000000     
        1873   5.6250000000000001E-002
        1874   7.1249999999999994E-002
        1875   8.7500000000000008E-003
        1876   6.2500000000000000E-002
        1877   2.9999999999999999E-002
        1878   7.3749999999999996E-002
        1879   4.0000000000000001E-002
        1880   2.9999999999999999E-002
        1881   1.3750000000000000E-002
        1882   5.3749999999999999E-002
        1883   5.0000000000000001E-003
        1884   1.8749999999999999E-002
        1885   1.7500000000000002E-002
        1886  0.11125000000000000     
        1887  0.11874999999999999     
        1888  0.13625000000000001     
        1889   6.3750000000000001E-002
        1890   2.5000000000000001E-003
        1891   8.3750000000000005E-002
        1892   8.5000000000000006E-002
        1893   5.3749999999999999E-002
        1894   6.5000000000000002E-002
        1895   1.7500000000000002E-002
        1896   5.0000000000000003E-002
        1897   4.3749999999999997E-002
        1898   1.1250000000000000E-002
        1899   8.1250000000000003E-002
        1900   2.8750000000000001E-002
        1901   5.0000000000000003E-002
        1902   5.3749999999999999E-002
        1903  0.15625000000000000     
        1904   3.7499999999999999E-002
        1905   1.2500000000000001E-002
        1906   1.0000000000000000E-002
        1907   2.5000000000000001E-002
        1908   2.2499999999999999E-002
        1909   2.6249999999999999E-002
        1910   2.1250000000000002E-002
        1911   2.3750000000000000E-002
        1912   4.2500000000000003E-002
        1913   5.3749999999999999E-002
        1914   4.4999999999999998E-002
        1915   7.0000000000000007E-002
        1916   1.1250000000000000E-002
        1917   3.7499999999999999E-003
        1918   1.8749999999999999E-002
        1919   4.0000000000000001E-002
        1920   7.4999999999999997E-002
        1921  0.11000000000000000     
        1922  0.12750000000000000     
        1923   7.0000000000000007E-002
        1924   4.6249999999999999E-002
        1925   8.7500000000000008E-003
        1926   2.5000000000000001E-003
        1927   7.0000000000000007E-002
        1928  0.11000000000000000     
        1929  0.11125000000000000     
        1930  0.13125000000000001     
        1931   9.8750000000000004E-002
        1932   5.8749999999999997E-002
        1933   1.2500000000000000E-003
        1934   5.7500000000000002E-002
        1935   4.3749999999999997E-002
        1936   3.3750000000000002E-002
        1937   5.8749999999999997E-002
        1938   4.1250000000000002E-002
        1939   1.3750000000000000E-002
        1940   7.2499999999999995E-002
        1941   6.1249999999999999E-002
        1942   3.6249999999999998E-002
        1943   2.0000000000000000E-002
        1944   5.2499999999999998E-002
        1945   7.3749999999999996E-002
        1946   1.2500000000000000E-003
        1947   1.2500000000000000E-003
        1948   2.1250000000000002E-002
        1949   5.8749999999999997E-002
        1950   5.9999999999999998E-002
        1951   1.1250000000000000E-002
        1952   1.1250000000000000E-002
        1953   3.6249999999999998E-002
        1954   3.6249999999999998E-002
        1955   7.1249999999999994E-002
        1956   1.0000000000000000E-002
        1957   5.6250000000000001E-002
        1958   4.7500000000000001E-002
        1959   3.3750000000000002E-002
        1960   1.3750000000000000E-002
        1961   3.8750000000000000E-002
        1962   2.3750000000000000E-002
        1963   1.8749999999999999E-002
        1964   7.0000000000000007E-002
        1965   2.6249999999999999E-002
        1966   2.9999999999999999E-002
        1967   6.8750000000000006E-002
        1968   2.1250000000000002E-002
        1969   1.0000000000000000E-002
        1970   7.4999999999999997E-003
        1971   3.1250000000000000E-002
        1972   1.8749999999999999E-002
        1973   0.0000000000000000     
        1974   2.7500000000000000E-002
        1975   7.8750000000000001E-002
        1976   4.8750000000000002E-002
        1977   1.2500000000000001E-002
        1978   5.8749999999999997E-002
        1979   2.2499999999999999E-002
        1980   1.1250000000000000E-002
        1981   3.1250000000000000E-002
        1982   6.1249999999999999E-002
        1983   1.4999999999999999E-002
        1984   1.8749999999999999E-002
        1985   8.6249999999999993E-002
        1986   3.2500000000000001E-002
        1987   6.2500000000000003E-003
        1988   1.0000000000000000E-002
        1989   2.1250000000000002E-002
        1990   1.3750000000000000E-002
        1991   2.6249999999999999E-002
        1992   3.6249999999999998E-002
        1993   7.4999999999999997E-002
        1994   8.8749999999999996E-002
        1995   2.3750000000000000E-002
        1996   2.8750000000000001E-002
        1997   3.2500000000000001E-002
        1998   8.0000000000000002E-002
        1999  0.10375000000000000     
        2000   7.1249999999999994E-002
