           1   6.2500000000000000E-002
           2   2.3750000000000000E-002
           3   1.2500000000000001E-002
           4   1.6250000000000001E-002
           5   1.7500000000000002E-002
           6   6.5000000000000002E-002
           7   8.7500000000000008E-003
           8   6.2500000000000003E-003
           9   4.0000000000000001E-002
          10   8.8749999999999996E-002
          11   5.1249999999999997E-002
          12   1.0000000000000000E-002
          13   2.8750000000000001E-002
          14   2.2499999999999999E-002
          15   3.2500000000000001E-002
          16   1.1250000000000000E-002
          17   2.5000000000000001E-002
          18   4.7500000000000001E-002
          19   7.2499999999999995E-002
          20   1.4999999999999999E-002
          21   2.7500000000000000E-002
          22   4.1250000000000002E-002
          23   1.4999999999999999E-002
          24   2.6249999999999999E-002
          25   1.6250000000000001E-002
          26   2.5000000000000001E-002
          27   3.3750000000000002E-002
          28   1.3750000000000000E-002
          29   2.5000000000000001E-002
          30   5.0000000000000003E-002
          31   3.2500000000000001E-002
          32   2.7500000000000000E-002
          33   3.5000000000000003E-002
          34   2.8750000000000001E-002
          35   3.3750000000000002E-002
          36   3.7499999999999999E-002
          37   4.7500000000000001E-002
          38   5.8749999999999997E-002
          39   1.0000000000000000E-002
          40   1.4999999999999999E-002
          41   5.0000000000000003E-002
          42   5.1249999999999997E-002
          43   4.3749999999999997E-002
          44   7.6249999999999998E-002
          45  0.13875000000000001     
          46  0.11250000000000000     
          47   9.1249999999999998E-002
          48   7.1249999999999994E-002
          49   2.3750000000000000E-002
          50   0.0000000000000000     
          51   5.7500000000000002E-002
          52   1.0000000000000000E-002
          53   5.1249999999999997E-002
          54   1.4999999999999999E-002
          55   5.6250000000000001E-002
          56   3.6249999999999998E-002
          57   9.8750000000000004E-002
          58   5.9999999999999998E-002
          59   3.3750000000000002E-002
          60   3.7499999999999999E-002
          61   1.6250000000000001E-002
          62   3.8750000000000000E-002
          63   7.4999999999999997E-003
          64   6.2500000000000000E-002
          65   5.7500000000000002E-002
          66   5.9999999999999998E-002
          67   8.1250000000000003E-002
          68  0.12375000000000000     
          69   9.8750000000000004E-002
          70  0.11250000000000000     
          71  0.11500000000000000     
          72   6.8750000000000006E-002
          73   5.0000000000000001E-003
          74   3.5000000000000003E-002
          75   3.7499999999999999E-003
          76   4.7500000000000001E-002
          77   7.0000000000000007E-002
          78   4.3749999999999997E-002
          79   1.2500000000000000E-003
          80   1.4999999999999999E-002
          81   2.5000000000000001E-002
          82   3.6249999999999998E-002
          83   4.8750000000000002E-002
          84   1.7500000000000002E-002
          85   8.7500000000000008E-003
          86   2.9999999999999999E-002
          87   5.0000000000000001E-003
          88   7.4999999999999997E-003
          89   2.9999999999999999E-002
          90   2.1250000000000002E-002
          91   2.6249999999999999E-002
          92   6.2500000000000003E-003
          93   1.6250000000000001E-002
          94   2.0000000000000000E-002
          95   2.6249999999999999E-002
          96   5.2499999999999998E-002
          97   4.0000000000000001E-002
          98   6.6250000000000003E-002
          99   5.7500000000000002E-002
         100   4.1250000000000002E-002
         101   1.2500000000000001E-002
         102   4.7500000000000001E-002
         103   7.8750000000000001E-002
         104   6.2500000000000000E-002
         105   2.7500000000000000E-002
         106   2.5000000000000001E-002
         107   7.1249999999999994E-002
         108   1.6250000000000001E-002
         109   6.7500000000000004E-002
         110   3.7499999999999999E-003
         111   4.4999999999999998E-002
         112   4.1250000000000002E-002
         113   7.3749999999999996E-002
         114   5.0000000000000003E-002
         115   4.2500000000000003E-002
         116   4.7500000000000001E-002
         117  0.10375000000000000     
         118   8.5000000000000006E-002
         119   1.7500000000000002E-002
         120   1.7500000000000002E-002
         121   3.7499999999999999E-003
         122   4.2500000000000003E-002
         123   2.5000000000000001E-002
         124   1.0000000000000000E-002
         125   4.4999999999999998E-002
         126   3.7499999999999999E-003
         127   2.1250000000000002E-002
         128   3.5000000000000003E-002
         129   7.6249999999999998E-002
         130   6.7500000000000004E-002
         131   7.4999999999999997E-002
         132   1.2500000000000001E-002
         133   3.7499999999999999E-003
         134   1.0000000000000000E-002
         135   2.5000000000000001E-002
         136   4.3749999999999997E-002
         137   1.8749999999999999E-002
         138   1.2500000000000000E-003
         139   3.5000000000000003E-002
         140   3.7499999999999999E-002
         141   1.2500000000000001E-002
         142   8.5000000000000006E-002
         143   8.7500000000000008E-003
         144   2.0000000000000000E-002
         145   3.7499999999999999E-003
         146   5.0000000000000001E-003
         147   4.0000000000000001E-002
         148   2.1250000000000002E-002
         149   8.7500000000000008E-003
         150   3.7499999999999999E-003
         151   5.3749999999999999E-002
         152   4.1250000000000002E-002
         153   8.7500000000000008E-003
         154   5.3749999999999999E-002
         155   5.0000000000000001E-003
         156   1.8749999999999999E-002
         157   1.1250000000000000E-002
         158   5.9999999999999998E-002
         159   5.5000000000000000E-002
         160   1.0000000000000000E-002
         161   4.1250000000000002E-002
         162   6.2500000000000003E-003
         163   8.0000000000000002E-002
         164   2.2499999999999999E-002
         165   3.6249999999999998E-002
         166   3.7499999999999999E-003
         167   6.2500000000000003E-003
         168   1.2500000000000000E-003
         169   2.2499999999999999E-002
         170   1.1250000000000000E-002
         171   7.4999999999999997E-002
         172   7.2499999999999995E-002
         173   7.1249999999999994E-002
         174  0.10249999999999999     
         175  0.10125000000000001     
         176   7.4999999999999997E-002
         177   4.0000000000000001E-002
         178   5.2499999999999998E-002
         179   1.6250000000000001E-002
         180   5.0000000000000001E-003
         181   4.4999999999999998E-002
         182   2.2499999999999999E-002
         183   6.1249999999999999E-002
         184   4.2500000000000003E-002
         185   1.8749999999999999E-002
         186   7.1249999999999994E-002
         187  0.10125000000000001     
         188   8.1250000000000003E-002
         189   5.5000000000000000E-002
         190   3.6249999999999998E-002
         191   4.8750000000000002E-002
         192   8.3750000000000005E-002
         193   6.2500000000000000E-002
         194   1.2500000000000000E-003
         195   2.5000000000000001E-003
         196   3.3750000000000002E-002
         197   8.7499999999999994E-002
         198   5.3749999999999999E-002
         199   6.2500000000000003E-003
         200   4.6249999999999999E-002
         201   1.3750000000000000E-002
         202   3.8750000000000000E-002
         203   8.2500000000000004E-002
         204   6.6250000000000003E-002
         205   5.5000000000000000E-002
         206   7.1249999999999994E-002
         207   1.8749999999999999E-002
         208   3.2500000000000001E-002
         209   5.1249999999999997E-002
         210   3.7499999999999999E-002
         211   2.0000000000000000E-002
         212   7.4999999999999997E-002
         213   6.2500000000000000E-002
         214   2.7500000000000000E-002
         215   1.1250000000000000E-002
         216   4.0000000000000001E-002
         217   7.4999999999999997E-003
         218   5.5000000000000000E-002
         219   6.2500000000000000E-002
         220   1.7500000000000002E-002
         221   5.7500000000000002E-002
         222   5.0000000000000003E-002
         223   6.7500000000000004E-002
         224   5.7500000000000002E-002
         225   1.0000000000000000E-002
         226   6.2500000000000000E-002
         227   8.1250000000000003E-002
         228   8.3750000000000005E-002
         229  0.10500000000000000     
         230   2.9999999999999999E-002
         231   2.3750000000000000E-002
         232   6.5000000000000002E-002
         233   2.1250000000000002E-002
         234   7.4999999999999997E-003
         235   5.2499999999999998E-002
         236   1.8749999999999999E-002
         237   4.2500000000000003E-002
         238   1.8749999999999999E-002
         239   2.3750000000000000E-002
         240   2.1250000000000002E-002
         241   6.2500000000000003E-003
         242   2.2499999999999999E-002
         243   6.2500000000000000E-002
         244   3.3750000000000002E-002
         245   6.3750000000000001E-002
         246   0.0000000000000000     
         247   6.2500000000000003E-003
         248   1.0000000000000000E-002
         249   5.3749999999999999E-002
         250   3.8750000000000000E-002
         251  0.12125000000000000     
         252   2.1250000000000002E-002
         253   2.8750000000000001E-002
         254   7.4999999999999997E-003
         255   5.2499999999999998E-002
         256   4.0000000000000001E-002
         257   1.2500000000000000E-003
         258   5.9999999999999998E-002
         259   4.2500000000000003E-002
         260   2.8750000000000001E-002
         261   2.8750000000000001E-002
         262   3.2500000000000001E-002
         263   2.9999999999999999E-002
         264   2.8750000000000001E-002
         265   1.2500000000000000E-003
         266   3.3750000000000002E-002
         267   5.0000000000000003E-002
         268   3.6249999999999998E-002
         269   1.0000000000000000E-002
         270   1.2500000000000001E-002
         271   4.7500000000000001E-002
         272   8.7499999999999994E-002
         273   8.8749999999999996E-002
         274   3.6249999999999998E-002
         275   2.6249999999999999E-002
         276   3.1250000000000000E-002
         277   2.8750000000000001E-002
         278   5.0000000000000003E-002
         279   8.7500000000000008E-003
         280   2.3750000000000000E-002
         281   4.7500000000000001E-002
         282   5.7500000000000002E-002
         283   6.2500000000000003E-003
         284   2.0000000000000000E-002
         285   1.1250000000000000E-002
         286   1.6250000000000001E-002
         287   7.4999999999999997E-003
         288   4.6249999999999999E-002
         289   1.4999999999999999E-002
         290   5.9999999999999998E-002
         291   2.8750000000000001E-002
         292   5.0000000000000001E-003
         293   3.6249999999999998E-002
         294   8.5000000000000006E-002
         295   8.0000000000000002E-002
         296   8.6249999999999993E-002
         297   4.3749999999999997E-002
         298   3.7499999999999999E-002
         299   7.2499999999999995E-002
         300   1.2500000000000001E-002
         301   3.2500000000000001E-002
         302   7.7499999999999999E-002
         303  0.11125000000000000     
         304   8.1250000000000003E-002
         305   6.1249999999999999E-002
         306   4.2500000000000003E-002
         307   6.3750000000000001E-002
         308   6.6250000000000003E-002
         309   1.0000000000000000E-002
         310   2.1250000000000002E-002
         311   6.2500000000000003E-003
         312   1.3750000000000000E-002
         313   5.2499999999999998E-002
         314   6.6250000000000003E-002
         315   6.3750000000000001E-002
         316   6.8750000000000006E-002
         317   7.2499999999999995E-002
         318   1.7500000000000002E-002
         319   4.7500000000000001E-002
         320   7.3749999999999996E-002
         321  0.13250000000000001     
         322   8.7499999999999994E-002
         323   3.2500000000000001E-002
         324   2.5000000000000001E-003
         325   4.3749999999999997E-002
         326   1.0000000000000000E-002
         327   2.7500000000000000E-002
         328   4.4999999999999998E-002
         329   4.6249999999999999E-002
         330  0.10875000000000000     
         331   5.9999999999999998E-002
         332   6.1249999999999999E-002
         333   7.1249999999999994E-002
         334   9.3750000000000000E-002
         335   7.3749999999999996E-002
         336   6.1249999999999999E-002
         337   3.3750000000000002E-002
         338   2.6249999999999999E-002
         339   1.3750000000000000E-002
         340   1.4999999999999999E-002
         341  0.12125000000000000     
         342  0.13375000000000001     
         343   2.8750000000000001E-002
         344   4.8750000000000002E-002
         345   1.3750000000000000E-002
         346   4.3749999999999997E-002
         347   7.6249999999999998E-002
         348   2.2499999999999999E-002
         349   1.6250000000000001E-002
         350   2.9999999999999999E-002
         351   1.7500000000000002E-002
         352   3.2500000000000001E-002
         353   1.2500000000000000E-003
         354   2.5000000000000001E-003
         355   4.2500000000000003E-002
         356   2.9999999999999999E-002
         357   2.8750000000000001E-002
         358   2.3750000000000000E-002
         359   6.8750000000000006E-002
         360   3.7499999999999999E-002
         361   4.0000000000000001E-002
         362   2.2499999999999999E-002
         363   5.3749999999999999E-002
         364   1.2500000000000000E-003
         365   3.6249999999999998E-002
         366   6.6250000000000003E-002
         367   0.0000000000000000     
         368   1.1250000000000000E-002
         369   4.4999999999999998E-002
         370   4.7500000000000001E-002
         371   1.0000000000000000E-002
         372   6.3750000000000001E-002
         373   3.7499999999999999E-002
         374   8.1250000000000003E-002
         375   7.4999999999999997E-002
         376   5.0000000000000001E-003
         377   2.5000000000000001E-003
         378  0.10125000000000001     
         379   5.3749999999999999E-002
         380   2.9999999999999999E-002
         381   1.7500000000000002E-002
         382   3.2500000000000001E-002
         383   5.9999999999999998E-002
         384   1.4999999999999999E-002
         385   8.7500000000000008E-003
         386   1.6250000000000001E-002
         387   4.7500000000000001E-002
         388   3.2500000000000001E-002
         389   3.1250000000000000E-002
         390   6.3750000000000001E-002
         391   9.7500000000000003E-002
         392   6.8750000000000006E-002
         393   0.0000000000000000     
         394   3.2500000000000001E-002
         395   1.8749999999999999E-002
         396   3.6249999999999998E-002
         397   6.2500000000000003E-003
         398   1.1250000000000000E-002
         399   4.7500000000000001E-002
         400   1.7500000000000002E-002
         401   2.1250000000000002E-002
         402   2.5000000000000001E-003
         403   1.2500000000000000E-003
         404   4.1250000000000002E-002
         405   2.6249999999999999E-002
         406   3.7499999999999999E-002
         407   7.4999999999999997E-003
         408   6.2500000000000003E-003
         409   1.2500000000000001E-002
         410   2.7500000000000000E-002
         411   5.9999999999999998E-002
         412   1.1250000000000000E-002
         413   5.0000000000000003E-002
         414   4.3749999999999997E-002
         415   1.1250000000000000E-002
         416   3.7499999999999999E-003
         417   5.0000000000000003E-002
         418   3.1250000000000000E-002
         419   1.8749999999999999E-002
         420   7.1249999999999994E-002
         421   2.1250000000000002E-002
         422   7.8750000000000001E-002
         423   8.7499999999999994E-002
         424   4.3749999999999997E-002
         425   1.1250000000000000E-002
         426   5.3749999999999999E-002
         427   2.9999999999999999E-002
         428   2.8750000000000001E-002
         429   5.0000000000000003E-002
         430   2.2499999999999999E-002
         431   2.8750000000000001E-002
         432   6.2500000000000000E-002
         433   1.0000000000000000E-002
         434   5.0000000000000001E-003
         435   2.5000000000000001E-003
         436   1.1250000000000000E-002
         437   1.8749999999999999E-002
         438   2.6249999999999999E-002
         439   2.0000000000000000E-002
         440   1.6250000000000001E-002
         441   5.5000000000000000E-002
         442   2.6249999999999999E-002
         443   1.2500000000000000E-003
         444   5.2499999999999998E-002
         445   1.2500000000000000E-003
         446   5.0000000000000003E-002
         447   5.8749999999999997E-002
         448   7.0000000000000007E-002
         449   2.5000000000000001E-003
         450   5.0000000000000001E-003
         451   3.2500000000000001E-002
         452   5.5000000000000000E-002
         453   8.8749999999999996E-002
         454  0.10500000000000000     
         455  0.10125000000000001     
         456  0.12625000000000000     
         457  0.11250000000000000     
         458  0.13750000000000001     
         459  0.11000000000000000     
         460   8.3750000000000005E-002
         461   9.3750000000000000E-002
         462   1.3750000000000000E-002
         463   2.5000000000000001E-002
         464   3.7499999999999999E-002
         465   1.2500000000000000E-003
         466   3.8750000000000000E-002
         467   1.6250000000000001E-002
         468   7.1249999999999994E-002
         469   5.5000000000000000E-002
         470   2.6249999999999999E-002
         471   1.2500000000000001E-002
         472   2.5000000000000001E-003
         473   5.6250000000000001E-002
         474   5.2499999999999998E-002
         475   2.5000000000000001E-002
         476   3.7499999999999999E-003
         477   3.2500000000000001E-002
         478   8.1250000000000003E-002
         479   5.7500000000000002E-002
         480   3.8750000000000000E-002
         481   5.3749999999999999E-002
         482   1.3750000000000000E-002
         483   1.1250000000000000E-002
         484   4.0000000000000001E-002
         485   2.5000000000000001E-003
         486   1.2500000000000000E-003
         487   1.2500000000000000E-003
         488   8.2500000000000004E-002
         489  0.11000000000000000     
         490   7.0000000000000007E-002
         491   4.0000000000000001E-002
         492   1.6250000000000001E-002
         493   1.2500000000000001E-002
         494   2.2499999999999999E-002
         495   4.2500000000000003E-002
         496   1.1250000000000000E-002
         497   2.1250000000000002E-002
         498   1.4999999999999999E-002
         499   2.2499999999999999E-002
         500   1.2500000000000001E-002
         501   5.6250000000000001E-002
         502   1.6250000000000001E-002
         503   2.7500000000000000E-002
         504   5.1249999999999997E-002
         505   2.5000000000000001E-002
         506   3.8750000000000000E-002
         507   1.1250000000000000E-002
         508   7.4999999999999997E-002
         509   1.6250000000000001E-002
         510   2.0000000000000000E-002
         511   1.6250000000000001E-002
         512   1.2500000000000001E-002
         513   1.8749999999999999E-002
         514   1.4999999999999999E-002
         515   6.2500000000000003E-003
         516   2.1250000000000002E-002
         517   1.0000000000000000E-002
         518   3.1250000000000000E-002
         519   6.5000000000000002E-002
         520  0.11000000000000000     
         521   6.5000000000000002E-002
         522   2.3750000000000000E-002
         523   1.1250000000000000E-002
         524   7.4999999999999997E-003
         525   1.2500000000000000E-003
         526   3.1250000000000000E-002
         527   3.8750000000000000E-002
         528   1.3750000000000000E-002
         529   3.8750000000000000E-002
         530   2.9999999999999999E-002
         531   9.7500000000000003E-002
         532   5.0000000000000003E-002
         533   4.2500000000000003E-002
         534   2.2499999999999999E-002
         535   6.7500000000000004E-002
         536   6.1249999999999999E-002
         537   6.6250000000000003E-002
         538   4.0000000000000001E-002
         539   4.4999999999999998E-002
         540   2.6249999999999999E-002
         541   2.7500000000000000E-002
         542   4.0000000000000001E-002
         543   7.1249999999999994E-002
         544   5.2499999999999998E-002
         545   5.2499999999999998E-002
         546   2.6249999999999999E-002
         547   3.7499999999999999E-002
         548   4.3749999999999997E-002
         549   4.8750000000000002E-002
         550   6.3750000000000001E-002
         551   3.3750000000000002E-002
         552   5.2499999999999998E-002
         553   1.1250000000000000E-002
         554   5.8749999999999997E-002
         555   2.3750000000000000E-002
         556   4.4999999999999998E-002
         557   8.0000000000000002E-002
         558   7.3749999999999996E-002
         559   1.2500000000000001E-002
         560   4.3749999999999997E-002
         561   2.7500000000000000E-002
         562   5.6250000000000001E-002
         563   6.2500000000000003E-003
         564   6.2500000000000003E-003
         565   3.5000000000000003E-002
         566   2.0000000000000000E-002
         567   1.1250000000000000E-002
         568   4.0000000000000001E-002
         569   4.8750000000000002E-002
         570   3.3750000000000002E-002
         571   8.7499999999999994E-002
         572   2.8750000000000001E-002
         573   1.0000000000000000E-002
         574   1.1250000000000000E-002
         575   8.2500000000000004E-002
         576  0.11125000000000000     
         577   7.3749999999999996E-002
         578   4.3749999999999997E-002
         579   6.7500000000000004E-002
         580   8.8749999999999996E-002
         581  0.12500000000000000     
         582   8.9999999999999997E-002
         583   8.6249999999999993E-002
         584   7.2499999999999995E-002
         585   8.6249999999999993E-002
         586  0.10875000000000000     
         587   7.1249999999999994E-002
         588  0.14624999999999999     
         589  0.14749999999999999     
         590  0.10875000000000000     
         591   8.9999999999999997E-002
         592   5.8749999999999997E-002
         593   2.3750000000000000E-002
         594   1.2500000000000000E-003
         595   3.7499999999999999E-003
         596   5.2499999999999998E-002
         597   8.3750000000000005E-002
         598   6.5000000000000002E-002
         599   4.7500000000000001E-002
         600   9.2499999999999999E-002
         601   4.8750000000000002E-002
         602   1.2500000000000001E-002
         603   4.0000000000000001E-002
         604   4.2500000000000003E-002
         605   3.3750000000000002E-002
         606   1.8749999999999999E-002
         607   7.4999999999999997E-003
         608   2.5000000000000001E-002
         609   1.6250000000000001E-002
         610   3.7499999999999999E-003
         611   1.6250000000000001E-002
         612   1.3750000000000000E-002
         613   3.8750000000000000E-002
         614   2.0000000000000000E-002
         615   8.7500000000000008E-003
         616   1.8749999999999999E-002
         617   3.5000000000000003E-002
         618   3.7499999999999999E-003
         619   1.2500000000000000E-003
         620   5.0000000000000003E-002
         621   4.4999999999999998E-002
         622   1.0000000000000000E-002
         623   0.0000000000000000     
         624   5.7500000000000002E-002
         625   6.3750000000000001E-002
         626   5.3749999999999999E-002
         627   8.3750000000000005E-002
         628   6.6250000000000003E-002
         629   7.7499999999999999E-002
         630   4.0000000000000001E-002
         631   2.1250000000000002E-002
         632   3.2500000000000001E-002
         633   2.2499999999999999E-002
         634   2.5000000000000001E-003
         635   3.2500000000000001E-002
         636   2.1250000000000002E-002
         637   5.0000000000000001E-003
         638   1.8749999999999999E-002
         639   2.5000000000000001E-002
         640   5.0000000000000001E-003
         641   3.5000000000000003E-002
         642   8.3750000000000005E-002
         643   5.0000000000000003E-002
         644   5.3749999999999999E-002
         645   3.2500000000000001E-002
         646   1.2500000000000001E-002
         647   2.9999999999999999E-002
         648   9.5000000000000001E-002
         649   8.0000000000000002E-002
         650   4.4999999999999998E-002
         651   3.5000000000000003E-002
         652   7.4999999999999997E-003
         653   3.3750000000000002E-002
         654   5.3749999999999999E-002
         655   1.0000000000000000E-002
         656   2.1250000000000002E-002
         657   4.4999999999999998E-002
         658   3.1250000000000000E-002
         659   4.6249999999999999E-002
         660   2.5000000000000001E-003
         661   5.1249999999999997E-002
         662   1.3750000000000000E-002
         663   2.6249999999999999E-002
         664   3.1250000000000000E-002
         665   4.1250000000000002E-002
         666   8.7499999999999994E-002
         667   6.8750000000000006E-002
         668  0.11749999999999999     
         669   7.4999999999999997E-002
         670   5.9999999999999998E-002
         671   8.3750000000000005E-002
         672   5.6250000000000001E-002
         673   1.1250000000000000E-002
         674   1.1250000000000000E-002
         675   2.5000000000000001E-002
         676   8.3750000000000005E-002
         677   6.8750000000000006E-002
         678   4.6249999999999999E-002
         679   1.2500000000000000E-003
         680   3.8750000000000000E-002
         681   2.5000000000000001E-002
         682   6.3750000000000001E-002
         683   7.1249999999999994E-002
         684   7.4999999999999997E-002
         685   4.4999999999999998E-002
         686   4.2500000000000003E-002
         687   1.7500000000000002E-002
         688   3.3750000000000002E-002
         689   1.3750000000000000E-002
         690   8.7500000000000008E-003
         691   4.2500000000000003E-002
         692   2.8750000000000001E-002
         693   4.3749999999999997E-002
         694   3.7499999999999999E-003
         695   3.7499999999999999E-003
         696   2.8750000000000001E-002
         697   1.2500000000000001E-002
         698   2.5000000000000001E-002
         699   4.0000000000000001E-002
         700   1.2500000000000001E-002
         701   5.3749999999999999E-002
         702   4.1250000000000002E-002
         703   3.3750000000000002E-002
         704   1.2500000000000000E-003
         705   3.1250000000000000E-002
         706   4.2500000000000003E-002
         707   7.4999999999999997E-003
         708   4.0000000000000001E-002
         709   5.0000000000000001E-003
         710   1.7500000000000002E-002
         711   3.3750000000000002E-002
         712   2.0000000000000000E-002
         713   4.8750000000000002E-002
         714   6.3750000000000001E-002
         715   8.8749999999999996E-002
         716  0.10125000000000001     
         717  0.15125000000000000     
         718   4.8750000000000002E-002
         719   3.2500000000000001E-002
         720   3.2500000000000001E-002
         721   7.4999999999999997E-003
         722   1.6250000000000001E-002
         723   2.0000000000000000E-002
         724   6.3750000000000001E-002
         725   5.0000000000000001E-003
         726   2.9999999999999999E-002
         727   7.4999999999999997E-003
         728   2.1250000000000002E-002
         729   2.0000000000000000E-002
         730   1.0000000000000000E-002
         731   2.2499999999999999E-002
         732   5.6250000000000001E-002
         733   5.0000000000000003E-002
         734   9.8750000000000004E-002
         735   4.6249999999999999E-002
         736   4.6249999999999999E-002
         737   4.7500000000000001E-002
         738   3.8750000000000000E-002
         739   4.8750000000000002E-002
         740   1.4999999999999999E-002
         741   8.7500000000000008E-003
         742   5.2499999999999998E-002
         743   2.0000000000000000E-002
         744   0.0000000000000000     
         745   3.7499999999999999E-003
         746   1.0000000000000000E-002
         747   3.3750000000000002E-002
         748   7.4999999999999997E-003
         749   0.0000000000000000     
         750   3.7499999999999999E-002
         751   1.2500000000000001E-002
         752   8.7500000000000008E-003
         753   5.6250000000000001E-002
         754   2.2499999999999999E-002
         755   4.1250000000000002E-002
         756   2.3750000000000000E-002
         757   1.1250000000000000E-002
         758   3.1250000000000000E-002
         759   2.6249999999999999E-002
         760   3.7499999999999999E-003
         761   5.0000000000000001E-003
         762   2.3750000000000000E-002
         763   3.7499999999999999E-003
         764   1.7500000000000002E-002
         765   2.3750000000000000E-002
         766   6.2500000000000003E-003
         767   1.2500000000000000E-003
         768   2.1250000000000002E-002
         769   5.5000000000000000E-002
         770   5.3749999999999999E-002
         771   2.2499999999999999E-002
         772   3.5000000000000003E-002
         773   3.3750000000000002E-002
         774   4.1250000000000002E-002
         775   1.1250000000000000E-002
         776   2.5000000000000001E-002
         777   3.7499999999999999E-003
         778   1.3750000000000000E-002
         779   2.0000000000000000E-002
         780   1.4999999999999999E-002
         781   1.8749999999999999E-002
         782   7.4999999999999997E-003
         783   2.3750000000000000E-002
         784   3.2500000000000001E-002
         785   2.5000000000000001E-002
         786   0.0000000000000000     
         787   4.2500000000000003E-002
         788   4.8750000000000002E-002
         789   5.0000000000000003E-002
         790   4.3749999999999997E-002
         791   1.2500000000000001E-002
         792   8.7500000000000008E-003
         793   2.3750000000000000E-002
         794   3.7499999999999999E-003
         795   2.1250000000000002E-002
         796   1.3750000000000000E-002
         797   2.5000000000000001E-003
         798   0.0000000000000000     
         799   5.6250000000000001E-002
         800  0.10000000000000001     
         801   5.3749999999999999E-002
         802   2.0000000000000000E-002
         803   1.7500000000000002E-002
         804   4.8750000000000002E-002
         805   1.1250000000000000E-002
         806   1.8749999999999999E-002
         807   8.7500000000000008E-003
         808   1.3750000000000000E-002
         809   5.0000000000000003E-002
         810   4.4999999999999998E-002
         811   6.2500000000000003E-003
         812   5.6250000000000001E-002
         813   3.3750000000000002E-002
         814   3.8750000000000000E-002
         815   1.6250000000000001E-002
         816   2.1250000000000002E-002
         817   6.5000000000000002E-002
         818   3.1250000000000000E-002
         819   5.7500000000000002E-002
         820   5.0000000000000003E-002
         821   1.8749999999999999E-002
         822   3.2500000000000001E-002
         823   2.1250000000000002E-002
         824   5.1249999999999997E-002
         825   6.7500000000000004E-002
         826   6.6250000000000003E-002
         827  0.10375000000000000     
         828  0.13750000000000001     
         829   7.7499999999999999E-002
         830   2.0000000000000000E-002
         831   7.8750000000000001E-002
         832   3.7499999999999999E-002
         833   2.5000000000000001E-002
         834   2.0000000000000000E-002
         835   9.5000000000000001E-002
         836   1.2500000000000000E-003
         837   2.2499999999999999E-002
         838   1.0000000000000000E-002
         839   1.8749999999999999E-002
         840  0.10375000000000000     
         841   1.3750000000000000E-002
         842   2.9999999999999999E-002
         843   6.8750000000000006E-002
         844   5.8749999999999997E-002
         845   5.8749999999999997E-002
         846   7.2499999999999995E-002
         847   8.3750000000000005E-002
         848   5.2499999999999998E-002
         849   4.8750000000000002E-002
         850   7.1249999999999994E-002
         851   7.0000000000000007E-002
         852  0.10500000000000000     
         853   8.9999999999999997E-002
         854   4.1250000000000002E-002
         855   4.0000000000000001E-002
         856   6.7500000000000004E-002
         857   9.1249999999999998E-002
         858   9.5000000000000001E-002
         859   4.7500000000000001E-002
         860   5.8749999999999997E-002
         861   2.1250000000000002E-002
         862   4.4999999999999998E-002
         863   5.5000000000000000E-002
         864   4.4999999999999998E-002
         865   1.2500000000000001E-002
         866   2.0000000000000000E-002
         867   7.4999999999999997E-003
         868   1.7500000000000002E-002
         869   1.1250000000000000E-002
         870   2.6249999999999999E-002
         871   5.5000000000000000E-002
         872   7.4999999999999997E-003
         873   2.8750000000000001E-002
         874   1.4999999999999999E-002
         875   2.2499999999999999E-002
         876   5.5000000000000000E-002
         877   7.4999999999999997E-003
         878   2.5000000000000001E-002
         879   1.8749999999999999E-002
         880   2.0000000000000000E-002
         881   1.1250000000000000E-002
         882   3.2500000000000001E-002
         883   1.2500000000000000E-003
         884   3.5000000000000003E-002
         885   6.1249999999999999E-002
         886   1.1250000000000000E-002
         887   2.5000000000000001E-002
         888   1.7500000000000002E-002
         889   4.7500000000000001E-002
         890   6.2500000000000003E-003
         891   1.2500000000000001E-002
         892   1.4999999999999999E-002
         893   3.1250000000000000E-002
         894   3.7499999999999999E-003
         895   3.7499999999999999E-002
         896   5.2499999999999998E-002
         897   0.0000000000000000     
         898   2.3750000000000000E-002
         899   1.0000000000000000E-002
         900   8.7500000000000008E-003
         901   5.9999999999999998E-002
         902   4.4999999999999998E-002
         903   2.5000000000000001E-002
         904   5.9999999999999998E-002
         905   5.3749999999999999E-002
         906   5.7500000000000002E-002
         907   4.0000000000000001E-002
         908   5.8749999999999997E-002
         909   7.4999999999999997E-003
         910   5.0000000000000001E-003
         911   1.0000000000000000E-002
         912   2.6249999999999999E-002
         913   1.6250000000000001E-002
         914   3.2500000000000001E-002
         915   3.2500000000000001E-002
         916   4.7500000000000001E-002
         917   5.8749999999999997E-002
         918   7.3749999999999996E-002
         919   3.2500000000000001E-002
         920   0.0000000000000000     
         921   1.2500000000000001E-002
         922   5.5000000000000000E-002
         923   3.6249999999999998E-002
         924   5.3749999999999999E-002
         925   2.9999999999999999E-002
         926   1.1250000000000000E-002
         927   8.7500000000000008E-003
         928   1.1250000000000000E-002
         929   1.7500000000000002E-002
         930   4.0000000000000001E-002
         931   1.3750000000000000E-002
         932   2.5000000000000001E-003
         933   2.2499999999999999E-002
         934   1.6250000000000001E-002
         935   1.8749999999999999E-002
         936   1.2500000000000001E-002
         937   5.5000000000000000E-002
         938   2.1250000000000002E-002
         939   1.2500000000000000E-003
         940   4.7500000000000001E-002
         941   4.4999999999999998E-002
         942   6.5000000000000002E-002
         943   8.5000000000000006E-002
         944   9.2499999999999999E-002
         945   2.5000000000000001E-002
         946   2.5000000000000001E-003
         947   4.4999999999999998E-002
         948   2.5000000000000001E-003
         949   5.5000000000000000E-002
         950   1.1250000000000000E-002
         951   2.1250000000000002E-002
         952   6.6250000000000003E-002
         953   7.1249999999999994E-002
         954   4.7500000000000001E-002
         955   4.1250000000000002E-002
         956   2.5000000000000001E-002
         957   4.0000000000000001E-002
         958   4.6249999999999999E-002
         959   6.7500000000000004E-002
         960  0.14374999999999999     
         961   7.0000000000000007E-002
         962   3.2500000000000001E-002
         963  0.12375000000000000     
         964  0.11749999999999999     
         965   2.8750000000000001E-002
         966   8.7500000000000008E-003
         967   1.8749999999999999E-002
         968   2.0000000000000000E-002
         969   5.0000000000000003E-002
         970   3.8750000000000000E-002
         971   2.9999999999999999E-002
         972   3.5000000000000003E-002
         973   8.6249999999999993E-002
         974  0.10000000000000001     
         975   5.6250000000000001E-002
         976   3.5000000000000003E-002
         977   2.1250000000000002E-002
         978   2.8750000000000001E-002
         979   8.2500000000000004E-002
         980   6.8750000000000006E-002
         981   7.2499999999999995E-002
         982   2.1250000000000002E-002
         983   6.2500000000000000E-002
         984   7.8750000000000001E-002
         985   8.8749999999999996E-002
         986  0.11125000000000000     
         987   5.1249999999999997E-002
         988   3.6249999999999998E-002
         989   8.1250000000000003E-002
         990  0.10249999999999999     
         991   3.1250000000000000E-002
         992   4.0000000000000001E-002
         993   1.0000000000000000E-002
         994   3.5000000000000003E-002
         995   4.1250000000000002E-002
         996   5.0000000000000003E-002
         997   5.7500000000000002E-002
         998   7.4999999999999997E-003
         999   1.6250000000000001E-002
        1000   2.1250000000000002E-002
        1001   3.3750000000000002E-002
        1002   3.3750000000000002E-002
        1003   4.4999999999999998E-002
        1004   3.8750000000000000E-002
        1005   8.6249999999999993E-002
        1006   5.0000000000000001E-003
        1007   2.5000000000000001E-003
        1008   1.3750000000000000E-002
        1009   8.2500000000000004E-002
        1010   4.7500000000000001E-002
        1011   3.6249999999999998E-002
        1012   4.3749999999999997E-002
        1013   2.1250000000000002E-002
        1014   2.9999999999999999E-002
        1015   1.6250000000000001E-002
        1016   3.7499999999999999E-002
        1017   1.4999999999999999E-002
        1018   2.5000000000000001E-003
        1019   1.6250000000000001E-002
        1020   2.1250000000000002E-002
        1021   4.7500000000000001E-002
        1022   5.6250000000000001E-002
        1023   3.7499999999999999E-003
        1024   3.7499999999999999E-003
        1025   3.7499999999999999E-002
        1026   5.0000000000000001E-003
        1027   3.8750000000000000E-002
        1028   2.9999999999999999E-002
        1029   3.6249999999999998E-002
        1030   5.0000000000000001E-003
        1031   3.2500000000000001E-002
        1032   1.2500000000000000E-003
        1033   2.5000000000000001E-003
        1034   8.7500000000000008E-003
        1035   2.2499999999999999E-002
        1036   1.7500000000000002E-002
        1037   1.4999999999999999E-002
        1038   4.3749999999999997E-002
        1039   2.5000000000000001E-002
        1040   6.2500000000000003E-003
        1041   2.2499999999999999E-002
        1042   2.8750000000000001E-002
        1043   3.6249999999999998E-002
        1044   1.3750000000000000E-002
        1045   4.1250000000000002E-002
        1046   0.0000000000000000     
        1047   1.6250000000000001E-002
        1048   6.8750000000000006E-002
        1049   5.3749999999999999E-002
        1050   3.8750000000000000E-002
        1051   1.6250000000000001E-002
        1052   1.2500000000000000E-003
        1053   3.5000000000000003E-002
        1054   8.7500000000000008E-003
        1055   1.7500000000000002E-002
        1056   2.0000000000000000E-002
        1057   4.3749999999999997E-002
        1058   1.0000000000000000E-002
        1059   2.9999999999999999E-002
        1060   3.6249999999999998E-002
        1061   3.2500000000000001E-002
        1062   2.8750000000000001E-002
        1063   4.4999999999999998E-002
        1064   7.3749999999999996E-002
        1065   8.5000000000000006E-002
        1066   1.2500000000000001E-002
        1067   7.0000000000000007E-002
        1068   3.7499999999999999E-002
        1069   5.0000000000000001E-003
        1070   2.6249999999999999E-002
        1071   8.7500000000000008E-003
        1072   1.6250000000000001E-002
        1073   5.8749999999999997E-002
        1074   4.2500000000000003E-002
        1075   4.1250000000000002E-002
        1076   3.2500000000000001E-002
        1077   3.3750000000000002E-002
        1078   5.0000000000000001E-003
        1079   3.1250000000000000E-002
        1080   4.8750000000000002E-002
        1081  0.11375000000000000     
        1082   8.8749999999999996E-002
        1083   6.7500000000000004E-002
        1084   4.3749999999999997E-002
        1085   7.3749999999999996E-002
        1086   1.2500000000000000E-003
        1087   1.2500000000000001E-002
        1088   3.1250000000000000E-002
        1089   4.1250000000000002E-002
        1090   2.8750000000000001E-002
        1091   2.7500000000000000E-002
        1092   4.0000000000000001E-002
        1093   3.6249999999999998E-002
        1094   4.6249999999999999E-002
        1095   3.8750000000000000E-002
        1096   5.0000000000000001E-003
        1097   8.7500000000000008E-003
        1098   1.1250000000000000E-002
        1099   0.0000000000000000     
        1100   3.6249999999999998E-002
        1101   1.7500000000000002E-002
        1102   1.1250000000000000E-002
        1103   3.6249999999999998E-002
        1104   1.8749999999999999E-002
        1105   4.2500000000000003E-002
        1106   5.5000000000000000E-002
        1107   2.0000000000000000E-002
        1108   1.2500000000000001E-002
        1109   3.8750000000000000E-002
        1110   3.5000000000000003E-002
        1111   2.5000000000000001E-002
        1112   1.4999999999999999E-002
        1113   6.2500000000000003E-003
        1114   1.8749999999999999E-002
        1115   1.1250000000000000E-002
        1116   4.4999999999999998E-002
        1117   2.8750000000000001E-002
        1118   2.6249999999999999E-002
        1119   8.8749999999999996E-002
        1120   8.3750000000000005E-002
        1121   2.5000000000000001E-002
        1122   1.7500000000000002E-002
        1123   5.7500000000000002E-002
        1124   8.6249999999999993E-002
        1125   5.6250000000000001E-002
        1126   9.7500000000000003E-002
        1127   3.8750000000000000E-002
        1128   5.0000000000000003E-002
        1129   3.7499999999999999E-003
        1130   1.2500000000000000E-003
        1131   2.5000000000000001E-003
        1132   1.4999999999999999E-002
        1133   4.1250000000000002E-002
        1134   3.2500000000000001E-002
        1135   6.2500000000000000E-002
        1136   2.0000000000000000E-002
        1137   0.0000000000000000     
        1138   3.8750000000000000E-002
        1139   1.8749999999999999E-002
        1140   7.4999999999999997E-003
        1141   5.8749999999999997E-002
        1142   5.2499999999999998E-002
        1143   1.1250000000000000E-002
        1144   2.1250000000000002E-002
        1145   3.7499999999999999E-002
        1146   5.1249999999999997E-002
        1147   1.2500000000000001E-002
        1148   0.0000000000000000     
        1149   1.7500000000000002E-002
        1150   5.7500000000000002E-002
        1151   5.6250000000000001E-002
        1152   2.9999999999999999E-002
        1153   1.3750000000000000E-002
        1154   1.8749999999999999E-002
        1155   2.5000000000000001E-003
        1156   3.2500000000000001E-002
        1157  0.15500000000000000     
        1158  0.11749999999999999     
        1159  0.13375000000000001     
        1160   6.8750000000000006E-002
        1161  0.13125000000000001     
        1162  0.11625000000000001     
        1163  0.11749999999999999     
        1164  0.10249999999999999     
        1165   2.9999999999999999E-002
        1166   1.2500000000000001E-002
        1167   5.0000000000000003E-002
        1168   8.3750000000000005E-002
        1169   6.8750000000000006E-002
        1170   2.1250000000000002E-002
        1171   4.2500000000000003E-002
        1172   3.2500000000000001E-002
        1173   6.2500000000000003E-003
        1174   5.1249999999999997E-002
        1175   2.6249999999999999E-002
        1176   2.6249999999999999E-002
        1177   2.5000000000000001E-003
        1178   8.7500000000000008E-003
        1179   3.7499999999999999E-003
        1180   2.6249999999999999E-002
        1181   1.1250000000000000E-002
        1182   1.0000000000000000E-002
        1183   3.6249999999999998E-002
        1184   2.5000000000000001E-003
        1185   1.2500000000000000E-003
        1186   4.2500000000000003E-002
        1187   3.5000000000000003E-002
        1188   1.4999999999999999E-002
        1189   1.3750000000000000E-002
        1190   5.8749999999999997E-002
        1191   5.2499999999999998E-002
        1192   2.8750000000000001E-002
        1193   6.5000000000000002E-002
        1194   5.6250000000000001E-002
        1195   5.6250000000000001E-002
        1196   8.0000000000000002E-002
        1197  0.12125000000000000     
        1198  0.15625000000000000     
        1199   4.4999999999999998E-002
        1200   3.8750000000000000E-002
        1201   4.1250000000000002E-002
        1202   1.8749999999999999E-002
        1203   1.1250000000000000E-002
        1204   2.0000000000000000E-002
        1205   2.9999999999999999E-002
        1206   1.4999999999999999E-002
        1207   3.5000000000000003E-002
        1208   5.3749999999999999E-002
        1209   6.5000000000000002E-002
        1210  0.11375000000000000     
        1211   4.8750000000000002E-002
        1212   3.6249999999999998E-002
        1213   2.3750000000000000E-002
        1214   2.7500000000000000E-002
        1215   2.5000000000000001E-003
        1216   3.3750000000000002E-002
        1217   4.2500000000000003E-002
        1218   1.7500000000000002E-002
        1219  0.12375000000000000     
        1220   1.1250000000000000E-002
        1221   2.5000000000000001E-002
        1222   2.9999999999999999E-002
        1223   5.2499999999999998E-002
        1224   0.0000000000000000     
        1225   7.1249999999999994E-002
        1226   8.8749999999999996E-002
        1227  0.10375000000000000     
        1228   8.2500000000000004E-002
        1229   2.2499999999999999E-002
        1230   4.6249999999999999E-002
        1231   1.0000000000000000E-002
        1232   6.5000000000000002E-002
        1233   1.1250000000000000E-002
        1234   3.7499999999999999E-003
        1235   2.2499999999999999E-002
        1236   7.2499999999999995E-002
        1237   5.1249999999999997E-002
        1238   1.2500000000000000E-003
        1239   2.3750000000000000E-002
        1240   3.7499999999999999E-003
        1241   5.7500000000000002E-002
        1242  0.12500000000000000     
        1243   4.7500000000000001E-002
        1244  0.14000000000000001     
        1245  0.10249999999999999     
        1246  0.10750000000000000     
        1247   7.6249999999999998E-002
        1248   4.7500000000000001E-002
        1249   8.7500000000000008E-003
        1250   5.8749999999999997E-002
        1251   4.7500000000000001E-002
        1252   2.0000000000000000E-002
        1253   1.0000000000000000E-002
        1254   1.6250000000000001E-002
        1255   4.2500000000000003E-002
        1256   2.0000000000000000E-002
        1257   2.6249999999999999E-002
        1258   1.2500000000000000E-003
        1259   7.4999999999999997E-003
        1260   8.7500000000000008E-003
        1261   2.0000000000000000E-002
        1262   2.1250000000000002E-002
        1263   3.5000000000000003E-002
        1264   6.7500000000000004E-002
        1265   5.6250000000000001E-002
        1266   8.7499999999999994E-002
        1267   4.3749999999999997E-002
        1268   4.2500000000000003E-002
        1269   8.1250000000000003E-002
        1270  0.12375000000000000     
        1271   8.7499999999999994E-002
        1272  0.10125000000000001     
        1273   2.5000000000000001E-002
        1274   1.6250000000000001E-002
        1275   1.6250000000000001E-002
        1276   8.7500000000000008E-003
        1277   2.8750000000000001E-002
        1278   2.1250000000000002E-002
        1279   4.1250000000000002E-002
        1280   2.5000000000000001E-002
        1281   3.7499999999999999E-003
        1282   8.7500000000000008E-003
        1283   2.5000000000000001E-002
        1284   7.4999999999999997E-003
        1285   1.1250000000000000E-002
        1286   2.1250000000000002E-002
        1287   2.7500000000000000E-002
        1288   7.2499999999999995E-002
        1289   5.7500000000000002E-002
        1290   5.9999999999999998E-002
        1291   2.2499999999999999E-002
        1292   6.1249999999999999E-002
        1293   4.2500000000000003E-002
        1294   9.6250000000000002E-002
        1295   5.9999999999999998E-002
        1296   2.1250000000000002E-002
        1297   1.3750000000000000E-002
        1298   8.7500000000000008E-003
        1299   1.2500000000000000E-003
        1300   1.8749999999999999E-002
        1301   4.2500000000000003E-002
        1302   4.8750000000000002E-002
        1303   2.7500000000000000E-002
        1304   1.4999999999999999E-002
        1305   8.7500000000000008E-003
        1306   5.9999999999999998E-002
        1307   7.4999999999999997E-003
        1308   8.7500000000000008E-003
        1309   2.6249999999999999E-002
        1310   3.2500000000000001E-002
        1311   7.4999999999999997E-002
        1312   3.7499999999999999E-003
        1313   2.5000000000000001E-002
        1314   5.2499999999999998E-002
        1315   4.1250000000000002E-002
        1316   4.0000000000000001E-002
        1317   7.2499999999999995E-002
        1318   4.7500000000000001E-002
        1319   2.6249999999999999E-002
        1320   4.7500000000000001E-002
        1321   4.1250000000000002E-002
        1322   4.0000000000000001E-002
        1323   4.7500000000000001E-002
        1324  0.11625000000000001     
        1325   4.0000000000000001E-002
        1326   2.0000000000000000E-002
        1327   5.2499999999999998E-002
        1328   1.8749999999999999E-002
        1329   1.1250000000000000E-002
        1330   1.2500000000000000E-003
        1331   1.4999999999999999E-002
        1332   1.1250000000000000E-002
        1333   2.6249999999999999E-002
        1334   2.5000000000000001E-003
        1335   4.6249999999999999E-002
        1336   2.7500000000000000E-002
        1337   6.2500000000000003E-003
        1338   1.2500000000000000E-003
        1339   2.8750000000000001E-002
        1340   6.1249999999999999E-002
        1341   3.2500000000000001E-002
        1342   4.0000000000000001E-002
        1343   3.7499999999999999E-002
        1344   7.1249999999999994E-002
        1345   1.3750000000000000E-002
        1346   1.2500000000000001E-002
        1347   6.2500000000000003E-003
        1348   9.2499999999999999E-002
        1349  0.10625000000000000     
        1350   6.6250000000000003E-002
        1351   5.8749999999999997E-002
        1352   1.6250000000000001E-002
        1353   3.2500000000000001E-002
        1354   2.1250000000000002E-002
        1355   2.5000000000000001E-003
        1356   6.6250000000000003E-002
        1357   5.1249999999999997E-002
        1358   8.7500000000000008E-003
        1359   1.7500000000000002E-002
        1360   3.6249999999999998E-002
        1361   1.8749999999999999E-002
        1362   5.0000000000000001E-003
        1363   7.3749999999999996E-002
        1364   4.1250000000000002E-002
        1365   4.0000000000000001E-002
        1366   3.1250000000000000E-002
        1367   5.1249999999999997E-002
        1368   4.8750000000000002E-002
        1369  0.11749999999999999     
        1370  0.11125000000000000     
        1371   3.5000000000000003E-002
        1372   3.2500000000000001E-002
        1373   1.6250000000000001E-002
        1374   2.8750000000000001E-002
        1375   4.3749999999999997E-002
        1376   2.8750000000000001E-002
        1377   6.2500000000000003E-003
        1378   8.7500000000000008E-003
        1379   3.6249999999999998E-002
        1380   8.2500000000000004E-002
        1381   3.5000000000000003E-002
        1382   1.0000000000000000E-002
        1383   1.3750000000000000E-002
        1384   0.0000000000000000     
        1385   1.2500000000000000E-003
        1386   6.2500000000000003E-003
        1387   2.2499999999999999E-002
        1388   8.7500000000000008E-003
        1389   2.1250000000000002E-002
        1390   1.2500000000000000E-003
        1391   4.8750000000000002E-002
        1392   6.2500000000000000E-002
        1393   8.7500000000000008E-003
        1394   5.5000000000000000E-002
        1395   3.2500000000000001E-002
        1396   3.7499999999999999E-003
        1397   2.2499999999999999E-002
        1398   1.1250000000000000E-002
        1399   3.2500000000000001E-002
        1400   3.2500000000000001E-002
        1401   3.7499999999999999E-003
        1402   2.8750000000000001E-002
        1403   2.7500000000000000E-002
        1404   1.8749999999999999E-002
        1405   6.2500000000000003E-003
        1406   2.9999999999999999E-002
        1407   2.6249999999999999E-002
        1408   4.2500000000000003E-002
        1409   7.1249999999999994E-002
        1410   3.7499999999999999E-002
        1411   2.2499999999999999E-002
        1412   1.7500000000000002E-002
        1413   1.3750000000000000E-002
        1414   2.5000000000000001E-003
        1415   1.2500000000000001E-002
        1416   5.5000000000000000E-002
        1417   6.8750000000000006E-002
        1418   3.1250000000000000E-002
        1419   7.4999999999999997E-003
        1420   2.0000000000000000E-002
        1421   2.6249999999999999E-002
        1422   4.1250000000000002E-002
        1423   3.7499999999999999E-002
        1424   2.2499999999999999E-002
        1425   5.1249999999999997E-002
        1426   1.6250000000000001E-002
        1427   8.2500000000000004E-002
        1428  0.14374999999999999     
        1429  0.11625000000000001     
        1430   7.6249999999999998E-002
        1431   2.9999999999999999E-002
        1432   1.4999999999999999E-002
        1433   3.5000000000000003E-002
        1434   3.7499999999999999E-002
        1435   8.7500000000000008E-003
        1436   3.1250000000000000E-002
        1437   7.0000000000000007E-002
        1438   6.7500000000000004E-002
        1439   5.8749999999999997E-002
        1440   6.6250000000000003E-002
        1441   6.8750000000000006E-002
        1442   7.4999999999999997E-002
        1443   7.6249999999999998E-002
        1444   5.8749999999999997E-002
        1445   4.8750000000000002E-002
        1446   3.2500000000000001E-002
        1447   1.0000000000000000E-002
        1448   2.6249999999999999E-002
        1449   2.1250000000000002E-002
        1450   4.0000000000000001E-002
        1451   1.3750000000000000E-002
        1452   7.4999999999999997E-003
        1453   6.1249999999999999E-002
        1454   9.2499999999999999E-002
        1455   2.3750000000000000E-002
        1456   5.7500000000000002E-002
        1457   4.0000000000000001E-002
        1458   5.6250000000000001E-002
        1459   5.6250000000000001E-002
        1460   2.1250000000000002E-002
        1461   5.8749999999999997E-002
        1462   8.7500000000000008E-003
        1463   3.1250000000000000E-002
        1464   3.6249999999999998E-002
        1465   2.1250000000000002E-002
        1466   2.7500000000000000E-002
        1467   1.3750000000000000E-002
        1468   5.0000000000000001E-003
        1469   3.7499999999999999E-003
        1470   4.2500000000000003E-002
        1471   3.3750000000000002E-002
        1472   1.8749999999999999E-002
        1473   8.0000000000000002E-002
        1474   8.8749999999999996E-002
        1475  0.10249999999999999     
        1476   8.3750000000000005E-002
        1477   7.6249999999999998E-002
        1478   4.1250000000000002E-002
        1479   3.3750000000000002E-002
        1480   9.8750000000000004E-002
        1481   2.6249999999999999E-002
        1482   5.0000000000000001E-003
        1483   1.2500000000000000E-003
        1484   3.6249999999999998E-002
        1485   9.5000000000000001E-002
        1486   7.2499999999999995E-002
        1487  0.12750000000000000     
        1488   5.1249999999999997E-002
        1489   3.7499999999999999E-003
        1490   1.4999999999999999E-002
        1491   1.8749999999999999E-002
        1492   2.3750000000000000E-002
        1493   2.8750000000000001E-002
        1494   5.2499999999999998E-002
        1495   6.5000000000000002E-002
        1496  0.10875000000000000     
        1497   4.2500000000000003E-002
        1498   5.8749999999999997E-002
        1499   3.3750000000000002E-002
        1500   0.0000000000000000     
        1501   2.9999999999999999E-002
        1502   5.3749999999999999E-002
        1503   0.0000000000000000     
        1504   5.0000000000000001E-003
        1505   2.5000000000000001E-003
        1506   8.7500000000000008E-003
        1507   5.8749999999999997E-002
        1508   3.6249999999999998E-002
        1509   2.3750000000000000E-002
        1510   1.4999999999999999E-002
        1511   1.8749999999999999E-002
        1512   5.0000000000000001E-003
        1513   3.1250000000000000E-002
        1514   1.7500000000000002E-002
        1515   3.7499999999999999E-003
        1516   3.2500000000000001E-002
        1517   4.4999999999999998E-002
        1518   8.1250000000000003E-002
        1519   6.6250000000000003E-002
        1520   6.5000000000000002E-002
        1521   5.7500000000000002E-002
        1522   2.7500000000000000E-002
        1523   2.5000000000000001E-003
        1524   1.4999999999999999E-002
        1525   2.5000000000000001E-002
        1526   5.7500000000000002E-002
        1527   7.2499999999999995E-002
        1528   1.1250000000000000E-002
        1529   2.5000000000000001E-003
        1530   4.1250000000000002E-002
        1531   2.8750000000000001E-002
        1532   4.8750000000000002E-002
        1533   1.6250000000000001E-002
        1534   4.4999999999999998E-002
        1535   5.0000000000000003E-002
        1536   1.2500000000000000E-003
        1537   2.7500000000000000E-002
        1538   2.5000000000000001E-002
        1539   6.6250000000000003E-002
        1540   3.2500000000000001E-002
        1541   4.7500000000000001E-002
        1542   1.2500000000000000E-003
        1543   1.3750000000000000E-002
        1544   3.7499999999999999E-002
        1545   6.1249999999999999E-002
        1546   9.1249999999999998E-002
        1547  0.10500000000000000     
        1548  0.11749999999999999     
        1549  0.14000000000000001     
        1550   8.3750000000000005E-002
        1551   3.8750000000000000E-002
        1552   1.2500000000000000E-003
        1553   4.3749999999999997E-002
        1554   4.4999999999999998E-002
        1555   5.5000000000000000E-002
        1556   4.8750000000000002E-002
        1557   4.2500000000000003E-002
        1558   8.7500000000000008E-003
        1559   5.5000000000000000E-002
        1560   4.0000000000000001E-002
        1561   2.1250000000000002E-002
        1562   1.2500000000000000E-003
        1563   6.2500000000000003E-003
        1564   7.3749999999999996E-002
        1565   2.1250000000000002E-002
        1566   5.6250000000000001E-002
        1567   6.8750000000000006E-002
        1568   7.4999999999999997E-002
        1569   9.1249999999999998E-002
        1570   1.3750000000000000E-002
        1571   2.0000000000000000E-002
        1572   4.6249999999999999E-002
        1573   3.5000000000000003E-002
        1574   5.6250000000000001E-002
        1575   5.8749999999999997E-002
        1576   7.7499999999999999E-002
        1577   1.8749999999999999E-002
        1578   1.7500000000000002E-002
        1579   4.2500000000000003E-002
        1580   7.4999999999999997E-003
        1581   4.6249999999999999E-002
        1582   6.2500000000000000E-002
        1583   6.2500000000000003E-003
        1584   3.1250000000000000E-002
        1585   6.2500000000000000E-002
        1586   5.3749999999999999E-002
        1587   1.1250000000000000E-002
        1588   6.2500000000000003E-003
        1589   2.1250000000000002E-002
        1590   2.3750000000000000E-002
        1591   5.0000000000000001E-003
        1592   1.3750000000000000E-002
        1593   1.2500000000000000E-003
        1594   2.1250000000000002E-002
        1595   4.7500000000000001E-002
        1596   3.1250000000000000E-002
        1597   1.2500000000000001E-002
        1598   1.6250000000000001E-002
        1599   0.0000000000000000     
        1600   8.7500000000000008E-003
        1601   2.7500000000000000E-002
        1602   7.8750000000000001E-002
        1603   8.8749999999999996E-002
        1604   5.7500000000000002E-002
        1605   5.3749999999999999E-002
        1606   2.9999999999999999E-002
        1607   3.3750000000000002E-002
        1608   1.7500000000000002E-002
        1609  0.10500000000000000     
        1610   8.5000000000000006E-002
        1611   8.1250000000000003E-002
        1612   2.5000000000000001E-003
        1613   3.2500000000000001E-002
        1614   6.5000000000000002E-002
        1615   9.7500000000000003E-002
        1616  0.14499999999999999     
        1617   4.0000000000000001E-002
        1618   2.5000000000000001E-003
        1619   4.6249999999999999E-002
        1620   2.7500000000000000E-002
        1621   3.2500000000000001E-002
        1622   2.1250000000000002E-002
        1623   5.6250000000000001E-002
        1624   7.4999999999999997E-002
        1625   3.5000000000000003E-002
        1626   6.6250000000000003E-002
        1627   1.1250000000000000E-002
        1628   1.1250000000000000E-002
        1629   4.4999999999999998E-002
        1630   4.8750000000000002E-002
        1631   3.2500000000000001E-002
        1632   2.0000000000000000E-002
        1633   5.0000000000000001E-003
        1634   2.0000000000000000E-002
        1635   7.4999999999999997E-003
        1636   1.0000000000000000E-002
        1637   2.5000000000000001E-002
        1638   3.7499999999999999E-003
        1639   1.7500000000000002E-002
        1640   7.6249999999999998E-002
        1641   6.3750000000000001E-002
        1642   7.4999999999999997E-003
        1643   2.3750000000000000E-002
        1644   0.0000000000000000     
        1645   1.2500000000000000E-003
        1646   2.3750000000000000E-002
        1647   6.2500000000000003E-003
        1648   1.2500000000000000E-003
        1649   1.4999999999999999E-002
        1650   5.8749999999999997E-002
        1651   9.3750000000000000E-002
        1652   3.7499999999999999E-003
        1653   1.2500000000000001E-002
        1654   4.2500000000000003E-002
        1655   3.7499999999999999E-003
        1656   6.2500000000000003E-003
        1657   2.8750000000000001E-002
        1658   7.4999999999999997E-003
        1659   1.2500000000000000E-003
        1660   2.2499999999999999E-002
        1661   1.0000000000000000E-002
        1662   4.0000000000000001E-002
        1663   3.8750000000000000E-002
        1664   5.3749999999999999E-002
        1665   5.6250000000000001E-002
        1666   5.1249999999999997E-002
        1667   2.9999999999999999E-002
        1668   1.7500000000000002E-002
        1669   8.7500000000000008E-003
        1670   4.8750000000000002E-002
        1671   3.3750000000000002E-002
        1672   1.2500000000000001E-002
        1673   1.4999999999999999E-002
        1674   6.5000000000000002E-002
        1675   2.8750000000000001E-002
        1676   8.7500000000000008E-003
        1677   2.7500000000000000E-002
        1678   1.8749999999999999E-002
        1679   2.1250000000000002E-002
        1680  0.10625000000000000     
        1681   2.3750000000000000E-002
        1682   1.8749999999999999E-002
        1683   0.0000000000000000     
        1684   8.7500000000000008E-003
        1685   2.0000000000000000E-002
        1686   1.3750000000000000E-002
        1687   8.7500000000000008E-003
        1688   4.7500000000000001E-002
        1689   5.7500000000000002E-002
        1690   4.8750000000000002E-002
        1691   4.7500000000000001E-002
        1692   8.8749999999999996E-002
        1693   2.3750000000000000E-002
        1694   4.3749999999999997E-002
        1695   2.9999999999999999E-002
        1696   4.2500000000000003E-002
        1697   0.0000000000000000     
        1698   8.7500000000000008E-003
        1699   4.3749999999999997E-002
        1700   2.5000000000000001E-002
        1701   1.2500000000000001E-002
        1702  0.10625000000000000     
        1703   1.3750000000000000E-002
        1704   1.2500000000000000E-003
        1705   8.5000000000000006E-002
        1706   5.0000000000000003E-002
        1707   5.0000000000000003E-002
        1708   3.1250000000000000E-002
        1709   1.4999999999999999E-002
        1710   2.3750000000000000E-002
        1711   1.2500000000000000E-003
        1712   4.7500000000000001E-002
        1713   4.4999999999999998E-002
        1714   5.3749999999999999E-002
        1715   7.4999999999999997E-003
        1716   4.7500000000000001E-002
        1717   1.8749999999999999E-002
        1718   3.8750000000000000E-002
        1719   7.4999999999999997E-003
        1720   4.4999999999999998E-002
        1721   5.0000000000000003E-002
        1722   4.7500000000000001E-002
        1723   3.5000000000000003E-002
        1724   5.7500000000000002E-002
        1725   6.7500000000000004E-002
        1726   5.5000000000000000E-002
        1727   8.8749999999999996E-002
        1728   7.6249999999999998E-002
        1729   6.1249999999999999E-002
        1730   6.2500000000000003E-003
        1731   1.2500000000000001E-002
        1732   1.3750000000000000E-002
        1733   6.8750000000000006E-002
        1734   2.6249999999999999E-002
        1735   2.8750000000000001E-002
        1736   5.0000000000000001E-003
        1737   5.0000000000000001E-003
        1738   1.2500000000000001E-002
        1739   3.7499999999999999E-002
        1740   2.0000000000000000E-002
        1741   7.3749999999999996E-002
        1742   8.6249999999999993E-002
        1743   8.1250000000000003E-002
        1744   0.0000000000000000     
        1745   2.6249999999999999E-002
        1746   6.2500000000000003E-003
        1747   1.6250000000000001E-002
        1748   1.2500000000000001E-002
        1749   6.2500000000000003E-003
        1750   2.6249999999999999E-002
        1751   4.6249999999999999E-002
        1752   5.0000000000000001E-003
        1753   1.8749999999999999E-002
        1754   2.5000000000000001E-002
        1755   2.0000000000000000E-002
        1756   7.4999999999999997E-003
        1757   6.1249999999999999E-002
        1758   1.1250000000000000E-002
        1759   9.5000000000000001E-002
        1760   7.1249999999999994E-002
        1761   1.2500000000000001E-002
        1762   4.0000000000000001E-002
        1763   3.3750000000000002E-002
        1764   5.8749999999999997E-002
        1765   9.7500000000000003E-002
        1766   3.8750000000000000E-002
        1767   5.9999999999999998E-002
        1768   1.7500000000000002E-002
        1769   3.8750000000000000E-002
        1770   2.7500000000000000E-002
        1771   4.7500000000000001E-002
        1772   1.4999999999999999E-002
        1773   1.2500000000000000E-003
        1774   1.7500000000000002E-002
        1775   0.0000000000000000     
        1776   1.2500000000000001E-002
        1777   3.3750000000000002E-002
        1778   1.4999999999999999E-002
        1779   4.8750000000000002E-002
        1780   2.2499999999999999E-002
        1781   1.3750000000000000E-002
        1782   1.2500000000000000E-003
        1783   4.6249999999999999E-002
        1784   5.3749999999999999E-002
        1785   2.6249999999999999E-002
        1786   4.1250000000000002E-002
        1787   1.8749999999999999E-002
        1788   1.0000000000000000E-002
        1789   1.2500000000000001E-002
        1790   3.3750000000000002E-002
        1791   5.0000000000000001E-003
        1792   5.1249999999999997E-002
        1793   3.6249999999999998E-002
        1794   3.2500000000000001E-002
        1795   7.4999999999999997E-003
        1796   1.4999999999999999E-002
        1797   2.1250000000000002E-002
        1798   4.3749999999999997E-002
        1799   1.0000000000000000E-002
        1800   1.3750000000000000E-002
        1801   2.1250000000000002E-002
        1802   1.8749999999999999E-002
        1803   2.5000000000000001E-003
        1804   1.3750000000000000E-002
        1805   1.1250000000000000E-002
        1806   3.7499999999999999E-002
        1807   3.3750000000000002E-002
        1808   1.8749999999999999E-002
        1809   5.0000000000000001E-003
        1810   1.6250000000000001E-002
        1811   1.6250000000000001E-002
        1812   2.7500000000000000E-002
        1813   0.0000000000000000     
        1814   4.2500000000000003E-002
        1815   1.6250000000000001E-002
        1816   2.9999999999999999E-002
        1817   1.3750000000000000E-002
        1818   3.6249999999999998E-002
        1819   1.2500000000000001E-002
        1820   3.3750000000000002E-002
        1821   6.2500000000000003E-003
        1822   5.0000000000000003E-002
        1823   3.2500000000000001E-002
        1824   2.8750000000000001E-002
        1825   1.7500000000000002E-002
        1826   5.0000000000000003E-002
        1827   2.3750000000000000E-002
        1828   1.2500000000000000E-003
        1829   3.7499999999999999E-002
        1830   2.1250000000000002E-002
        1831   3.7499999999999999E-002
        1832   2.9999999999999999E-002
        1833   8.7500000000000008E-003
        1834   4.2500000000000003E-002
        1835   2.1250000000000002E-002
        1836   7.4999999999999997E-003
        1837   3.1250000000000000E-002
        1838   1.4999999999999999E-002
        1839   1.4999999999999999E-002
        1840   3.1250000000000000E-002
        1841   2.3750000000000000E-002
        1842   2.3750000000000000E-002
        1843   4.0000000000000001E-002
        1844   6.1249999999999999E-002
        1845   9.7500000000000003E-002
        1846   8.5000000000000006E-002
        1847   3.7499999999999999E-003
        1848   6.2500000000000003E-003
        1849   2.6249999999999999E-002
        1850   2.1250000000000002E-002
        1851   2.3750000000000000E-002
        1852   8.7500000000000008E-003
        1853   1.6250000000000001E-002
        1854   1.0000000000000000E-002
        1855   5.6250000000000001E-002
        1856   5.3749999999999999E-002
        1857   4.1250000000000002E-002
        1858   2.9999999999999999E-002
        1859   7.7499999999999999E-002
        1860   5.9999999999999998E-002
        1861   2.9999999999999999E-002
        1862   2.5000000000000001E-003
        1863   7.1249999999999994E-002
        1864   3.1250000000000000E-002
        1865   1.0000000000000000E-002
        1866   6.2500000000000003E-003
        1867   1.0000000000000000E-002
        1868   1.4999999999999999E-002
        1869   2.5000000000000001E-003
        1870   1.7500000000000002E-002
        1871   4.7500000000000001E-002
        1872   8.7499999999999994E-002
        1873  0.10249999999999999     
        1874   9.3750000000000000E-002
        1875   6.2500000000000000E-002
        1876   3.2500000000000001E-002
        1877   5.8749999999999997E-002
        1878   3.7499999999999999E-002
        1879   5.3749999999999999E-002
        1880   1.2500000000000000E-003
        1881   1.1250000000000000E-002
        1882   2.8750000000000001E-002
        1883   2.5000000000000001E-003
        1884   6.6250000000000003E-002
        1885   1.6250000000000001E-002
        1886   1.2500000000000000E-003
        1887   5.3749999999999999E-002
        1888   3.2500000000000001E-002
        1889   1.3750000000000000E-002
        1890   2.9999999999999999E-002
        1891   0.0000000000000000     
        1892   6.8750000000000006E-002
        1893   3.7499999999999999E-002
        1894   7.4999999999999997E-002
        1895   9.2499999999999999E-002
        1896   4.1250000000000002E-002
        1897   3.1250000000000000E-002
        1898   1.2500000000000001E-002
        1899   7.4999999999999997E-003
        1900   1.0000000000000000E-002
        1901   2.2499999999999999E-002
        1902   2.5000000000000001E-002
        1903   1.0000000000000000E-002
        1904   7.4999999999999997E-003
        1905   1.7500000000000002E-002
        1906   4.4999999999999998E-002
        1907   3.7499999999999999E-003
        1908   1.3750000000000000E-002
        1909   6.2500000000000003E-003
        1910   7.4999999999999997E-003
        1911   2.8750000000000001E-002
        1912  0.13250000000000001     
        1913  0.13250000000000001     
        1914   4.2500000000000003E-002
        1915   7.1249999999999994E-002
        1916  0.11749999999999999     
        1917   9.3750000000000000E-002
        1918   4.4999999999999998E-002
        1919   2.0000000000000000E-002
        1920   5.7500000000000002E-002
        1921   1.3750000000000000E-002
        1922   4.4999999999999998E-002
        1923   2.0000000000000000E-002
        1924   2.1250000000000002E-002
        1925   3.6249999999999998E-002
        1926   5.0000000000000001E-003
        1927   6.1249999999999999E-002
        1928   5.3749999999999999E-002
        1929   3.1250000000000000E-002
        1930   4.3749999999999997E-002
        1931   4.7500000000000001E-002
        1932   2.5000000000000001E-003
        1933   3.7499999999999999E-002
        1934   2.5000000000000001E-003
        1935   2.6249999999999999E-002
        1936   3.5000000000000003E-002
        1937   1.3750000000000000E-002
        1938   2.2499999999999999E-002
        1939   3.8750000000000000E-002
        1940   8.2500000000000004E-002
        1941   4.3749999999999997E-002
        1942   4.2500000000000003E-002
        1943   2.1250000000000002E-002
        1944   4.8750000000000002E-002
        1945   4.4999999999999998E-002
        1946   2.5000000000000001E-002
        1947   2.6249999999999999E-002
        1948   7.7499999999999999E-002
        1949  0.11375000000000000     
        1950   8.7499999999999994E-002
        1951   7.8750000000000001E-002
        1952   2.5000000000000001E-002
        1953   4.7500000000000001E-002
        1954   7.1249999999999994E-002
        1955  0.10249999999999999     
        1956   9.3750000000000000E-002
        1957  0.11625000000000001     
        1958   3.1250000000000000E-002
        1959   0.0000000000000000     
        1960   5.7500000000000002E-002
        1961   4.0000000000000001E-002
        1962   0.0000000000000000     
        1963   2.6249999999999999E-002
        1964   4.0000000000000001E-002
        1965   4.3749999999999997E-002
        1966   5.6250000000000001E-002
        1967   9.2499999999999999E-002
        1968   1.6250000000000001E-002
        1969   2.5000000000000001E-003
        1970   2.7500000000000000E-002
        1971   8.7499999999999994E-002
        1972   2.8750000000000001E-002
        1973   1.8749999999999999E-002
        1974   8.2500000000000004E-002
        1975   3.1250000000000000E-002
        1976   1.2500000000000000E-003
        1977   2.7500000000000000E-002
        1978   1.1250000000000000E-002
        1979   5.0000000000000001E-003
        1980   2.5000000000000001E-002
        1981   4.6249999999999999E-002
        1982   1.2500000000000000E-003
        1983   1.1250000000000000E-002
        1984   1.2500000000000000E-003
        1985   1.0000000000000000E-002
        1986   1.0000000000000000E-002
        1987   2.1250000000000002E-002
        1988   4.4999999999999998E-002
        1989   4.2500000000000003E-002
        1990   6.2500000000000003E-003
        1991   1.0000000000000000E-002
        1992   4.0000000000000001E-002
        1993   8.9999999999999997E-002
        1994   2.5000000000000001E-002
        1995   3.7499999999999999E-003
        1996   0.0000000000000000     
        1997   6.5000000000000002E-002
        1998   5.0000000000000003E-002
        1999   2.0000000000000000E-002
        2000   2.9999999999999999E-002
