           1  0.14000000000000001     
           2   3.3750000000000002E-002
           3   4.1250000000000002E-002
           4   6.3750000000000001E-002
           5   5.1249999999999997E-002
           6   5.7500000000000002E-002
           7  0.28375000000000000     
           8   4.6249999999999999E-002
           9   6.3750000000000001E-002
          10   7.6249999999999998E-002
          11   7.3749999999999996E-002
          12   9.2499999999999999E-002
          13  0.10000000000000001     
          14   2.9999999999999999E-002
          15  0.11500000000000000     
          16  0.11625000000000001     
          17  0.11749999999999999     
          18   1.1250000000000000E-002
          19   8.1250000000000003E-002
          20   5.9999999999999998E-002
          21   2.9999999999999999E-002
          22  0.12000000000000000     
          23   1.6250000000000001E-002
          24  0.12750000000000000     
          25  0.12375000000000000     
          26   3.6249999999999998E-002
          27   8.1250000000000003E-002
          28   1.2500000000000001E-002
          29  0.17125000000000001     
          30   1.2500000000000001E-002
          31   4.6249999999999999E-002
          32  0.10375000000000000     
          33   3.1250000000000000E-002
          34  0.20749999999999999     
          35  0.19875000000000001     
          36   2.1250000000000002E-002
          37   4.4999999999999998E-002
          38   1.2500000000000001E-002
          39  0.10625000000000000     
          40  0.10625000000000000     
          41   8.5000000000000006E-002
          42   4.8750000000000002E-002
          43   1.2500000000000001E-002
          44   9.3750000000000000E-002
          45   4.1250000000000002E-002
          46   9.8750000000000004E-002
          47   8.8749999999999996E-002
          48  0.13875000000000001     
          49  0.16750000000000001     
          50   4.8750000000000002E-002
          51  0.10500000000000000     
          52   7.3749999999999996E-002
          53  0.14874999999999999     
          54  0.19125000000000000     
          55  0.11625000000000001     
          56  0.25624999999999998     
          57   5.8749999999999997E-002
          58   3.7499999999999999E-003
          59  0.11000000000000000     
          60  0.34499999999999997     
          61   7.6249999999999998E-002
          62  0.12875000000000000     
          63   2.3750000000000000E-002
          64   3.7499999999999999E-003
          65   3.3750000000000002E-002
          66   5.8749999999999997E-002
          67   5.9999999999999998E-002
          68   4.6249999999999999E-002
          69  0.12000000000000000     
          70   7.2499999999999995E-002
          71  0.21875000000000000     
          72   6.3750000000000001E-002
          73   5.9999999999999998E-002
          74  0.10875000000000000     
          75  0.13625000000000001     
          76  0.11749999999999999     
          77   6.2500000000000003E-003
          78  0.19000000000000000     
          79  0.10000000000000001     
          80  0.10625000000000000     
          81  0.27250000000000002     
          82   5.5000000000000000E-002
          83  0.11375000000000000     
          84  0.16750000000000001     
          85   2.0000000000000000E-002
          86   3.2500000000000001E-002
          87  0.17499999999999999     
          88  0.13500000000000001     
          89   1.2500000000000001E-002
          90   8.6249999999999993E-002
          91  0.17999999999999999     
          92   5.8749999999999997E-002
          93  0.20000000000000001     
          94  0.12375000000000000     
          95  0.16750000000000001     
          96   7.2499999999999995E-002
          97   9.3750000000000000E-002
          98  0.12250000000000000     
          99   7.0000000000000007E-002
         100   9.6250000000000002E-002
         101   6.2500000000000000E-002
         102  0.13500000000000001     
         103  0.14499999999999999     
         104  0.22750000000000001     
         105  0.13375000000000001     
         106   1.8749999999999999E-002
         107   1.2500000000000000E-003
         108   4.0000000000000001E-002
         109  0.29625000000000001     
         110  0.10875000000000000     
         111   4.6249999999999999E-002
         112   6.8750000000000006E-002
         113   7.6249999999999998E-002
         114   3.7499999999999999E-002
         115  0.12000000000000000     
         116   3.1250000000000000E-002
         117  0.16000000000000000     
         118   4.2500000000000003E-002
         119   5.0000000000000001E-003
         120  0.16750000000000001     
         121  0.17000000000000001     
         122   5.5000000000000000E-002
         123   7.0000000000000007E-002
         124  0.14499999999999999     
         125   3.2500000000000001E-002
         126  0.13000000000000000     
         127   6.1249999999999999E-002
         128   4.3749999999999997E-002
         129  0.32750000000000001     
         130  0.10125000000000001     
         131  0.13250000000000001     
         132  0.23874999999999999     
         133   7.8750000000000001E-002
         134   9.6250000000000002E-002
         135  0.15125000000000000     
         136   5.5000000000000000E-002
         137  0.23749999999999999     
         138   3.8750000000000000E-002
         139  0.15500000000000000     
         140   4.6249999999999999E-002
         141   6.6250000000000003E-002
         142   1.3750000000000000E-002
         143  0.13000000000000000     
         144   6.1249999999999999E-002
         145  0.29875000000000002     
         146  0.15125000000000000     
         147   7.4999999999999997E-002
         148  0.10249999999999999     
         149  0.13750000000000001     
         150  0.11000000000000000     
         151  0.16000000000000000     
         152   8.0000000000000002E-002
         153   6.1249999999999999E-002
         154  0.19375000000000001     
         155   7.7499999999999999E-002
         156   5.6250000000000001E-002
         157  0.19000000000000000     
         158   3.2500000000000001E-002
         159  0.10375000000000000     
         160  0.14374999999999999     
         161  0.11500000000000000     
         162  0.11250000000000000     
         163  0.10125000000000001     
         164   7.6249999999999998E-002
         165   0.0000000000000000     
         166  0.10125000000000001     
         167  0.32250000000000001     
         168   1.4999999999999999E-002
         169   7.1249999999999994E-002
         170  0.12000000000000000     
         171   7.4999999999999997E-002
         172   4.0000000000000001E-002
         173   1.6250000000000001E-002
         174   1.3750000000000000E-002
         175  0.11625000000000001     
         176   5.6250000000000001E-002
         177  0.24500000000000000     
         178  0.11625000000000001     
         179  0.13375000000000001     
         180  0.16500000000000001     
         181  0.33624999999999999     
         182   2.2499999999999999E-002
         183   2.5000000000000001E-003
         184   7.2499999999999995E-002
         185  0.16000000000000000     
         186  0.10875000000000000     
         187   3.1250000000000000E-002
         188  0.23125000000000001     
         189  0.14624999999999999     
         190  0.15750000000000000     
         191   1.3750000000000000E-002
         192   2.0000000000000000E-002
         193   1.4999999999999999E-002
         194   2.5000000000000001E-002
         195   7.0000000000000007E-002
         196   8.2500000000000004E-002
         197  0.12625000000000000     
         198   9.6250000000000002E-002
         199  0.10750000000000000     
         200   5.6250000000000001E-002
         201  0.12750000000000000     
         202  0.26374999999999998     
         203   2.6249999999999999E-002
         204  0.26624999999999999     
         205   1.8749999999999999E-002
         206  0.20999999999999999     
         207  0.11375000000000000     
         208  0.32624999999999998     
         209  0.25500000000000000     
         210   7.4999999999999997E-002
         211   5.1249999999999997E-002
         212  0.12000000000000000     
         213   2.9999999999999999E-002
         214   7.7499999999999999E-002
         215  0.12625000000000000     
         216   3.1250000000000000E-002
         217   8.5000000000000006E-002
         218   8.3750000000000005E-002
         219   7.1249999999999994E-002
         220  0.10249999999999999     
         221  0.11625000000000001     
         222  0.21625000000000000     
         223  0.10875000000000000     
         224   2.5000000000000001E-003
         225   7.4999999999999997E-003
         226   2.7500000000000000E-002
         227   1.1250000000000000E-002
         228   7.7499999999999999E-002
         229  0.11874999999999999     
         230  0.15875000000000000     
         231   7.2499999999999995E-002
         232  0.22125000000000000     
         233   4.0000000000000001E-002
         234   3.7499999999999999E-003
         235  0.15250000000000000     
         236   4.8750000000000002E-002
         237   2.6249999999999999E-002
         238  0.16625000000000001     
         239  0.12875000000000000     
         240  0.22250000000000000     
         241  0.10125000000000001     
         242   6.6250000000000003E-002
         243  0.18250000000000000     
         244   4.0000000000000001E-002
         245  0.11625000000000001     
         246  0.21124999999999999     
         247  0.11749999999999999     
         248   1.8749999999999999E-002
         249   1.7500000000000002E-002
         250   1.3750000000000000E-002
         251  0.17249999999999999     
         252   2.9999999999999999E-002
         253  0.30249999999999999     
         254   3.8750000000000000E-002
         255   2.3750000000000000E-002
         256   8.0000000000000002E-002
         257  0.12875000000000000     
         258  0.21500000000000000     
         259   1.6250000000000001E-002
         260   4.7500000000000001E-002
         261  0.14249999999999999     
         262   2.2499999999999999E-002
         263  0.15375000000000000     
         264   2.0000000000000000E-002
         265  0.12500000000000000     
         266  0.24249999999999999     
         267  0.22875000000000001     
         268   1.1250000000000000E-002
         269   2.2499999999999999E-002
         270  0.14624999999999999     
         271   5.6250000000000001E-002
         272  0.14249999999999999     
         273  0.10500000000000000     
         274   4.3749999999999997E-002
         275   5.0000000000000003E-002
         276  0.24500000000000000     
         277  0.14124999999999999     
         278  0.24750000000000000     
         279  0.13250000000000001     
         280  0.10249999999999999     
         281   5.5000000000000000E-002
         282  0.11625000000000001     
         283   7.2499999999999995E-002
         284   3.7499999999999999E-003
         285  0.14624999999999999     
         286   4.7500000000000001E-002
         287  0.18625000000000000     
         288   2.1250000000000002E-002
         289  0.11375000000000000     
         290   2.9999999999999999E-002
         291  0.12000000000000000     
         292  0.17624999999999999     
         293   1.2500000000000000E-003
         294   7.4999999999999997E-003
         295  0.13625000000000001     
         296  0.11500000000000000     
         297   9.5000000000000001E-002
         298  0.31500000000000000     
         299   2.5000000000000001E-002
         300   6.2500000000000003E-003
         301   8.0000000000000002E-002
         302  0.23874999999999999     
         303  0.17749999999999999     
         304   7.7499999999999999E-002
         305  0.23375000000000001     
         306   4.3749999999999997E-002
         307   6.1249999999999999E-002
         308   7.1249999999999994E-002
         309   3.8750000000000000E-002
         310  0.20250000000000001     
         311  0.15250000000000000     
         312  0.11250000000000000     
         313   9.2499999999999999E-002
         314   4.3749999999999997E-002
         315  0.14874999999999999     
         316  0.19500000000000001     
         317  0.15750000000000000     
         318   8.2500000000000004E-002
         319   3.7499999999999999E-003
         320  0.10500000000000000     
         321   5.5000000000000000E-002
         322  0.15625000000000000     
         323  0.14624999999999999     
         324  0.20000000000000001     
         325  0.16000000000000000     
         326  0.15375000000000000     
         327   5.3749999999999999E-002
         328   6.5000000000000002E-002
         329  0.24124999999999999     
         330   2.5000000000000001E-003
         331   4.2500000000000003E-002
         332   3.3750000000000002E-002
         333  0.10000000000000001     
         334  0.11375000000000000     
         335   3.2500000000000001E-002
         336   7.3749999999999996E-002
         337   2.2499999999999999E-002
         338   2.5000000000000001E-002
         339   7.1249999999999994E-002
         340   4.8750000000000002E-002
         341   1.2500000000000001E-002
         342   1.7500000000000002E-002
         343   5.5000000000000000E-002
         344  0.20749999999999999     
         345   5.8749999999999997E-002
         346  0.30625000000000002     
         347   8.1250000000000003E-002
         348  0.23375000000000001     
         349   5.0000000000000001E-003
         350   2.7500000000000000E-002
         351   8.1250000000000003E-002
         352   3.7499999999999999E-003
         353   2.9999999999999999E-002
         354  0.29125000000000001     
         355   6.1249999999999999E-002
         356   4.8750000000000002E-002
         357   6.1249999999999999E-002
         358  0.21500000000000000     
         359  0.24875000000000000     
         360   3.1250000000000000E-002
         361   4.6249999999999999E-002
         362   1.6250000000000001E-002
         363  0.13000000000000000     
         364  0.14749999999999999     
         365   1.0000000000000000E-002
         366  0.11125000000000000     
         367  0.21249999999999999     
         368  0.15625000000000000     
         369  0.20250000000000001     
         370   4.7500000000000001E-002
         371   7.8750000000000001E-002
         372   3.1250000000000000E-002
         373  0.13500000000000001     
         374  0.14999999999999999     
         375   4.4999999999999998E-002
         376  0.14499999999999999     
         377   4.1250000000000002E-002
         378  0.12750000000000000     
         379   3.7499999999999999E-002
         380   7.7499999999999999E-002
         381   9.8750000000000004E-002
         382   6.7500000000000004E-002
         383   8.6249999999999993E-002
         384   5.5000000000000000E-002
         385  0.25624999999999998     
         386   2.6249999999999999E-002
         387   8.6249999999999993E-002
         388  0.25000000000000000     
         389   4.8750000000000002E-002
         390  0.13750000000000001     
         391  0.18500000000000000     
         392   4.3749999999999997E-002
         393   3.6249999999999998E-002
         394   2.6249999999999999E-002
         395  0.16250000000000001     
         396  0.12375000000000000     
         397  0.14874999999999999     
         398  0.19625000000000001     
         399  0.23749999999999999     
         400  0.23874999999999999     
         401   7.7499999999999999E-002
         402   7.6249999999999998E-002
         403   9.8750000000000004E-002
         404  0.16875000000000001     
         405  0.16500000000000001     
         406   8.5000000000000006E-002
         407   8.1250000000000003E-002
         408   8.8749999999999996E-002
         409   4.6249999999999999E-002
         410   4.6249999999999999E-002
         411  0.13000000000000000     
         412   4.7500000000000001E-002
         413   8.1250000000000003E-002
         414   3.6249999999999998E-002
         415  0.19875000000000001     
         416   5.6250000000000001E-002
         417   9.6250000000000002E-002
         418  0.15250000000000000     
         419  0.14624999999999999     
         420   8.8749999999999996E-002
         421   5.8749999999999997E-002
         422   8.0000000000000002E-002
         423   5.2499999999999998E-002
         424  0.15500000000000000     
         425   1.2500000000000000E-003
         426   4.8750000000000002E-002
         427   1.7500000000000002E-002
         428  0.23125000000000001     
         429   8.5000000000000006E-002
         430   8.7499999999999994E-002
         431  0.14749999999999999     
         432  0.16000000000000000     
         433  0.14124999999999999     
         434  0.10000000000000001     
         435   8.8749999999999996E-002
         436  0.19000000000000000     
         437  0.10000000000000001     
         438  0.17749999999999999     
         439  0.20624999999999999     
         440   9.1249999999999998E-002
         441   2.1250000000000002E-002
         442   3.5000000000000003E-002
         443   4.3749999999999997E-002
         444   2.5000000000000001E-002
         445   2.9999999999999999E-002
         446   7.8750000000000001E-002
         447  0.30125000000000002     
         448   3.6249999999999998E-002
         449  0.25500000000000000     
         450  0.15750000000000000     
         451   1.1250000000000000E-002
         452  0.19875000000000001     
         453  0.26624999999999999     
         454   9.7500000000000003E-002
         455   7.0000000000000007E-002
         456   8.7499999999999994E-002
         457  0.10249999999999999     
         458   2.7500000000000000E-002
         459  0.22875000000000001     
         460   6.2500000000000000E-002
         461  0.11625000000000001     
         462   5.6250000000000001E-002
         463   6.6250000000000003E-002
         464  0.11500000000000000     
         465  0.32374999999999998     
         466   9.2499999999999999E-002
         467   2.9999999999999999E-002
         468  0.10000000000000001     
         469   3.6249999999999998E-002
         470   8.7500000000000008E-003
         471   2.6249999999999999E-002
         472   7.4999999999999997E-002
         473   1.8749999999999999E-002
         474  0.14374999999999999     
         475  0.12250000000000000     
         476   3.2500000000000001E-002
         477   7.4999999999999997E-002
         478   7.7499999999999999E-002
         479   6.5000000000000002E-002
         480   7.7499999999999999E-002
         481   0.0000000000000000     
         482   8.7500000000000008E-003
         483   8.2500000000000004E-002
         484   3.5000000000000003E-002
         485   2.8750000000000001E-002
         486   1.2500000000000001E-002
         487  0.11625000000000001     
         488   7.1249999999999994E-002
         489   2.2499999999999999E-002
         490  0.13875000000000001     
         491   3.3750000000000002E-002
         492   5.9999999999999998E-002
         493   5.2499999999999998E-002
         494  0.12625000000000000     
         495   9.5000000000000001E-002
         496  0.16000000000000000     
         497  0.10625000000000000     
         498   7.2499999999999995E-002
         499  0.20624999999999999     
         500   9.2499999999999999E-002
         501   3.6249999999999998E-002
         502   4.4999999999999998E-002
         503   3.3750000000000002E-002
         504  0.13625000000000001     
         505   2.9999999999999999E-002
         506  0.14000000000000001     
         507  0.12250000000000000     
         508   7.6249999999999998E-002
         509   6.2500000000000000E-002
         510  0.11874999999999999     
         511   2.2499999999999999E-002
         512  0.12750000000000000     
         513  0.17000000000000001     
         514  0.19125000000000000     
         515   6.1249999999999999E-002
         516  0.21124999999999999     
         517   1.8749999999999999E-002
         518   4.1250000000000002E-002
         519   2.5000000000000001E-002
         520   8.3750000000000005E-002
         521  0.10375000000000000     
         522   5.0000000000000003E-002
         523   1.0000000000000000E-002
         524   1.3750000000000000E-002
         525  0.10249999999999999     
         526  0.12625000000000000     
         527   3.7499999999999999E-003
         528   6.2500000000000000E-002
         529   4.4999999999999998E-002
         530   1.1250000000000000E-002
         531  0.14249999999999999     
         532   5.6250000000000001E-002
         533   9.6250000000000002E-002
         534   5.8749999999999997E-002
         535  0.14999999999999999     
         536  0.14749999999999999     
         537   5.0000000000000001E-003
         538   4.1250000000000002E-002
         539   2.5000000000000001E-002
         540   1.3750000000000000E-002
         541  0.10500000000000000     
         542   7.7499999999999999E-002
         543  0.17749999999999999     
         544   9.8750000000000004E-002
         545  0.12375000000000000     
         546   2.0000000000000000E-002
         547   9.6250000000000002E-002
         548  0.11500000000000000     
         549  0.16375000000000001     
         550   8.7499999999999994E-002
         551   4.0000000000000001E-002
         552   7.4999999999999997E-002
         553   1.2500000000000000E-003
         554  0.14249999999999999     
         555   3.7499999999999999E-003
         556   9.5000000000000001E-002
         557   8.5000000000000006E-002
         558  0.32624999999999998     
         559  0.24249999999999999     
         560   3.2500000000000001E-002
         561   1.0000000000000000E-002
         562   3.6249999999999998E-002
         563   3.5000000000000003E-002
         564   9.5000000000000001E-002
         565   2.5000000000000001E-002
         566  0.30499999999999999     
         567  0.10875000000000000     
         568   6.1249999999999999E-002
         569  0.10000000000000001     
         570   3.3750000000000002E-002
         571   1.2500000000000001E-002
         572  0.15125000000000000     
         573  0.17374999999999999     
         574  0.11375000000000000     
         575  0.13375000000000001     
         576   1.0000000000000000E-002
         577   7.0000000000000007E-002
         578  0.15125000000000000     
         579   9.5000000000000001E-002
         580   4.3749999999999997E-002
         581   2.5000000000000001E-002
         582  0.21875000000000000     
         583   4.1250000000000002E-002
         584   1.6250000000000001E-002
         585  0.20125000000000001     
         586  0.29499999999999998     
         587   5.2499999999999998E-002
         588   4.0000000000000001E-002
         589  0.14874999999999999     
         590  0.16625000000000001     
         591  0.15250000000000000     
         592  0.17999999999999999     
         593   7.0000000000000007E-002
         594   9.1249999999999998E-002
         595   7.6249999999999998E-002
         596   5.3749999999999999E-002
         597   7.7499999999999999E-002
         598  0.17249999999999999     
         599   9.1249999999999998E-002
         600   7.7499999999999999E-002
         601  0.19250000000000000     
         602   1.3750000000000000E-002
         603   7.4999999999999997E-002
         604   5.7500000000000002E-002
         605   4.4999999999999998E-002
         606  0.20374999999999999     
         607   3.7499999999999999E-003
         608   3.2500000000000001E-002
         609  0.27500000000000002     
         610   3.7499999999999999E-002
         611   4.2500000000000003E-002
         612   5.8749999999999997E-002
         613   2.5000000000000001E-003
         614   5.2499999999999998E-002
         615   2.5000000000000001E-002
         616  0.11000000000000000     
         617   1.4999999999999999E-002
         618  0.31874999999999998     
         619  0.13750000000000001     
         620   6.3750000000000001E-002
         621   8.0000000000000002E-002
         622   3.8750000000000000E-002
         623  0.13875000000000001     
         624  0.35375000000000001     
         625  0.13250000000000001     
         626   4.7500000000000001E-002
         627   1.8749999999999999E-002
         628   9.6250000000000002E-002
         629   9.8750000000000004E-002
         630   9.7500000000000003E-002
         631   0.0000000000000000     
         632  0.27625000000000000     
         633   6.2500000000000003E-003
         634  0.18875000000000000     
         635  0.20374999999999999     
         636   4.3749999999999997E-002
         637  0.14874999999999999     
         638   8.1250000000000003E-002
         639   6.6250000000000003E-002
         640  0.16375000000000001     
         641   1.4999999999999999E-002
         642  0.26874999999999999     
         643   4.4999999999999998E-002
         644   6.6250000000000003E-002
         645   4.4999999999999998E-002
         646  0.24875000000000000     
         647  0.19250000000000000     
         648  0.14249999999999999     
         649  0.17249999999999999     
         650   7.8750000000000001E-002
         651   4.4999999999999998E-002
         652   1.4999999999999999E-002
         653  0.27500000000000002     
         654   7.4999999999999997E-002
         655  0.15375000000000000     
         656  0.26624999999999999     
         657   5.1249999999999997E-002
         658   7.2499999999999995E-002
         659   7.3749999999999996E-002
         660   4.7500000000000001E-002
         661  0.14124999999999999     
         662   7.8750000000000001E-002
         663   5.8749999999999997E-002
         664   4.6249999999999999E-002
         665   2.2499999999999999E-002
         666   5.5000000000000000E-002
         667  0.16125000000000000     
         668   9.3750000000000000E-002
         669   9.3750000000000000E-002
         670   4.0000000000000001E-002
         671  0.13125000000000001     
         672  0.19375000000000001     
         673   6.3750000000000001E-002
         674   0.0000000000000000     
         675   2.1250000000000002E-002
         676   8.6249999999999993E-002
         677   7.1249999999999994E-002
         678   5.3749999999999999E-002
         679   5.3749999999999999E-002
         680  0.13750000000000001     
         681   4.4999999999999998E-002
         682  0.12250000000000000     
         683   3.3750000000000002E-002
         684   2.3750000000000000E-002
         685   1.6250000000000001E-002
         686   7.6249999999999998E-002
         687   7.3749999999999996E-002
         688   2.5000000000000001E-003
         689   5.5000000000000000E-002
         690   6.1249999999999999E-002
         691   9.7500000000000003E-002
         692   9.2499999999999999E-002
         693   4.8750000000000002E-002
         694  0.13375000000000001     
         695   6.8750000000000006E-002
         696  0.18875000000000000     
         697  0.10500000000000000     
         698  0.20749999999999999     
         699  0.10125000000000001     
         700   6.1249999999999999E-002
         701   7.3749999999999996E-002
         702   9.8750000000000004E-002
         703   1.3750000000000000E-002
         704  0.13500000000000001     
         705  0.10249999999999999     
         706   2.3750000000000000E-002
         707  0.10125000000000001     
         708  0.14874999999999999     
         709   6.6250000000000003E-002
         710  0.10000000000000001     
         711  0.13750000000000001     
         712  0.10000000000000001     
         713   3.7499999999999999E-002
         714   8.3750000000000005E-002
         715  0.19125000000000000     
         716   1.3750000000000000E-002
         717   5.9999999999999998E-002
         718   1.6250000000000001E-002
         719  0.18124999999999999     
         720   8.1250000000000003E-002
         721   8.0000000000000002E-002
         722   4.6249999999999999E-002
         723  0.12000000000000000     
         724   5.7500000000000002E-002
         725  0.19125000000000000     
         726  0.11749999999999999     
         727   3.7499999999999999E-003
         728  0.13000000000000000     
         729  0.13875000000000001     
         730  0.12125000000000000     
         731  0.11500000000000000     
         732  0.12375000000000000     
         733  0.12750000000000000     
         734   2.5000000000000001E-002
         735   9.5000000000000001E-002
         736  0.20749999999999999     
         737  0.25750000000000001     
         738   3.5000000000000003E-002
         739   5.3749999999999999E-002
         740  0.11375000000000000     
         741  0.32000000000000001     
         742   9.3750000000000000E-002
         743  0.18250000000000000     
         744  0.15250000000000000     
         745  0.10875000000000000     
         746   1.2500000000000001E-002
         747  0.13375000000000001     
         748   7.1249999999999994E-002
         749   4.4999999999999998E-002
         750   9.3750000000000000E-002
         751   4.4999999999999998E-002
         752   6.6250000000000003E-002
         753  0.24625000000000000     
         754  0.23999999999999999     
         755   2.5000000000000001E-002
         756  0.16250000000000001     
         757  0.11625000000000001     
         758   2.5000000000000001E-003
         759  0.16125000000000000     
         760  0.12750000000000000     
         761  0.27500000000000002     
         762   4.0000000000000001E-002
         763   1.6250000000000001E-002
         764   6.5000000000000002E-002
         765  0.14999999999999999     
         766   2.6249999999999999E-002
         767   5.9999999999999998E-002
         768  0.19500000000000001     
         769   7.0000000000000007E-002
         770   4.7500000000000001E-002
         771   3.5000000000000003E-002
         772  0.15375000000000000     
         773  0.11500000000000000     
         774  0.12125000000000000     
         775  0.22500000000000001     
         776  0.21875000000000000     
         777   5.2499999999999998E-002
         778   7.8750000000000001E-002
         779   4.7500000000000001E-002
         780   5.6250000000000001E-002
         781  0.11000000000000000     
         782   1.2500000000000001E-002
         783  0.12750000000000000     
         784  0.22000000000000000     
         785   6.6250000000000003E-002
         786   6.3750000000000001E-002
         787   1.3750000000000000E-002
         788  0.24124999999999999     
         789  0.22000000000000000     
         790  0.11125000000000000     
         791   7.7499999999999999E-002
         792   5.7500000000000002E-002
         793   8.6249999999999993E-002
         794  0.16875000000000001     
         795  0.12625000000000000     
         796   7.4999999999999997E-002
         797   3.3750000000000002E-002
         798  0.12625000000000000     
         799   2.2499999999999999E-002
         800  0.10500000000000000     
         801  0.12750000000000000     
         802  0.28125000000000000     
         803  0.15875000000000000     
         804   8.5000000000000006E-002
         805   2.9999999999999999E-002
         806  0.20749999999999999     
         807  0.16125000000000000     
         808  0.19875000000000001     
         809   4.8750000000000002E-002
         810   8.3750000000000005E-002
         811   4.4999999999999998E-002
         812  0.11250000000000000     
         813   1.6250000000000001E-002
         814   9.8750000000000004E-002
         815  0.17874999999999999     
         816   2.7500000000000000E-002
         817  0.11250000000000000     
         818  0.16750000000000001     
         819   4.7500000000000001E-002
         820  0.10000000000000001     
         821  0.17749999999999999     
         822  0.18875000000000000     
         823  0.29499999999999998     
         824   5.1249999999999997E-002
         825  0.25500000000000000     
         826  0.24374999999999999     
         827   2.0000000000000000E-002
         828  0.16375000000000001     
         829   2.6249999999999999E-002
         830  0.36375000000000002     
         831   9.2499999999999999E-002
         832   1.2500000000000000E-003
         833   7.2499999999999995E-002
         834  0.20250000000000001     
         835   5.8749999999999997E-002
         836  0.12875000000000000     
         837  0.14499999999999999     
         838   5.3749999999999999E-002
         839   6.1249999999999999E-002
         840   1.4999999999999999E-002
         841   1.6250000000000001E-002
         842   8.9999999999999997E-002
         843  0.10125000000000001     
         844   1.3750000000000000E-002
         845  0.15375000000000000     
         846  0.11500000000000000     
         847   9.8750000000000004E-002
         848   1.0000000000000000E-002
         849   5.6250000000000001E-002
         850  0.19125000000000000     
         851  0.23125000000000001     
         852   6.8750000000000006E-002
         853   1.1250000000000000E-002
         854  0.12500000000000000     
         855   9.2499999999999999E-002
         856   8.0000000000000002E-002
         857   1.4999999999999999E-002
         858   7.6249999999999998E-002
         859   2.8750000000000001E-002
         860   1.1250000000000000E-002
         861  0.11749999999999999     
         862  0.15750000000000000     
         863   6.2500000000000003E-003
         864   3.7499999999999999E-003
         865  0.24875000000000000     
         866   6.5000000000000002E-002
         867   3.1250000000000000E-002
         868  0.12125000000000000     
         869   9.7500000000000003E-002
         870  0.20250000000000001     
         871  0.11500000000000000     
         872  0.26000000000000001     
         873   9.7500000000000003E-002
         874   2.9999999999999999E-002
         875   3.5000000000000003E-002
         876   6.3750000000000001E-002
         877  0.13625000000000001     
         878  0.21625000000000000     
         879   3.1250000000000000E-002
         880  0.14000000000000001     
         881   7.1249999999999994E-002
         882  0.19625000000000001     
         883   3.5000000000000003E-002
         884   9.8750000000000004E-002
         885  0.12125000000000000     
         886   7.3749999999999996E-002
         887   2.6249999999999999E-002
         888   7.4999999999999997E-003
         889   4.2500000000000003E-002
         890   1.3750000000000000E-002
         891  0.37375000000000003     
         892   9.7500000000000003E-002
         893  0.15500000000000000     
         894  0.19000000000000000     
         895  0.12125000000000000     
         896   2.0000000000000000E-002
         897  0.13500000000000001     
         898  0.18250000000000000     
         899   7.8750000000000001E-002
         900   7.8750000000000001E-002
         901   7.2499999999999995E-002
         902  0.16375000000000001     
         903   6.7500000000000004E-002
         904  0.16500000000000001     
         905  0.16250000000000001     
         906   8.1250000000000003E-002
         907   8.8749999999999996E-002
         908   4.8750000000000002E-002
         909  0.16250000000000001     
         910   7.3749999999999996E-002
         911   2.8750000000000001E-002
         912  0.24500000000000000     
         913   7.4999999999999997E-002
         914  0.15875000000000000     
         915   9.5000000000000001E-002
         916   5.0000000000000001E-003
         917  0.15500000000000000     
         918   3.6249999999999998E-002
         919   8.6249999999999993E-002
         920   2.5000000000000001E-002
         921   6.2500000000000003E-003
         922   6.6250000000000003E-002
         923   2.6249999999999999E-002
         924  0.11375000000000000     
         925  0.17749999999999999     
         926   5.7500000000000002E-002
         927  0.27500000000000002     
         928  0.22375000000000000     
         929   2.6249999999999999E-002
         930   1.1250000000000000E-002
         931  0.27625000000000000     
         932   5.3749999999999999E-002
         933  0.19750000000000001     
         934  0.16875000000000001     
         935   2.5000000000000001E-003
         936  0.13000000000000000     
         937   5.0000000000000001E-003
         938   1.3750000000000000E-002
         939  0.13250000000000001     
         940  0.19875000000000001     
         941   4.2500000000000003E-002
         942   2.3750000000000000E-002
         943  0.14874999999999999     
         944  0.16250000000000001     
         945  0.21124999999999999     
         946  0.15625000000000000     
         947  0.20250000000000001     
         948   9.1249999999999998E-002
         949   1.8749999999999999E-002
         950  0.21375000000000000     
         951   1.3750000000000000E-002
         952  0.17624999999999999     
         953  0.15500000000000000     
         954   2.9999999999999999E-002
         955  0.21750000000000000     
         956  0.10375000000000000     
         957  0.24750000000000000     
         958   3.6249999999999998E-002
         959   3.8750000000000000E-002
         960   2.6249999999999999E-002
         961   8.1250000000000003E-002
         962  0.12125000000000000     
         963   2.8750000000000001E-002
         964  0.18875000000000000     
         965   7.2499999999999995E-002
         966   3.7499999999999999E-003
         967  0.15750000000000000     
         968   6.2500000000000000E-002
         969  0.11000000000000000     
         970  0.12750000000000000     
         971  0.16125000000000000     
         972  0.19375000000000001     
         973  0.21249999999999999     
         974  0.11500000000000000     
         975   5.9999999999999998E-002
         976  0.16125000000000000     
         977   3.8750000000000000E-002
         978   2.5000000000000001E-002
         979  0.21124999999999999     
         980   5.0000000000000001E-003
         981   5.1249999999999997E-002
         982   3.5000000000000003E-002
         983  0.13000000000000000     
         984   8.7499999999999994E-002
         985  0.15125000000000000     
         986   5.9999999999999998E-002
         987  0.11500000000000000     
         988   7.2499999999999995E-002
         989  0.13125000000000001     
         990   3.7499999999999999E-003
         991  0.12250000000000000     
         992   9.8750000000000004E-002
         993  0.10375000000000000     
         994   8.7500000000000008E-003
         995   1.4999999999999999E-002
         996   2.3750000000000000E-002
         997   3.8750000000000000E-002
         998   7.4999999999999997E-002
         999  0.15250000000000000     
        1000   5.6250000000000001E-002
        1001   1.4999999999999999E-002
        1002   7.1249999999999994E-002
        1003   5.9999999999999998E-002
        1004  0.22750000000000001     
        1005   5.5000000000000000E-002
        1006   5.0000000000000003E-002
        1007   5.0000000000000001E-003
        1008   4.3749999999999997E-002
        1009   1.2500000000000001E-002
        1010   3.8750000000000000E-002
        1011  0.35999999999999999     
        1012  0.11625000000000001     
        1013  0.10625000000000000     
        1014   7.3749999999999996E-002
        1015  0.24374999999999999     
        1016   2.3750000000000000E-002
        1017   2.0000000000000000E-002
        1018  0.13375000000000001     
        1019   3.6249999999999998E-002
        1020  0.10000000000000001     
        1021  0.19500000000000001     
        1022   1.7500000000000002E-002
        1023  0.15250000000000000     
        1024   7.8750000000000001E-002
        1025  0.25124999999999997     
        1026   2.6249999999999999E-002
        1027  0.10000000000000001     
        1028   8.9999999999999997E-002
        1029  0.31500000000000000     
        1030   2.5000000000000001E-003
        1031  0.10000000000000001     
        1032   7.3749999999999996E-002
        1033  0.20000000000000001     
        1034   6.2500000000000003E-003
        1035  0.15125000000000000     
        1036   8.6249999999999993E-002
        1037  0.14499999999999999     
        1038   4.8750000000000002E-002
        1039  0.18625000000000000     
        1040  0.14374999999999999     
        1041   6.8750000000000006E-002
        1042  0.22500000000000001     
        1043   5.5000000000000000E-002
        1044  0.13250000000000001     
        1045   5.0000000000000001E-003
        1046   8.8749999999999996E-002
        1047  0.14249999999999999     
        1048  0.18625000000000000     
        1049   9.7500000000000003E-002
        1050   1.0000000000000000E-002
        1051   8.1250000000000003E-002
        1052   1.7500000000000002E-002
        1053   2.1250000000000002E-002
        1054   6.1249999999999999E-002
        1055  0.18500000000000000     
        1056  0.18375000000000000     
        1057   1.4999999999999999E-002
        1058  0.22875000000000001     
        1059  0.20125000000000001     
        1060  0.21375000000000000     
        1061  0.12875000000000000     
        1062   6.3750000000000001E-002
        1063   5.8749999999999997E-002
        1064  0.10125000000000001     
        1065  0.14000000000000001     
        1066  0.10000000000000001     
        1067  0.21249999999999999     
        1068  0.12750000000000000     
        1069   9.2499999999999999E-002
        1070  0.11000000000000000     
        1071   5.1249999999999997E-002
        1072   2.7500000000000000E-002
        1073  0.11625000000000001     
        1074   9.5000000000000001E-002
        1075  0.10375000000000000     
        1076   4.2500000000000003E-002
        1077   3.5000000000000003E-002
        1078   4.0000000000000001E-002
        1079   5.5000000000000000E-002
        1080   5.0000000000000003E-002
        1081  0.12625000000000000     
        1082  0.10875000000000000     
        1083   6.2500000000000000E-002
        1084  0.12625000000000000     
        1085   7.8750000000000001E-002
        1086  0.30875000000000002     
        1087  0.13625000000000001     
        1088  0.10750000000000000     
        1089   1.2500000000000001E-002
        1090   4.7500000000000001E-002
        1091   8.9999999999999997E-002
        1092  0.16750000000000001     
        1093   8.9999999999999997E-002
        1094   8.0000000000000002E-002
        1095  0.17624999999999999     
        1096  0.10000000000000001     
        1097  0.11125000000000000     
        1098   6.5000000000000002E-002
        1099   5.0000000000000003E-002
        1100  0.12750000000000000     
        1101   4.1250000000000002E-002
        1102   2.1250000000000002E-002
        1103   4.7500000000000001E-002
        1104   9.2499999999999999E-002
        1105  0.16375000000000001     
        1106  0.13125000000000001     
        1107   1.8749999999999999E-002
        1108  0.11375000000000000     
        1109   6.5000000000000002E-002
        1110   2.3750000000000000E-002
        1111  0.11874999999999999     
        1112   5.7500000000000002E-002
        1113  0.13375000000000001     
        1114   8.6249999999999993E-002
        1115   3.6249999999999998E-002
        1116   2.3750000000000000E-002
        1117   3.7499999999999999E-002
        1118  0.29375000000000001     
        1119   7.2499999999999995E-002
        1120  0.10625000000000000     
        1121  0.18250000000000000     
        1122   3.1250000000000000E-002
        1123   5.0000000000000001E-003
        1124  0.12375000000000000     
        1125   3.3750000000000002E-002
        1126  0.12625000000000000     
        1127   3.8750000000000000E-002
        1128  0.15375000000000000     
        1129   1.4999999999999999E-002
        1130  0.19000000000000000     
        1131  0.10500000000000000     
        1132   5.9999999999999998E-002
        1133  0.29125000000000001     
        1134   4.6249999999999999E-002
        1135   2.0000000000000000E-002
        1136   7.7499999999999999E-002
        1137  0.12250000000000000     
        1138  0.25124999999999997     
        1139   9.2499999999999999E-002
        1140   1.3750000000000000E-002
        1141   1.8749999999999999E-002
        1142  0.16375000000000001     
        1143  0.28749999999999998     
        1144   7.7499999999999999E-002
        1145  0.17999999999999999     
        1146   2.1250000000000002E-002
        1147  0.26624999999999999     
        1148   7.8750000000000001E-002
        1149   6.2500000000000000E-002
        1150  0.17374999999999999     
        1151   1.8749999999999999E-002
        1152   8.2500000000000004E-002
        1153   3.8750000000000000E-002
        1154  0.10125000000000001     
        1155  0.13625000000000001     
        1156   8.3750000000000005E-002
        1157   1.0000000000000000E-002
        1158   1.7500000000000002E-002
        1159  0.18750000000000000     
        1160   9.3750000000000000E-002
        1161   1.2500000000000000E-003
        1162  0.10249999999999999     
        1163   5.1249999999999997E-002
        1164   4.4999999999999998E-002
        1165  0.18250000000000000     
        1166  0.13500000000000001     
        1167   7.8750000000000001E-002
        1168  0.20000000000000001     
        1169   6.2500000000000000E-002
        1170  0.15875000000000000     
        1171   4.1250000000000002E-002
        1172  0.16375000000000001     
        1173  0.10625000000000000     
        1174   6.2500000000000003E-003
        1175   5.6250000000000001E-002
        1176   7.1249999999999994E-002
        1177   6.2500000000000000E-002
        1178  0.12375000000000000     
        1179  0.17000000000000001     
        1180  0.20374999999999999     
        1181   3.7499999999999999E-002
        1182  0.18875000000000000     
        1183   1.2500000000000001E-002
        1184   7.3749999999999996E-002
        1185  0.38374999999999998     
        1186  0.28999999999999998     
        1187   3.8750000000000000E-002
        1188  0.27374999999999999     
        1189   9.5000000000000001E-002
        1190  0.14124999999999999     
        1191  0.16750000000000001     
        1192   4.1250000000000002E-002
        1193  0.26124999999999998     
        1194  0.20624999999999999     
        1195  0.12250000000000000     
        1196  0.10625000000000000     
        1197   8.5000000000000006E-002
        1198  0.12125000000000000     
        1199  0.17624999999999999     
        1200  0.14124999999999999     
        1201  0.28625000000000000     
        1202   6.1249999999999999E-002
        1203   8.6249999999999993E-002
        1204  0.10125000000000001     
        1205  0.28249999999999997     
        1206   3.3750000000000002E-002
        1207  0.13375000000000001     
        1208   8.7499999999999994E-002
        1209   5.5000000000000000E-002
        1210  0.19750000000000001     
        1211  0.10125000000000001     
        1212  0.13500000000000001     
        1213   6.6250000000000003E-002
        1214   5.3749999999999999E-002
        1215  0.20125000000000001     
        1216   8.7500000000000008E-003
        1217   3.3750000000000002E-002
        1218  0.30625000000000002     
        1219  0.11874999999999999     
        1220   9.6250000000000002E-002
        1221  0.26624999999999999     
        1222   1.1250000000000000E-002
        1223  0.23749999999999999     
        1224   6.2500000000000003E-003
        1225   1.0000000000000000E-002
        1226  0.14749999999999999     
        1227  0.21875000000000000     
        1228   2.3750000000000000E-002
        1229   7.8750000000000001E-002
        1230   4.8750000000000002E-002
        1231   1.2500000000000001E-002
        1232  0.19125000000000000     
        1233   6.5000000000000002E-002
        1234  0.12250000000000000     
        1235  0.17624999999999999     
        1236  0.11500000000000000     
        1237   5.0000000000000001E-003
        1238  0.14124999999999999     
        1239  0.16500000000000001     
        1240   7.4999999999999997E-002
        1241   8.0000000000000002E-002
        1242   2.3750000000000000E-002
        1243   4.3749999999999997E-002
        1244   6.5000000000000002E-002
        1245  0.20250000000000001     
        1246   2.8750000000000001E-002
        1247  0.10375000000000000     
        1248   3.1250000000000000E-002
        1249  0.16500000000000001     
        1250   3.5000000000000003E-002
        1251   1.2500000000000001E-002
        1252  0.10249999999999999     
        1253  0.24374999999999999     
        1254   6.5000000000000002E-002
        1255   3.1250000000000000E-002
        1256  0.16875000000000001     
        1257   3.1250000000000000E-002
        1258   8.8749999999999996E-002
        1259  0.24625000000000000     
        1260  0.17374999999999999     
        1261   5.2499999999999998E-002
        1262  0.10500000000000000     
        1263  0.15625000000000000     
        1264   1.4999999999999999E-002
        1265  0.15750000000000000     
        1266  0.23499999999999999     
        1267  0.17874999999999999     
        1268   5.0000000000000001E-003
        1269   3.8750000000000000E-002
        1270   7.4999999999999997E-002
        1271   2.8750000000000001E-002
        1272   5.1249999999999997E-002
        1273   2.5000000000000001E-003
        1274   4.8750000000000002E-002
        1275  0.26874999999999999     
        1276  0.15125000000000000     
        1277  0.12875000000000000     
        1278   9.1249999999999998E-002
        1279   6.3750000000000001E-002
        1280   6.2500000000000003E-003
        1281   7.0000000000000007E-002
        1282   4.2500000000000003E-002
        1283   7.8750000000000001E-002
        1284  0.11749999999999999     
        1285  0.10500000000000000     
        1286   6.2500000000000000E-002
        1287  0.11625000000000001     
        1288   5.3749999999999999E-002
        1289  0.12250000000000000     
        1290  0.10875000000000000     
        1291   5.3749999999999999E-002
        1292  0.13750000000000001     
        1293   8.3750000000000005E-002
        1294   5.2499999999999998E-002
        1295  0.16125000000000000     
        1296  0.14124999999999999     
        1297  0.11375000000000000     
        1298   8.5000000000000006E-002
        1299  0.26124999999999998     
        1300   2.5000000000000001E-003
        1301   8.0000000000000002E-002
        1302  0.21249999999999999     
        1303  0.19875000000000001     
        1304  0.11375000000000000     
        1305   8.0000000000000002E-002
        1306   5.8749999999999997E-002
        1307  0.17749999999999999     
        1308   9.8750000000000004E-002
        1309   2.7500000000000000E-002
        1310   4.4999999999999998E-002
        1311  0.21875000000000000     
        1312   4.1250000000000002E-002
        1313  0.25374999999999998     
        1314  0.15750000000000000     
        1315  0.24875000000000000     
        1316   9.6250000000000002E-002
        1317   9.3750000000000000E-002
        1318   2.3750000000000000E-002
        1319   7.0000000000000007E-002
        1320  0.14499999999999999     
        1321   6.8750000000000006E-002
        1322  0.14374999999999999     
        1323   7.4999999999999997E-003
        1324  0.19375000000000001     
        1325  0.11749999999999999     
        1326   5.2499999999999998E-002
        1327  0.10625000000000000     
        1328   1.6250000000000001E-002
        1329   1.8749999999999999E-002
        1330   2.6249999999999999E-002
        1331   9.3750000000000000E-002
        1332  0.16750000000000001     
        1333  0.17000000000000001     
        1334  0.21249999999999999     
        1335  0.18625000000000000     
        1336  0.10249999999999999     
        1337  0.25374999999999998     
        1338   5.3749999999999999E-002
        1339   1.1250000000000000E-002
        1340   6.7500000000000004E-002
        1341   4.1250000000000002E-002
        1342   9.8750000000000004E-002
        1343  0.12875000000000000     
        1344  0.24124999999999999     
        1345   6.5000000000000002E-002
        1346  0.21750000000000000     
        1347   7.7499999999999999E-002
        1348   4.1250000000000002E-002
        1349  0.10125000000000001     
        1350   7.8750000000000001E-002
        1351   5.7500000000000002E-002
        1352  0.12750000000000000     
        1353   7.4999999999999997E-002
        1354   3.8750000000000000E-002
        1355  0.10875000000000000     
        1356   1.0000000000000000E-002
        1357   2.3750000000000000E-002
        1358   3.6249999999999998E-002
        1359  0.15375000000000000     
        1360   9.7500000000000003E-002
        1361  0.15875000000000000     
        1362  0.16250000000000001     
        1363   6.5000000000000002E-002
        1364   9.6250000000000002E-002
        1365  0.20624999999999999     
        1366  0.11625000000000001     
        1367  0.11375000000000000     
        1368   3.7499999999999999E-002
        1369  0.13750000000000001     
        1370   5.1249999999999997E-002
        1371  0.14624999999999999     
        1372   8.0000000000000002E-002
        1373   9.3750000000000000E-002
        1374  0.24625000000000000     
        1375   8.8749999999999996E-002
        1376   5.1249999999999997E-002
        1377  0.15875000000000000     
        1378   3.7499999999999999E-002
        1379  0.12875000000000000     
        1380   2.5000000000000001E-002
        1381  0.25124999999999997     
        1382  0.28249999999999997     
        1383  0.10625000000000000     
        1384   6.3750000000000001E-002
        1385   7.3749999999999996E-002
        1386  0.13875000000000001     
        1387  0.15375000000000000     
        1388  0.12250000000000000     
        1389  0.16375000000000001     
        1390   4.2500000000000003E-002
        1391   2.9999999999999999E-002
        1392  0.14249999999999999     
        1393  0.10625000000000000     
        1394   0.0000000000000000     
        1395  0.13750000000000001     
        1396  0.12250000000000000     
        1397   2.3750000000000000E-002
        1398  0.25374999999999998     
        1399   4.1250000000000002E-002
        1400   9.2499999999999999E-002
        1401   2.8750000000000001E-002
        1402   3.2500000000000001E-002
        1403  0.21375000000000000     
        1404   1.1250000000000000E-002
        1405  0.12750000000000000     
        1406  0.14749999999999999     
        1407   1.6250000000000001E-002
        1408  0.10375000000000000     
        1409  0.10000000000000001     
        1410  0.20874999999999999     
        1411  0.17000000000000001     
        1412  0.12875000000000000     
        1413   7.2499999999999995E-002
        1414   1.8749999999999999E-002
        1415  0.18124999999999999     
        1416   9.2499999999999999E-002
        1417   8.8749999999999996E-002
        1418  0.13375000000000001     
        1419   4.1250000000000002E-002
        1420  0.12375000000000000     
        1421  0.16125000000000000     
        1422   5.9999999999999998E-002
        1423  0.16375000000000001     
        1424   9.8750000000000004E-002
        1425   1.6250000000000001E-002
        1426   3.3750000000000002E-002
        1427   1.6250000000000001E-002
        1428  0.10500000000000000     
        1429   7.8750000000000001E-002
        1430   9.6250000000000002E-002
        1431  0.11000000000000000     
        1432   4.0000000000000001E-002
        1433  0.20125000000000001     
        1434   7.1249999999999994E-002
        1435   7.7499999999999999E-002
        1436   7.8750000000000001E-002
        1437  0.23000000000000001     
        1438   4.8750000000000002E-002
        1439   7.3749999999999996E-002
        1440   6.2500000000000000E-002
        1441   9.1249999999999998E-002
        1442   2.7500000000000000E-002
        1443   9.8750000000000004E-002
        1444   3.7499999999999999E-002
        1445  0.12500000000000000     
        1446   1.0000000000000000E-002
        1447  0.26750000000000002     
        1448  0.17000000000000001     
        1449   7.4999999999999997E-002
        1450  0.10125000000000001     
        1451   7.4999999999999997E-002
        1452   5.7500000000000002E-002
        1453   8.1250000000000003E-002
        1454   1.0000000000000000E-002
        1455  0.15375000000000000     
        1456  0.10500000000000000     
        1457  0.20999999999999999     
        1458   5.9999999999999998E-002
        1459   1.6250000000000001E-002
        1460  0.24249999999999999     
        1461   1.0000000000000000E-002
        1462  0.12250000000000000     
        1463   2.2499999999999999E-002
        1464  0.18375000000000000     
        1465  0.13625000000000001     
        1466   1.3750000000000000E-002
        1467   5.6250000000000001E-002
        1468   9.5000000000000001E-002
        1469   3.7499999999999999E-003
        1470  0.13625000000000001     
        1471   8.0000000000000002E-002
        1472   2.8750000000000001E-002
        1473   7.2499999999999995E-002
        1474   6.8750000000000006E-002
        1475  0.15250000000000000     
        1476  0.28000000000000003     
        1477   1.4999999999999999E-002
        1478  0.23250000000000001     
        1479   8.8749999999999996E-002
        1480   5.8749999999999997E-002
        1481  0.34499999999999997     
        1482  0.18375000000000000     
        1483  0.14374999999999999     
        1484   1.1250000000000000E-002
        1485  0.15125000000000000     
        1486   5.5000000000000000E-002
        1487   3.2500000000000001E-002
        1488   6.2500000000000000E-002
        1489  0.22500000000000001     
        1490  0.17374999999999999     
        1491  0.15375000000000000     
        1492  0.10625000000000000     
        1493   5.2499999999999998E-002
        1494  0.18875000000000000     
        1495  0.14999999999999999     
        1496  0.17125000000000001     
        1497   7.3749999999999996E-002
        1498  0.21500000000000000     
        1499  0.13125000000000001     
        1500  0.12000000000000000     
        1501   2.5000000000000001E-003
        1502   2.2499999999999999E-002
        1503   1.2500000000000000E-003
        1504  0.20000000000000001     
        1505  0.11500000000000000     
        1506  0.14000000000000001     
        1507  0.28999999999999998     
        1508   2.5000000000000001E-002
        1509   2.8750000000000001E-002
        1510   7.0000000000000007E-002
        1511   7.2499999999999995E-002
        1512  0.14124999999999999     
        1513  0.23250000000000001     
        1514  0.23000000000000001     
        1515  0.10750000000000000     
        1516   6.8750000000000006E-002
        1517   2.5000000000000001E-002
        1518   7.3749999999999996E-002
        1519  0.11125000000000000     
        1520   4.6249999999999999E-002
        1521  0.11250000000000000     
        1522  0.12500000000000000     
        1523  0.10249999999999999     
        1524   5.5000000000000000E-002
        1525  0.29999999999999999     
        1526  0.20999999999999999     
        1527   6.1249999999999999E-002
        1528  0.28999999999999998     
        1529   9.1249999999999998E-002
        1530  0.12875000000000000     
        1531   7.0000000000000007E-002
        1532  0.15125000000000000     
        1533  0.37375000000000003     
        1534  0.15625000000000000     
        1535   3.3750000000000002E-002
        1536   4.7500000000000001E-002
        1537   6.2500000000000003E-003
        1538  0.13625000000000001     
        1539   3.7499999999999999E-003
        1540  0.11250000000000000     
        1541  0.11500000000000000     
        1542  0.29999999999999999     
        1543   8.0000000000000002E-002
        1544  0.19500000000000001     
        1545  0.21124999999999999     
        1546   2.3750000000000000E-002
        1547   5.5000000000000000E-002
        1548  0.16875000000000001     
        1549  0.14624999999999999     
        1550   6.5000000000000002E-002
        1551  0.17624999999999999     
        1552   4.1250000000000002E-002
        1553   6.2500000000000003E-003
        1554   6.8750000000000006E-002
        1555   3.8750000000000000E-002
        1556   2.3750000000000000E-002
        1557  0.20125000000000001     
        1558   3.6249999999999998E-002
        1559   5.6250000000000001E-002
        1560  0.16375000000000001     
        1561  0.10500000000000000     
        1562   4.4999999999999998E-002
        1563   1.2500000000000001E-002
        1564   1.2500000000000001E-002
        1565  0.26750000000000002     
        1566  0.14499999999999999     
        1567   6.6250000000000003E-002
        1568   2.6249999999999999E-002
        1569   5.7500000000000002E-002
        1570  0.16125000000000000     
        1571   4.4999999999999998E-002
        1572  0.11749999999999999     
        1573   5.5000000000000000E-002
        1574  0.28249999999999997     
        1575   9.7500000000000003E-002
        1576   4.3749999999999997E-002
        1577  0.14874999999999999     
        1578  0.17874999999999999     
        1579   8.0000000000000002E-002
        1580   1.8749999999999999E-002
        1581  0.11375000000000000     
        1582   9.1249999999999998E-002
        1583   8.7499999999999994E-002
        1584   6.3750000000000001E-002
        1585  0.22750000000000001     
        1586  0.14749999999999999     
        1587  0.17624999999999999     
        1588  0.16000000000000000     
        1589  0.29375000000000001     
        1590  0.10000000000000001     
        1591   3.1250000000000000E-002
        1592   7.6249999999999998E-002
        1593  0.17374999999999999     
        1594   8.9999999999999997E-002
        1595  0.17624999999999999     
        1596   4.0000000000000001E-002
        1597   6.2500000000000000E-002
        1598   7.4999999999999997E-002
        1599  0.18500000000000000     
        1600   4.2500000000000003E-002
        1601  0.23375000000000001     
        1602  0.25250000000000000     
        1603  0.17374999999999999     
        1604   3.3750000000000002E-002
        1605  0.11625000000000001     
        1606  0.20374999999999999     
        1607   4.0000000000000001E-002
        1608  0.14000000000000001     
        1609   9.2499999999999999E-002
        1610  0.13000000000000000     
        1611  0.15625000000000000     
        1612  0.17125000000000001     
        1613   8.8749999999999996E-002
        1614   3.7499999999999999E-002
        1615  0.10875000000000000     
        1616  0.15750000000000000     
        1617  0.15875000000000000     
        1618  0.17249999999999999     
        1619   8.2500000000000004E-002
        1620   1.8749999999999999E-002
        1621  0.15500000000000000     
        1622   6.5000000000000002E-002
        1623  0.11375000000000000     
        1624   9.5000000000000001E-002
        1625  0.10125000000000001     
        1626   2.6249999999999999E-002
        1627   8.7500000000000008E-003
        1628   6.3750000000000001E-002
        1629   7.6249999999999998E-002
        1630  0.28625000000000000     
        1631   5.5000000000000000E-002
        1632   8.5000000000000006E-002
        1633   9.3750000000000000E-002
        1634   8.9999999999999997E-002
        1635   7.7499999999999999E-002
        1636   9.2499999999999999E-002
        1637   7.4999999999999997E-002
        1638  0.33500000000000002     
        1639   1.2500000000000000E-003
        1640   9.3750000000000000E-002
        1641  0.15875000000000000     
        1642  0.15750000000000000     
        1643   1.7500000000000002E-002
        1644  0.22125000000000000     
        1645  0.10125000000000001     
        1646   7.8750000000000001E-002
        1647   2.5000000000000001E-003
        1648   5.0000000000000001E-003
        1649  0.20624999999999999     
        1650   9.7500000000000003E-002
        1651  0.19125000000000000     
        1652   8.0000000000000002E-002
        1653  0.40000000000000002     
        1654   2.7500000000000000E-002
        1655   1.4999999999999999E-002
        1656   1.1250000000000000E-002
        1657   4.2500000000000003E-002
        1658   7.6249999999999998E-002
        1659  0.17749999999999999     
        1660   6.5000000000000002E-002
        1661   3.1250000000000000E-002
        1662   7.2499999999999995E-002
        1663  0.33750000000000002     
        1664   3.8750000000000000E-002
        1665  0.18750000000000000     
        1666   5.2499999999999998E-002
        1667   8.8749999999999996E-002
        1668   2.8750000000000001E-002
        1669  0.21375000000000000     
        1670  0.10375000000000000     
        1671  0.12375000000000000     
        1672  0.23749999999999999     
        1673   7.6249999999999998E-002
        1674   8.0000000000000002E-002
        1675   8.2500000000000004E-002
        1676  0.25000000000000000     
        1677   8.9999999999999997E-002
        1678  0.11000000000000000     
        1679  0.12500000000000000     
        1680   9.7500000000000003E-002
        1681   6.7500000000000004E-002
        1682  0.14124999999999999     
        1683   1.2500000000000001E-002
        1684   8.9999999999999997E-002
        1685   1.6250000000000001E-002
        1686   5.5000000000000000E-002
        1687   7.0000000000000007E-002
        1688   8.7500000000000008E-003
        1689   5.6250000000000001E-002
        1690   7.2499999999999995E-002
        1691  0.12875000000000000     
        1692  0.14249999999999999     
        1693   4.8750000000000002E-002
        1694   8.7499999999999994E-002
        1695   4.0000000000000001E-002
        1696  0.17749999999999999     
        1697   4.8750000000000002E-002
        1698  0.12000000000000000     
        1699   4.6249999999999999E-002
        1700  0.12500000000000000     
        1701  0.15750000000000000     
        1702   5.9999999999999998E-002
        1703   3.1250000000000000E-002
        1704  0.12250000000000000     
        1705  0.13125000000000001     
        1706   7.4999999999999997E-002
        1707  0.15750000000000000     
        1708  0.17874999999999999     
        1709   9.7500000000000003E-002
        1710  0.18250000000000000     
        1711  0.28875000000000001     
        1712  0.22750000000000001     
        1713   2.5000000000000001E-002
        1714   3.1250000000000000E-002
        1715  0.14374999999999999     
        1716   7.3749999999999996E-002
        1717  0.16250000000000001     
        1718   3.7499999999999999E-003
        1719   4.3749999999999997E-002
        1720   1.7500000000000002E-002
        1721   4.8750000000000002E-002
        1722   1.6250000000000001E-002
        1723   1.2500000000000000E-003
        1724   8.8749999999999996E-002
        1725   3.2500000000000001E-002
        1726   1.1250000000000000E-002
        1727  0.26750000000000002     
        1728   8.8749999999999996E-002
        1729  0.28125000000000000     
        1730   1.8749999999999999E-002
        1731   3.6249999999999998E-002
        1732   4.3749999999999997E-002
        1733  0.28375000000000000     
        1734   8.9999999999999997E-002
        1735   7.4999999999999997E-003
        1736  0.16625000000000001     
        1737   4.6249999999999999E-002
        1738  0.23499999999999999     
        1739   5.3749999999999999E-002
        1740  0.16750000000000001     
        1741  0.13875000000000001     
        1742   5.1249999999999997E-002
        1743  0.19125000000000000     
        1744   4.4999999999999998E-002
        1745  0.10875000000000000     
        1746   4.3749999999999997E-002
        1747   7.6249999999999998E-002
        1748   2.5000000000000001E-003
        1749   4.0000000000000001E-002
        1750   3.7499999999999999E-002
        1751   7.2499999999999995E-002
        1752  0.10500000000000000     
        1753   6.6250000000000003E-002
        1754   9.8750000000000004E-002
        1755  0.18250000000000000     
        1756   1.8749999999999999E-002
        1757   5.5000000000000000E-002
        1758   7.8750000000000001E-002
        1759   3.7499999999999999E-003
        1760  0.19375000000000001     
        1761  0.20499999999999999     
        1762  0.20749999999999999     
        1763   4.8750000000000002E-002
        1764  0.13750000000000001     
        1765   4.7500000000000001E-002
        1766   2.3750000000000000E-002
        1767   6.8750000000000006E-002
        1768   6.5000000000000002E-002
        1769   1.2500000000000001E-002
        1770  0.15375000000000000     
        1771   8.1250000000000003E-002
        1772   2.9999999999999999E-002
        1773  0.19000000000000000     
        1774   7.4999999999999997E-003
        1775   1.3750000000000000E-002
        1776  0.20749999999999999     
        1777   7.4999999999999997E-003
        1778   7.8750000000000001E-002
        1779  0.14249999999999999     
        1780   4.2500000000000003E-002
        1781   7.8750000000000001E-002
        1782   3.5000000000000003E-002
        1783   1.8749999999999999E-002
        1784   2.3750000000000000E-002
        1785  0.17874999999999999     
        1786   4.7500000000000001E-002
        1787   9.5000000000000001E-002
        1788  0.14374999999999999     
        1789   6.5000000000000002E-002
        1790   1.2500000000000000E-003
        1791   3.7499999999999999E-002
        1792  0.13875000000000001     
        1793  0.18124999999999999     
        1794   5.0000000000000001E-003
        1795  0.33624999999999999     
        1796  0.20874999999999999     
        1797   3.6249999999999998E-002
        1798  0.11874999999999999     
        1799   3.5000000000000003E-002
        1800   2.3750000000000000E-002
        1801  0.25750000000000001     
        1802  0.11749999999999999     
        1803  0.15750000000000000     
        1804   9.2499999999999999E-002
        1805  0.20125000000000001     
        1806   8.7500000000000008E-003
        1807  0.10249999999999999     
        1808   1.7500000000000002E-002
        1809  0.12125000000000000     
        1810   3.8750000000000000E-002
        1811   5.6250000000000001E-002
        1812   1.4999999999999999E-002
        1813   2.8750000000000001E-002
        1814   3.7499999999999999E-003
        1815  0.11250000000000000     
        1816  0.11749999999999999     
        1817   7.6249999999999998E-002
        1818   7.7499999999999999E-002
        1819  0.17374999999999999     
        1820  0.21124999999999999     
        1821   1.6250000000000001E-002
        1822  0.12875000000000000     
        1823  0.14749999999999999     
        1824   2.6249999999999999E-002
        1825   8.0000000000000002E-002
        1826   5.1249999999999997E-002
        1827   7.1249999999999994E-002
        1828   1.8749999999999999E-002
        1829   6.7500000000000004E-002
        1830  0.16375000000000001     
        1831   3.2500000000000001E-002
        1832   3.8750000000000000E-002
        1833  0.19625000000000001     
        1834   6.3750000000000001E-002
        1835  0.10750000000000000     
        1836  0.11250000000000000     
        1837  0.22250000000000000     
        1838  0.24249999999999999     
        1839  0.16750000000000001     
        1840  0.26624999999999999     
        1841  0.10249999999999999     
        1842   8.7500000000000008E-003
        1843  0.14874999999999999     
        1844   6.5000000000000002E-002
        1845  0.15875000000000000     
        1846  0.24249999999999999     
        1847   8.2500000000000004E-002
        1848   4.4999999999999998E-002
        1849  0.17125000000000001     
        1850  0.17874999999999999     
        1851  0.23375000000000001     
        1852   2.9999999999999999E-002
        1853   5.9999999999999998E-002
        1854  0.11500000000000000     
        1855   9.6250000000000002E-002
        1856  0.16250000000000001     
        1857   1.4999999999999999E-002
        1858   4.3749999999999997E-002
        1859   7.2499999999999995E-002
        1860  0.15500000000000000     
        1861  0.11125000000000000     
        1862  0.13250000000000001     
        1863  0.30249999999999999     
        1864  0.18500000000000000     
        1865   1.7500000000000002E-002
        1866  0.21249999999999999     
        1867   5.2499999999999998E-002
        1868  0.13125000000000001     
        1869  0.17249999999999999     
        1870   6.8750000000000006E-002
        1871   4.0000000000000001E-002
        1872  0.21500000000000000     
        1873  0.20999999999999999     
        1874   5.6250000000000001E-002
        1875   4.3749999999999997E-002
        1876  0.16625000000000001     
        1877   5.2499999999999998E-002
        1878  0.12500000000000000     
        1879  0.19250000000000000     
        1880  0.11250000000000000     
        1881   9.5000000000000001E-002
        1882  0.10249999999999999     
        1883  0.10125000000000001     
        1884  0.19250000000000000     
        1885   3.7499999999999999E-003
        1886  0.12500000000000000     
        1887   9.7500000000000003E-002
        1888  0.11749999999999999     
        1889  0.11000000000000000     
        1890   7.7499999999999999E-002
        1891   1.1250000000000000E-002
        1892   3.6249999999999998E-002
        1893   7.7499999999999999E-002
        1894  0.30375000000000002     
        1895  0.18500000000000000     
        1896  0.17000000000000001     
        1897   2.1250000000000002E-002
        1898   9.2499999999999999E-002
        1899   5.0000000000000003E-002
        1900   4.2500000000000003E-002
        1901  0.13625000000000001     
        1902  0.16625000000000001     
        1903  0.10000000000000001     
        1904  0.12500000000000000     
        1905   8.7499999999999994E-002
        1906   5.8749999999999997E-002
        1907  0.13625000000000001     
        1908  0.20125000000000001     
        1909  0.23624999999999999     
        1910   9.2499999999999999E-002
        1911   7.3749999999999996E-002
        1912  0.14000000000000001     
        1913  0.27875000000000000     
        1914  0.11250000000000000     
        1915   2.1250000000000002E-002
        1916   6.1249999999999999E-002
        1917   4.8750000000000002E-002
        1918   8.7500000000000008E-003
        1919   7.0000000000000007E-002
        1920  0.16625000000000001     
        1921   6.8750000000000006E-002
        1922   6.3750000000000001E-002
        1923   5.3749999999999999E-002
        1924  0.20749999999999999     
        1925  0.20374999999999999     
        1926   0.0000000000000000     
        1927   2.1250000000000002E-002
        1928   4.7500000000000001E-002
        1929   9.6250000000000002E-002
        1930   1.7500000000000002E-002
        1931   4.3749999999999997E-002
        1932  0.14749999999999999     
        1933  0.17624999999999999     
        1934   6.8750000000000006E-002
        1935   8.0000000000000002E-002
        1936   2.6249999999999999E-002
        1937   9.2499999999999999E-002
        1938  0.14249999999999999     
        1939  0.17125000000000001     
        1940   6.8750000000000006E-002
        1941   4.4999999999999998E-002
        1942   6.2500000000000003E-003
        1943  0.17499999999999999     
        1944  0.13750000000000001     
        1945  0.15625000000000000     
        1946   4.7500000000000001E-002
        1947  0.16250000000000001     
        1948   5.9999999999999998E-002
        1949  0.12500000000000000     
        1950   8.2500000000000004E-002
        1951   3.3750000000000002E-002
        1952  0.14124999999999999     
        1953   3.7499999999999999E-003
        1954   9.6250000000000002E-002
        1955   5.9999999999999998E-002
        1956  0.18375000000000000     
        1957   1.1250000000000000E-002
        1958  0.17499999999999999     
        1959   8.8749999999999996E-002
        1960   6.3750000000000001E-002
        1961   6.2500000000000003E-003
        1962   3.1250000000000000E-002
        1963  0.24625000000000000     
        1964  0.10750000000000000     
        1965   8.6249999999999993E-002
        1966  0.10750000000000000     
        1967  0.18250000000000000     
        1968   3.5000000000000003E-002
        1969   9.1249999999999998E-002
        1970   1.1250000000000000E-002
        1971   8.8749999999999996E-002
        1972   8.2500000000000004E-002
        1973   9.5000000000000001E-002
        1974  0.15375000000000000     
        1975   5.1249999999999997E-002
        1976   1.4999999999999999E-002
        1977   5.5000000000000000E-002
        1978  0.11125000000000000     
        1979   6.3750000000000001E-002
        1980   2.5000000000000001E-002
        1981   4.0000000000000001E-002
        1982   8.2500000000000004E-002
        1983   3.6249999999999998E-002
        1984   7.7499999999999999E-002
        1985   3.3750000000000002E-002
        1986   5.0000000000000003E-002
        1987   2.5000000000000001E-002
        1988  0.17249999999999999     
        1989   3.7499999999999999E-003
        1990  0.20250000000000001     
        1991  0.11375000000000000     
        1992   4.8750000000000002E-002
        1993  0.18500000000000000     
        1994   7.7499999999999999E-002
        1995   7.4999999999999997E-002
        1996  0.19125000000000000     
        1997   7.4999999999999997E-003
        1998  0.16875000000000001     
        1999   1.2500000000000001E-002
        2000   5.1249999999999997E-002
