           1   1.4999999999999999E-002
           2   2.5000000000000001E-002
           3   5.2499999999999998E-002
           4   4.2500000000000003E-002
           5   3.2500000000000001E-002
           6   2.8750000000000001E-002
           7   1.2500000000000001E-002
           8   2.9999999999999999E-002
           9   5.3749999999999999E-002
          10   1.2500000000000000E-003
          11   6.3750000000000001E-002
          12   7.4999999999999997E-002
          13   9.7500000000000003E-002
          14   2.2499999999999999E-002
          15   2.6249999999999999E-002
          16   7.4999999999999997E-003
          17   2.0000000000000000E-002
          18   3.7499999999999999E-002
          19   5.8749999999999997E-002
          20   4.2500000000000003E-002
          21   7.4999999999999997E-003
          22   2.5000000000000001E-003
          23   1.3750000000000000E-002
          24   1.2500000000000001E-002
          25   7.4999999999999997E-003
          26   1.2500000000000001E-002
          27   4.7500000000000001E-002
          28   8.3750000000000005E-002
          29   7.7499999999999999E-002
          30   5.5000000000000000E-002
          31   4.3749999999999997E-002
          32   2.2499999999999999E-002
          33   6.2500000000000003E-003
          34   6.7500000000000004E-002
          35   5.3749999999999999E-002
          36   2.3750000000000000E-002
          37   6.6250000000000003E-002
          38  0.11250000000000000     
          39   4.4999999999999998E-002
          40   6.8750000000000006E-002
          41   5.1249999999999997E-002
          42   5.2499999999999998E-002
          43   5.9999999999999998E-002
          44   5.2499999999999998E-002
          45   5.0000000000000003E-002
          46   2.3750000000000000E-002
          47   4.6249999999999999E-002
          48   8.5000000000000006E-002
          49   5.7500000000000002E-002
          50   6.2500000000000000E-002
          51  0.10750000000000000     
          52   8.6249999999999993E-002
          53   7.4999999999999997E-002
          54   6.3750000000000001E-002
          55   6.8750000000000006E-002
          56   4.7500000000000001E-002
          57   6.1249999999999999E-002
          58   3.1250000000000000E-002
          59   1.2500000000000000E-003
          60   1.6250000000000001E-002
          61   2.2499999999999999E-002
          62   1.3750000000000000E-002
          63   3.8750000000000000E-002
          64   1.7500000000000002E-002
          65   5.0000000000000001E-003
          66   2.5000000000000001E-003
          67   1.2500000000000000E-003
          68   3.7499999999999999E-002
          69   4.8750000000000002E-002
          70   5.5000000000000000E-002
          71   2.2499999999999999E-002
          72   4.2500000000000003E-002
          73   2.1250000000000002E-002
          74   8.7500000000000008E-003
          75   5.0000000000000001E-003
          76   3.1250000000000000E-002
          77   1.2500000000000001E-002
          78   1.6250000000000001E-002
          79   1.6250000000000001E-002
          80   1.4999999999999999E-002
          81   2.0000000000000000E-002
          82   3.8750000000000000E-002
          83   8.7500000000000008E-003
          84   2.5000000000000001E-003
          85   2.7500000000000000E-002
          86   1.7500000000000002E-002
          87   1.7500000000000002E-002
          88   1.6250000000000001E-002
          89   1.2500000000000001E-002
          90   3.3750000000000002E-002
          91   4.0000000000000001E-002
          92   3.2500000000000001E-002
          93   6.2500000000000003E-003
          94   7.4999999999999997E-003
          95   5.0000000000000001E-003
          96   2.0000000000000000E-002
          97   6.7500000000000004E-002
          98   3.6249999999999998E-002
          99   2.5000000000000001E-002
         100   2.5000000000000001E-003
         101   2.8750000000000001E-002
         102   1.2500000000000001E-002
         103   1.0000000000000000E-002
         104   1.8749999999999999E-002
         105   6.2500000000000003E-003
         106   1.8749999999999999E-002
         107   2.0000000000000000E-002
         108   2.8750000000000001E-002
         109   5.0000000000000003E-002
         110   1.2500000000000000E-003
         111   1.2500000000000000E-003
         112   3.2500000000000001E-002
         113   3.7499999999999999E-003
         114   1.0000000000000000E-002
         115   1.6250000000000001E-002
         116   2.7500000000000000E-002
         117   2.6249999999999999E-002
         118   2.5000000000000001E-003
         119   1.2500000000000001E-002
         120   4.2500000000000003E-002
         121   1.6250000000000001E-002
         122   7.4999999999999997E-003
         123   1.4999999999999999E-002
         124   4.1250000000000002E-002
         125   4.6249999999999999E-002
         126   4.1250000000000002E-002
         127   8.7499999999999994E-002
         128   7.4999999999999997E-002
         129   7.8750000000000001E-002
         130  0.10375000000000000     
         131   1.7500000000000002E-002
         132   5.0000000000000001E-003
         133   2.8750000000000001E-002
         134   4.3749999999999997E-002
         135   4.0000000000000001E-002
         136   9.3750000000000000E-002
         137  0.10500000000000000     
         138   5.5000000000000000E-002
         139   3.1250000000000000E-002
         140   2.1250000000000002E-002
         141   2.3750000000000000E-002
         142   3.8750000000000000E-002
         143   5.0000000000000001E-003
         144   7.4999999999999997E-003
         145   4.3749999999999997E-002
         146   4.8750000000000002E-002
         147   1.7500000000000002E-002
         148   1.1250000000000000E-002
         149   5.5000000000000000E-002
         150   1.2500000000000001E-002
         151   5.0000000000000001E-003
         152   2.2499999999999999E-002
         153   6.2500000000000003E-003
         154   6.3750000000000001E-002
         155   3.1250000000000000E-002
         156   5.3749999999999999E-002
         157   2.2499999999999999E-002
         158   2.1250000000000002E-002
         159   6.2500000000000003E-003
         160   2.5000000000000001E-003
         161   5.0000000000000001E-003
         162   1.7500000000000002E-002
         163   7.4999999999999997E-003
         164   1.2500000000000001E-002
         165   2.2499999999999999E-002
         166   2.0000000000000000E-002
         167   0.0000000000000000     
         168   2.8750000000000001E-002
         169   7.8750000000000001E-002
         170   1.6250000000000001E-002
         171   1.7500000000000002E-002
         172   3.7499999999999999E-003
         173   8.7500000000000008E-003
         174   5.0000000000000001E-003
         175   2.0000000000000000E-002
         176   2.2499999999999999E-002
         177   2.1250000000000002E-002
         178   3.2500000000000001E-002
         179   2.9999999999999999E-002
         180   7.3749999999999996E-002
         181   1.2500000000000000E-003
         182   5.6250000000000001E-002
         183   3.8750000000000000E-002
         184   3.6249999999999998E-002
         185   2.8750000000000001E-002
         186   5.0000000000000001E-003
         187   5.0000000000000001E-003
         188   2.5000000000000001E-003
         189   6.2500000000000003E-003
         190   5.0000000000000003E-002
         191   1.4999999999999999E-002
         192   3.8750000000000000E-002
         193   4.7500000000000001E-002
         194   2.8750000000000001E-002
         195   8.7500000000000008E-003
         196   1.3750000000000000E-002
         197   1.4999999999999999E-002
         198   5.0000000000000001E-003
         199   2.0000000000000000E-002
         200   3.7499999999999999E-002
         201   4.3749999999999997E-002
         202   1.3750000000000000E-002
         203   1.4999999999999999E-002
         204   2.8750000000000001E-002
         205   7.4999999999999997E-003
         206   0.0000000000000000     
         207   1.3750000000000000E-002
         208   2.0000000000000000E-002
         209   1.8749999999999999E-002
         210   8.7500000000000008E-003
         211   2.9999999999999999E-002
         212   1.2500000000000001E-002
         213   5.8749999999999997E-002
         214   9.3750000000000000E-002
         215   9.3750000000000000E-002
         216   4.2500000000000003E-002
         217   5.0000000000000003E-002
         218   1.0000000000000000E-002
         219   3.6249999999999998E-002
         220   2.5000000000000001E-003
         221   2.8750000000000001E-002
         222   4.3749999999999997E-002
         223   8.1250000000000003E-002
         224   0.0000000000000000     
         225   1.8749999999999999E-002
         226   4.2500000000000003E-002
         227   6.2500000000000003E-003
         228   1.7500000000000002E-002
         229   6.5000000000000002E-002
         230   6.8750000000000006E-002
         231   6.7500000000000004E-002
         232   6.2500000000000000E-002
         233   6.3750000000000001E-002
         234   8.3750000000000005E-002
         235   6.6250000000000003E-002
         236   9.5000000000000001E-002
         237   5.1249999999999997E-002
         238   2.1250000000000002E-002
         239   1.2500000000000000E-003
         240   2.9999999999999999E-002
         241   1.6250000000000001E-002
         242   7.3749999999999996E-002
         243   2.7500000000000000E-002
         244   8.7500000000000008E-003
         245   1.2500000000000000E-003
         246   3.5000000000000003E-002
         247   6.3750000000000001E-002
         248   4.4999999999999998E-002
         249   5.7500000000000002E-002
         250   8.7500000000000008E-003
         251   2.8750000000000001E-002
         252   2.5000000000000001E-003
         253   1.4999999999999999E-002
         254   1.0000000000000000E-002
         255   5.6250000000000001E-002
         256   5.0000000000000001E-003
         257   7.0000000000000007E-002
         258   7.1249999999999994E-002
         259   2.7500000000000000E-002
         260   3.7499999999999999E-003
         261   8.7500000000000008E-003
         262   7.4999999999999997E-003
         263   2.5000000000000001E-003
         264   6.7500000000000004E-002
         265   8.7499999999999994E-002
         266   2.5000000000000001E-002
         267   3.1250000000000000E-002
         268   1.4999999999999999E-002
         269   4.6249999999999999E-002
         270   3.5000000000000003E-002
         271   4.4999999999999998E-002
         272   1.4999999999999999E-002
         273   2.3750000000000000E-002
         274   7.4999999999999997E-003
         275   1.4999999999999999E-002
         276   1.4999999999999999E-002
         277   3.3750000000000002E-002
         278   4.2500000000000003E-002
         279   2.8750000000000001E-002
         280   2.6249999999999999E-002
         281   2.5000000000000001E-003
         282   2.0000000000000000E-002
         283   3.5000000000000003E-002
         284   3.6249999999999998E-002
         285   2.8750000000000001E-002
         286   8.7500000000000008E-003
         287   1.1250000000000000E-002
         288   3.5000000000000003E-002
         289   1.3750000000000000E-002
         290   1.2500000000000000E-003
         291   2.6249999999999999E-002
         292   7.4999999999999997E-002
         293   4.0000000000000001E-002
         294   5.6250000000000001E-002
         295   6.1249999999999999E-002
         296   8.6249999999999993E-002
         297   8.5000000000000006E-002
         298   8.0000000000000002E-002
         299   4.2500000000000003E-002
         300   1.0000000000000000E-002
         301   4.1250000000000002E-002
         302   8.7500000000000008E-003
         303   3.3750000000000002E-002
         304   8.7500000000000008E-003
         305   1.4999999999999999E-002
         306   1.2500000000000001E-002
         307   2.5000000000000001E-003
         308   2.5000000000000001E-003
         309   5.2499999999999998E-002
         310   5.8749999999999997E-002
         311  0.10375000000000000     
         312  0.10875000000000000     
         313  0.10375000000000000     
         314   8.0000000000000002E-002
         315  0.10750000000000000     
         316   7.7499999999999999E-002
         317   9.3750000000000000E-002
         318   5.0000000000000001E-003
         319   1.7500000000000002E-002
         320   1.8749999999999999E-002
         321   2.0000000000000000E-002
         322   5.6250000000000001E-002
         323   1.4999999999999999E-002
         324   1.6250000000000001E-002
         325   1.2500000000000000E-003
         326   1.2500000000000000E-003
         327   2.0000000000000000E-002
         328   8.0000000000000002E-002
         329   2.2499999999999999E-002
         330   2.5000000000000001E-003
         331   5.0000000000000001E-003
         332   1.7500000000000002E-002
         333   6.2500000000000003E-003
         334   1.6250000000000001E-002
         335   7.4999999999999997E-003
         336   6.2500000000000003E-003
         337   1.3750000000000000E-002
         338   4.2500000000000003E-002
         339   8.7500000000000008E-003
         340   1.6250000000000001E-002
         341   4.3749999999999997E-002
         342   6.2500000000000000E-002
         343  0.11250000000000000     
         344  0.12500000000000000     
         345   9.8750000000000004E-002
         346   5.2499999999999998E-002
         347   2.2499999999999999E-002
         348   5.0000000000000003E-002
         349   3.5000000000000003E-002
         350   3.7499999999999999E-003
         351   1.0000000000000000E-002
         352   1.6250000000000001E-002
         353   1.7500000000000002E-002
         354   5.0000000000000001E-003
         355   7.4999999999999997E-003
         356   2.8750000000000001E-002
         357   2.6249999999999999E-002
         358   4.8750000000000002E-002
         359   3.2500000000000001E-002
         360   1.4999999999999999E-002
         361   2.0000000000000000E-002
         362   2.1250000000000002E-002
         363   0.0000000000000000     
         364   6.2500000000000003E-003
         365   1.2500000000000001E-002
         366   1.6250000000000001E-002
         367   3.7499999999999999E-003
         368   2.6249999999999999E-002
         369   8.7500000000000008E-003
         370   1.2500000000000001E-002
         371   4.7500000000000001E-002
         372   4.1250000000000002E-002
         373   6.2500000000000000E-002
         374   2.9999999999999999E-002
         375   8.6249999999999993E-002
         376   2.7500000000000000E-002
         377   5.6250000000000001E-002
         378   3.2500000000000001E-002
         379   8.1250000000000003E-002
         380   8.7500000000000008E-003
         381   7.4999999999999997E-003
         382   3.1250000000000000E-002
         383   1.1250000000000000E-002
         384   3.6249999999999998E-002
         385   4.2500000000000003E-002
         386   3.8750000000000000E-002
         387   4.0000000000000001E-002
         388   1.6250000000000001E-002
         389   2.1250000000000002E-002
         390   8.7500000000000008E-003
         391   8.7500000000000008E-003
         392   4.8750000000000002E-002
         393   2.9999999999999999E-002
         394   1.7500000000000002E-002
         395   1.6250000000000001E-002
         396   2.3750000000000000E-002
         397   3.7499999999999999E-002
         398   1.2500000000000001E-002
         399   1.4999999999999999E-002
         400   1.2500000000000001E-002
         401   8.7500000000000008E-003
         402   1.7500000000000002E-002
         403   1.6250000000000001E-002
         404   1.7500000000000002E-002
         405   4.0000000000000001E-002
         406   2.0000000000000000E-002
         407   6.3750000000000001E-002
         408   4.4999999999999998E-002
         409   5.5000000000000000E-002
         410   6.2500000000000003E-003
         411   1.2500000000000000E-003
         412   7.0000000000000007E-002
         413   3.8750000000000000E-002
         414   7.1249999999999994E-002
         415   1.6250000000000001E-002
         416   5.3749999999999999E-002
         417   6.2500000000000003E-003
         418   3.1250000000000000E-002
         419   2.5000000000000001E-003
         420   2.0000000000000000E-002
         421   4.8750000000000002E-002
         422   2.0000000000000000E-002
         423   1.0000000000000000E-002
         424   3.6249999999999998E-002
         425   3.1250000000000000E-002
         426   1.4999999999999999E-002
         427   7.4999999999999997E-003
         428   3.6249999999999998E-002
         429   5.0000000000000003E-002
         430   2.0000000000000000E-002
         431   3.5000000000000003E-002
         432   2.1250000000000002E-002
         433   2.5000000000000001E-002
         434   4.6249999999999999E-002
         435   5.7500000000000002E-002
         436   3.7499999999999999E-003
         437   3.8750000000000000E-002
         438   3.1250000000000000E-002
         439   2.2499999999999999E-002
         440   2.1250000000000002E-002
         441   4.2500000000000003E-002
         442   1.4999999999999999E-002
         443   3.5000000000000003E-002
         444   6.2500000000000003E-003
         445   8.7500000000000008E-003
         446   8.7500000000000008E-003
         447   1.0000000000000000E-002
         448   2.0000000000000000E-002
         449   1.3750000000000000E-002
         450   3.2500000000000001E-002
         451   6.7500000000000004E-002
         452   6.7500000000000004E-002
         453   8.9999999999999997E-002
         454   8.0000000000000002E-002
         455   6.7500000000000004E-002
         456   4.4999999999999998E-002
         457   2.0000000000000000E-002
         458   1.7500000000000002E-002
         459   1.0000000000000000E-002
         460   1.6250000000000001E-002
         461   7.1249999999999994E-002
         462   8.9999999999999997E-002
         463   9.3750000000000000E-002
         464   2.3750000000000000E-002
         465   3.7499999999999999E-003
         466   1.1250000000000000E-002
         467   5.0000000000000001E-003
         468   2.1250000000000002E-002
         469   1.6250000000000001E-002
         470   5.1249999999999997E-002
         471   5.3749999999999999E-002
         472   4.4999999999999998E-002
         473   4.1250000000000002E-002
         474   3.1250000000000000E-002
         475   2.8750000000000001E-002
         476   1.6250000000000001E-002
         477   1.7500000000000002E-002
         478   4.7500000000000001E-002
         479   1.8749999999999999E-002
         480   4.6249999999999999E-002
         481   6.5000000000000002E-002
         482   3.2500000000000001E-002
         483   2.8750000000000001E-002
         484   3.2500000000000001E-002
         485   5.5000000000000000E-002
         486   2.7500000000000000E-002
         487   2.8750000000000001E-002
         488   1.6250000000000001E-002
         489   1.1250000000000000E-002
         490   2.3750000000000000E-002
         491   4.7500000000000001E-002
         492   5.3749999999999999E-002
         493   3.7499999999999999E-002
         494   2.9999999999999999E-002
         495   5.0000000000000003E-002
         496   8.7499999999999994E-002
         497  0.12125000000000000     
         498  0.12875000000000000     
         499   6.1249999999999999E-002
         500   8.7500000000000008E-003
         501   5.0000000000000001E-003
         502   2.6249999999999999E-002
         503   1.6250000000000001E-002
         504   2.8750000000000001E-002
         505   4.2500000000000003E-002
         506   5.9999999999999998E-002
         507   2.0000000000000000E-002
         508   7.4999999999999997E-003
         509   3.7499999999999999E-003
         510   6.2500000000000003E-003
         511   1.7500000000000002E-002
         512   5.8749999999999997E-002
         513   4.8750000000000002E-002
         514   1.1250000000000000E-002
         515   1.4999999999999999E-002
         516   1.6250000000000001E-002
         517   5.5000000000000000E-002
         518   3.7499999999999999E-003
         519   1.3750000000000000E-002
         520   2.0000000000000000E-002
         521   4.1250000000000002E-002
         522   2.3750000000000000E-002
         523   8.0000000000000002E-002
         524   3.6249999999999998E-002
         525   7.4999999999999997E-002
         526  0.11749999999999999     
         527  0.13500000000000001     
         528   8.9999999999999997E-002
         529   9.5000000000000001E-002
         530  0.11874999999999999     
         531   7.3749999999999996E-002
         532   2.9999999999999999E-002
         533   1.0000000000000000E-002
         534   1.1250000000000000E-002
         535   1.2500000000000001E-002
         536   2.9999999999999999E-002
         537   2.9999999999999999E-002
         538   2.6249999999999999E-002
         539   2.8750000000000001E-002
         540   2.6249999999999999E-002
         541   4.7500000000000001E-002
         542   5.8749999999999997E-002
         543   1.6250000000000001E-002
         544   3.6249999999999998E-002
         545   2.1250000000000002E-002
         546   7.2499999999999995E-002
         547   6.2500000000000000E-002
         548   2.9999999999999999E-002
         549   3.7499999999999999E-003
         550   1.4999999999999999E-002
         551   8.7500000000000008E-003
         552   4.4999999999999998E-002
         553   2.1250000000000002E-002
         554   1.3750000000000000E-002
         555   1.6250000000000001E-002
         556   3.3750000000000002E-002
         557   2.9999999999999999E-002
         558   4.4999999999999998E-002
         559   4.0000000000000001E-002
         560   2.0000000000000000E-002
         561   3.3750000000000002E-002
         562   2.9999999999999999E-002
         563   6.2500000000000003E-003
         564   3.7499999999999999E-003
         565   4.4999999999999998E-002
         566   5.6250000000000001E-002
         567   4.2500000000000003E-002
         568   4.7500000000000001E-002
         569  0.10750000000000000     
         570  0.13500000000000001     
         571   7.4999999999999997E-002
         572   8.3750000000000005E-002
         573   6.6250000000000003E-002
         574   1.4999999999999999E-002
         575   3.7499999999999999E-003
         576   1.2500000000000001E-002
         577   3.8750000000000000E-002
         578   3.7499999999999999E-003
         579   2.5000000000000001E-003
         580   4.4999999999999998E-002
         581   5.0000000000000001E-003
         582   1.1250000000000000E-002
         583   5.0000000000000001E-003
         584   2.5000000000000001E-002
         585   3.7499999999999999E-003
         586   8.7500000000000008E-003
         587   3.5000000000000003E-002
         588   1.2500000000000001E-002
         589   1.0000000000000000E-002
         590   8.7500000000000008E-003
         591   0.0000000000000000     
         592   0.0000000000000000     
         593   2.0000000000000000E-002
         594   1.4999999999999999E-002
         595   1.3750000000000000E-002
         596   5.8749999999999997E-002
         597   8.3750000000000005E-002
         598   5.0000000000000003E-002
         599   1.4999999999999999E-002
         600   8.0000000000000002E-002
         601   5.6250000000000001E-002
         602   7.4999999999999997E-003
         603   2.7500000000000000E-002
         604   4.6249999999999999E-002
         605   4.6249999999999999E-002
         606   5.2499999999999998E-002
         607   5.1249999999999997E-002
         608   6.7500000000000004E-002
         609   1.2500000000000000E-003
         610   1.1250000000000000E-002
         611   2.7500000000000000E-002
         612   2.6249999999999999E-002
         613   5.9999999999999998E-002
         614   1.0000000000000000E-002
         615   5.0000000000000001E-003
         616   3.3750000000000002E-002
         617   1.7500000000000002E-002
         618   1.6250000000000001E-002
         619   3.5000000000000003E-002
         620   2.5000000000000001E-002
         621   4.0000000000000001E-002
         622   4.2500000000000003E-002
         623   3.3750000000000002E-002
         624   6.2500000000000003E-003
         625   2.5000000000000001E-003
         626   1.3750000000000000E-002
         627   1.7500000000000002E-002
         628   1.1250000000000000E-002
         629   1.0000000000000000E-002
         630   3.1250000000000000E-002
         631   9.2499999999999999E-002
         632   8.3750000000000005E-002
         633   6.3750000000000001E-002
         634   4.0000000000000001E-002
         635   3.5000000000000003E-002
         636   2.1250000000000002E-002
         637   5.0000000000000001E-003
         638   2.5000000000000001E-002
         639   1.3750000000000000E-002
         640   2.6249999999999999E-002
         641   1.2500000000000000E-003
         642   1.6250000000000001E-002
         643   1.4999999999999999E-002
         644   6.2500000000000003E-003
         645   2.2499999999999999E-002
         646   1.8749999999999999E-002
         647   1.7500000000000002E-002
         648   8.7499999999999994E-002
         649   8.6249999999999993E-002
         650  0.10125000000000001     
         651   6.7500000000000004E-002
         652   5.8749999999999997E-002
         653   1.3750000000000000E-002
         654   3.7499999999999999E-003
         655   3.8750000000000000E-002
         656  0.12875000000000000     
         657   8.3750000000000005E-002
         658   7.2499999999999995E-002
         659   8.7499999999999994E-002
         660   9.5000000000000001E-002
         661   1.3750000000000000E-002
         662   3.1250000000000000E-002
         663   1.1250000000000000E-002
         664   1.1250000000000000E-002
         665   2.2499999999999999E-002
         666   3.3750000000000002E-002
         667   3.2500000000000001E-002
         668   3.1250000000000000E-002
         669   1.4999999999999999E-002
         670   1.4999999999999999E-002
         671   2.3750000000000000E-002
         672   3.2500000000000001E-002
         673   1.2500000000000000E-003
         674   3.7499999999999999E-003
         675   1.2500000000000000E-003
         676   7.4999999999999997E-003
         677   5.0000000000000001E-003
         678   8.7500000000000008E-003
         679   2.7500000000000000E-002
         680   3.1250000000000000E-002
         681   4.0000000000000001E-002
         682   2.1250000000000002E-002
         683   6.2500000000000003E-003
         684   3.2500000000000001E-002
         685   5.0000000000000003E-002
         686   5.0000000000000003E-002
         687   3.2500000000000001E-002
         688   6.8750000000000006E-002
         689   4.3749999999999997E-002
         690   3.3750000000000002E-002
         691   4.3749999999999997E-002
         692   8.2500000000000004E-002
         693   7.3749999999999996E-002
         694   4.6249999999999999E-002
         695   1.8749999999999999E-002
         696   3.8750000000000000E-002
         697   3.3750000000000002E-002
         698   2.6249999999999999E-002
         699   2.5000000000000001E-002
         700   5.0000000000000001E-003
         701   5.6250000000000001E-002
         702   2.0000000000000000E-002
         703   1.2500000000000001E-002
         704   1.2500000000000001E-002
         705   2.2499999999999999E-002
         706   4.3749999999999997E-002
         707   2.5000000000000001E-003
         708   3.1250000000000000E-002
         709   7.4999999999999997E-002
         710   5.0000000000000003E-002
         711   3.8750000000000000E-002
         712   1.1250000000000000E-002
         713   1.7500000000000002E-002
         714   2.5000000000000001E-003
         715   8.7500000000000008E-003
         716   2.5000000000000001E-003
         717   1.3750000000000000E-002
         718   3.1250000000000000E-002
         719   4.4999999999999998E-002
         720   2.9999999999999999E-002
         721   5.0000000000000003E-002
         722   2.5000000000000001E-002
         723   3.2500000000000001E-002
         724   5.0000000000000003E-002
         725   2.2499999999999999E-002
         726   4.7500000000000001E-002
         727   1.2500000000000001E-002
         728   5.8749999999999997E-002
         729   7.3749999999999996E-002
         730   2.8750000000000001E-002
         731   8.7500000000000008E-003
         732   1.4999999999999999E-002
         733   4.6249999999999999E-002
         734   6.2500000000000000E-002
         735   9.1249999999999998E-002
         736   5.3749999999999999E-002
         737   4.1250000000000002E-002
         738   6.2500000000000003E-003
         739   3.8750000000000000E-002
         740   6.1249999999999999E-002
         741   5.5000000000000000E-002
         742   6.2500000000000003E-003
         743   5.8749999999999997E-002
         744   8.1250000000000003E-002
         745   7.6249999999999998E-002
         746   8.9999999999999997E-002
         747   5.7500000000000002E-002
         748   5.5000000000000000E-002
         749  0.10249999999999999     
         750   3.6249999999999998E-002
         751   3.6249999999999998E-002
         752   1.2500000000000001E-002
         753   3.7499999999999999E-003
         754   1.2500000000000000E-003
         755   4.3749999999999997E-002
         756   2.6249999999999999E-002
         757   1.4999999999999999E-002
         758   1.3750000000000000E-002
         759   2.5000000000000001E-002
         760   3.2500000000000001E-002
         761   2.9999999999999999E-002
         762   3.5000000000000003E-002
         763   1.0000000000000000E-002
         764   3.7499999999999999E-003
         765   3.7499999999999999E-003
         766   2.9999999999999999E-002
         767   5.0000000000000003E-002
         768   1.4999999999999999E-002
         769   6.2500000000000003E-003
         770   3.1250000000000000E-002
         771   0.0000000000000000     
         772   8.7500000000000008E-003
         773   4.2500000000000003E-002
         774   3.7499999999999999E-002
         775   7.6249999999999998E-002
         776   3.2500000000000001E-002
         777   2.8750000000000001E-002
         778   2.8750000000000001E-002
         779   2.5000000000000001E-002
         780   6.2500000000000003E-003
         781   6.2500000000000003E-003
         782   2.6249999999999999E-002
         783   7.8750000000000001E-002
         784   4.7500000000000001E-002
         785   1.0000000000000000E-002
         786   1.8749999999999999E-002
         787   5.0000000000000003E-002
         788   2.0000000000000000E-002
         789   5.5000000000000000E-002
         790   6.3750000000000001E-002
         791   4.3749999999999997E-002
         792   5.9999999999999998E-002
         793   1.8749999999999999E-002
         794   3.5000000000000003E-002
         795   6.8750000000000006E-002
         796   8.3750000000000005E-002
         797   4.8750000000000002E-002
         798   7.1249999999999994E-002
         799  0.10375000000000000     
         800   8.2500000000000004E-002
         801   7.2499999999999995E-002
         802   5.5000000000000000E-002
         803   2.7500000000000000E-002
         804   5.2499999999999998E-002
         805   8.0000000000000002E-002
         806   1.1250000000000000E-002
         807   3.8750000000000000E-002
         808   2.5000000000000001E-002
         809   6.6250000000000003E-002
         810   8.0000000000000002E-002
         811   3.3750000000000002E-002
         812   7.2499999999999995E-002
         813   9.2499999999999999E-002
         814   2.7500000000000000E-002
         815   2.7500000000000000E-002
         816   1.6250000000000001E-002
         817   1.3750000000000000E-002
         818   2.6249999999999999E-002
         819   2.5000000000000001E-002
         820   1.2500000000000000E-003
         821   4.7500000000000001E-002
         822   4.8750000000000002E-002
         823   4.6249999999999999E-002
         824   5.5000000000000000E-002
         825   4.4999999999999998E-002
         826   5.1249999999999997E-002
         827   5.6250000000000001E-002
         828   2.0000000000000000E-002
         829   5.2499999999999998E-002
         830   4.8750000000000002E-002
         831   5.0000000000000003E-002
         832   3.7499999999999999E-002
         833   3.7499999999999999E-003
         834   3.1250000000000000E-002
         835   6.1249999999999999E-002
         836   6.7500000000000004E-002
         837   4.4999999999999998E-002
         838   3.3750000000000002E-002
         839   1.0000000000000000E-002
         840   1.6250000000000001E-002
         841   3.5000000000000003E-002
         842   1.7500000000000002E-002
         843   2.5000000000000001E-003
         844   5.0000000000000001E-003
         845   1.8749999999999999E-002
         846   1.3750000000000000E-002
         847   3.6249999999999998E-002
         848   5.8749999999999997E-002
         849   8.5000000000000006E-002
         850   7.2499999999999995E-002
         851   5.1249999999999997E-002
         852   3.5000000000000003E-002
         853   6.2500000000000003E-003
         854   2.2499999999999999E-002
         855   1.2500000000000001E-002
         856   2.8750000000000001E-002
         857   2.5000000000000001E-003
         858   1.8749999999999999E-002
         859   2.1250000000000002E-002
         860   3.3750000000000002E-002
         861   4.4999999999999998E-002
         862   4.4999999999999998E-002
         863   8.0000000000000002E-002
         864   7.2499999999999995E-002
         865   5.9999999999999998E-002
         866   2.7500000000000000E-002
         867   4.1250000000000002E-002
         868   5.3749999999999999E-002
         869   3.5000000000000003E-002
         870   1.3750000000000000E-002
         871   3.7499999999999999E-003
         872   2.5000000000000001E-003
         873   3.1250000000000000E-002
         874   1.8749999999999999E-002
         875   1.3750000000000000E-002
         876   0.0000000000000000     
         877   2.5000000000000001E-002
         878   5.7500000000000002E-002
         879   4.3749999999999997E-002
         880  0.10000000000000001     
         881   2.7500000000000000E-002
         882   5.6250000000000001E-002
         883   5.1249999999999997E-002
         884   8.7500000000000008E-003
         885   6.8750000000000006E-002
         886   3.6249999999999998E-002
         887   1.0000000000000000E-002
         888   3.7499999999999999E-002
         889   5.5000000000000000E-002
         890   2.3750000000000000E-002
         891   4.7500000000000001E-002
         892   2.3750000000000000E-002
         893   3.8750000000000000E-002
         894   2.6249999999999999E-002
         895   3.5000000000000003E-002
         896   3.8750000000000000E-002
         897   5.0000000000000003E-002
         898   5.7500000000000002E-002
         899   1.2500000000000001E-002
         900   7.4999999999999997E-003
         901   4.0000000000000001E-002
         902   6.3750000000000001E-002
         903   1.6250000000000001E-002
         904   1.2500000000000000E-003
         905   7.4999999999999997E-003
         906   2.6249999999999999E-002
         907   6.6250000000000003E-002
         908   6.2500000000000003E-003
         909   4.1250000000000002E-002
         910   7.4999999999999997E-003
         911   1.8749999999999999E-002
         912   2.6249999999999999E-002
         913   3.6249999999999998E-002
         914   3.1250000000000000E-002
         915   2.2499999999999999E-002
         916   3.5000000000000003E-002
         917   2.7500000000000000E-002
         918   3.1250000000000000E-002
         919   3.1250000000000000E-002
         920   3.3750000000000002E-002
         921   0.0000000000000000     
         922   8.7499999999999994E-002
         923   5.1249999999999997E-002
         924   3.7499999999999999E-003
         925   1.1250000000000000E-002
         926   4.3749999999999997E-002
         927   5.8749999999999997E-002
         928   3.7499999999999999E-002
         929   8.7500000000000008E-003
         930   2.5000000000000001E-003
         931   1.3750000000000000E-002
         932   1.7500000000000002E-002
         933   1.2500000000000000E-003
         934   1.1250000000000000E-002
         935   4.8750000000000002E-002
         936   3.1250000000000000E-002
         937   3.5000000000000003E-002
         938   1.0000000000000000E-002
         939   8.7500000000000008E-003
         940   2.1250000000000002E-002
         941   2.2499999999999999E-002
         942   1.7500000000000002E-002
         943   3.7499999999999999E-003
         944   5.0000000000000001E-003
         945   2.0000000000000000E-002
         946   7.4999999999999997E-003
         947   5.0000000000000001E-003
         948   1.1250000000000000E-002
         949   3.1250000000000000E-002
         950   5.9999999999999998E-002
         951   4.2500000000000003E-002
         952   8.0000000000000002E-002
         953   4.3749999999999997E-002
         954   2.0000000000000000E-002
         955   3.6249999999999998E-002
         956   2.8750000000000001E-002
         957   1.2500000000000001E-002
         958   1.2500000000000001E-002
         959   2.3750000000000000E-002
         960   3.3750000000000002E-002
         961   1.8749999999999999E-002
         962   2.5000000000000001E-002
         963   5.0000000000000001E-003
         964   8.7500000000000008E-003
         965   7.4999999999999997E-003
         966   2.5000000000000001E-003
         967   2.7500000000000000E-002
         968   4.2500000000000003E-002
         969   7.7499999999999999E-002
         970   6.5000000000000002E-002
         971   7.8750000000000001E-002
         972   5.8749999999999997E-002
         973   6.5000000000000002E-002
         974   1.0000000000000000E-002
         975   3.7499999999999999E-003
         976   2.0000000000000000E-002
         977   1.8749999999999999E-002
         978   1.7500000000000002E-002
         979   1.2500000000000000E-003
         980   1.6250000000000001E-002
         981   5.1249999999999997E-002
         982   2.8750000000000001E-002
         983   2.3750000000000000E-002
         984   2.0000000000000000E-002
         985   1.0000000000000000E-002
         986   5.0000000000000003E-002
         987   7.4999999999999997E-003
         988   2.2499999999999999E-002
         989   4.7500000000000001E-002
         990   3.7499999999999999E-003
         991   2.2499999999999999E-002
         992   4.4999999999999998E-002
         993   6.2500000000000000E-002
         994   8.5000000000000006E-002
         995   6.7500000000000004E-002
         996   4.7500000000000001E-002
         997   3.1250000000000000E-002
         998   1.6250000000000001E-002
         999   1.0000000000000000E-002
        1000   2.9999999999999999E-002
        1001   2.3750000000000000E-002
        1002   5.5000000000000000E-002
        1003   4.3749999999999997E-002
        1004   7.4999999999999997E-002
        1005   5.2499999999999998E-002
        1006   3.3750000000000002E-002
        1007   4.0000000000000001E-002
        1008   2.5000000000000001E-002
        1009   3.3750000000000002E-002
        1010   6.2500000000000003E-003
        1011   6.2500000000000003E-003
        1012   3.7499999999999999E-003
        1013   8.7500000000000008E-003
        1014   1.6250000000000001E-002
        1015   2.3750000000000000E-002
        1016   1.3750000000000000E-002
        1017   7.4999999999999997E-002
        1018   4.4999999999999998E-002
        1019   1.1250000000000000E-002
        1020   2.3750000000000000E-002
        1021   3.5000000000000003E-002
        1022   2.1250000000000002E-002
        1023   1.2500000000000001E-002
        1024   1.2500000000000000E-003
        1025   7.4999999999999997E-003
        1026   1.7500000000000002E-002
        1027   1.4999999999999999E-002
        1028   8.7500000000000008E-003
        1029   2.7500000000000000E-002
        1030   1.8749999999999999E-002
        1031   2.6249999999999999E-002
        1032   4.2500000000000003E-002
        1033   2.0000000000000000E-002
        1034   8.7500000000000008E-003
        1035   5.8749999999999997E-002
        1036   3.1250000000000000E-002
        1037   1.0000000000000000E-002
        1038   1.8749999999999999E-002
        1039   1.3750000000000000E-002
        1040   6.2500000000000003E-003
        1041   3.2500000000000001E-002
        1042   3.2500000000000001E-002
        1043   8.7500000000000008E-003
        1044   3.7499999999999999E-003
        1045   3.8750000000000000E-002
        1046   3.1250000000000000E-002
        1047   1.1250000000000000E-002
        1048   2.2499999999999999E-002
        1049   3.7499999999999999E-003
        1050   2.8750000000000001E-002
        1051   8.7500000000000008E-003
        1052   3.6249999999999998E-002
        1053   4.3749999999999997E-002
        1054   9.7500000000000003E-002
        1055  0.12000000000000000     
        1056  0.16375000000000001     
        1057  0.13625000000000001     
        1058  0.11125000000000000     
        1059   8.1250000000000003E-002
        1060  0.11500000000000000     
        1061   8.2500000000000004E-002
        1062   6.8750000000000006E-002
        1063   5.7500000000000002E-002
        1064   5.0000000000000001E-003
        1065   3.7499999999999999E-003
        1066   2.5000000000000001E-003
        1067   3.5000000000000003E-002
        1068   1.2500000000000000E-003
        1069   1.2500000000000000E-003
        1070   1.7500000000000002E-002
        1071   7.4999999999999997E-002
        1072   1.2500000000000000E-003
        1073   4.8750000000000002E-002
        1074   6.2500000000000000E-002
        1075   4.1250000000000002E-002
        1076   3.3750000000000002E-002
        1077   6.2500000000000003E-003
        1078   2.7500000000000000E-002
        1079   1.0000000000000000E-002
        1080   1.0000000000000000E-002
        1081   5.8749999999999997E-002
        1082   3.3750000000000002E-002
        1083   1.2500000000000000E-003
        1084   3.2500000000000001E-002
        1085   2.7500000000000000E-002
        1086   5.7500000000000002E-002
        1087   2.5000000000000001E-002
        1088   7.1249999999999994E-002
        1089   3.2500000000000001E-002
        1090   1.1250000000000000E-002
        1091   4.6249999999999999E-002
        1092   2.5000000000000001E-002
        1093   3.2500000000000001E-002
        1094   6.8750000000000006E-002
        1095   1.3750000000000000E-002
        1096   3.6249999999999998E-002
        1097   1.1250000000000000E-002
        1098   1.0000000000000000E-002
        1099   5.0000000000000003E-002
        1100   2.9999999999999999E-002
        1101   4.7500000000000001E-002
        1102   3.5000000000000003E-002
        1103   2.0000000000000000E-002
        1104   8.7500000000000008E-003
        1105   9.2499999999999999E-002
        1106   5.9999999999999998E-002
        1107   2.6249999999999999E-002
        1108   3.3750000000000002E-002
        1109   2.3750000000000000E-002
        1110   1.3750000000000000E-002
        1111   2.2499999999999999E-002
        1112   4.3749999999999997E-002
        1113   4.2500000000000003E-002
        1114   1.7500000000000002E-002
        1115   4.4999999999999998E-002
        1116   7.2499999999999995E-002
        1117   4.7500000000000001E-002
        1118   5.3749999999999999E-002
        1119   1.2500000000000000E-003
        1120   2.6249999999999999E-002
        1121   2.2499999999999999E-002
        1122   5.2499999999999998E-002
        1123   3.8750000000000000E-002
        1124   3.2500000000000001E-002
        1125   0.0000000000000000     
        1126   1.2500000000000001E-002
        1127   2.1250000000000002E-002
        1128   2.7500000000000000E-002
        1129   2.6249999999999999E-002
        1130   2.5000000000000001E-003
        1131   2.5000000000000001E-002
        1132   1.1250000000000000E-002
        1133   3.6249999999999998E-002
        1134   3.7499999999999999E-003
        1135   1.4999999999999999E-002
        1136   1.0000000000000000E-002
        1137   1.3750000000000000E-002
        1138   2.0000000000000000E-002
        1139   5.9999999999999998E-002
        1140   8.6249999999999993E-002
        1141   2.3750000000000000E-002
        1142   2.7500000000000000E-002
        1143   4.8750000000000002E-002
        1144   6.8750000000000006E-002
        1145   8.9999999999999997E-002
        1146   9.6250000000000002E-002
        1147   7.2499999999999995E-002
        1148   2.7500000000000000E-002
        1149   6.3750000000000001E-002
        1150   4.4999999999999998E-002
        1151   4.7500000000000001E-002
        1152   2.0000000000000000E-002
        1153   4.0000000000000001E-002
        1154   4.4999999999999998E-002
        1155   1.1250000000000000E-002
        1156   3.2500000000000001E-002
        1157   5.1249999999999997E-002
        1158   4.6249999999999999E-002
        1159   4.8750000000000002E-002
        1160   2.7500000000000000E-002
        1161   1.7500000000000002E-002
        1162   4.3749999999999997E-002
        1163   4.3749999999999997E-002
        1164   3.5000000000000003E-002
        1165   1.4999999999999999E-002
        1166   3.3750000000000002E-002
        1167   0.0000000000000000     
        1168   7.4999999999999997E-003
        1169   1.2500000000000001E-002
        1170   2.5000000000000001E-002
        1171   5.6250000000000001E-002
        1172   3.8750000000000000E-002
        1173   7.7499999999999999E-002
        1174   9.7500000000000003E-002
        1175   9.5000000000000001E-002
        1176  0.10000000000000001     
        1177   5.7500000000000002E-002
        1178   1.4999999999999999E-002
        1179   1.7500000000000002E-002
        1180   5.8749999999999997E-002
        1181   6.2500000000000000E-002
        1182   2.2499999999999999E-002
        1183   2.8750000000000001E-002
        1184   1.3750000000000000E-002
        1185   3.6249999999999998E-002
        1186   4.6249999999999999E-002
        1187   4.2500000000000003E-002
        1188   9.6250000000000002E-002
        1189   5.6250000000000001E-002
        1190   5.6250000000000001E-002
        1191   2.1250000000000002E-002
        1192   3.1250000000000000E-002
        1193   4.4999999999999998E-002
        1194   3.7499999999999999E-003
        1195   3.8750000000000000E-002
        1196   2.2499999999999999E-002
        1197   7.4999999999999997E-003
        1198   3.7499999999999999E-003
        1199   5.1249999999999997E-002
        1200   2.6249999999999999E-002
        1201   2.2499999999999999E-002
        1202   8.7500000000000008E-003
        1203   2.9999999999999999E-002
        1204   8.7500000000000008E-003
        1205   9.1249999999999998E-002
        1206   2.6249999999999999E-002
        1207   5.0000000000000001E-003
        1208   2.1250000000000002E-002
        1209   1.3750000000000000E-002
        1210   1.7500000000000002E-002
        1211   1.4999999999999999E-002
        1212   1.1250000000000000E-002
        1213   2.5000000000000001E-002
        1214   6.2500000000000003E-003
        1215   1.6250000000000001E-002
        1216   1.4999999999999999E-002
        1217   3.2500000000000001E-002
        1218   7.4999999999999997E-003
        1219   2.5000000000000001E-003
        1220   1.2500000000000000E-003
        1221   2.8750000000000001E-002
        1222   8.7500000000000008E-003
        1223   1.0000000000000000E-002
        1224   4.4999999999999998E-002
        1225   1.0000000000000000E-002
        1226   1.6250000000000001E-002
        1227   5.1249999999999997E-002
        1228   8.7499999999999994E-002
        1229   4.8750000000000002E-002
        1230  0.10000000000000001     
        1231   6.5000000000000002E-002
        1232   9.2499999999999999E-002
        1233   3.6249999999999998E-002
        1234   3.1250000000000000E-002
        1235   1.2500000000000001E-002
        1236   1.8749999999999999E-002
        1237   2.1250000000000002E-002
        1238   8.9999999999999997E-002
        1239   8.1250000000000003E-002
        1240   5.8749999999999997E-002
        1241   2.3750000000000000E-002
        1242   2.5000000000000001E-003
        1243   1.0000000000000000E-002
        1244   2.1250000000000002E-002
        1245   2.5000000000000001E-003
        1246   0.0000000000000000     
        1247   2.5000000000000001E-003
        1248   7.4999999999999997E-003
        1249   1.2500000000000001E-002
        1250   3.7499999999999999E-003
        1251   1.3750000000000000E-002
        1252   7.4999999999999997E-003
        1253   2.3750000000000000E-002
        1254   1.4999999999999999E-002
        1255   1.4999999999999999E-002
        1256   2.5000000000000001E-002
        1257   1.2500000000000000E-003
        1258   1.6250000000000001E-002
        1259   1.2500000000000001E-002
        1260   2.0000000000000000E-002
        1261   1.1250000000000000E-002
        1262   0.0000000000000000     
        1263   1.1250000000000000E-002
        1264   3.3750000000000002E-002
        1265   3.1250000000000000E-002
        1266   1.6250000000000001E-002
        1267   2.1250000000000002E-002
        1268   1.7500000000000002E-002
        1269   2.1250000000000002E-002
        1270   2.2499999999999999E-002
        1271   1.0000000000000000E-002
        1272   2.3750000000000000E-002
        1273   3.3750000000000002E-002
        1274   9.7500000000000003E-002
        1275   5.1249999999999997E-002
        1276   5.0000000000000003E-002
        1277   5.3749999999999999E-002
        1278   4.0000000000000001E-002
        1279   4.8750000000000002E-002
        1280   5.0000000000000001E-003
        1281   2.2499999999999999E-002
        1282   1.8749999999999999E-002
        1283   6.7500000000000004E-002
        1284   9.1249999999999998E-002
        1285   7.8750000000000001E-002
        1286   8.6249999999999993E-002
        1287   3.3750000000000002E-002
        1288   4.0000000000000001E-002
        1289   4.2500000000000003E-002
        1290   2.0000000000000000E-002
        1291   1.6250000000000001E-002
        1292   8.7500000000000008E-003
        1293   5.0000000000000003E-002
        1294   3.7499999999999999E-003
        1295   3.5000000000000003E-002
        1296   2.1250000000000002E-002
        1297   2.5000000000000001E-003
        1298   2.5000000000000001E-003
        1299   6.6250000000000003E-002
        1300   7.4999999999999997E-003
        1301   4.0000000000000001E-002
        1302   3.1250000000000000E-002
        1303   1.3750000000000000E-002
        1304   1.4999999999999999E-002
        1305   4.6249999999999999E-002
        1306   0.0000000000000000     
        1307   1.6250000000000001E-002
        1308   4.8750000000000002E-002
        1309   4.7500000000000001E-002
        1310   7.2499999999999995E-002
        1311   3.8750000000000000E-002
        1312   6.8750000000000006E-002
        1313   5.2499999999999998E-002
        1314   2.1250000000000002E-002
        1315   1.8749999999999999E-002
        1316   1.4999999999999999E-002
        1317   1.2500000000000000E-003
        1318   2.2499999999999999E-002
        1319   4.2500000000000003E-002
        1320   8.2500000000000004E-002
        1321   2.5000000000000001E-003
        1322   3.7499999999999999E-003
        1323   1.2500000000000000E-003
        1324   4.6249999999999999E-002
        1325   5.3749999999999999E-002
        1326   2.3750000000000000E-002
        1327   3.8750000000000000E-002
        1328   1.0000000000000000E-002
        1329   5.0000000000000001E-003
        1330   1.3750000000000000E-002
        1331   1.3750000000000000E-002
        1332   1.4999999999999999E-002
        1333   3.8750000000000000E-002
        1334   4.3749999999999997E-002
        1335   7.3749999999999996E-002
        1336   2.9999999999999999E-002
        1337   8.7500000000000008E-003
        1338   0.0000000000000000     
        1339   2.5000000000000001E-003
        1340   6.2500000000000003E-003
        1341   1.2500000000000000E-003
        1342   2.9999999999999999E-002
        1343   2.9999999999999999E-002
        1344   1.2500000000000000E-003
        1345   6.7500000000000004E-002
        1346   8.7500000000000008E-003
        1347   2.2499999999999999E-002
        1348   2.7500000000000000E-002
        1349   2.0000000000000000E-002
        1350   1.2500000000000000E-003
        1351   1.3750000000000000E-002
        1352   5.2499999999999998E-002
        1353   5.0000000000000001E-003
        1354   2.3750000000000000E-002
        1355   3.8750000000000000E-002
        1356   3.6249999999999998E-002
        1357   7.6249999999999998E-002
        1358   3.6249999999999998E-002
        1359   2.7500000000000000E-002
        1360   6.1249999999999999E-002
        1361   2.8750000000000001E-002
        1362   2.1250000000000002E-002
        1363   2.0000000000000000E-002
        1364   8.7500000000000008E-003
        1365   2.3750000000000000E-002
        1366   3.2500000000000001E-002
        1367   1.0000000000000000E-002
        1368   2.0000000000000000E-002
        1369   5.8749999999999997E-002
        1370   4.6249999999999999E-002
        1371   8.0000000000000002E-002
        1372   3.5000000000000003E-002
        1373   5.9999999999999998E-002
        1374   8.6249999999999993E-002
        1375   7.3749999999999996E-002
        1376  0.11125000000000000     
        1377  0.15625000000000000     
        1378  0.14874999999999999     
        1379  0.13000000000000000     
        1380   7.4999999999999997E-002
        1381   8.2500000000000004E-002
        1382   6.7500000000000004E-002
        1383   5.1249999999999997E-002
        1384   3.6249999999999998E-002
        1385   3.2500000000000001E-002
        1386   2.6249999999999999E-002
        1387   1.0000000000000000E-002
        1388   7.4999999999999997E-003
        1389   4.1250000000000002E-002
        1390   2.2499999999999999E-002
        1391   2.3750000000000000E-002
        1392   1.8749999999999999E-002
        1393   2.9999999999999999E-002
        1394   2.6249999999999999E-002
        1395   4.3749999999999997E-002
        1396   2.3750000000000000E-002
        1397   2.8750000000000001E-002
        1398   2.7500000000000000E-002
        1399   3.6249999999999998E-002
        1400   4.1250000000000002E-002
        1401   1.2500000000000001E-002
        1402   3.2500000000000001E-002
        1403   1.1250000000000000E-002
        1404   2.0000000000000000E-002
        1405   2.0000000000000000E-002
        1406   5.8749999999999997E-002
        1407   8.8749999999999996E-002
        1408   4.0000000000000001E-002
        1409   4.2500000000000003E-002
        1410   1.6250000000000001E-002
        1411   4.8750000000000002E-002
        1412   5.1249999999999997E-002
        1413   2.8750000000000001E-002
        1414   2.5000000000000001E-002
        1415   1.3750000000000000E-002
        1416   7.4999999999999997E-003
        1417   6.2500000000000003E-003
        1418   2.2499999999999999E-002
        1419   2.5000000000000001E-002
        1420   4.0000000000000001E-002
        1421   3.1250000000000000E-002
        1422   6.1249999999999999E-002
        1423   5.9999999999999998E-002
        1424   1.3750000000000000E-002
        1425   6.5000000000000002E-002
        1426   6.3750000000000001E-002
        1427   5.6250000000000001E-002
        1428   2.2499999999999999E-002
        1429   4.6249999999999999E-002
        1430   2.0000000000000000E-002
        1431   8.1250000000000003E-002
        1432   7.7499999999999999E-002
        1433   5.8749999999999997E-002
        1434   8.7500000000000008E-003
        1435   3.1250000000000000E-002
        1436   1.4999999999999999E-002
        1437   3.7499999999999999E-002
        1438   4.8750000000000002E-002
        1439   5.0000000000000001E-003
        1440   4.3749999999999997E-002
        1441   1.1250000000000000E-002
        1442   3.1250000000000000E-002
        1443   2.5000000000000001E-003
        1444   3.3750000000000002E-002
        1445   2.5000000000000001E-003
        1446   2.5000000000000001E-002
        1447   2.5000000000000001E-002
        1448   4.4999999999999998E-002
        1449   1.1250000000000000E-002
        1450   1.2500000000000000E-003
        1451   2.1250000000000002E-002
        1452   1.0000000000000000E-002
        1453   1.8749999999999999E-002
        1454   1.0000000000000000E-002
        1455   5.9999999999999998E-002
        1456   2.6249999999999999E-002
        1457   1.1250000000000000E-002
        1458   1.4999999999999999E-002
        1459   1.4999999999999999E-002
        1460   4.3749999999999997E-002
        1461   7.6249999999999998E-002
        1462   4.8750000000000002E-002
        1463  0.10375000000000000     
        1464   8.1250000000000003E-002
        1465  0.11125000000000000     
        1466   8.8749999999999996E-002
        1467   7.4999999999999997E-003
        1468   1.0000000000000000E-002
        1469   2.0000000000000000E-002
        1470   3.7499999999999999E-003
        1471   2.0000000000000000E-002
        1472   2.0000000000000000E-002
        1473   5.0000000000000003E-002
        1474   8.6249999999999993E-002
        1475   9.8750000000000004E-002
        1476   7.4999999999999997E-002
        1477   8.6249999999999993E-002
        1478  0.10125000000000001     
        1479   9.3750000000000000E-002
        1480  0.13500000000000001     
        1481  0.12000000000000000     
        1482   8.8749999999999996E-002
        1483   8.1250000000000003E-002
        1484   2.3750000000000000E-002
        1485   3.1250000000000000E-002
        1486   4.2500000000000003E-002
        1487   1.7500000000000002E-002
        1488   1.3750000000000000E-002
        1489   2.5000000000000001E-002
        1490   2.7500000000000000E-002
        1491   1.3750000000000000E-002
        1492   3.1250000000000000E-002
        1493   2.7500000000000000E-002
        1494   4.3749999999999997E-002
        1495   3.6249999999999998E-002
        1496   9.2499999999999999E-002
        1497   4.1250000000000002E-002
        1498   2.3750000000000000E-002
        1499   3.3750000000000002E-002
        1500   1.2500000000000001E-002
        1501   1.2500000000000001E-002
        1502   4.2500000000000003E-002
        1503   2.1250000000000002E-002
        1504   4.7500000000000001E-002
        1505   6.2500000000000003E-003
        1506   1.2500000000000000E-003
        1507   1.4999999999999999E-002
        1508   2.6249999999999999E-002
        1509   2.8750000000000001E-002
        1510   8.2500000000000004E-002
        1511   4.1250000000000002E-002
        1512   2.0000000000000000E-002
        1513   1.8749999999999999E-002
        1514   1.8749999999999999E-002
        1515   2.7500000000000000E-002
        1516   4.2500000000000003E-002
        1517   2.3750000000000000E-002
        1518   2.0000000000000000E-002
        1519   1.0000000000000000E-002
        1520   2.3750000000000000E-002
        1521   1.4999999999999999E-002
        1522   1.7500000000000002E-002
        1523   4.0000000000000001E-002
        1524   1.3750000000000000E-002
        1525   2.0000000000000000E-002
        1526   1.7500000000000002E-002
        1527   1.0000000000000000E-002
        1528   4.4999999999999998E-002
        1529   1.7500000000000002E-002
        1530   4.3749999999999997E-002
        1531   4.6249999999999999E-002
        1532   4.0000000000000001E-002
        1533   3.8750000000000000E-002
        1534   4.1250000000000002E-002
        1535   5.7500000000000002E-002
        1536   2.3750000000000000E-002
        1537   4.2500000000000003E-002
        1538   7.1249999999999994E-002
        1539   4.0000000000000001E-002
        1540   3.2500000000000001E-002
        1541   4.8750000000000002E-002
        1542   2.5000000000000001E-002
        1543   1.7500000000000002E-002
        1544   3.1250000000000000E-002
        1545   3.7499999999999999E-003
        1546   3.5000000000000003E-002
        1547   5.0000000000000003E-002
        1548   1.0000000000000000E-002
        1549   8.7500000000000008E-003
        1550   3.7499999999999999E-003
        1551   2.6249999999999999E-002
        1552   2.0000000000000000E-002
        1553   1.4999999999999999E-002
        1554   1.6250000000000001E-002
        1555   1.4999999999999999E-002
        1556   3.6249999999999998E-002
        1557   2.6249999999999999E-002
        1558   1.0000000000000000E-002
        1559   4.6249999999999999E-002
        1560   6.5000000000000002E-002
        1561   1.7500000000000002E-002
        1562   7.4999999999999997E-003
        1563   1.8749999999999999E-002
        1564   3.6249999999999998E-002
        1565   2.2499999999999999E-002
        1566   2.7500000000000000E-002
        1567   6.3750000000000001E-002
        1568   3.8750000000000000E-002
        1569   4.3749999999999997E-002
        1570   4.6249999999999999E-002
        1571   4.6249999999999999E-002
        1572   5.8749999999999997E-002
        1573   6.7500000000000004E-002
        1574   2.6249999999999999E-002
        1575   2.9999999999999999E-002
        1576   3.7499999999999999E-002
        1577   2.7500000000000000E-002
        1578   1.6250000000000001E-002
        1579   5.2499999999999998E-002
        1580   2.5000000000000001E-003
        1581   1.6250000000000001E-002
        1582   6.2500000000000003E-003
        1583   3.8750000000000000E-002
        1584   1.3750000000000000E-002
        1585   2.5000000000000001E-002
        1586   0.0000000000000000     
        1587   3.6249999999999998E-002
        1588  0.11375000000000000     
        1589   6.1249999999999999E-002
        1590   5.0000000000000003E-002
        1591   1.8749999999999999E-002
        1592   1.3750000000000000E-002
        1593   2.0000000000000000E-002
        1594   5.3749999999999999E-002
        1595   8.0000000000000002E-002
        1596   3.8750000000000000E-002
        1597   1.6250000000000001E-002
        1598   2.5000000000000001E-002
        1599   1.3750000000000000E-002
        1600   7.4999999999999997E-003
        1601   2.1250000000000002E-002
        1602   2.5000000000000001E-003
        1603   2.5000000000000001E-003
        1604   1.6250000000000001E-002
        1605   2.8750000000000001E-002
        1606   3.1250000000000000E-002
        1607   4.4999999999999998E-002
        1608   1.7500000000000002E-002
        1609   4.6249999999999999E-002
        1610   4.2500000000000003E-002
        1611   2.0000000000000000E-002
        1612   1.2500000000000000E-003
        1613   8.9999999999999997E-002
        1614  0.12375000000000000     
        1615  0.12750000000000000     
        1616  0.12000000000000000     
        1617   7.0000000000000007E-002
        1618   8.8749999999999996E-002
        1619   8.3750000000000005E-002
        1620   8.6249999999999993E-002
        1621   8.1250000000000003E-002
        1622   1.2500000000000001E-002
        1623   1.1250000000000000E-002
        1624   3.5000000000000003E-002
        1625   1.8749999999999999E-002
        1626   4.8750000000000002E-002
        1627   5.2499999999999998E-002
        1628   3.2500000000000001E-002
        1629   1.2500000000000000E-003
        1630   1.3750000000000000E-002
        1631   4.4999999999999998E-002
        1632  0.11375000000000000     
        1633  0.11125000000000000     
        1634   5.3749999999999999E-002
        1635   2.6249999999999999E-002
        1636   1.0000000000000000E-002
        1637   1.0000000000000000E-002
        1638   1.8749999999999999E-002
        1639   1.7500000000000002E-002
        1640   4.3749999999999997E-002
        1641   2.2499999999999999E-002
        1642   5.2499999999999998E-002
        1643   2.2499999999999999E-002
        1644   4.3749999999999997E-002
        1645   6.5000000000000002E-002
        1646   8.9999999999999997E-002
        1647  0.10625000000000000     
        1648   7.3749999999999996E-002
        1649   8.0000000000000002E-002
        1650   5.2499999999999998E-002
        1651   1.3750000000000000E-002
        1652   8.7499999999999994E-002
        1653   7.1249999999999994E-002
        1654   5.7500000000000002E-002
        1655   7.0000000000000007E-002
        1656   7.4999999999999997E-002
        1657   4.0000000000000001E-002
        1658   2.9999999999999999E-002
        1659   1.4999999999999999E-002
        1660   2.8750000000000001E-002
        1661   1.3750000000000000E-002
        1662   1.6250000000000001E-002
        1663   6.2500000000000003E-003
        1664   1.0000000000000000E-002
        1665   0.0000000000000000     
        1666   4.2500000000000003E-002
        1667   8.7500000000000008E-003
        1668   3.5000000000000003E-002
        1669   3.2500000000000001E-002
        1670   1.1250000000000000E-002
        1671   1.0000000000000000E-002
        1672   1.6250000000000001E-002
        1673   5.2499999999999998E-002
        1674   5.3749999999999999E-002
        1675   3.1250000000000000E-002
        1676   2.8750000000000001E-002
        1677   5.0000000000000001E-003
        1678   1.7500000000000002E-002
        1679   3.5000000000000003E-002
        1680   4.7500000000000001E-002
        1681   1.8749999999999999E-002
        1682   1.2500000000000000E-003
        1683   1.8749999999999999E-002
        1684   1.6250000000000001E-002
        1685   3.2500000000000001E-002
        1686   7.6249999999999998E-002
        1687   4.6249999999999999E-002
        1688   1.2500000000000001E-002
        1689   2.0000000000000000E-002
        1690   3.3750000000000002E-002
        1691   1.6250000000000001E-002
        1692   2.6249999999999999E-002
        1693   7.4999999999999997E-003
        1694   2.5000000000000001E-003
        1695   1.6250000000000001E-002
        1696   4.3749999999999997E-002
        1697   5.9999999999999998E-002
        1698   4.3749999999999997E-002
        1699   2.8750000000000001E-002
        1700   3.6249999999999998E-002
        1701   2.1250000000000002E-002
        1702   7.4999999999999997E-003
        1703   3.2500000000000001E-002
        1704   7.6249999999999998E-002
        1705   3.1250000000000000E-002
        1706   8.7500000000000008E-003
        1707   6.2500000000000003E-003
        1708   4.1250000000000002E-002
        1709   4.2500000000000003E-002
        1710   3.8750000000000000E-002
        1711   8.3750000000000005E-002
        1712   5.5000000000000000E-002
        1713   3.3750000000000002E-002
        1714   5.1249999999999997E-002
        1715   3.1250000000000000E-002
        1716   1.7500000000000002E-002
        1717   2.9999999999999999E-002
        1718   8.7500000000000008E-003
        1719   1.4999999999999999E-002
        1720   3.7499999999999999E-003
        1721   5.2499999999999998E-002
        1722   3.6249999999999998E-002
        1723   6.2500000000000003E-003
        1724   3.1250000000000000E-002
        1725   6.8750000000000006E-002
        1726   3.5000000000000003E-002
        1727   2.5000000000000001E-002
        1728   2.1250000000000002E-002
        1729   2.7500000000000000E-002
        1730   3.7499999999999999E-003
        1731   3.5000000000000003E-002
        1732   6.2500000000000003E-003
        1733   2.5000000000000001E-003
        1734   1.3750000000000000E-002
        1735   3.8750000000000000E-002
        1736   2.3750000000000000E-002
        1737   1.1250000000000000E-002
        1738   1.3750000000000000E-002
        1739   2.1250000000000002E-002
        1740   6.2500000000000003E-003
        1741   8.7500000000000008E-003
        1742   5.8749999999999997E-002
        1743   9.5000000000000001E-002
        1744   9.1249999999999998E-002
        1745   6.1249999999999999E-002
        1746   8.0000000000000002E-002
        1747   7.4999999999999997E-002
        1748   3.7499999999999999E-002
        1749   4.4999999999999998E-002
        1750   2.2499999999999999E-002
        1751   8.6249999999999993E-002
        1752   2.7500000000000000E-002
        1753   3.6249999999999998E-002
        1754   5.0000000000000001E-003
        1755   6.2500000000000003E-003
        1756   2.9999999999999999E-002
        1757   6.3750000000000001E-002
        1758  0.12125000000000000     
        1759  0.10875000000000000     
        1760  0.13125000000000001     
        1761  0.13375000000000001     
        1762   7.8750000000000001E-002
        1763   5.9999999999999998E-002
        1764   1.1250000000000000E-002
        1765   1.1250000000000000E-002
        1766   2.6249999999999999E-002
        1767   1.7500000000000002E-002
        1768   1.1250000000000000E-002
        1769   1.6250000000000001E-002
        1770   3.5000000000000003E-002
        1771   1.1250000000000000E-002
        1772   3.7499999999999999E-003
        1773   1.6250000000000001E-002
        1774   5.0000000000000003E-002
        1775   0.0000000000000000     
        1776   1.2500000000000000E-003
        1777   1.3750000000000000E-002
        1778   3.7499999999999999E-003
        1779   7.0000000000000007E-002
        1780   5.3749999999999999E-002
        1781   3.3750000000000002E-002
        1782   1.4999999999999999E-002
        1783   2.5000000000000001E-003
        1784   1.6250000000000001E-002
        1785   2.2499999999999999E-002
        1786   1.3750000000000000E-002
        1787   4.3749999999999997E-002
        1788   1.7500000000000002E-002
        1789   0.0000000000000000     
        1790   2.2499999999999999E-002
        1791   2.3750000000000000E-002
        1792   2.8750000000000001E-002
        1793   1.7500000000000002E-002
        1794   6.2500000000000003E-003
        1795   6.2500000000000003E-003
        1796   1.0000000000000000E-002
        1797   2.2499999999999999E-002
        1798   2.8750000000000001E-002
        1799   3.7499999999999999E-003
        1800   2.5000000000000001E-003
        1801   6.2500000000000003E-003
        1802   2.5000000000000001E-003
        1803   2.9999999999999999E-002
        1804   1.7500000000000002E-002
        1805   1.3750000000000000E-002
        1806   3.7499999999999999E-003
        1807   7.6249999999999998E-002
        1808   7.8750000000000001E-002
        1809   5.6250000000000001E-002
        1810   8.2500000000000004E-002
        1811  0.10000000000000001     
        1812   6.7500000000000004E-002
        1813   7.3749999999999996E-002
        1814   6.5000000000000002E-002
        1815  0.10249999999999999     
        1816   6.5000000000000002E-002
        1817   4.0000000000000001E-002
        1818   7.4999999999999997E-003
        1819   5.3749999999999999E-002
        1820   4.4999999999999998E-002
        1821   1.2500000000000000E-003
        1822   2.2499999999999999E-002
        1823   5.2499999999999998E-002
        1824   6.1249999999999999E-002
        1825   2.6249999999999999E-002
        1826   1.1250000000000000E-002
        1827   2.0000000000000000E-002
        1828   1.3750000000000000E-002
        1829   2.5000000000000001E-003
        1830   2.5000000000000001E-003
        1831   2.2499999999999999E-002
        1832   4.2500000000000003E-002
        1833   7.4999999999999997E-003
        1834   2.6249999999999999E-002
        1835   5.3749999999999999E-002
        1836   6.7500000000000004E-002
        1837   8.7500000000000008E-003
        1838   3.5000000000000003E-002
        1839   4.4999999999999998E-002
        1840   8.5000000000000006E-002
        1841   5.6250000000000001E-002
        1842   6.2500000000000000E-002
        1843   2.2499999999999999E-002
        1844   1.8749999999999999E-002
        1845   5.0000000000000003E-002
        1846   6.6250000000000003E-002
        1847   4.2500000000000003E-002
        1848   6.2500000000000000E-002
        1849   2.2499999999999999E-002
        1850   5.8749999999999997E-002
        1851   6.6250000000000003E-002
        1852   8.7499999999999994E-002
        1853   8.5000000000000006E-002
        1854   8.6249999999999993E-002
        1855  0.10875000000000000     
        1856   3.7499999999999999E-002
        1857   3.6249999999999998E-002
        1858   9.1249999999999998E-002
        1859   5.7500000000000002E-002
        1860   1.0000000000000000E-002
        1861   2.0000000000000000E-002
        1862   1.4999999999999999E-002
        1863   5.8749999999999997E-002
        1864   0.0000000000000000     
        1865   4.8750000000000002E-002
        1866   2.8750000000000001E-002
        1867   3.7499999999999999E-003
        1868   3.1250000000000000E-002
        1869   2.3750000000000000E-002
        1870   1.4999999999999999E-002
        1871   1.1250000000000000E-002
        1872   5.9999999999999998E-002
        1873   5.1249999999999997E-002
        1874   2.9999999999999999E-002
        1875   3.3750000000000002E-002
        1876   6.3750000000000001E-002
        1877   8.8749999999999996E-002
        1878   2.5000000000000001E-002
        1879   8.1250000000000003E-002
        1880   6.7500000000000004E-002
        1881   8.9999999999999997E-002
        1882   6.7500000000000004E-002
        1883   4.3749999999999997E-002
        1884   6.2500000000000003E-003
        1885   5.0000000000000001E-003
        1886   1.6250000000000001E-002
        1887   8.7500000000000008E-003
        1888   1.1250000000000000E-002
        1889   1.7500000000000002E-002
        1890   2.5000000000000001E-003
        1891   2.7500000000000000E-002
        1892   8.2500000000000004E-002
        1893   8.9999999999999997E-002
        1894   9.7500000000000003E-002
        1895   8.8749999999999996E-002
        1896   3.7499999999999999E-002
        1897   6.7500000000000004E-002
        1898   4.7500000000000001E-002
        1899   1.2500000000000000E-003
        1900   2.7500000000000000E-002
        1901   5.0000000000000001E-003
        1902   4.0000000000000001E-002
        1903   5.0000000000000001E-003
        1904   1.8749999999999999E-002
        1905   1.2500000000000001E-002
        1906   6.2500000000000003E-003
        1907   7.4999999999999997E-003
        1908   1.7500000000000002E-002
        1909   0.0000000000000000     
        1910   6.2500000000000003E-003
        1911   2.5000000000000001E-003
        1912   1.8749999999999999E-002
        1913   6.1249999999999999E-002
        1914   5.5000000000000000E-002
        1915   5.6250000000000001E-002
        1916   2.7500000000000000E-002
        1917   4.6249999999999999E-002
        1918   8.1250000000000003E-002
        1919   5.0000000000000001E-003
        1920   1.8749999999999999E-002
        1921   8.7500000000000008E-003
        1922   6.2500000000000003E-003
        1923   1.3750000000000000E-002
        1924   3.1250000000000000E-002
        1925   3.7499999999999999E-003
        1926   5.0000000000000001E-003
        1927   2.3750000000000000E-002
        1928   6.2500000000000003E-003
        1929   4.3749999999999997E-002
        1930   6.8750000000000006E-002
        1931   5.2499999999999998E-002
        1932   1.0000000000000000E-002
        1933   2.7500000000000000E-002
        1934   3.7499999999999999E-002
        1935   2.5000000000000001E-002
        1936   3.3750000000000002E-002
        1937   1.7500000000000002E-002
        1938   3.3750000000000002E-002
        1939   1.7500000000000002E-002
        1940   3.1250000000000000E-002
        1941   5.9999999999999998E-002
        1942   9.2499999999999999E-002
        1943   4.3749999999999997E-002
        1944   3.8750000000000000E-002
        1945   8.7500000000000008E-003
        1946   7.4999999999999997E-003
        1947   2.1250000000000002E-002
        1948   5.2499999999999998E-002
        1949   5.3749999999999999E-002
        1950   4.2500000000000003E-002
        1951   7.8750000000000001E-002
        1952   9.1249999999999998E-002
        1953   6.6250000000000003E-002
        1954   3.3750000000000002E-002
        1955   1.2500000000000001E-002
        1956   2.8750000000000001E-002
        1957   5.0000000000000001E-003
        1958   2.5000000000000001E-003
        1959   2.5000000000000001E-002
        1960   5.0000000000000001E-003
        1961   3.1250000000000000E-002
        1962   6.2500000000000000E-002
        1963   3.1250000000000000E-002
        1964   6.2500000000000000E-002
        1965   1.3750000000000000E-002
        1966   2.1250000000000002E-002
        1967   3.7499999999999999E-003
        1968   2.3750000000000000E-002
        1969   3.2500000000000001E-002
        1970   5.0000000000000003E-002
        1971   6.2500000000000000E-002
        1972   6.6250000000000003E-002
        1973   5.7500000000000002E-002
        1974   7.2499999999999995E-002
        1975  0.11000000000000000     
        1976  0.11874999999999999     
        1977  0.13000000000000000     
        1978   6.1249999999999999E-002
        1979   4.8750000000000002E-002
        1980   2.8750000000000001E-002
        1981   4.7500000000000001E-002
        1982   4.3749999999999997E-002
        1983   1.3750000000000000E-002
        1984   2.7500000000000000E-002
        1985   6.1249999999999999E-002
        1986   8.3750000000000005E-002
        1987   3.7499999999999999E-002
        1988   1.2500000000000000E-003
        1989   2.5000000000000001E-003
        1990   1.2500000000000001E-002
        1991   1.6250000000000001E-002
        1992   1.4999999999999999E-002
        1993   2.0000000000000000E-002
        1994   2.6249999999999999E-002
        1995   3.1250000000000000E-002
        1996   5.6250000000000001E-002
        1997   4.1250000000000002E-002
        1998   3.6249999999999998E-002
        1999   2.7500000000000000E-002
        2000   4.0000000000000001E-002
