           1  0.77124999999999999     
           2   1.3750000000000000E-002
           3  0.62124999999999997     
           4  0.43375000000000002     
           5  0.51875000000000004     
           6  0.68625000000000003     
           7  0.76000000000000001     
           8  0.75000000000000000     
           9  0.54749999999999999     
          10   5.0000000000000001E-003
          11  0.61750000000000005     
          12  0.56125000000000003     
          13   1.4999999999999999E-002
          14  0.51624999999999999     
          15  0.75749999999999995     
          16  0.53374999999999995     
          17  0.19625000000000001     
          18  0.62124999999999997     
          19  0.54500000000000004     
          20  0.55500000000000005     
          21  0.71250000000000002     
          22  0.20749999999999999     
          23  0.19500000000000001     
          24  0.81750000000000000     
          25  0.39250000000000002     
          26  0.22750000000000001     
          27  0.65125000000000000     
          28  0.68000000000000005     
          29  0.24500000000000000     
          30  0.34625000000000000     
          31  0.71875000000000000     
          32  0.54749999999999999     
          33  0.56750000000000000     
          34  0.42749999999999999     
          35  0.79625000000000001     
          36  0.42499999999999999     
          37  0.61499999999999999     
          38  0.57250000000000001     
          39  0.15750000000000000     
          40  0.57125000000000004     
          41  0.29749999999999999     
          42  0.69374999999999998     
          43  0.56625000000000003     
          44  0.60250000000000004     
          45   1.1250000000000000E-002
          46  0.63624999999999998     
          47  0.55625000000000002     
          48  0.60750000000000004     
          49  0.71499999999999997     
          50  0.70125000000000004     
          51  0.70499999999999996     
          52  0.56000000000000005     
          53  0.30875000000000002     
          54  0.54125000000000001     
          55  0.36625000000000002     
          56  0.76124999999999998     
          57  0.43250000000000000     
          58  0.20874999999999999     
          59  0.63500000000000001     
          60  0.57250000000000001     
          61  0.12750000000000000     
          62  0.22125000000000000     
          63  0.37125000000000002     
          64  0.81750000000000000     
          65  0.17749999999999999     
          66  0.49625000000000002     
          67  0.80000000000000004     
          68  0.62375000000000003     
          69  0.25250000000000000     
          70  0.42999999999999999     
          71  0.30249999999999999     
          72  0.24875000000000000     
          73  0.65625000000000000     
          74  0.40375000000000000     
          75  0.67625000000000002     
          76  0.22500000000000001     
          77  0.37375000000000003     
          78  0.41875000000000001     
          79  0.29875000000000002     
          80  0.65874999999999995     
          81  0.62124999999999997     
          82  0.63500000000000001     
          83  0.73250000000000004     
          84  0.71375000000000000     
          85   3.8750000000000000E-002
          86  0.36875000000000002     
          87  0.19500000000000001     
          88  0.37375000000000003     
          89  0.20499999999999999     
          90  0.62875000000000003     
          91  0.75249999999999995     
          92  0.25124999999999997     
          93  0.59375000000000000     
          94  0.56499999999999995     
          95  0.41499999999999998     
          96  0.29749999999999999     
          97  0.10375000000000000     
          98  0.60875000000000001     
          99  0.67874999999999996     
         100  0.68374999999999997     
         101  0.52000000000000002     
         102   2.0000000000000000E-002
         103  0.57125000000000004     
         104  0.66874999999999996     
         105  0.40749999999999997     
         106  0.36125000000000002     
         107  0.50749999999999995     
         108   4.4999999999999998E-002
         109  0.67249999999999999     
         110  0.68000000000000005     
         111  0.67000000000000004     
         112  0.60375000000000001     
         113  0.77000000000000002     
         114  0.73875000000000002     
         115  0.68125000000000002     
         116  0.64624999999999999     
         117  0.56874999999999998     
         118  0.56125000000000003     
         119  0.45124999999999998     
         120  0.74750000000000005     
         121  0.35249999999999998     
         122  0.67125000000000001     
         123  0.59999999999999998     
         124  0.59499999999999997     
         125  0.59499999999999997     
         126  0.68874999999999997     
         127  0.62250000000000005     
         128  0.64124999999999999     
         129  0.16375000000000001     
         130  0.61875000000000002     
         131  0.22000000000000000     
         132  0.55500000000000005     
         133  0.75124999999999997     
         134  0.80500000000000005     
         135  0.66874999999999996     
         136  0.39000000000000001     
         137  0.73124999999999996     
         138  0.77124999999999999     
         139  0.37624999999999997     
         140  0.47999999999999998     
         141  0.76375000000000004     
         142   1.6250000000000001E-002
         143  0.22625000000000001     
         144  0.40375000000000000     
         145  0.67874999999999996     
         146  0.73624999999999996     
         147  0.60250000000000004     
         148  0.70125000000000004     
         149  0.23125000000000001     
         150  0.33000000000000002     
         151  0.73499999999999999     
         152  0.21124999999999999     
         153  0.64624999999999999     
         154  0.55500000000000005     
         155  0.28749999999999998     
         156  0.59250000000000003     
         157  0.41749999999999998     
         158  0.13375000000000001     
         159  0.47999999999999998     
         160  0.52249999999999996     
         161  0.84125000000000005     
         162   9.5000000000000001E-002
         163  0.82125000000000004     
         164  0.49249999999999999     
         165  0.47249999999999998     
         166  0.53500000000000003     
         167  0.62749999999999995     
         168  0.62500000000000000     
         169  0.37000000000000000     
         170  0.50000000000000000     
         171  0.66125000000000000     
         172  0.60499999999999998     
         173  0.77000000000000002     
         174  0.44624999999999998     
         175  0.64375000000000004     
         176  0.59624999999999995     
         177  0.71750000000000003     
         178  0.55000000000000004     
         179  0.44500000000000001     
         180  0.68625000000000003     
         181  0.77249999999999996     
         182  0.54500000000000004     
         183  0.53249999999999997     
         184  0.31874999999999998     
         185  0.24875000000000000     
         186  0.10750000000000000     
         187  0.44000000000000000     
         188  0.77500000000000002     
         189  0.71875000000000000     
         190  0.68874999999999997     
         191  0.48375000000000001     
         192  0.64249999999999996     
         193  0.32374999999999998     
         194   4.1250000000000002E-002
         195  0.21124999999999999     
         196  0.31374999999999997     
         197  0.71875000000000000     
         198  0.77625000000000000     
         199  0.64249999999999996     
         200  0.69625000000000004     
         201  0.41625000000000001     
         202  0.47499999999999998     
         203  0.42999999999999999     
         204  0.74124999999999996     
         205  0.40125000000000000     
         206  0.74624999999999997     
         207  0.36249999999999999     
         208  0.76124999999999998     
         209  0.63624999999999998     
         210  0.34000000000000002     
         211  0.64624999999999999     
         212  0.36625000000000002     
         213  0.58125000000000004     
         214  0.50124999999999997     
         215  0.57250000000000001     
         216  0.34250000000000003     
         217  0.14249999999999999     
         218  0.70750000000000002     
         219  0.75249999999999995     
         220  0.59125000000000005     
         221  0.77749999999999997     
         222  0.20624999999999999     
         223  0.27750000000000002     
         224  0.65375000000000005     
         225  0.60124999999999995     
         226  0.48249999999999998     
         227   1.3750000000000000E-002
         228  0.36125000000000002     
         229  0.12125000000000000     
         230  0.58999999999999997     
         231  0.43500000000000000     
         232  0.62000000000000000     
         233  0.40749999999999997     
         234  0.62624999999999997     
         235  0.50249999999999995     
         236  0.28875000000000001     
         237  0.74250000000000005     
         238  0.70999999999999996     
         239  0.48999999999999999     
         240  0.17374999999999999     
         241  0.47375000000000000     
         242  0.76875000000000004     
         243  0.40000000000000002     
         244  0.62124999999999997     
         245  0.74500000000000000     
         246  0.39500000000000002     
         247  0.62749999999999995     
         248  0.70750000000000002     
         249  0.30875000000000002     
         250  0.78874999999999995     
         251  0.67500000000000004     
         252  0.50124999999999997     
         253  0.45874999999999999     
         254  0.29125000000000001     
         255   2.1250000000000002E-002
         256  0.77000000000000002     
         257  0.57250000000000001     
         258  0.73499999999999999     
         259   7.3749999999999996E-002
         260  0.71750000000000003     
         261  0.66000000000000003     
         262  0.66249999999999998     
         263  0.48125000000000001     
         264  0.59750000000000003     
         265  0.25250000000000000     
         266  0.64124999999999999     
         267  0.61750000000000005     
         268  0.59750000000000003     
         269  0.18250000000000000     
         270  0.59499999999999997     
         271  0.32000000000000001     
         272  0.54874999999999996     
         273  0.69750000000000001     
         274  0.43500000000000000     
         275  0.40125000000000000     
         276  0.63375000000000004     
         277  0.58875000000000000     
         278  0.64875000000000005     
         279  0.63624999999999998     
         280   7.8750000000000001E-002
         281  0.71499999999999997     
         282  0.28249999999999997     
         283  0.40625000000000000     
         284  0.58374999999999999     
         285  0.26624999999999999     
         286   9.3750000000000000E-002
         287  0.47499999999999998     
         288  0.39624999999999999     
         289  0.57874999999999999     
         290  0.31000000000000000     
         291  0.58875000000000000     
         292   7.3749999999999996E-002
         293  0.32500000000000001     
         294  0.64875000000000005     
         295  0.10500000000000000     
         296  0.70374999999999999     
         297  0.45500000000000002     
         298  0.13875000000000001     
         299  0.44374999999999998     
         300  0.71625000000000005     
         301  0.40375000000000000     
         302  0.50624999999999998     
         303  0.71999999999999997     
         304  0.51249999999999996     
         305  0.59499999999999997     
         306  0.64124999999999999     
         307  0.34875000000000000     
         308  0.27374999999999999     
         309  0.62875000000000003     
         310  0.67374999999999996     
         311  0.70250000000000001     
         312  0.65249999999999997     
         313  0.71875000000000000     
         314  0.28000000000000003     
         315  0.55000000000000004     
         316  0.27750000000000002     
         317   1.3750000000000000E-002
         318   5.6250000000000001E-002
         319  0.25250000000000000     
         320  0.68500000000000005     
         321  0.77875000000000005     
         322  0.31125000000000003     
         323  0.47125000000000000     
         324  0.39000000000000001     
         325  0.20749999999999999     
         326  0.41875000000000001     
         327  0.71125000000000005     
         328  0.52625000000000000     
         329  0.41249999999999998     
         330  0.32250000000000001     
         331  0.44374999999999998     
         332  0.17249999999999999     
         333  0.35499999999999998     
         334  0.63375000000000004     
         335  0.35749999999999998     
         336  0.24875000000000000     
         337  0.57499999999999996     
         338  0.58625000000000005     
         339  0.20250000000000001     
         340   9.5000000000000001E-002
         341   0.0000000000000000     
         342  0.67749999999999999     
         343  0.65375000000000005     
         344  0.16000000000000000     
         345  0.49125000000000002     
         346  0.77000000000000002     
         347  0.60624999999999996     
         348  0.72999999999999998     
         349  0.72124999999999995     
         350  0.39750000000000002     
         351  0.68750000000000000     
         352   1.2500000000000001E-002
         353  0.48875000000000002     
         354  0.72624999999999995     
         355  0.73375000000000001     
         356   8.9999999999999997E-002
         357  0.38250000000000001     
         358  0.70499999999999996     
         359  0.80249999999999999     
         360  0.45250000000000001     
         361  0.41999999999999998     
         362  0.55500000000000005     
         363  0.20874999999999999     
         364  0.58875000000000000     
         365  0.64124999999999999     
         366  0.61124999999999996     
         367  0.42999999999999999     
         368  0.70374999999999999     
         369  0.52124999999999999     
         370  0.66249999999999998     
         371  0.49625000000000002     
         372  0.27625000000000000     
         373  0.24875000000000000     
         374   1.7500000000000002E-002
         375  0.33750000000000002     
         376  0.20499999999999999     
         377  0.40999999999999998     
         378  0.48499999999999999     
         379  0.54374999999999996     
         380  0.70250000000000001     
         381   7.6249999999999998E-002
         382  0.24875000000000000     
         383  0.29125000000000001     
         384  0.28875000000000001     
         385   8.7499999999999994E-002
         386  0.60999999999999999     
         387  0.58499999999999996     
         388  0.72124999999999995     
         389  0.50000000000000000     
         390  0.53125000000000000     
         391  0.19750000000000001     
         392  0.66000000000000003     
         393  0.36375000000000002     
         394  0.75875000000000004     
         395  0.69750000000000001     
         396  0.56499999999999995     
         397  0.73875000000000002     
         398  0.39250000000000002     
         399  0.54374999999999996     
         400  0.69625000000000004     
         401  0.17249999999999999     
         402  0.39624999999999999     
         403  0.47999999999999998     
         404  0.24124999999999999     
         405  0.48749999999999999     
         406  0.68999999999999995     
         407  0.63875000000000004     
         408  0.22250000000000000     
         409  0.64124999999999999     
         410  0.83374999999999999     
         411  0.62624999999999997     
         412  0.45124999999999998     
         413  0.43375000000000002     
         414  0.41499999999999998     
         415  0.22625000000000001     
         416  0.57499999999999996     
         417  0.46250000000000002     
         418   7.4999999999999997E-003
         419  0.11500000000000000     
         420  0.25374999999999998     
         421   3.7499999999999999E-002
         422  0.55750000000000000     
         423  0.46250000000000002     
         424  0.54749999999999999     
         425  0.45624999999999999     
         426  0.48999999999999999     
         427  0.54500000000000004     
         428  0.44250000000000000     
         429  0.54000000000000004     
         430  0.61124999999999996     
         431  0.70999999999999996     
         432  0.26250000000000001     
         433  0.46375000000000000     
         434  0.55625000000000002     
         435  0.56874999999999998     
         436  0.69499999999999995     
         437  0.71875000000000000     
         438  0.24625000000000000     
         439  0.68125000000000002     
         440  0.23000000000000001     
         441  0.76749999999999996     
         442  0.44250000000000000     
         443  0.44250000000000000     
         444  0.15125000000000000     
         445  0.14374999999999999     
         446  0.36875000000000002     
         447  0.67749999999999999     
         448  0.56999999999999995     
         449   1.2500000000000001E-002
         450  0.22625000000000001     
         451  0.27875000000000000     
         452  0.22125000000000000     
         453  0.22875000000000001     
         454  0.47499999999999998     
         455  0.65375000000000005     
         456  0.60499999999999998     
         457  0.60375000000000001     
         458  0.70374999999999999     
         459  0.11625000000000001     
         460  0.46250000000000002     
         461  0.69625000000000004     
         462  0.33124999999999999     
         463  0.65125000000000000     
         464  0.40375000000000000     
         465  0.23125000000000001     
         466  0.52124999999999999     
         467  0.37624999999999997     
         468  0.39000000000000001     
         469  0.26374999999999998     
         470  0.72375000000000000     
         471  0.27625000000000000     
         472  0.67374999999999996     
         473  0.75624999999999998     
         474  0.49875000000000003     
         475  0.33750000000000002     
         476  0.44500000000000001     
         477  0.17374999999999999     
         478  0.53000000000000003     
         479  0.59624999999999995     
         480  0.54000000000000004     
         481  0.69625000000000004     
         482  0.69374999999999998     
         483   5.7500000000000002E-002
         484  0.45250000000000001     
         485  0.59750000000000003     
         486  0.75500000000000000     
         487  0.52749999999999997     
         488  0.60499999999999998     
         489  0.79500000000000004     
         490  0.16625000000000001     
         491  0.53249999999999997     
         492  0.59875000000000000     
         493  0.32624999999999998     
         494   7.4999999999999997E-002
         495  0.76875000000000004     
         496  0.71499999999999997     
         497  0.76875000000000004     
         498  0.60250000000000004     
         499  0.34499999999999997     
         500  0.53249999999999997     
         501  0.53500000000000003     
         502  0.70750000000000002     
         503  0.42625000000000002     
         504  0.48499999999999999     
         505  0.28749999999999998     
         506  0.56499999999999995     
         507   5.6250000000000001E-002
         508  0.66625000000000001     
         509  0.34125000000000000     
         510   8.9999999999999997E-002
         511  0.68125000000000002     
         512  0.11625000000000001     
         513   3.6249999999999998E-002
         514  0.80000000000000004     
         515  0.73375000000000001     
         516  0.33500000000000002     
         517  0.50124999999999997     
         518   1.6250000000000001E-002
         519  0.57999999999999996     
         520  0.64749999999999996     
         521  0.60750000000000004     
         522  0.45624999999999999     
         523  0.33500000000000002     
         524  0.67125000000000001     
         525  0.66749999999999998     
         526  0.66625000000000001     
         527  0.35999999999999999     
         528  0.78874999999999995     
         529  0.25374999999999998     
         530  0.68625000000000003     
         531  0.62624999999999997     
         532  0.67625000000000002     
         533  0.77000000000000002     
         534  0.33000000000000002     
         535  0.42249999999999999     
         536  0.37250000000000000     
         537  0.67000000000000004     
         538  0.68374999999999997     
         539  0.53249999999999997     
         540  0.44874999999999998     
         541  0.68000000000000005     
         542  0.47625000000000001     
         543  0.13625000000000001     
         544  0.42749999999999999     
         545   6.1249999999999999E-002
         546  0.71250000000000002     
         547  0.49875000000000003     
         548  0.22500000000000001     
         549  0.66500000000000004     
         550  0.82250000000000001     
         551  0.34625000000000000     
         552  0.10875000000000000     
         553  0.62875000000000003     
         554  0.64124999999999999     
         555  0.21875000000000000     
         556   2.8750000000000001E-002
         557  0.19625000000000001     
         558  0.44750000000000001     
         559  0.59125000000000005     
         560  0.21500000000000000     
         561  0.65249999999999997     
         562  0.19125000000000000     
         563  0.63749999999999996     
         564  0.59250000000000003     
         565  0.19875000000000001     
         566  0.47875000000000001     
         567  0.51749999999999996     
         568  0.65874999999999995     
         569  0.44000000000000000     
         570  0.43125000000000002     
         571  0.45374999999999999     
         572  0.81125000000000003     
         573  0.53625000000000000     
         574  0.47249999999999998     
         575  0.35499999999999998     
         576  0.33374999999999999     
         577  0.55374999999999996     
         578  0.66500000000000004     
         579  0.64749999999999996     
         580  0.28375000000000000     
         581  0.71750000000000003     
         582  0.69250000000000000     
         583  0.55249999999999999     
         584  0.42749999999999999     
         585  0.28875000000000001     
         586  0.72499999999999998     
         587  0.70250000000000001     
         588  0.77375000000000005     
         589   1.8749999999999999E-002
         590  0.58625000000000005     
         591  0.65000000000000002     
         592  0.41875000000000001     
         593  0.71499999999999997     
         594  0.51749999999999996     
         595  0.63875000000000004     
         596  0.75000000000000000     
         597  0.44000000000000000     
         598  0.61250000000000004     
         599  0.31624999999999998     
         600  0.32374999999999998     
         601  0.33875000000000000     
         602  0.58374999999999999     
         603  0.35625000000000001     
         604  0.70750000000000002     
         605  0.49750000000000000     
         606  0.31374999999999997     
         607  0.65125000000000000     
         608  0.27500000000000002     
         609  0.47249999999999998     
         610  0.67000000000000004     
         611  0.23125000000000001     
         612  0.71375000000000000     
         613  0.63375000000000004     
         614  0.53374999999999995     
         615  0.18625000000000000     
         616  0.57499999999999996     
         617  0.68625000000000003     
         618  0.63875000000000004     
         619  0.14374999999999999     
         620  0.59375000000000000     
         621  0.33750000000000002     
         622  0.61124999999999996     
         623  0.33250000000000002     
         624  0.62500000000000000     
         625  0.18625000000000000     
         626  0.43375000000000002     
         627   2.9999999999999999E-002
         628  0.57250000000000001     
         629  0.45874999999999999     
         630  0.59624999999999995     
         631  0.14499999999999999     
         632  0.81499999999999995     
         633  0.72624999999999995     
         634  0.77500000000000002     
         635  0.45750000000000002     
         636  0.41125000000000000     
         637  0.61624999999999996     
         638   4.4999999999999998E-002
         639  0.73124999999999996     
         640  0.68999999999999995     
         641  0.37500000000000000     
         642  0.64624999999999999     
         643  0.66374999999999995     
         644  0.55249999999999999     
         645  0.65874999999999995     
         646  0.55874999999999997     
         647  0.48249999999999998     
         648   6.6250000000000003E-002
         649  0.39500000000000002     
         650  0.63124999999999998     
         651  0.63124999999999998     
         652  0.21500000000000000     
         653  0.52375000000000005     
         654  0.65000000000000002     
         655  0.80374999999999996     
         656  0.51375000000000004     
         657  0.73499999999999999     
         658  0.57250000000000001     
         659   2.1250000000000002E-002
         660   9.3750000000000000E-002
         661  0.48625000000000002     
         662  0.11000000000000000     
         663  0.56874999999999998     
         664  0.49125000000000002     
         665  0.10125000000000001     
         666  0.48625000000000002     
         667  0.65874999999999995     
         668  0.53874999999999995     
         669  0.23250000000000001     
         670  0.30750000000000000     
         671  0.73250000000000004     
         672   8.9999999999999997E-002
         673  0.48125000000000001     
         674  0.32500000000000001     
         675  0.68999999999999995     
         676  0.57625000000000004     
         677  0.67125000000000001     
         678  0.70625000000000004     
         679  0.53125000000000000     
         680  0.65000000000000002     
         681  0.62749999999999995     
         682  0.71999999999999997     
         683  0.67125000000000001     
         684  0.56000000000000005     
         685  0.55249999999999999     
         686  0.54249999999999998     
         687  0.68874999999999997     
         688  0.23375000000000001     
         689  0.73375000000000001     
         690  0.68500000000000005     
         691   5.9999999999999998E-002
         692  0.74124999999999996     
         693   8.2500000000000004E-002
         694  0.65500000000000003     
         695  0.40875000000000000     
         696  0.59624999999999995     
         697  0.63375000000000004     
         698  0.59999999999999998     
         699  0.38374999999999998     
         700  0.62124999999999997     
         701  0.31500000000000000     
         702   5.2499999999999998E-002
         703  0.57999999999999996     
         704  0.63124999999999998     
         705   5.9999999999999998E-002
         706  0.48249999999999998     
         707  0.64500000000000002     
         708  0.81125000000000003     
         709  0.74250000000000005     
         710  0.43375000000000002     
         711  0.76375000000000004     
         712  0.73250000000000004     
         713  0.68625000000000003     
         714  0.71999999999999997     
         715  0.34999999999999998     
         716  0.43125000000000002     
         717  0.65000000000000002     
         718  0.58374999999999999     
         719  0.62250000000000005     
         720  0.68250000000000000     
         721  0.31500000000000000     
         722  0.65249999999999997     
         723  0.68500000000000005     
         724  0.38000000000000000     
         725   2.5000000000000001E-003
         726  0.74124999999999996     
         727  0.69874999999999998     
         728  0.60250000000000004     
         729  0.67625000000000002     
         730  0.14624999999999999     
         731  0.53125000000000000     
         732  0.47749999999999998     
         733   6.5000000000000002E-002
         734  0.73624999999999996     
         735  0.56125000000000003     
         736  0.52500000000000002     
         737  0.46875000000000000     
         738  0.39624999999999999     
         739  0.45124999999999998     
         740  0.61250000000000004     
         741  0.32624999999999998     
         742  0.43250000000000000     
         743  0.57125000000000004     
         744  0.65625000000000000     
         745  0.34999999999999998     
         746   9.8750000000000004E-002
         747  0.59250000000000003     
         748  0.49750000000000000     
         749  0.66874999999999996     
         750  0.46625000000000000     
         751  0.76624999999999999     
         752  0.27500000000000002     
         753  0.56000000000000005     
         754  0.64624999999999999     
         755  0.54249999999999998     
         756  0.60499999999999998     
         757  0.32624999999999998     
         758  0.28875000000000001     
         759  0.68250000000000000     
         760  0.62500000000000000     
         761  0.41749999999999998     
         762  0.10000000000000001     
         763  0.49249999999999999     
         764  0.57625000000000004     
         765  0.54000000000000004     
         766  0.49625000000000002     
         767  0.71750000000000003     
         768  0.43874999999999997     
         769  0.74624999999999997     
         770  0.50500000000000000     
         771  0.14499999999999999     
         772  0.65125000000000000     
         773  0.28875000000000001     
         774  0.74250000000000005     
         775  0.53500000000000003     
         776  0.63749999999999996     
         777  0.23000000000000001     
         778  0.11000000000000000     
         779  0.37500000000000000     
         780  0.15500000000000000     
         781  0.73624999999999996     
         782  0.14749999999999999     
         783  0.48125000000000001     
         784  0.25124999999999997     
         785   2.1250000000000002E-002
         786  0.60624999999999996     
         787  0.68500000000000005     
         788  0.45624999999999999     
         789  0.17624999999999999     
         790  0.80625000000000002     
         791  0.25624999999999998     
         792  0.67125000000000001     
         793  0.26000000000000001     
         794  0.59250000000000003     
         795  0.65749999999999997     
         796  0.61499999999999999     
         797  0.28875000000000001     
         798  0.51000000000000001     
         799  0.37000000000000000     
         800  0.70625000000000004     
         801  0.47499999999999998     
         802  0.54625000000000001     
         803  0.14749999999999999     
         804  0.58125000000000004     
         805  0.33124999999999999     
         806  0.64124999999999999     
         807  0.10875000000000000     
         808  0.75000000000000000     
         809  0.47625000000000001     
         810  0.58374999999999999     
         811  0.53749999999999998     
         812  0.56625000000000003     
         813  0.57499999999999996     
         814  0.78000000000000003     
         815  0.41999999999999998     
         816  0.64249999999999996     
         817  0.68874999999999997     
         818  0.56499999999999995     
         819  0.17499999999999999     
         820  0.43750000000000000     
         821  0.51749999999999996     
         822  0.24500000000000000     
         823  0.63375000000000004     
         824  0.55249999999999999     
         825  0.17624999999999999     
         826  0.73999999999999999     
         827  0.57625000000000004     
         828  0.53125000000000000     
         829  0.71499999999999997     
         830  0.40500000000000003     
         831  0.42375000000000002     
         832   6.7500000000000004E-002
         833  0.12125000000000000     
         834   7.6249999999999998E-002
         835  0.15500000000000000     
         836  0.62000000000000000     
         837  0.71625000000000005     
         838  0.36375000000000002     
         839  0.68250000000000000     
         840  0.28499999999999998     
         841  0.61875000000000002     
         842  0.71250000000000002     
         843  0.41375000000000001     
         844  0.64500000000000002     
         845  0.58125000000000004     
         846  0.63624999999999998     
         847  0.35375000000000001     
         848  0.10500000000000000     
         849  0.66749999999999998     
         850  0.66625000000000001     
         851  0.75500000000000000     
         852  0.40375000000000000     
         853  0.71750000000000003     
         854  0.51249999999999996     
         855  0.47875000000000001     
         856  0.63375000000000004     
         857  0.62749999999999995     
         858  0.59875000000000000     
         859  0.73250000000000004     
         860  0.48375000000000001     
         861  0.15500000000000000     
         862  0.68000000000000005     
         863   4.7500000000000001E-002
         864  0.54249999999999998     
         865  0.50624999999999998     
         866  0.45000000000000001     
         867  0.63749999999999996     
         868  0.12000000000000000     
         869  0.54749999999999999     
         870  0.54749999999999999     
         871  0.25500000000000000     
         872  0.38500000000000001     
         873  0.69125000000000003     
         874  0.42375000000000002     
         875  0.27000000000000002     
         876  0.63749999999999996     
         877  0.12625000000000000     
         878  0.40375000000000000     
         879  0.42249999999999999     
         880  0.15625000000000000     
         881  0.62375000000000003     
         882   6.6250000000000003E-002
         883  0.44500000000000001     
         884  0.26000000000000001     
         885  0.57750000000000001     
         886  0.19500000000000001     
         887  0.37750000000000000     
         888  0.53625000000000000     
         889  0.58250000000000002     
         890  0.68250000000000000     
         891  0.66874999999999996     
         892  0.36125000000000002     
         893  0.55874999999999997     
         894  0.71625000000000005     
         895  0.74250000000000005     
         896  0.65000000000000002     
         897  0.61750000000000005     
         898  0.44750000000000001     
         899  0.64624999999999999     
         900  0.78125000000000000     
         901   3.1250000000000000E-002
         902  0.52000000000000002     
         903  0.12125000000000000     
         904  0.72499999999999998     
         905  0.39124999999999999     
         906  0.20374999999999999     
         907  0.62624999999999997     
         908   1.3750000000000000E-002
         909  0.34000000000000002     
         910  0.50749999999999995     
         911  0.66125000000000000     
         912  0.33750000000000002     
         913  0.57999999999999996     
         914  0.60375000000000001     
         915   8.1250000000000003E-002
         916  0.54625000000000001     
         917  0.17499999999999999     
         918  0.73499999999999999     
         919  0.55000000000000004     
         920  0.63624999999999998     
         921  0.68250000000000000     
         922  0.68874999999999997     
         923  0.38500000000000001     
         924  0.37624999999999997     
         925  0.58250000000000002     
         926  0.66500000000000004     
         927  0.60624999999999996     
         928  0.77749999999999997     
         929   8.0000000000000002E-002
         930  0.49375000000000002     
         931  0.79249999999999998     
         932  0.38000000000000000     
         933  0.65375000000000005     
         934  0.20374999999999999     
         935  0.74500000000000000     
         936  0.45374999999999999     
         937  0.57374999999999998     
         938  0.73375000000000001     
         939  0.34875000000000000     
         940  0.41875000000000001     
         941  0.55874999999999997     
         942  0.65000000000000002     
         943  0.56999999999999995     
         944  0.29499999999999998     
         945  0.54874999999999996     
         946  0.62875000000000003     
         947  0.59875000000000000     
         948  0.43500000000000000     
         949   8.9999999999999997E-002
         950  0.70750000000000002     
         951  0.57250000000000001     
         952  0.67749999999999999     
         953  0.70625000000000004     
         954  0.27374999999999999     
         955  0.69874999999999998     
         956  0.73624999999999996     
         957  0.66874999999999996     
         958  0.52249999999999996     
         959  0.72250000000000003     
         960  0.16875000000000001     
         961   5.3749999999999999E-002
         962  0.26500000000000001     
         963  0.70374999999999999     
         964  0.40749999999999997     
         965  0.63875000000000004     
         966  0.37624999999999997     
         967  0.31624999999999998     
         968  0.63749999999999996     
         969  0.36249999999999999     
         970  0.72124999999999995     
         971  0.48249999999999998     
         972  0.32374999999999998     
         973   1.6250000000000001E-002
         974  0.53874999999999995     
         975  0.56874999999999998     
         976  0.66625000000000001     
         977  0.70750000000000002     
         978  0.64124999999999999     
         979  0.14749999999999999     
         980  0.59624999999999995     
         981  0.50500000000000000     
         982  0.60124999999999995     
         983  0.66500000000000004     
         984  0.50749999999999995     
         985  0.51124999999999998     
         986  0.50249999999999995     
         987  0.46875000000000000     
         988  0.12875000000000000     
         989  0.17000000000000001     
         990  0.52375000000000005     
         991  0.78374999999999995     
         992  0.65625000000000000     
         993  0.67874999999999996     
         994  0.55625000000000002     
         995  0.27625000000000000     
         996  0.71625000000000005     
         997  0.80374999999999996     
         998  0.32500000000000001     
         999  0.74624999999999997     
        1000  0.63375000000000004     
        1001  0.11125000000000000     
        1002  0.31624999999999998     
        1003  0.57125000000000004     
        1004  0.65375000000000005     
        1005  0.53249999999999997     
        1006  0.59250000000000003     
        1007  0.76500000000000001     
        1008  0.68500000000000005     
        1009  0.78749999999999998     
        1010  0.41875000000000001     
        1011   9.1249999999999998E-002
        1012  0.70625000000000004     
        1013  0.37125000000000002     
        1014  0.61875000000000002     
        1015  0.81125000000000003     
        1016  0.45874999999999999     
        1017  0.58250000000000002     
        1018  0.68750000000000000     
        1019  0.78374999999999995     
        1020  0.59875000000000000     
        1021   7.7499999999999999E-002
        1022  0.49625000000000002     
        1023  0.56625000000000003     
        1024  0.74250000000000005     
        1025  0.74875000000000003     
        1026  0.69999999999999996     
        1027  0.32624999999999998     
        1028   7.2499999999999995E-002
        1029  0.74124999999999996     
        1030  0.14874999999999999     
        1031  0.44500000000000001     
        1032  0.60375000000000001     
        1033  0.49625000000000002     
        1034  0.50624999999999998     
        1035  0.59750000000000003     
        1036  0.55500000000000005     
        1037  0.35875000000000001     
        1038  0.54125000000000001     
        1039  0.12875000000000000     
        1040   6.5000000000000002E-002
        1041  0.49249999999999999     
        1042  0.48125000000000001     
        1043  0.73250000000000004     
        1044  0.40500000000000003     
        1045  0.68250000000000000     
        1046  0.67874999999999996     
        1047  0.68000000000000005     
        1048  0.69125000000000003     
        1049  0.75749999999999995     
        1050  0.40250000000000002     
        1051  0.74875000000000003     
        1052  0.66500000000000004     
        1053  0.71250000000000002     
        1054  0.45000000000000001     
        1055   2.5000000000000001E-003
        1056  0.67374999999999996     
        1057  0.65874999999999995     
        1058  0.72875000000000001     
        1059  0.58499999999999996     
        1060  0.67374999999999996     
        1061  0.24500000000000000     
        1062  0.70374999999999999     
        1063  0.41999999999999998     
        1064  0.39124999999999999     
        1065  0.73875000000000002     
        1066  0.61875000000000002     
        1067  0.66874999999999996     
        1068  0.50375000000000003     
        1069  0.63624999999999998     
        1070  0.56125000000000003     
        1071  0.35499999999999998     
        1072  0.51875000000000004     
        1073  0.48625000000000002     
        1074  0.55000000000000004     
        1075  0.54374999999999996     
        1076  0.52875000000000005     
        1077  0.75500000000000000     
        1078  0.34375000000000000     
        1079  0.58374999999999999     
        1080  0.75749999999999995     
        1081   5.5000000000000000E-002
        1082  0.68999999999999995     
        1083  0.63749999999999996     
        1084  0.49375000000000002     
        1085  0.48625000000000002     
        1086  0.61124999999999996     
        1087   5.1249999999999997E-002
        1088  0.74875000000000003     
        1089  0.70250000000000001     
        1090  0.78249999999999997     
        1091  0.49625000000000002     
        1092  0.75375000000000003     
        1093  0.74750000000000005     
        1094  0.41499999999999998     
        1095  0.65749999999999997     
        1096   2.5000000000000001E-003
        1097  0.58125000000000004     
        1098  0.41375000000000001     
        1099  0.72124999999999995     
        1100  0.51375000000000004     
        1101  0.64375000000000004     
        1102  0.38500000000000001     
        1103  0.17499999999999999     
        1104  0.64000000000000001     
        1105  0.65249999999999997     
        1106  0.41749999999999998     
        1107  0.58499999999999996     
        1108  0.10125000000000001     
        1109  0.22500000000000001     
        1110  0.45000000000000001     
        1111  0.70250000000000001     
        1112  0.42125000000000001     
        1113  0.66374999999999995     
        1114  0.42625000000000002     
        1115  0.69750000000000001     
        1116  0.28499999999999998     
        1117  0.73499999999999999     
        1118  0.42749999999999999     
        1119   8.7500000000000008E-003
        1120  0.69250000000000000     
        1121  0.65000000000000002     
        1122  0.28249999999999997     
        1123  0.28499999999999998     
        1124  0.56125000000000003     
        1125  0.40875000000000000     
        1126  0.51375000000000004     
        1127   1.2500000000000001E-002
        1128  0.43625000000000003     
        1129  0.60250000000000004     
        1130  0.51624999999999999     
        1131  0.61250000000000004     
        1132  0.33500000000000002     
        1133  0.24500000000000000     
        1134  0.78374999999999995     
        1135  0.45750000000000002     
        1136  0.60250000000000004     
        1137  0.35125000000000001     
        1138  0.42249999999999999     
        1139  0.58875000000000000     
        1140  0.43250000000000000     
        1141  0.29375000000000001     
        1142  0.41249999999999998     
        1143  0.30125000000000002     
        1144  0.24124999999999999     
        1145  0.13250000000000001     
        1146  0.28125000000000000     
        1147  0.71875000000000000     
        1148  0.62000000000000000     
        1149  0.42249999999999999     
        1150  0.17249999999999999     
        1151  0.53749999999999998     
        1152  0.36125000000000002     
        1153  0.43750000000000000     
        1154  0.44000000000000000     
        1155  0.74124999999999996     
        1156  0.51624999999999999     
        1157  0.42375000000000002     
        1158  0.77124999999999999     
        1159  0.33500000000000002     
        1160  0.43125000000000002     
        1161  0.25500000000000000     
        1162   1.8749999999999999E-002
        1163  0.36749999999999999     
        1164  0.57625000000000004     
        1165  0.80249999999999999     
        1166  0.28125000000000000     
        1167  0.69499999999999995     
        1168   7.8750000000000001E-002
        1169   7.2499999999999995E-002
        1170  0.80374999999999996     
        1171  0.11874999999999999     
        1172  0.60750000000000004     
        1173  0.36499999999999999     
        1174  0.72375000000000000     
        1175  0.67249999999999999     
        1176  0.29625000000000001     
        1177  0.65249999999999997     
        1178  0.53249999999999997     
        1179  0.55249999999999999     
        1180  0.41749999999999998     
        1181  0.72624999999999995     
        1182  0.75375000000000003     
        1183  0.24500000000000000     
        1184  0.11749999999999999     
        1185  0.59875000000000000     
        1186  0.80750000000000000     
        1187  0.69374999999999998     
        1188  0.17999999999999999     
        1189  0.68750000000000000     
        1190  0.29125000000000001     
        1191   8.1250000000000003E-002
        1192  0.77749999999999997     
        1193  0.31500000000000000     
        1194  0.64749999999999996     
        1195  0.66125000000000000     
        1196  0.73875000000000002     
        1197  0.71250000000000002     
        1198  0.65749999999999997     
        1199  0.34125000000000000     
        1200  0.77375000000000005     
        1201  0.24124999999999999     
        1202  0.21249999999999999     
        1203  0.40625000000000000     
        1204  0.62875000000000003     
        1205  0.39874999999999999     
        1206   6.2500000000000000E-002
        1207  0.76875000000000004     
        1208  0.53874999999999995     
        1209  0.31874999999999998     
        1210  0.33374999999999999     
        1211  0.46625000000000000     
        1212  0.29625000000000001     
        1213  0.22000000000000000     
        1214  0.63249999999999995     
        1215  0.74250000000000005     
        1216  0.60750000000000004     
        1217  0.60499999999999998     
        1218  0.12875000000000000     
        1219  0.59250000000000003     
        1220  0.57874999999999999     
        1221  0.51124999999999998     
        1222  0.70874999999999999     
        1223   4.1250000000000002E-002
        1224  0.55500000000000005     
        1225  0.35875000000000001     
        1226  0.24750000000000000     
        1227   4.3749999999999997E-002
        1228  0.59125000000000005     
        1229  0.73624999999999996     
        1230  0.64124999999999999     
        1231  0.30625000000000002     
        1232  0.76875000000000004     
        1233  0.65000000000000002     
        1234  0.31250000000000000     
        1235  0.74875000000000003     
        1236  0.79000000000000004     
        1237  0.45624999999999999     
        1238  0.18124999999999999     
        1239  0.37250000000000000     
        1240  0.35999999999999999     
        1241   8.3750000000000005E-002
        1242  0.56750000000000000     
        1243  0.75249999999999995     
        1244  0.55000000000000004     
        1245  0.76624999999999999     
        1246   5.5000000000000000E-002
        1247  0.33875000000000000     
        1248  0.59375000000000000     
        1249  0.18500000000000000     
        1250  0.29375000000000001     
        1251  0.60124999999999995     
        1252  0.68750000000000000     
        1253   5.6250000000000001E-002
        1254  0.47499999999999998     
        1255  0.52500000000000002     
        1256  0.45624999999999999     
        1257  0.45000000000000001     
        1258  0.73750000000000004     
        1259  0.80500000000000005     
        1260  0.61250000000000004     
        1261  0.24124999999999999     
        1262   9.7500000000000003E-002
        1263  0.67625000000000002     
        1264  0.45750000000000002     
        1265  0.71499999999999997     
        1266  0.60624999999999996     
        1267  0.55750000000000000     
        1268  0.24500000000000000     
        1269  0.42999999999999999     
        1270  0.61124999999999996     
        1271  0.65874999999999995     
        1272  0.38874999999999998     
        1273  0.67749999999999999     
        1274  0.63875000000000004     
        1275   2.1250000000000002E-002
        1276  0.74500000000000000     
        1277  0.23375000000000001     
        1278  0.15250000000000000     
        1279  0.47749999999999998     
        1280  0.42125000000000001     
        1281  0.30125000000000002     
        1282  0.28375000000000000     
        1283  0.45124999999999998     
        1284  0.51124999999999998     
        1285  0.58999999999999997     
        1286  0.69999999999999996     
        1287  0.69750000000000001     
        1288  0.63875000000000004     
        1289  0.34000000000000002     
        1290  0.58625000000000005     
        1291  0.60875000000000001     
        1292  0.43625000000000003     
        1293  0.31000000000000000     
        1294  0.36249999999999999     
        1295   5.7500000000000002E-002
        1296  0.61124999999999996     
        1297  0.64624999999999999     
        1298  0.16500000000000001     
        1299  0.76249999999999996     
        1300  0.78625000000000000     
        1301  0.63875000000000004     
        1302  0.63500000000000001     
        1303  0.63124999999999998     
        1304  0.75749999999999995     
        1305  0.39124999999999999     
        1306  0.63000000000000000     
        1307  0.61624999999999996     
        1308  0.11125000000000000     
        1309  0.67749999999999999     
        1310  0.53249999999999997     
        1311  0.55500000000000005     
        1312  0.74124999999999996     
        1313  0.45624999999999999     
        1314  0.46124999999999999     
        1315  0.36625000000000002     
        1316  0.66500000000000004     
        1317   2.1250000000000002E-002
        1318  0.26000000000000001     
        1319  0.41499999999999998     
        1320  0.48125000000000001     
        1321  0.40125000000000000     
        1322  0.26374999999999998     
        1323  0.54625000000000001     
        1324  0.63500000000000001     
        1325  0.42375000000000002     
        1326  0.67000000000000004     
        1327  0.27500000000000002     
        1328  0.50749999999999995     
        1329  0.62624999999999997     
        1330  0.66374999999999995     
        1331  0.44000000000000000     
        1332  0.34125000000000000     
        1333  0.13500000000000001     
        1334  0.32500000000000001     
        1335  0.17624999999999999     
        1336  0.32750000000000001     
        1337   5.7500000000000002E-002
        1338  0.60124999999999995     
        1339  0.39374999999999999     
        1340  0.65249999999999997     
        1341  0.60624999999999996     
        1342  0.24124999999999999     
        1343   2.0000000000000000E-002
        1344  0.55750000000000000     
        1345  0.73624999999999996     
        1346  0.34375000000000000     
        1347  0.19125000000000000     
        1348  0.13875000000000001     
        1349   4.0000000000000001E-002
        1350  0.32624999999999998     
        1351  0.45750000000000002     
        1352  0.26124999999999998     
        1353  0.80249999999999999     
        1354  0.51124999999999998     
        1355  0.33000000000000002     
        1356  0.58625000000000005     
        1357   8.6249999999999993E-002
        1358  0.43375000000000002     
        1359  0.65125000000000000     
        1360  0.48499999999999999     
        1361  0.13000000000000000     
        1362  0.40250000000000002     
        1363  0.20499999999999999     
        1364  0.41375000000000001     
        1365  0.50624999999999998     
        1366  0.44374999999999998     
        1367  0.25000000000000000     
        1368  0.42625000000000002     
        1369  0.44500000000000001     
        1370  0.49249999999999999     
        1371  0.57625000000000004     
        1372  0.68500000000000005     
        1373  0.45000000000000001     
        1374  0.73124999999999996     
        1375  0.64375000000000004     
        1376  0.54000000000000004     
        1377  0.65125000000000000     
        1378  0.56000000000000005     
        1379  0.77375000000000005     
        1380  0.10750000000000000     
        1381  0.29125000000000001     
        1382  0.45374999999999999     
        1383  0.24124999999999999     
        1384  0.56874999999999998     
        1385  0.68500000000000005     
        1386  0.18750000000000000     
        1387  0.32374999999999998     
        1388  0.27625000000000000     
        1389  0.64500000000000002     
        1390  0.33124999999999999     
        1391  0.37000000000000000     
        1392  0.78000000000000003     
        1393  0.59125000000000005     
        1394  0.35125000000000001     
        1395  0.48625000000000002     
        1396  0.59250000000000003     
        1397  0.74624999999999997     
        1398  0.45750000000000002     
        1399  0.66500000000000004     
        1400  0.70874999999999999     
        1401   4.1250000000000002E-002
        1402  0.21875000000000000     
        1403  0.18625000000000000     
        1404  0.67125000000000001     
        1405  0.77249999999999996     
        1406  0.46999999999999997     
        1407  0.41999999999999998     
        1408  0.33000000000000002     
        1409  0.66374999999999995     
        1410  0.72624999999999995     
        1411  0.74500000000000000     
        1412  0.80874999999999997     
        1413  0.46875000000000000     
        1414  0.66500000000000004     
        1415  0.42999999999999999     
        1416  0.52625000000000000     
        1417  0.61250000000000004     
        1418  0.73875000000000002     
        1419  0.37874999999999998     
        1420  0.83999999999999997     
        1421  0.67625000000000002     
        1422  0.15375000000000000     
        1423  0.74500000000000000     
        1424  0.68250000000000000     
        1425  0.76124999999999998     
        1426  0.51624999999999999     
        1427  0.77124999999999999     
        1428  0.61250000000000004     
        1429  0.56874999999999998     
        1430  0.30499999999999999     
        1431  0.66000000000000003     
        1432  0.57125000000000004     
        1433  0.52625000000000000     
        1434  0.61624999999999996     
        1435  0.75249999999999995     
        1436  0.46999999999999997     
        1437  0.31000000000000000     
        1438  0.58625000000000005     
        1439  0.67749999999999999     
        1440  0.69625000000000004     
        1441  0.72875000000000001     
        1442  0.58374999999999999     
        1443  0.59750000000000003     
        1444  0.24625000000000000     
        1445  0.44874999999999998     
        1446  0.50624999999999998     
        1447  0.41375000000000001     
        1448  0.74750000000000005     
        1449  0.31125000000000003     
        1450  0.45250000000000001     
        1451  0.78874999999999995     
        1452  0.53874999999999995     
        1453   1.2500000000000001E-002
        1454  0.59875000000000000     
        1455   7.1249999999999994E-002
        1456  0.51500000000000001     
        1457  0.25500000000000000     
        1458  0.46124999999999999     
        1459  0.65874999999999995     
        1460  0.65874999999999995     
        1461  0.48875000000000002     
        1462  0.44000000000000000     
        1463  0.65375000000000005     
        1464  0.55874999999999997     
        1465  0.26374999999999998     
        1466  0.69499999999999995     
        1467  0.37624999999999997     
        1468  0.48875000000000002     
        1469  0.67500000000000004     
        1470  0.64500000000000002     
        1471  0.25374999999999998     
        1472  0.62500000000000000     
        1473  0.41999999999999998     
        1474  0.44874999999999998     
        1475  0.66249999999999998     
        1476  0.79249999999999998     
        1477  0.71250000000000002     
        1478  0.36625000000000002     
        1479  0.68000000000000005     
        1480   3.2500000000000001E-002
        1481  0.43250000000000000     
        1482  0.71625000000000005     
        1483  0.20125000000000001     
        1484  0.74375000000000002     
        1485  0.27500000000000002     
        1486  0.79000000000000004     
        1487   8.8749999999999996E-002
        1488  0.53500000000000003     
        1489  0.40999999999999998     
        1490  0.29375000000000001     
        1491  0.61124999999999996     
        1492  0.41625000000000001     
        1493  0.54749999999999999     
        1494  0.35749999999999998     
        1495  0.35249999999999998     
        1496  0.31250000000000000     
        1497  0.80500000000000005     
        1498  0.33750000000000002     
        1499  0.70125000000000004     
        1500  0.53500000000000003     
        1501  0.45874999999999999     
        1502  0.17749999999999999     
        1503  0.81125000000000003     
        1504  0.39250000000000002     
        1505  0.66000000000000003     
        1506  0.64875000000000005     
        1507  0.34000000000000002     
        1508  0.55874999999999997     
        1509  0.41749999999999998     
        1510   5.2499999999999998E-002
        1511  0.43125000000000002     
        1512  0.33250000000000002     
        1513  0.48249999999999998     
        1514  0.38250000000000001     
        1515   7.8750000000000001E-002
        1516  0.34499999999999997     
        1517  0.68999999999999995     
        1518  0.25874999999999998     
        1519  0.34749999999999998     
        1520  0.50875000000000004     
        1521  0.12000000000000000     
        1522  0.12875000000000000     
        1523  0.18375000000000000     
        1524  0.81000000000000005     
        1525  0.34999999999999998     
        1526  0.56874999999999998     
        1527  0.72124999999999995     
        1528  0.77124999999999999     
        1529  0.57750000000000001     
        1530  0.29375000000000001     
        1531  0.54874999999999996     
        1532  0.30125000000000002     
        1533  0.35499999999999998     
        1534  0.51875000000000004     
        1535  0.68125000000000002     
        1536  0.32750000000000001     
        1537  0.66374999999999995     
        1538  0.59499999999999997     
        1539  0.65249999999999997     
        1540  0.62000000000000000     
        1541  0.14000000000000001     
        1542  0.53625000000000000     
        1543  0.78625000000000000     
        1544  0.71125000000000005     
        1545   7.7499999999999999E-002
        1546  0.66874999999999996     
        1547   3.5000000000000003E-002
        1548  0.68125000000000002     
        1549  0.46875000000000000     
        1550  0.68125000000000002     
        1551  0.20749999999999999     
        1552  0.70125000000000004     
        1553   7.7499999999999999E-002
        1554  0.56625000000000003     
        1555  0.29375000000000001     
        1556  0.45624999999999999     
        1557  0.49500000000000000     
        1558  0.41749999999999998     
        1559  0.23624999999999999     
        1560  0.56250000000000000     
        1561  0.47875000000000001     
        1562  0.28375000000000000     
        1563  0.45000000000000001     
        1564  0.49500000000000000     
        1565  0.31125000000000003     
        1566  0.13625000000000001     
        1567  0.44000000000000000     
        1568  0.26874999999999999     
        1569  0.52000000000000002     
        1570  0.63249999999999995     
        1571  0.47875000000000001     
        1572  0.67000000000000004     
        1573  0.19375000000000001     
        1574  0.50749999999999995     
        1575  0.59375000000000000     
        1576  0.56999999999999995     
        1577  0.69125000000000003     
        1578  0.23874999999999999     
        1579   6.2500000000000003E-003
        1580  0.26500000000000001     
        1581  0.76249999999999996     
        1582  0.58125000000000004     
        1583  0.76500000000000001     
        1584  0.43625000000000003     
        1585  0.43375000000000002     
        1586  0.51375000000000004     
        1587  0.34625000000000000     
        1588  0.34749999999999998     
        1589  0.55125000000000002     
        1590  0.51249999999999996     
        1591   8.9999999999999997E-002
        1592  0.44500000000000001     
        1593  0.20874999999999999     
        1594  0.56499999999999995     
        1595  0.75249999999999995     
        1596  0.58374999999999999     
        1597  0.37624999999999997     
        1598  0.39624999999999999     
        1599  0.77749999999999997     
        1600  0.51000000000000001     
        1601  0.55874999999999997     
        1602  0.76875000000000004     
        1603  0.30249999999999999     
        1604  0.67625000000000002     
        1605  0.73624999999999996     
        1606  0.62124999999999997     
        1607  0.65000000000000002     
        1608  0.76375000000000004     
        1609  0.68374999999999997     
        1610  0.78374999999999995     
        1611  0.20374999999999999     
        1612  0.44750000000000001     
        1613  0.56999999999999995     
        1614  0.57250000000000001     
        1615  0.66374999999999995     
        1616  0.67125000000000001     
        1617  0.56874999999999998     
        1618  0.41125000000000000     
        1619  0.44624999999999998     
        1620  0.71750000000000003     
        1621  0.43375000000000002     
        1622  0.59999999999999998     
        1623  0.64375000000000004     
        1624  0.40875000000000000     
        1625  0.67874999999999996     
        1626  0.42625000000000002     
        1627  0.50249999999999995     
        1628  0.28375000000000000     
        1629  0.53749999999999998     
        1630  0.51375000000000004     
        1631  0.46250000000000002     
        1632  0.53500000000000003     
        1633  0.44250000000000000     
        1634  0.66249999999999998     
        1635  0.74250000000000005     
        1636   2.3750000000000000E-002
        1637  0.33124999999999999     
        1638  0.89000000000000001     
        1639  0.29875000000000002     
        1640  0.46750000000000003     
        1641  0.51500000000000001     
        1642  0.57250000000000001     
        1643  0.55500000000000005     
        1644  0.26374999999999998     
        1645  0.10500000000000000     
        1646  0.17749999999999999     
        1647  0.63749999999999996     
        1648  0.77875000000000005     
        1649  0.64624999999999999     
        1650  0.11000000000000000     
        1651  0.23999999999999999     
        1652  0.46875000000000000     
        1653  0.52625000000000000     
        1654  0.66625000000000001     
        1655  0.60375000000000001     
        1656  0.48125000000000001     
        1657  0.68374999999999997     
        1658  0.77000000000000002     
        1659  0.82999999999999996     
        1660  0.52875000000000005     
        1661  0.79874999999999996     
        1662  0.40375000000000000     
        1663  0.39874999999999999     
        1664  0.55249999999999999     
        1665  0.33500000000000002     
        1666  0.55500000000000005     
        1667  0.79625000000000001     
        1668  0.40375000000000000     
        1669  0.76875000000000004     
        1670  0.59250000000000003     
        1671  0.75375000000000003     
        1672  0.76875000000000004     
        1673  0.63500000000000001     
        1674  0.70374999999999999     
        1675  0.78000000000000003     
        1676  0.71875000000000000     
        1677  0.49125000000000002     
        1678  0.49500000000000000     
        1679  0.59624999999999995     
        1680  0.55500000000000005     
        1681  0.65874999999999995     
        1682  0.69999999999999996     
        1683   5.2499999999999998E-002
        1684  0.62500000000000000     
        1685  0.58875000000000000     
        1686  0.56750000000000000     
        1687   8.3750000000000005E-002
        1688  0.65625000000000000     
        1689  0.60499999999999998     
        1690  0.42999999999999999     
        1691  0.11500000000000000     
        1692  0.64375000000000004     
        1693  0.40999999999999998     
        1694  0.59125000000000005     
        1695  0.44124999999999998     
        1696  0.57250000000000001     
        1697  0.78000000000000003     
        1698  0.61750000000000005     
        1699  0.12500000000000000     
        1700  0.48125000000000001     
        1701  0.40999999999999998     
        1702  0.67374999999999996     
        1703  0.41749999999999998     
        1704  0.46999999999999997     
        1705  0.15625000000000000     
        1706  0.51624999999999999     
        1707  0.39000000000000001     
        1708  0.57999999999999996     
        1709  0.64375000000000004     
        1710  0.15625000000000000     
        1711  0.32500000000000001     
        1712   7.2499999999999995E-002
        1713  0.53500000000000003     
        1714  0.52625000000000000     
        1715  0.42875000000000002     
        1716  0.48499999999999999     
        1717  0.36249999999999999     
        1718  0.54625000000000001     
        1719  0.69625000000000004     
        1720  0.49125000000000002     
        1721  0.69499999999999995     
        1722  0.49875000000000003     
        1723  0.50124999999999997     
        1724  0.62250000000000005     
        1725  0.23000000000000001     
        1726  0.71625000000000005     
        1727  0.76000000000000001     
        1728  0.61499999999999999     
        1729  0.62749999999999995     
        1730  0.47999999999999998     
        1731  0.35249999999999998     
        1732  0.23499999999999999     
        1733  0.70999999999999996     
        1734  0.47375000000000000     
        1735  0.56125000000000003     
        1736  0.45874999999999999     
        1737  0.58999999999999997     
        1738  0.60875000000000001     
        1739   5.9999999999999998E-002
        1740  0.68750000000000000     
        1741  0.53249999999999997     
        1742  0.73124999999999996     
        1743  0.56250000000000000     
        1744  0.63375000000000004     
        1745  0.32750000000000001     
        1746  0.61250000000000004     
        1747   7.4999999999999997E-003
        1748  0.56374999999999997     
        1749  0.51500000000000001     
        1750  0.29125000000000001     
        1751  0.51624999999999999     
        1752  0.28625000000000000     
        1753  0.23000000000000001     
        1754  0.68374999999999997     
        1755  0.73999999999999999     
        1756  0.29875000000000002     
        1757   5.5000000000000000E-002
        1758  0.65125000000000000     
        1759  0.24374999999999999     
        1760  0.54000000000000004     
        1761  0.37000000000000000     
        1762  0.54249999999999998     
        1763  0.44750000000000001     
        1764  0.33250000000000002     
        1765  0.29375000000000001     
        1766  0.18750000000000000     
        1767  0.57999999999999996     
        1768  0.31125000000000003     
        1769   7.4999999999999997E-003
        1770  0.65500000000000003     
        1771   3.7499999999999999E-002
        1772  0.42749999999999999     
        1773  0.65375000000000005     
        1774  0.67874999999999996     
        1775  0.55374999999999996     
        1776  0.67625000000000002     
        1777  0.32000000000000001     
        1778  0.77625000000000000     
        1779  0.44250000000000000     
        1780   6.5000000000000002E-002
        1781  0.58999999999999997     
        1782  0.40000000000000002     
        1783  0.53249999999999997     
        1784  0.54249999999999998     
        1785  0.64875000000000005     
        1786  0.57374999999999998     
        1787  0.55625000000000002     
        1788  0.28499999999999998     
        1789  0.28875000000000001     
        1790   4.1250000000000002E-002
        1791  0.44874999999999998     
        1792  0.24500000000000000     
        1793  0.41625000000000001     
        1794   2.0000000000000000E-002
        1795  0.76749999999999996     
        1796   7.1249999999999994E-002
        1797  0.28375000000000000     
        1798  0.59624999999999995     
        1799  0.60999999999999999     
        1800  0.63500000000000001     
        1801  0.72124999999999995     
        1802  0.55500000000000005     
        1803  0.46625000000000000     
        1804  0.64875000000000005     
        1805  0.38624999999999998     
        1806  0.38250000000000001     
        1807  0.50500000000000000     
        1808   4.0000000000000001E-002
        1809  0.72250000000000003     
        1810  0.35625000000000001     
        1811  0.35625000000000001     
        1812  0.25250000000000000     
        1813  0.57374999999999998     
        1814  0.59999999999999998     
        1815  0.16750000000000001     
        1816  0.65000000000000002     
        1817   6.7500000000000004E-002
        1818  0.45124999999999998     
        1819  0.68250000000000000     
        1820  0.54625000000000001     
        1821  0.81000000000000005     
        1822  0.54500000000000004     
        1823  0.45624999999999999     
        1824  0.58625000000000005     
        1825  0.65249999999999997     
        1826  0.68999999999999995     
        1827  0.75749999999999995     
        1828  0.10375000000000000     
        1829  0.56374999999999997     
        1830  0.61250000000000004     
        1831  0.25374999999999998     
        1832  0.64500000000000002     
        1833  0.46875000000000000     
        1834  0.52124999999999999     
        1835  0.44374999999999998     
        1836  0.66249999999999998     
        1837  0.79249999999999998     
        1838  0.54500000000000004     
        1839  0.40999999999999998     
        1840  0.63749999999999996     
        1841  0.69625000000000004     
        1842  0.52625000000000000     
        1843  0.28375000000000000     
        1844  0.48749999999999999     
        1845  0.40875000000000000     
        1846  0.71875000000000000     
        1847  0.65000000000000002     
        1848  0.76375000000000004     
        1849  0.67249999999999999     
        1850  0.41375000000000001     
        1851  0.62624999999999997     
        1852  0.56499999999999995     
        1853  0.67625000000000002     
        1854  0.52875000000000005     
        1855  0.48749999999999999     
        1856  0.35249999999999998     
        1857  0.76500000000000001     
        1858  0.68874999999999997     
        1859  0.47125000000000000     
        1860  0.18124999999999999     
        1861  0.72375000000000000     
        1862  0.65249999999999997     
        1863   3.5000000000000003E-002
        1864  0.54874999999999996     
        1865  0.52749999999999997     
        1866  0.37375000000000003     
        1867   6.2500000000000003E-003
        1868  0.54125000000000001     
        1869  0.62250000000000005     
        1870  0.62124999999999997     
        1871  0.14874999999999999     
        1872  0.35875000000000001     
        1873  0.29999999999999999     
        1874  0.46375000000000000     
        1875  0.61875000000000002     
        1876  0.61624999999999996     
        1877  0.56374999999999997     
        1878  0.40625000000000000     
        1879   7.1249999999999994E-002
        1880  0.28499999999999998     
        1881  0.42749999999999999     
        1882  0.68374999999999997     
        1883  0.49500000000000000     
        1884  0.57125000000000004     
        1885  0.61250000000000004     
        1886  0.33500000000000002     
        1887   6.1249999999999999E-002
        1888  0.27250000000000002     
        1889  0.76249999999999996     
        1890  0.65500000000000003     
        1891  0.35375000000000001     
        1892  0.11125000000000000     
        1893  0.58875000000000000     
        1894  0.37624999999999997     
        1895  0.27500000000000002     
        1896  0.38624999999999998     
        1897   7.3749999999999996E-002
        1898  0.13625000000000001     
        1899  0.34499999999999997     
        1900  0.50000000000000000     
        1901  0.47249999999999998     
        1902  0.40875000000000000     
        1903  0.46000000000000002     
        1904  0.29875000000000002     
        1905  0.12625000000000000     
        1906  0.30875000000000002     
        1907  0.34125000000000000     
        1908  0.57625000000000004     
        1909  0.61875000000000002     
        1910  0.29999999999999999     
        1911  0.69874999999999998     
        1912  0.61375000000000002     
        1913  0.57374999999999998     
        1914  0.34875000000000000     
        1915  0.68625000000000003     
        1916  0.14749999999999999     
        1917  0.29999999999999999     
        1918  0.67374999999999996     
        1919  0.66749999999999998     
        1920  0.25500000000000000     
        1921  0.14624999999999999     
        1922  0.55625000000000002     
        1923  0.76375000000000004     
        1924  0.59875000000000000     
        1925  0.71750000000000003     
        1926  0.36375000000000002     
        1927  0.79749999999999999     
        1928  0.71125000000000005     
        1929  0.76000000000000001     
        1930  0.52875000000000005     
        1931  0.43625000000000003     
        1932  0.77875000000000005     
        1933  0.56999999999999995     
        1934  0.60875000000000001     
        1935  0.74250000000000005     
        1936  0.55874999999999997     
        1937  0.61375000000000002     
        1938  0.46124999999999999     
        1939  0.32124999999999998     
        1940  0.42125000000000001     
        1941  0.32250000000000001     
        1942   6.5000000000000002E-002
        1943  0.61624999999999996     
        1944  0.31125000000000003     
        1945  0.31000000000000000     
        1946  0.48625000000000002     
        1947  0.54625000000000001     
        1948   7.2499999999999995E-002
        1949  0.60875000000000001     
        1950  0.40125000000000000     
        1951  0.40000000000000002     
        1952  0.63249999999999995     
        1953  0.45374999999999999     
        1954  0.43500000000000000     
        1955  0.69499999999999995     
        1956  0.60624999999999996     
        1957  0.29625000000000001     
        1958  0.50000000000000000     
        1959  0.57625000000000004     
        1960  0.63875000000000004     
        1961  0.69750000000000001     
        1962  0.72875000000000001     
        1963  0.73375000000000001     
        1964  0.71999999999999997     
        1965  0.17874999999999999     
        1966   5.9999999999999998E-002
        1967  0.40375000000000000     
        1968  0.62875000000000003     
        1969  0.70125000000000004     
        1970  0.40375000000000000     
        1971  0.46375000000000000     
        1972  0.56874999999999998     
        1973  0.81250000000000000     
        1974  0.47375000000000000     
        1975  0.74124999999999996     
        1976  0.76749999999999996     
        1977   6.3750000000000001E-002
        1978  0.35625000000000001     
        1979  0.42375000000000002     
        1980  0.39624999999999999     
        1981  0.36249999999999999     
        1982  0.66874999999999996     
        1983  0.55000000000000004     
        1984   4.2500000000000003E-002
        1985  0.53000000000000003     
        1986  0.28999999999999998     
        1987  0.19875000000000001     
        1988   8.7500000000000008E-003
        1989  0.52749999999999997     
        1990  0.73375000000000001     
        1991  0.34499999999999997     
        1992  0.19375000000000001     
        1993  0.45500000000000002     
        1994  0.45750000000000002     
        1995  0.48499999999999999     
        1996  0.69999999999999996     
        1997  0.29375000000000001     
        1998  0.31000000000000000     
        1999  0.79249999999999998     
        2000  0.35875000000000001     
