           1   1.6250000000000001E-002
           2   4.8750000000000002E-002
           3   8.8749999999999996E-002
           4  0.11625000000000001     
           5  0.11625000000000001     
           6   5.0000000000000003E-002
           7  0.10125000000000001     
           8   5.9999999999999998E-002
           9   2.5000000000000001E-002
          10   3.2500000000000001E-002
          11   6.5000000000000002E-002
          12   3.3750000000000002E-002
          13   1.2500000000000001E-002
          14   8.5000000000000006E-002
          15   5.7500000000000002E-002
          16   2.8750000000000001E-002
          17  0.17999999999999999     
          18   7.1249999999999994E-002
          19   6.2500000000000000E-002
          20  0.10500000000000000     
          21  0.10875000000000000     
          22   1.7500000000000002E-002
          23   9.5000000000000001E-002
          24   6.1249999999999999E-002
          25   3.5000000000000003E-002
          26  0.10625000000000000     
          27   9.1249999999999998E-002
          28   5.0000000000000001E-003
          29   1.6250000000000001E-002
          30   6.7500000000000004E-002
          31  0.16625000000000001     
          32   2.8750000000000001E-002
          33   3.2500000000000001E-002
          34   0.0000000000000000     
          35   3.7499999999999999E-003
          36   4.6249999999999999E-002
          37   7.6249999999999998E-002
          38   6.3750000000000001E-002
          39   1.2500000000000000E-003
          40   2.0000000000000000E-002
          41   8.6249999999999993E-002
          42   1.6250000000000001E-002
          43   4.4999999999999998E-002
          44  0.10125000000000001     
          45   4.7500000000000001E-002
          46  0.13000000000000000     
          47   5.7500000000000002E-002
          48   7.1249999999999994E-002
          49   6.8750000000000006E-002
          50   7.4999999999999997E-003
          51  0.17749999999999999     
          52  0.13250000000000001     
          53   9.3750000000000000E-002
          54   6.1249999999999999E-002
          55   4.6249999999999999E-002
          56  0.15375000000000000     
          57   7.4999999999999997E-003
          58   4.6249999999999999E-002
          59   4.3749999999999997E-002
          60   1.6250000000000001E-002
          61  0.14124999999999999     
          62   3.5000000000000003E-002
          63  0.11125000000000000     
          64   4.3749999999999997E-002
          65   8.2500000000000004E-002
          66   4.0000000000000001E-002
          67   9.5000000000000001E-002
          68   9.1249999999999998E-002
          69   1.0000000000000000E-002
          70   3.8750000000000000E-002
          71   4.4999999999999998E-002
          72   2.7500000000000000E-002
          73  0.17749999999999999     
          74   9.1249999999999998E-002
          75  0.11500000000000000     
          76   7.4999999999999997E-003
          77   8.0000000000000002E-002
          78  0.13750000000000001     
          79  0.10625000000000000     
          80   8.1250000000000003E-002
          81   8.5000000000000006E-002
          82   1.8749999999999999E-002
          83   2.7500000000000000E-002
          84   7.0000000000000007E-002
          85   2.8750000000000001E-002
          86   2.7500000000000000E-002
          87   2.0000000000000000E-002
          88   1.2500000000000001E-002
          89   8.6249999999999993E-002
          90   4.4999999999999998E-002
          91   3.1250000000000000E-002
          92   7.1249999999999994E-002
          93   5.9999999999999998E-002
          94   5.0000000000000003E-002
          95  0.13000000000000000     
          96   7.7499999999999999E-002
          97   6.8750000000000006E-002
          98   1.2500000000000001E-002
          99   3.5000000000000003E-002
         100   7.2499999999999995E-002
         101   5.9999999999999998E-002
         102  0.10875000000000000     
         103  0.12375000000000000     
         104   5.0000000000000001E-003
         105  0.10625000000000000     
         106  0.11000000000000000     
         107   1.3750000000000000E-002
         108   2.2499999999999999E-002
         109  0.12375000000000000     
         110  0.10875000000000000     
         111   2.1250000000000002E-002
         112   4.1250000000000002E-002
         113   5.8749999999999997E-002
         114   5.6250000000000001E-002
         115   8.5000000000000006E-002
         116  0.17624999999999999     
         117   9.7500000000000003E-002
         118   8.3750000000000005E-002
         119  0.10625000000000000     
         120  0.13500000000000001     
         121   9.6250000000000002E-002
         122   2.9999999999999999E-002
         123   3.2500000000000001E-002
         124   2.1250000000000002E-002
         125   8.1250000000000003E-002
         126   4.1250000000000002E-002
         127   8.0000000000000002E-002
         128   7.2499999999999995E-002
         129   1.1250000000000000E-002
         130   4.2500000000000003E-002
         131   9.2499999999999999E-002
         132   5.3749999999999999E-002
         133   5.5000000000000000E-002
         134   4.2500000000000003E-002
         135   5.7500000000000002E-002
         136   4.7500000000000001E-002
         137   2.6249999999999999E-002
         138   5.6250000000000001E-002
         139   2.6249999999999999E-002
         140   8.8749999999999996E-002
         141   6.3750000000000001E-002
         142   9.7500000000000003E-002
         143   7.7499999999999999E-002
         144   6.2500000000000003E-003
         145  0.10625000000000000     
         146   6.2500000000000000E-002
         147   3.3750000000000002E-002
         148  0.11500000000000000     
         149   8.7500000000000008E-003
         150   1.2500000000000001E-002
         151   5.3749999999999999E-002
         152   6.6250000000000003E-002
         153   2.2499999999999999E-002
         154  0.11375000000000000     
         155   8.5000000000000006E-002
         156   5.8749999999999997E-002
         157   9.3750000000000000E-002
         158  0.12250000000000000     
         159  0.20125000000000001     
         160  0.14249999999999999     
         161   7.1249999999999994E-002
         162   2.7500000000000000E-002
         163   6.1249999999999999E-002
         164   2.0000000000000000E-002
         165   8.6249999999999993E-002
         166   2.5000000000000001E-003
         167   9.3750000000000000E-002
         168   5.6250000000000001E-002
         169   2.7500000000000000E-002
         170   8.3750000000000005E-002
         171   6.6250000000000003E-002
         172  0.13500000000000001     
         173   9.7500000000000003E-002
         174   5.8749999999999997E-002
         175   2.2499999999999999E-002
         176  0.12750000000000000     
         177   2.6249999999999999E-002
         178   2.5000000000000001E-003
         179   2.2499999999999999E-002
         180  0.12125000000000000     
         181   6.2500000000000003E-003
         182   1.6250000000000001E-002
         183   3.6249999999999998E-002
         184   5.8749999999999997E-002
         185   1.1250000000000000E-002
         186   8.7499999999999994E-002
         187   4.1250000000000002E-002
         188   1.7500000000000002E-002
         189  0.10249999999999999     
         190   2.1250000000000002E-002
         191   7.4999999999999997E-003
         192   6.6250000000000003E-002
         193   1.6250000000000001E-002
         194   6.5000000000000002E-002
         195   7.3749999999999996E-002
         196   1.2500000000000001E-002
         197  0.12875000000000000     
         198   4.7500000000000001E-002
         199   1.1250000000000000E-002
         200   5.6250000000000001E-002
         201   2.8750000000000001E-002
         202   2.5000000000000001E-003
         203   4.7500000000000001E-002
         204  0.11250000000000000     
         205   8.2500000000000004E-002
         206   3.3750000000000002E-002
         207  0.10125000000000001     
         208   4.8750000000000002E-002
         209   1.2500000000000000E-003
         210   4.4999999999999998E-002
         211   2.5000000000000001E-002
         212  0.15625000000000000     
         213   7.4999999999999997E-003
         214   2.6249999999999999E-002
         215   2.5000000000000001E-003
         216   1.3750000000000000E-002
         217   9.2499999999999999E-002
         218   3.1250000000000000E-002
         219   1.1250000000000000E-002
         220   2.0000000000000000E-002
         221  0.13875000000000001     
         222   4.2500000000000003E-002
         223  0.10875000000000000     
         224   3.1250000000000000E-002
         225   2.3750000000000000E-002
         226   7.4999999999999997E-002
         227   2.7500000000000000E-002
         228   4.4999999999999998E-002
         229   7.1249999999999994E-002
         230   5.8749999999999997E-002
         231   7.3749999999999996E-002
         232   6.3750000000000001E-002
         233   5.7500000000000002E-002
         234   4.2500000000000003E-002
         235  0.10249999999999999     
         236   9.1249999999999998E-002
         237   8.1250000000000003E-002
         238   3.8750000000000000E-002
         239   6.3750000000000001E-002
         240   5.6250000000000001E-002
         241   8.1250000000000003E-002
         242   3.3750000000000002E-002
         243   3.1250000000000000E-002
         244   4.6249999999999999E-002
         245   7.7499999999999999E-002
         246   2.5000000000000001E-003
         247   9.2499999999999999E-002
         248  0.10625000000000000     
         249   2.7500000000000000E-002
         250   5.2499999999999998E-002
         251   8.7500000000000008E-003
         252   5.0000000000000001E-003
         253   8.7500000000000008E-003
         254   1.6250000000000001E-002
         255   9.7500000000000003E-002
         256  0.10625000000000000     
         257   4.3749999999999997E-002
         258   9.1249999999999998E-002
         259   5.0000000000000001E-003
         260   5.7500000000000002E-002
         261   6.2500000000000000E-002
         262   1.6250000000000001E-002
         263   4.3749999999999997E-002
         264   1.4999999999999999E-002
         265   1.0000000000000000E-002
         266   4.2500000000000003E-002
         267   8.6249999999999993E-002
         268   5.5000000000000000E-002
         269   8.1250000000000003E-002
         270   6.3750000000000001E-002
         271   7.2499999999999995E-002
         272   6.8750000000000006E-002
         273   4.2500000000000003E-002
         274   1.2500000000000000E-003
         275   2.9999999999999999E-002
         276   3.8750000000000000E-002
         277   3.3750000000000002E-002
         278   3.2500000000000001E-002
         279   6.2500000000000003E-003
         280   3.8750000000000000E-002
         281   9.6250000000000002E-002
         282   7.3749999999999996E-002
         283  0.23999999999999999     
         284  0.15625000000000000     
         285   4.8750000000000002E-002
         286   1.8749999999999999E-002
         287  0.12625000000000000     
         288   1.2500000000000001E-002
         289   7.7499999999999999E-002
         290   4.0000000000000001E-002
         291   6.8750000000000006E-002
         292   5.5000000000000000E-002
         293   7.1249999999999994E-002
         294   4.1250000000000002E-002
         295   9.7500000000000003E-002
         296   1.4999999999999999E-002
         297   6.6250000000000003E-002
         298   2.1250000000000002E-002
         299  0.11125000000000000     
         300   6.2500000000000003E-003
         301   4.3749999999999997E-002
         302   9.8750000000000004E-002
         303   2.2499999999999999E-002
         304   9.3750000000000000E-002
         305  0.12625000000000000     
         306  0.11375000000000000     
         307   2.3750000000000000E-002
         308  0.17999999999999999     
         309   2.8750000000000001E-002
         310   2.8750000000000001E-002
         311   3.7499999999999999E-003
         312   0.0000000000000000     
         313   3.6249999999999998E-002
         314   1.7500000000000002E-002
         315   1.4999999999999999E-002
         316   9.7500000000000003E-002
         317   2.0000000000000000E-002
         318   3.2500000000000001E-002
         319   4.3749999999999997E-002
         320   2.3750000000000000E-002
         321   3.8750000000000000E-002
         322   2.0000000000000000E-002
         323  0.12000000000000000     
         324  0.19625000000000001     
         325  0.14499999999999999     
         326   1.3750000000000000E-002
         327   5.0000000000000001E-003
         328   9.1249999999999998E-002
         329   3.6249999999999998E-002
         330   2.3750000000000000E-002
         331  0.11000000000000000     
         332   9.5000000000000001E-002
         333   3.2500000000000001E-002
         334   0.0000000000000000     
         335   8.5000000000000006E-002
         336   2.0000000000000000E-002
         337   4.4999999999999998E-002
         338  0.13625000000000001     
         339   7.6249999999999998E-002
         340   9.8750000000000004E-002
         341   8.9999999999999997E-002
         342   7.6249999999999998E-002
         343   9.7500000000000003E-002
         344   8.2500000000000004E-002
         345   7.4999999999999997E-002
         346  0.12500000000000000     
         347   1.8749999999999999E-002
         348   4.7500000000000001E-002
         349  0.12125000000000000     
         350  0.10249999999999999     
         351   7.4999999999999997E-003
         352   4.6249999999999999E-002
         353   5.3749999999999999E-002
         354   5.8749999999999997E-002
         355   8.6249999999999993E-002
         356   6.8750000000000006E-002
         357   5.0000000000000003E-002
         358  0.10000000000000001     
         359   2.7500000000000000E-002
         360   3.2500000000000001E-002
         361  0.10125000000000001     
         362   3.6249999999999998E-002
         363   3.8750000000000000E-002
         364   3.5000000000000003E-002
         365   4.0000000000000001E-002
         366   2.8750000000000001E-002
         367   2.0000000000000000E-002
         368   2.7500000000000000E-002
         369   3.7499999999999999E-003
         370   2.1250000000000002E-002
         371   6.2500000000000003E-003
         372   3.8750000000000000E-002
         373   1.8749999999999999E-002
         374   5.2499999999999998E-002
         375   7.8750000000000001E-002
         376   3.1250000000000000E-002
         377   5.0000000000000001E-003
         378  0.12625000000000000     
         379   9.1249999999999998E-002
         380   7.6249999999999998E-002
         381   2.2499999999999999E-002
         382   3.7499999999999999E-003
         383   6.8750000000000006E-002
         384   6.7500000000000004E-002
         385  0.11874999999999999     
         386   5.1249999999999997E-002
         387   5.0000000000000003E-002
         388   3.6249999999999998E-002
         389   3.3750000000000002E-002
         390   5.2499999999999998E-002
         391   3.3750000000000002E-002
         392   6.8750000000000006E-002
         393   8.7500000000000008E-003
         394   5.5000000000000000E-002
         395   3.6249999999999998E-002
         396  0.12375000000000000     
         397  0.12750000000000000     
         398  0.10500000000000000     
         399   7.6249999999999998E-002
         400   2.3750000000000000E-002
         401  0.19500000000000001     
         402   1.8749999999999999E-002
         403   4.8750000000000002E-002
         404  0.17125000000000001     
         405  0.10875000000000000     
         406  0.12875000000000000     
         407   7.0000000000000007E-002
         408   3.6249999999999998E-002
         409   4.0000000000000001E-002
         410   8.7500000000000008E-003
         411   1.2500000000000001E-002
         412   5.0000000000000001E-003
         413   2.0000000000000000E-002
         414   6.3750000000000001E-002
         415   1.2500000000000001E-002
         416   7.3749999999999996E-002
         417   4.1250000000000002E-002
         418   1.3750000000000000E-002
         419  0.12500000000000000     
         420   8.6249999999999993E-002
         421   3.3750000000000002E-002
         422   2.6249999999999999E-002
         423  0.14249999999999999     
         424   2.8750000000000001E-002
         425   8.8749999999999996E-002
         426   6.2500000000000000E-002
         427   7.1249999999999994E-002
         428  0.13375000000000001     
         429   5.5000000000000000E-002
         430   6.6250000000000003E-002
         431   1.6250000000000001E-002
         432   1.2500000000000001E-002
         433   3.7499999999999999E-003
         434   5.7500000000000002E-002
         435   8.6249999999999993E-002
         436   5.1249999999999997E-002
         437   5.0000000000000001E-003
         438   4.7500000000000001E-002
         439   2.5000000000000001E-002
         440  0.10875000000000000     
         441   1.3750000000000000E-002
         442   3.5000000000000003E-002
         443   7.0000000000000007E-002
         444   3.6249999999999998E-002
         445   6.1249999999999999E-002
         446   4.2500000000000003E-002
         447   7.6249999999999998E-002
         448  0.11625000000000001     
         449   5.9999999999999998E-002
         450   1.2500000000000000E-003
         451   7.0000000000000007E-002
         452   5.5000000000000000E-002
         453  0.10249999999999999     
         454   5.8749999999999997E-002
         455   4.8750000000000002E-002
         456   1.8749999999999999E-002
         457   6.1249999999999999E-002
         458   2.6249999999999999E-002
         459   8.2500000000000004E-002
         460  0.10875000000000000     
         461  0.10125000000000001     
         462   4.6249999999999999E-002
         463  0.12250000000000000     
         464   1.8749999999999999E-002
         465   6.2500000000000000E-002
         466   4.3749999999999997E-002
         467   7.2499999999999995E-002
         468   6.3750000000000001E-002
         469   2.7500000000000000E-002
         470   6.5000000000000002E-002
         471   3.3750000000000002E-002
         472  0.17249999999999999     
         473   3.2500000000000001E-002
         474   5.9999999999999998E-002
         475   1.2500000000000001E-002
         476   8.3750000000000005E-002
         477  0.12000000000000000     
         478  0.11250000000000000     
         479   2.9999999999999999E-002
         480  0.15500000000000000     
         481  0.14124999999999999     
         482   9.7500000000000003E-002
         483   8.2500000000000004E-002
         484  0.13125000000000001     
         485   3.5000000000000003E-002
         486   8.7500000000000008E-003
         487   7.8750000000000001E-002
         488   6.2500000000000003E-003
         489   7.3749999999999996E-002
         490   4.3749999999999997E-002
         491   2.5000000000000001E-002
         492   1.3750000000000000E-002
         493   6.2500000000000000E-002
         494   3.5000000000000003E-002
         495   6.2500000000000000E-002
         496   6.6250000000000003E-002
         497  0.11874999999999999     
         498   9.7500000000000003E-002
         499   8.9999999999999997E-002
         500   3.8750000000000000E-002
         501  0.14499999999999999     
         502   9.3750000000000000E-002
         503  0.11250000000000000     
         504   1.0000000000000000E-002
         505   4.2500000000000003E-002
         506   4.1250000000000002E-002
         507   4.6249999999999999E-002
         508  0.11250000000000000     
         509  0.10750000000000000     
         510   2.0000000000000000E-002
         511   9.8750000000000004E-002
         512   2.9999999999999999E-002
         513   8.1250000000000003E-002
         514   3.5000000000000003E-002
         515   1.3750000000000000E-002
         516   6.3750000000000001E-002
         517   2.1250000000000002E-002
         518   2.3750000000000000E-002
         519   8.3750000000000005E-002
         520  0.10750000000000000     
         521   7.4999999999999997E-002
         522   7.2499999999999995E-002
         523  0.12625000000000000     
         524   5.2499999999999998E-002
         525   1.3750000000000000E-002
         526   5.6250000000000001E-002
         527   4.7500000000000001E-002
         528   1.2500000000000000E-003
         529   5.9999999999999998E-002
         530   2.0000000000000000E-002
         531   2.1250000000000002E-002
         532   7.2499999999999995E-002
         533  0.11874999999999999     
         534   6.7500000000000004E-002
         535   2.5000000000000001E-002
         536   2.5000000000000001E-002
         537   8.3750000000000005E-002
         538   4.0000000000000001E-002
         539   4.4999999999999998E-002
         540   2.0000000000000000E-002
         541   1.2500000000000000E-003
         542   5.3749999999999999E-002
         543   2.6249999999999999E-002
         544   5.8749999999999997E-002
         545   8.7499999999999994E-002
         546   6.3750000000000001E-002
         547   6.5000000000000002E-002
         548   5.6250000000000001E-002
         549   4.8750000000000002E-002
         550   6.1249999999999999E-002
         551   4.8750000000000002E-002
         552   9.3750000000000000E-002
         553   5.1249999999999997E-002
         554   2.0000000000000000E-002
         555   9.5000000000000001E-002
         556   1.6250000000000001E-002
         557   3.5000000000000003E-002
         558   1.0000000000000000E-002
         559   1.7500000000000002E-002
         560   7.7499999999999999E-002
         561   4.2500000000000003E-002
         562  0.14624999999999999     
         563   3.6249999999999998E-002
         564  0.15125000000000000     
         565  0.13500000000000001     
         566   7.7499999999999999E-002
         567   8.7500000000000008E-003
         568   1.6250000000000001E-002
         569  0.11749999999999999     
         570   5.7500000000000002E-002
         571   4.1250000000000002E-002
         572   6.7500000000000004E-002
         573   1.1250000000000000E-002
         574   2.2499999999999999E-002
         575   7.4999999999999997E-003
         576   6.3750000000000001E-002
         577   2.2499999999999999E-002
         578   2.9999999999999999E-002
         579   2.0000000000000000E-002
         580   9.1249999999999998E-002
         581   1.8749999999999999E-002
         582   4.3749999999999997E-002
         583   8.2500000000000004E-002
         584   8.7500000000000008E-003
         585   2.6249999999999999E-002
         586   3.7499999999999999E-002
         587   4.0000000000000001E-002
         588   8.2500000000000004E-002
         589   4.4999999999999998E-002
         590   3.5000000000000003E-002
         591   7.3749999999999996E-002
         592   7.1249999999999994E-002
         593   3.5000000000000003E-002
         594   4.2500000000000003E-002
         595  0.14499999999999999     
         596   6.1249999999999999E-002
         597   2.2499999999999999E-002
         598   1.1250000000000000E-002
         599   5.9999999999999998E-002
         600   3.6249999999999998E-002
         601   1.8749999999999999E-002
         602   6.5000000000000002E-002
         603   4.7500000000000001E-002
         604   8.7500000000000008E-003
         605  0.10625000000000000     
         606   2.5000000000000001E-003
         607   2.5000000000000001E-002
         608  0.17499999999999999     
         609  0.13625000000000001     
         610   2.8750000000000001E-002
         611   2.3750000000000000E-002
         612   1.7500000000000002E-002
         613   5.8749999999999997E-002
         614   6.5000000000000002E-002
         615   1.8749999999999999E-002
         616   7.8750000000000001E-002
         617  0.14624999999999999     
         618  0.12125000000000000     
         619   6.6250000000000003E-002
         620   4.3749999999999997E-002
         621   2.7500000000000000E-002
         622   6.1249999999999999E-002
         623   2.7500000000000000E-002
         624  0.14249999999999999     
         625   2.6249999999999999E-002
         626  0.12625000000000000     
         627   1.2500000000000001E-002
         628  0.11874999999999999     
         629   8.0000000000000002E-002
         630   2.0000000000000000E-002
         631   2.0000000000000000E-002
         632   2.3750000000000000E-002
         633   6.5000000000000002E-002
         634   8.7499999999999994E-002
         635   3.2500000000000001E-002
         636  0.14374999999999999     
         637   3.3750000000000002E-002
         638   2.0000000000000000E-002
         639   8.9999999999999997E-002
         640   6.3750000000000001E-002
         641   3.6249999999999998E-002
         642   6.2500000000000000E-002
         643   4.1250000000000002E-002
         644   5.9999999999999998E-002
         645   2.5000000000000001E-002
         646   7.4999999999999997E-003
         647   8.7499999999999994E-002
         648   3.7499999999999999E-003
         649   8.7500000000000008E-003
         650   1.0000000000000000E-002
         651   8.7500000000000008E-003
         652   2.5000000000000001E-003
         653   8.7499999999999994E-002
         654   7.2499999999999995E-002
         655   3.6249999999999998E-002
         656   9.7500000000000003E-002
         657   5.7500000000000002E-002
         658   2.8750000000000001E-002
         659  0.17249999999999999     
         660   9.8750000000000004E-002
         661   5.2499999999999998E-002
         662   6.2500000000000003E-003
         663   7.8750000000000001E-002
         664   1.0000000000000000E-002
         665  0.16375000000000001     
         666   3.1250000000000000E-002
         667   1.7500000000000002E-002
         668   8.6249999999999993E-002
         669   8.5000000000000006E-002
         670   2.5000000000000001E-002
         671   5.6250000000000001E-002
         672   3.6249999999999998E-002
         673   1.2500000000000000E-003
         674   3.6249999999999998E-002
         675   7.2499999999999995E-002
         676  0.10750000000000000     
         677   6.5000000000000002E-002
         678   2.7500000000000000E-002
         679   6.5000000000000002E-002
         680   8.2500000000000004E-002
         681   5.8749999999999997E-002
         682  0.12250000000000000     
         683  0.15125000000000000     
         684  0.20125000000000001     
         685   5.7500000000000002E-002
         686   1.6250000000000001E-002
         687   3.7499999999999999E-003
         688   7.4999999999999997E-003
         689  0.11874999999999999     
         690   1.2500000000000000E-003
         691   1.2500000000000001E-002
         692   7.1249999999999994E-002
         693  0.10625000000000000     
         694  0.14000000000000001     
         695  0.11500000000000000     
         696   8.1250000000000003E-002
         697   4.3749999999999997E-002
         698   7.0000000000000007E-002
         699  0.12250000000000000     
         700   5.9999999999999998E-002
         701   4.8750000000000002E-002
         702  0.10875000000000000     
         703   7.6249999999999998E-002
         704  0.11500000000000000     
         705   3.7499999999999999E-002
         706   5.1249999999999997E-002
         707   3.6249999999999998E-002
         708   8.3750000000000005E-002
         709   2.5000000000000001E-002
         710   7.6249999999999998E-002
         711  0.10500000000000000     
         712   4.1250000000000002E-002
         713   3.2500000000000001E-002
         714   3.1250000000000000E-002
         715   4.8750000000000002E-002
         716   5.6250000000000001E-002
         717   8.3750000000000005E-002
         718   5.8749999999999997E-002
         719   5.6250000000000001E-002
         720   6.7500000000000004E-002
         721   5.6250000000000001E-002
         722  0.13375000000000001     
         723   2.2499999999999999E-002
         724   6.6250000000000003E-002
         725   6.8750000000000006E-002
         726   4.2500000000000003E-002
         727   7.4999999999999997E-003
         728   5.6250000000000001E-002
         729   8.5000000000000006E-002
         730   7.2499999999999995E-002
         731   5.1249999999999997E-002
         732   6.5000000000000002E-002
         733   3.2500000000000001E-002
         734   2.2499999999999999E-002
         735  0.10625000000000000     
         736  0.10125000000000001     
         737   9.3750000000000000E-002
         738   4.6249999999999999E-002
         739   5.7500000000000002E-002
         740   6.2500000000000003E-003
         741   6.2500000000000000E-002
         742   9.5000000000000001E-002
         743   6.2500000000000000E-002
         744   5.5000000000000000E-002
         745   1.6250000000000001E-002
         746   4.2500000000000003E-002
         747  0.12625000000000000     
         748   2.6249999999999999E-002
         749   2.1250000000000002E-002
         750   5.0000000000000001E-003
         751   2.2499999999999999E-002
         752   4.0000000000000001E-002
         753   6.7500000000000004E-002
         754   8.1250000000000003E-002
         755   1.6250000000000001E-002
         756   8.5000000000000006E-002
         757   5.0000000000000001E-003
         758   7.1249999999999994E-002
         759   1.6250000000000001E-002
         760  0.12375000000000000     
         761   3.3750000000000002E-002
         762   3.1250000000000000E-002
         763  0.12125000000000000     
         764   3.5000000000000003E-002
         765   5.6250000000000001E-002
         766   4.3749999999999997E-002
         767   6.1249999999999999E-002
         768   2.6249999999999999E-002
         769   3.7499999999999999E-002
         770   9.6250000000000002E-002
         771   3.7499999999999999E-002
         772   8.7500000000000008E-003
         773   5.8749999999999997E-002
         774   2.7500000000000000E-002
         775   6.3750000000000001E-002
         776   9.6250000000000002E-002
         777   1.4999999999999999E-002
         778   6.8750000000000006E-002
         779   4.4999999999999998E-002
         780  0.12750000000000000     
         781   5.8749999999999997E-002
         782   2.5000000000000001E-003
         783  0.10249999999999999     
         784  0.15375000000000000     
         785   3.1250000000000000E-002
         786   6.3750000000000001E-002
         787   3.5000000000000003E-002
         788   3.6249999999999998E-002
         789  0.13000000000000000     
         790   4.8750000000000002E-002
         791   2.6249999999999999E-002
         792   4.6249999999999999E-002
         793   2.1250000000000002E-002
         794   6.8750000000000006E-002
         795   8.6249999999999993E-002
         796   2.9999999999999999E-002
         797   8.1250000000000003E-002
         798  0.10875000000000000     
         799   1.8749999999999999E-002
         800  0.10375000000000000     
         801  0.12500000000000000     
         802   5.1249999999999997E-002
         803   3.1250000000000000E-002
         804   3.2500000000000001E-002
         805   2.0000000000000000E-002
         806   1.8749999999999999E-002
         807   1.3750000000000000E-002
         808  0.12750000000000000     
         809   7.4999999999999997E-003
         810   5.1249999999999997E-002
         811  0.13250000000000001     
         812   6.1249999999999999E-002
         813  0.14000000000000001     
         814   3.7499999999999999E-002
         815   7.7499999999999999E-002
         816   4.7500000000000001E-002
         817  0.18500000000000000     
         818  0.12000000000000000     
         819   7.1249999999999994E-002
         820   3.6249999999999998E-002
         821   4.0000000000000001E-002
         822  0.11625000000000001     
         823   6.3750000000000001E-002
         824   9.5000000000000001E-002
         825   6.6250000000000003E-002
         826   4.4999999999999998E-002
         827   1.8749999999999999E-002
         828   5.1249999999999997E-002
         829   3.2500000000000001E-002
         830  0.16375000000000001     
         831   7.6249999999999998E-002
         832   4.2500000000000003E-002
         833   9.2499999999999999E-002
         834  0.17249999999999999     
         835   9.3750000000000000E-002
         836  0.10125000000000001     
         837   5.8749999999999997E-002
         838   8.5000000000000006E-002
         839   5.5000000000000000E-002
         840   4.3749999999999997E-002
         841   6.1249999999999999E-002
         842   9.2499999999999999E-002
         843   6.6250000000000003E-002
         844  0.11125000000000000     
         845   4.1250000000000002E-002
         846   2.0000000000000000E-002
         847   4.1250000000000002E-002
         848   2.9999999999999999E-002
         849  0.14000000000000001     
         850  0.10875000000000000     
         851   2.5000000000000001E-003
         852   5.2499999999999998E-002
         853   7.4999999999999997E-002
         854   7.3749999999999996E-002
         855   8.3750000000000005E-002
         856   4.3749999999999997E-002
         857   4.1250000000000002E-002
         858   3.8750000000000000E-002
         859   2.7500000000000000E-002
         860   2.7500000000000000E-002
         861   5.1249999999999997E-002
         862  0.13000000000000000     
         863   1.2500000000000001E-002
         864   8.9999999999999997E-002
         865   4.4999999999999998E-002
         866  0.15875000000000000     
         867   2.6249999999999999E-002
         868   5.1249999999999997E-002
         869   4.4999999999999998E-002
         870   6.6250000000000003E-002
         871   1.0000000000000000E-002
         872   8.7499999999999994E-002
         873   0.0000000000000000     
         874   0.0000000000000000     
         875   1.2500000000000000E-003
         876   1.0000000000000000E-002
         877   1.4999999999999999E-002
         878   5.8749999999999997E-002
         879   5.0000000000000003E-002
         880   2.0000000000000000E-002
         881  0.13750000000000001     
         882   4.2500000000000003E-002
         883   4.8750000000000002E-002
         884   9.8750000000000004E-002
         885  0.14374999999999999     
         886   7.3749999999999996E-002
         887  0.10875000000000000     
         888   3.1250000000000000E-002
         889   3.3750000000000002E-002
         890   6.5000000000000002E-002
         891   3.6249999999999998E-002
         892   2.5000000000000001E-002
         893   7.2499999999999995E-002
         894  0.12125000000000000     
         895   9.6250000000000002E-002
         896   1.3750000000000000E-002
         897   5.0000000000000003E-002
         898   1.4999999999999999E-002
         899   3.7499999999999999E-003
         900   7.4999999999999997E-002
         901   4.0000000000000001E-002
         902   1.1250000000000000E-002
         903   3.1250000000000000E-002
         904   2.3750000000000000E-002
         905   2.6249999999999999E-002
         906   1.2500000000000001E-002
         907   3.6249999999999998E-002
         908   9.5000000000000001E-002
         909   4.6249999999999999E-002
         910   5.7500000000000002E-002
         911   5.7500000000000002E-002
         912   2.7500000000000000E-002
         913   1.2500000000000000E-003
         914   0.0000000000000000     
         915  0.10375000000000000     
         916   1.4999999999999999E-002
         917  0.13625000000000001     
         918  0.14499999999999999     
         919   0.0000000000000000     
         920   5.3749999999999999E-002
         921   5.3749999999999999E-002
         922   8.7500000000000008E-003
         923   2.5000000000000001E-003
         924   3.3750000000000002E-002
         925   1.0000000000000000E-002
         926   3.7499999999999999E-002
         927   3.8750000000000000E-002
         928   5.3749999999999999E-002
         929   5.5000000000000000E-002
         930  0.10249999999999999     
         931  0.11375000000000000     
         932  0.12250000000000000     
         933   1.2500000000000001E-002
         934   8.9999999999999997E-002
         935   3.1250000000000000E-002
         936   6.3750000000000001E-002
         937  0.13625000000000001     
         938   7.7499999999999999E-002
         939   1.8749999999999999E-002
         940  0.14124999999999999     
         941  0.14249999999999999     
         942   4.0000000000000001E-002
         943   4.8750000000000002E-002
         944   5.6250000000000001E-002
         945   4.2500000000000003E-002
         946   7.8750000000000001E-002
         947   7.4999999999999997E-003
         948   5.2499999999999998E-002
         949   5.6250000000000001E-002
         950   7.0000000000000007E-002
         951   3.2500000000000001E-002
         952   5.6250000000000001E-002
         953  0.13000000000000000     
         954   3.7499999999999999E-002
         955   7.8750000000000001E-002
         956   8.8749999999999996E-002
         957   3.3750000000000002E-002
         958   2.8750000000000001E-002
         959   2.8750000000000001E-002
         960   1.3750000000000000E-002
         961   8.7499999999999994E-002
         962   4.1250000000000002E-002
         963   5.9999999999999998E-002
         964   1.1250000000000000E-002
         965   2.3750000000000000E-002
         966  0.14374999999999999     
         967  0.13375000000000001     
         968   4.2500000000000003E-002
         969   3.3750000000000002E-002
         970   2.5000000000000001E-003
         971   5.9999999999999998E-002
         972   3.7499999999999999E-003
         973  0.10000000000000001     
         974   5.2499999999999998E-002
         975  0.11375000000000000     
         976   1.3750000000000000E-002
         977   3.7499999999999999E-002
         978   7.0000000000000007E-002
         979  0.11749999999999999     
         980   5.8749999999999997E-002
         981  0.12000000000000000     
         982   5.3749999999999999E-002
         983  0.14624999999999999     
         984  0.13750000000000001     
         985   8.8749999999999996E-002
         986   1.4999999999999999E-002
         987   1.0000000000000000E-002
         988   9.2499999999999999E-002
         989   2.7500000000000000E-002
         990   4.2500000000000003E-002
         991   5.6250000000000001E-002
         992   5.0000000000000001E-003
         993   7.8750000000000001E-002
         994   9.3750000000000000E-002
         995   1.2500000000000000E-003
         996   4.7500000000000001E-002
         997   5.0000000000000001E-003
         998   7.4999999999999997E-003
         999   3.2500000000000001E-002
        1000   5.7500000000000002E-002
        1001   2.9999999999999999E-002
        1002   2.2499999999999999E-002
        1003   2.8750000000000001E-002
        1004   2.0000000000000000E-002
        1005   7.7499999999999999E-002
        1006   2.2499999999999999E-002
        1007   1.1250000000000000E-002
        1008   1.8749999999999999E-002
        1009  0.17624999999999999     
        1010   9.3750000000000000E-002
        1011   6.5000000000000002E-002
        1012  0.14749999999999999     
        1013  0.14249999999999999     
        1014   3.6249999999999998E-002
        1015   1.8749999999999999E-002
        1016   6.3750000000000001E-002
        1017   6.3750000000000001E-002
        1018   3.8750000000000000E-002
        1019  0.11375000000000000     
        1020   6.7500000000000004E-002
        1021   7.8750000000000001E-002
        1022   1.8749999999999999E-002
        1023   1.1250000000000000E-002
        1024   2.7500000000000000E-002
        1025  0.10000000000000001     
        1026   5.0000000000000003E-002
        1027   6.7500000000000004E-002
        1028   4.7500000000000001E-002
        1029   7.0000000000000007E-002
        1030   6.2500000000000003E-003
        1031   3.7499999999999999E-003
        1032   3.2500000000000001E-002
        1033   5.7500000000000002E-002
        1034   4.2500000000000003E-002
        1035   7.6249999999999998E-002
        1036  0.10625000000000000     
        1037   2.5000000000000001E-003
        1038   2.5000000000000001E-003
        1039   9.1249999999999998E-002
        1040   3.1250000000000000E-002
        1041   7.4999999999999997E-003
        1042   8.0000000000000002E-002
        1043   3.6249999999999998E-002
        1044   2.9999999999999999E-002
        1045   1.1250000000000000E-002
        1046   9.8750000000000004E-002
        1047  0.11375000000000000     
        1048  0.11625000000000001     
        1049   6.8750000000000006E-002
        1050   6.2500000000000003E-003
        1051   5.0000000000000001E-003
        1052   3.2500000000000001E-002
        1053   7.4999999999999997E-003
        1054   1.3750000000000000E-002
        1055   1.7500000000000002E-002
        1056   7.4999999999999997E-003
        1057   5.3749999999999999E-002
        1058   1.7500000000000002E-002
        1059  0.14249999999999999     
        1060   2.2499999999999999E-002
        1061   2.5000000000000001E-002
        1062   4.0000000000000001E-002
        1063  0.16875000000000001     
        1064   8.8749999999999996E-002
        1065   6.3750000000000001E-002
        1066   5.0000000000000003E-002
        1067  0.11500000000000000     
        1068   7.4999999999999997E-002
        1069   4.3749999999999997E-002
        1070   5.5000000000000000E-002
        1071   5.2499999999999998E-002
        1072  0.16375000000000001     
        1073  0.16375000000000001     
        1074   8.8749999999999996E-002
        1075  0.11625000000000001     
        1076   2.5000000000000001E-003
        1077   1.7500000000000002E-002
        1078   2.3750000000000000E-002
        1079   7.2499999999999995E-002
        1080  0.14874999999999999     
        1081   8.3750000000000005E-002
        1082   1.4999999999999999E-002
        1083   5.3749999999999999E-002
        1084   1.7500000000000002E-002
        1085   6.5000000000000002E-002
        1086   5.7500000000000002E-002
        1087  0.17000000000000001     
        1088   9.3750000000000000E-002
        1089  0.13875000000000001     
        1090  0.10625000000000000     
        1091   7.6249999999999998E-002
        1092   1.7500000000000002E-002
        1093   1.1250000000000000E-002
        1094   8.6249999999999993E-002
        1095   1.3750000000000000E-002
        1096   6.6250000000000003E-002
        1097   4.8750000000000002E-002
        1098   4.0000000000000001E-002
        1099   8.3750000000000005E-002
        1100   3.8750000000000000E-002
        1101   3.6249999999999998E-002
        1102   2.5000000000000001E-003
        1103   1.7500000000000002E-002
        1104   6.8750000000000006E-002
        1105  0.13500000000000001     
        1106   8.8749999999999996E-002
        1107   2.5000000000000001E-003
        1108   7.3749999999999996E-002
        1109   8.1250000000000003E-002
        1110   3.2500000000000001E-002
        1111   3.8750000000000000E-002
        1112   4.4999999999999998E-002
        1113   6.1249999999999999E-002
        1114   6.5000000000000002E-002
        1115   5.0000000000000001E-003
        1116   9.8750000000000004E-002
        1117   7.1249999999999994E-002
        1118   5.5000000000000000E-002
        1119   2.7500000000000000E-002
        1120   5.5000000000000000E-002
        1121  0.13875000000000001     
        1122   1.8749999999999999E-002
        1123  0.16375000000000001     
        1124  0.16250000000000001     
        1125  0.17874999999999999     
        1126  0.10500000000000000     
        1127   7.7499999999999999E-002
        1128   2.9999999999999999E-002
        1129   3.5000000000000003E-002
        1130   6.5000000000000002E-002
        1131   2.3750000000000000E-002
        1132   3.3750000000000002E-002
        1133  0.13750000000000001     
        1134   7.4999999999999997E-003
        1135   7.4999999999999997E-003
        1136   5.1249999999999997E-002
        1137   1.4999999999999999E-002
        1138   6.5000000000000002E-002
        1139  0.10375000000000000     
        1140   6.5000000000000002E-002
        1141   4.7500000000000001E-002
        1142   1.6250000000000001E-002
        1143   8.7500000000000008E-003
        1144   5.6250000000000001E-002
        1145   1.6250000000000001E-002
        1146   4.6249999999999999E-002
        1147   8.3750000000000005E-002
        1148   6.8750000000000006E-002
        1149  0.21875000000000000     
        1150   8.7500000000000008E-003
        1151   5.0000000000000001E-003
        1152  0.14124999999999999     
        1153   3.7499999999999999E-003
        1154   1.1250000000000000E-002
        1155   6.7500000000000004E-002
        1156   7.4999999999999997E-003
        1157   2.0000000000000000E-002
        1158  0.13125000000000001     
        1159   6.7500000000000004E-002
        1160   6.1249999999999999E-002
        1161   7.4999999999999997E-002
        1162   6.7500000000000004E-002
        1163   1.2500000000000001E-002
        1164   1.2500000000000001E-002
        1165   7.8750000000000001E-002
        1166   5.5000000000000000E-002
        1167   6.7500000000000004E-002
        1168   5.0000000000000001E-003
        1169   4.2500000000000003E-002
        1170   2.1250000000000002E-002
        1171   4.3749999999999997E-002
        1172  0.15625000000000000     
        1173   7.4999999999999997E-003
        1174   1.7500000000000002E-002
        1175   3.2500000000000001E-002
        1176   3.3750000000000002E-002
        1177  0.16500000000000001     
        1178   3.7499999999999999E-002
        1179   7.6249999999999998E-002
        1180   2.2499999999999999E-002
        1181   2.3750000000000000E-002
        1182  0.13875000000000001     
        1183   6.7500000000000004E-002
        1184   6.5000000000000002E-002
        1185  0.17000000000000001     
        1186   1.1250000000000000E-002
        1187   1.1250000000000000E-002
        1188  0.11125000000000000     
        1189   1.1250000000000000E-002
        1190   6.8750000000000006E-002
        1191   8.7500000000000008E-003
        1192   4.1250000000000002E-002
        1193   7.2499999999999995E-002
        1194   7.3749999999999996E-002
        1195   3.2500000000000001E-002
        1196   1.4999999999999999E-002
        1197  0.14124999999999999     
        1198   2.3750000000000000E-002
        1199   2.1250000000000002E-002
        1200   1.7500000000000002E-002
        1201   2.6249999999999999E-002
        1202   8.1250000000000003E-002
        1203   2.8750000000000001E-002
        1204   9.5000000000000001E-002
        1205   5.0000000000000003E-002
        1206  0.19750000000000001     
        1207   5.5000000000000000E-002
        1208   6.2500000000000000E-002
        1209   2.8750000000000001E-002
        1210   5.7500000000000002E-002
        1211   5.0000000000000001E-003
        1212   3.1250000000000000E-002
        1213   3.7499999999999999E-002
        1214   4.7500000000000001E-002
        1215   7.1249999999999994E-002
        1216   9.8750000000000004E-002
        1217   1.8749999999999999E-002
        1218   7.4999999999999997E-003
        1219   3.2500000000000001E-002
        1220   7.4999999999999997E-003
        1221   2.6249999999999999E-002
        1222   2.7500000000000000E-002
        1223   9.1249999999999998E-002
        1224   5.2499999999999998E-002
        1225   7.2499999999999995E-002
        1226   3.7499999999999999E-003
        1227   2.5000000000000001E-002
        1228   7.4999999999999997E-003
        1229   6.2500000000000000E-002
        1230   6.7500000000000004E-002
        1231   9.5000000000000001E-002
        1232   2.7500000000000000E-002
        1233   8.3750000000000005E-002
        1234   4.8750000000000002E-002
        1235   5.9999999999999998E-002
        1236  0.14999999999999999     
        1237   3.1250000000000000E-002
        1238   4.0000000000000001E-002
        1239   3.7499999999999999E-003
        1240   1.2500000000000001E-002
        1241   5.9999999999999998E-002
        1242   7.4999999999999997E-003
        1243   5.6250000000000001E-002
        1244   4.2500000000000003E-002
        1245  0.10249999999999999     
        1246   6.1249999999999999E-002
        1247   8.6249999999999993E-002
        1248   3.3750000000000002E-002
        1249   7.7499999999999999E-002
        1250  0.15750000000000000     
        1251   6.8750000000000006E-002
        1252   8.3750000000000005E-002
        1253   3.6249999999999998E-002
        1254   8.5000000000000006E-002
        1255   1.2500000000000000E-003
        1256  0.10000000000000001     
        1257   1.8749999999999999E-002
        1258   1.1250000000000000E-002
        1259   1.6250000000000001E-002
        1260   8.1250000000000003E-002
        1261   5.6250000000000001E-002
        1262   5.2499999999999998E-002
        1263   2.2499999999999999E-002
        1264   0.0000000000000000     
        1265   1.2500000000000000E-003
        1266  0.10875000000000000     
        1267   1.3750000000000000E-002
        1268   5.7500000000000002E-002
        1269   4.7500000000000001E-002
        1270   4.0000000000000001E-002
        1271   5.9999999999999998E-002
        1272   1.1250000000000000E-002
        1273   8.7500000000000008E-003
        1274   6.1249999999999999E-002
        1275   1.0000000000000000E-002
        1276  0.18500000000000000     
        1277   4.2500000000000003E-002
        1278   6.6250000000000003E-002
        1279   5.1249999999999997E-002
        1280   1.1250000000000000E-002
        1281   2.2499999999999999E-002
        1282   2.0000000000000000E-002
        1283   0.0000000000000000     
        1284  0.14624999999999999     
        1285   5.0000000000000001E-003
        1286   5.2499999999999998E-002
        1287   4.1250000000000002E-002
        1288  0.12000000000000000     
        1289   9.8750000000000004E-002
        1290   5.0000000000000001E-003
        1291   1.0000000000000000E-002
        1292   2.5000000000000001E-002
        1293   6.1249999999999999E-002
        1294   6.2500000000000000E-002
        1295   2.8750000000000001E-002
        1296   2.8750000000000001E-002
        1297   1.2500000000000001E-002
        1298   8.8749999999999996E-002
        1299   2.6249999999999999E-002
        1300   2.3750000000000000E-002
        1301   6.8750000000000006E-002
        1302   4.8750000000000002E-002
        1303   6.6250000000000003E-002
        1304   7.4999999999999997E-003
        1305  0.10000000000000001     
        1306   9.8750000000000004E-002
        1307   5.0000000000000003E-002
        1308   7.4999999999999997E-003
        1309   2.5000000000000001E-003
        1310   5.7500000000000002E-002
        1311   7.4999999999999997E-002
        1312   3.3750000000000002E-002
        1313   1.3750000000000000E-002
        1314   7.2499999999999995E-002
        1315  0.13375000000000001     
        1316   6.5000000000000002E-002
        1317   1.3750000000000000E-002
        1318   5.5000000000000000E-002
        1319   5.9999999999999998E-002
        1320   9.1249999999999998E-002
        1321   5.9999999999999998E-002
        1322   8.1250000000000003E-002
        1323   3.2500000000000001E-002
        1324   3.5000000000000003E-002
        1325   4.6249999999999999E-002
        1326  0.16375000000000001     
        1327   3.6249999999999998E-002
        1328  0.16500000000000001     
        1329   7.4999999999999997E-003
        1330   2.8750000000000001E-002
        1331   2.9999999999999999E-002
        1332   5.0000000000000001E-003
        1333   6.2500000000000003E-003
        1334   6.2500000000000000E-002
        1335   0.0000000000000000     
        1336   3.6249999999999998E-002
        1337   2.5000000000000001E-003
        1338   1.7500000000000002E-002
        1339   8.7499999999999994E-002
        1340  0.12500000000000000     
        1341  0.21375000000000000     
        1342   1.7500000000000002E-002
        1343   1.2500000000000001E-002
        1344   3.6249999999999998E-002
        1345   2.7500000000000000E-002
        1346   1.1250000000000000E-002
        1347   6.2500000000000003E-003
        1348   2.3750000000000000E-002
        1349   8.7499999999999994E-002
        1350   3.1250000000000000E-002
        1351   1.4999999999999999E-002
        1352   6.3750000000000001E-002
        1353   7.2499999999999995E-002
        1354   5.1249999999999997E-002
        1355  0.17624999999999999     
        1356   4.4999999999999998E-002
        1357  0.25624999999999998     
        1358  0.11125000000000000     
        1359  0.11375000000000000     
        1360   2.6249999999999999E-002
        1361   5.9999999999999998E-002
        1362  0.12625000000000000     
        1363   1.2500000000000000E-003
        1364   1.3750000000000000E-002
        1365   3.8750000000000000E-002
        1366   1.0000000000000000E-002
        1367   5.3749999999999999E-002
        1368   4.2500000000000003E-002
        1369   3.7499999999999999E-003
        1370   3.6249999999999998E-002
        1371   6.8750000000000006E-002
        1372   2.9999999999999999E-002
        1373  0.10875000000000000     
        1374   2.2499999999999999E-002
        1375   3.7499999999999999E-003
        1376   6.3750000000000001E-002
        1377   7.4999999999999997E-002
        1378   2.0000000000000000E-002
        1379   6.5000000000000002E-002
        1380   3.7499999999999999E-003
        1381   9.6250000000000002E-002
        1382   7.8750000000000001E-002
        1383   2.1250000000000002E-002
        1384  0.12000000000000000     
        1385  0.20374999999999999     
        1386   1.7500000000000002E-002
        1387   3.3750000000000002E-002
        1388  0.12000000000000000     
        1389   3.7499999999999999E-003
        1390   5.3749999999999999E-002
        1391  0.16250000000000001     
        1392  0.15375000000000000     
        1393   9.5000000000000001E-002
        1394   2.0000000000000000E-002
        1395   4.1250000000000002E-002
        1396   3.7499999999999999E-003
        1397   2.9999999999999999E-002
        1398   1.0000000000000000E-002
        1399   6.2500000000000003E-003
        1400   6.2500000000000003E-003
        1401  0.11125000000000000     
        1402   6.2500000000000003E-003
        1403   5.5000000000000000E-002
        1404  0.11250000000000000     
        1405   9.3750000000000000E-002
        1406   7.6249999999999998E-002
        1407   1.2500000000000001E-002
        1408   5.8749999999999997E-002
        1409   6.2500000000000003E-003
        1410   3.8750000000000000E-002
        1411   1.3750000000000000E-002
        1412   3.7499999999999999E-002
        1413   9.6250000000000002E-002
        1414   9.1249999999999998E-002
        1415   8.7500000000000008E-003
        1416   1.0000000000000000E-002
        1417   3.7499999999999999E-003
        1418   2.7500000000000000E-002
        1419   4.3749999999999997E-002
        1420  0.10000000000000001     
        1421  0.13125000000000001     
        1422   3.8750000000000000E-002
        1423   7.1249999999999994E-002
        1424   8.7500000000000008E-003
        1425   6.6250000000000003E-002
        1426   1.2500000000000001E-002
        1427   4.6249999999999999E-002
        1428  0.11874999999999999     
        1429   2.3750000000000000E-002
        1430   6.5000000000000002E-002
        1431   7.6249999999999998E-002
        1432   4.8750000000000002E-002
        1433   1.8749999999999999E-002
        1434   5.1249999999999997E-002
        1435   3.8750000000000000E-002
        1436   1.8749999999999999E-002
        1437   4.7500000000000001E-002
        1438   5.8749999999999997E-002
        1439  0.12250000000000000     
        1440   1.6250000000000001E-002
        1441   7.2499999999999995E-002
        1442   5.2499999999999998E-002
        1443   7.0000000000000007E-002
        1444   4.8750000000000002E-002
        1445  0.18500000000000000     
        1446   3.2500000000000001E-002
        1447   5.0000000000000001E-003
        1448   5.1249999999999997E-002
        1449   4.4999999999999998E-002
        1450   7.6249999999999998E-002
        1451   6.8750000000000006E-002
        1452   9.7500000000000003E-002
        1453   9.1249999999999998E-002
        1454   9.1249999999999998E-002
        1455   6.2500000000000003E-003
        1456   7.4999999999999997E-002
        1457  0.10500000000000000     
        1458   8.2500000000000004E-002
        1459   6.5000000000000002E-002
        1460   1.2500000000000001E-002
        1461  0.14000000000000001     
        1462  0.11125000000000000     
        1463   2.7500000000000000E-002
        1464   1.2500000000000000E-003
        1465   0.0000000000000000     
        1466   9.5000000000000001E-002
        1467  0.14499999999999999     
        1468   5.5000000000000000E-002
        1469   3.3750000000000002E-002
        1470   7.4999999999999997E-003
        1471   4.8750000000000002E-002
        1472   8.0000000000000002E-002
        1473   9.1249999999999998E-002
        1474   1.8749999999999999E-002
        1475   5.6250000000000001E-002
        1476   7.4999999999999997E-002
        1477   4.7500000000000001E-002
        1478   4.7500000000000001E-002
        1479   1.3750000000000000E-002
        1480   4.6249999999999999E-002
        1481   2.1250000000000002E-002
        1482   1.2500000000000001E-002
        1483   2.1250000000000002E-002
        1484   8.6249999999999993E-002
        1485   3.3750000000000002E-002
        1486   7.4999999999999997E-002
        1487  0.10000000000000001     
        1488  0.15375000000000000     
        1489  0.15125000000000000     
        1490  0.14249999999999999     
        1491   8.7500000000000008E-003
        1492   9.7500000000000003E-002
        1493   1.6250000000000001E-002
        1494   6.6250000000000003E-002
        1495   7.7499999999999999E-002
        1496   2.5000000000000001E-002
        1497   5.2499999999999998E-002
        1498  0.11625000000000001     
        1499  0.13875000000000001     
        1500   9.8750000000000004E-002
        1501   5.0000000000000003E-002
        1502  0.15750000000000000     
        1503  0.14249999999999999     
        1504   8.6249999999999993E-002
        1505  0.10625000000000000     
        1506  0.12625000000000000     
        1507   8.0000000000000002E-002
        1508   6.2500000000000003E-003
        1509   3.5000000000000003E-002
        1510   5.3749999999999999E-002
        1511   5.1249999999999997E-002
        1512   5.7500000000000002E-002
        1513   2.8750000000000001E-002
        1514  0.17749999999999999     
        1515   5.0000000000000001E-003
        1516  0.14874999999999999     
        1517  0.11625000000000001     
        1518   6.1249999999999999E-002
        1519   1.2500000000000000E-003
        1520   3.2500000000000001E-002
        1521   9.8750000000000004E-002
        1522   7.3749999999999996E-002
        1523  0.14124999999999999     
        1524   7.3749999999999996E-002
        1525  0.11375000000000000     
        1526   7.4999999999999997E-003
        1527   6.2500000000000003E-003
        1528   3.2500000000000001E-002
        1529   7.0000000000000007E-002
        1530   2.5000000000000001E-002
        1531   4.1250000000000002E-002
        1532   3.2500000000000001E-002
        1533  0.13875000000000001     
        1534   5.2499999999999998E-002
        1535   5.5000000000000000E-002
        1536  0.16250000000000001     
        1537  0.14499999999999999     
        1538   3.8750000000000000E-002
        1539  0.14749999999999999     
        1540   7.2499999999999995E-002
        1541   5.0000000000000003E-002
        1542  0.17499999999999999     
        1543  0.10875000000000000     
        1544  0.14374999999999999     
        1545   6.2500000000000003E-003
        1546   4.8750000000000002E-002
        1547   5.1249999999999997E-002
        1548   9.2499999999999999E-002
        1549  0.13750000000000001     
        1550   7.4999999999999997E-003
        1551   4.0000000000000001E-002
        1552  0.12875000000000000     
        1553   7.8750000000000001E-002
        1554   2.7500000000000000E-002
        1555   4.1250000000000002E-002
        1556  0.12000000000000000     
        1557   4.1250000000000002E-002
        1558   2.8750000000000001E-002
        1559   4.2500000000000003E-002
        1560   1.4999999999999999E-002
        1561  0.13000000000000000     
        1562   8.6249999999999993E-002
        1563   5.5000000000000000E-002
        1564   1.2500000000000000E-003
        1565   1.0000000000000000E-002
        1566   6.6250000000000003E-002
        1567  0.14124999999999999     
        1568  0.18124999999999999     
        1569   4.2500000000000003E-002
        1570   5.7500000000000002E-002
        1571   4.6249999999999999E-002
        1572   9.1249999999999998E-002
        1573   2.6249999999999999E-002
        1574   6.2500000000000003E-003
        1575   8.7500000000000008E-003
        1576   8.0000000000000002E-002
        1577   5.6250000000000001E-002
        1578   2.0000000000000000E-002
        1579   3.8750000000000000E-002
        1580   1.3750000000000000E-002
        1581   3.8750000000000000E-002
        1582   1.3750000000000000E-002
        1583   9.6250000000000002E-002
        1584   1.2500000000000001E-002
        1585   2.8750000000000001E-002
        1586  0.11874999999999999     
        1587   7.3749999999999996E-002
        1588   1.2500000000000001E-002
        1589   1.4999999999999999E-002
        1590  0.10125000000000001     
        1591   5.0000000000000003E-002
        1592   6.2500000000000000E-002
        1593   7.7499999999999999E-002
        1594   5.5000000000000000E-002
        1595   3.7499999999999999E-003
        1596   2.5000000000000001E-003
        1597   9.6250000000000002E-002
        1598   4.2500000000000003E-002
        1599   1.2500000000000000E-003
        1600   6.5000000000000002E-002
        1601  0.11500000000000000     
        1602   3.1250000000000000E-002
        1603   9.1249999999999998E-002
        1604   3.7499999999999999E-002
        1605   5.8749999999999997E-002
        1606   1.1250000000000000E-002
        1607   6.2500000000000003E-003
        1608   7.7499999999999999E-002
        1609   9.1249999999999998E-002
        1610   1.2500000000000000E-003
        1611  0.11500000000000000     
        1612  0.12375000000000000     
        1613   0.0000000000000000     
        1614  0.10249999999999999     
        1615   7.4999999999999997E-003
        1616   7.1249999999999994E-002
        1617   0.0000000000000000     
        1618   2.5000000000000001E-003
        1619   2.6249999999999999E-002
        1620   3.7499999999999999E-003
        1621   8.0000000000000002E-002
        1622   3.3750000000000002E-002
        1623   2.5000000000000001E-002
        1624  0.16000000000000000     
        1625  0.15750000000000000     
        1626  0.13375000000000001     
        1627  0.11125000000000000     
        1628   2.6249999999999999E-002
        1629   1.0000000000000000E-002
        1630   3.2500000000000001E-002
        1631   6.2500000000000003E-003
        1632   4.3749999999999997E-002
        1633   3.7499999999999999E-003
        1634  0.14999999999999999     
        1635   7.4999999999999997E-002
        1636  0.13000000000000000     
        1637  0.15375000000000000     
        1638   9.2499999999999999E-002
        1639   7.2499999999999995E-002
        1640   2.1250000000000002E-002
        1641   6.6250000000000003E-002
        1642   2.6249999999999999E-002
        1643   5.3749999999999999E-002
        1644   4.6249999999999999E-002
        1645   5.9999999999999998E-002
        1646  0.14874999999999999     
        1647   1.3750000000000000E-002
        1648   6.1249999999999999E-002
        1649   6.2500000000000003E-003
        1650   6.6250000000000003E-002
        1651   2.9999999999999999E-002
        1652   7.4999999999999997E-002
        1653   2.8750000000000001E-002
        1654   5.3749999999999999E-002
        1655   1.7500000000000002E-002
        1656   6.3750000000000001E-002
        1657   8.1250000000000003E-002
        1658  0.12500000000000000     
        1659  0.12125000000000000     
        1660   1.8749999999999999E-002
        1661   2.3750000000000000E-002
        1662   2.8750000000000001E-002
        1663   2.9999999999999999E-002
        1664   4.1250000000000002E-002
        1665   7.1249999999999994E-002
        1666   7.6249999999999998E-002
        1667   7.4999999999999997E-003
        1668   3.2500000000000001E-002
        1669   5.5000000000000000E-002
        1670  0.22750000000000001     
        1671  0.12375000000000000     
        1672   4.4999999999999998E-002
        1673   1.2500000000000000E-003
        1674   5.0000000000000001E-003
        1675   1.2500000000000001E-002
        1676   2.3750000000000000E-002
        1677   4.6249999999999999E-002
        1678   1.8749999999999999E-002
        1679   1.7500000000000002E-002
        1680  0.14000000000000001     
        1681   3.2500000000000001E-002
        1682   9.5000000000000001E-002
        1683  0.17499999999999999     
        1684  0.20624999999999999     
        1685   4.3749999999999997E-002
        1686  0.12250000000000000     
        1687  0.12500000000000000     
        1688   5.6250000000000001E-002
        1689   2.9999999999999999E-002
        1690   2.7500000000000000E-002
        1691  0.14874999999999999     
        1692   2.5000000000000001E-002
        1693   2.8750000000000001E-002
        1694   4.3749999999999997E-002
        1695   1.7500000000000002E-002
        1696   9.7500000000000003E-002
        1697   8.5000000000000006E-002
        1698   4.4999999999999998E-002
        1699   9.5000000000000001E-002
        1700   7.2499999999999995E-002
        1701  0.17000000000000001     
        1702   8.9999999999999997E-002
        1703  0.14124999999999999     
        1704  0.14874999999999999     
        1705   1.2500000000000000E-003
        1706   7.4999999999999997E-003
        1707   3.5000000000000003E-002
        1708   1.2500000000000001E-002
        1709   8.7499999999999994E-002
        1710   7.0000000000000007E-002
        1711  0.11874999999999999     
        1712   6.1249999999999999E-002
        1713   4.4999999999999998E-002
        1714   8.8749999999999996E-002
        1715   9.7500000000000003E-002
        1716   9.3750000000000000E-002
        1717   7.2499999999999995E-002
        1718  0.15125000000000000     
        1719  0.15500000000000000     
        1720   1.8749999999999999E-002
        1721  0.11000000000000000     
        1722   5.9999999999999998E-002
        1723   9.2499999999999999E-002
        1724   1.4999999999999999E-002
        1725   5.1249999999999997E-002
        1726   5.7500000000000002E-002
        1727   7.3749999999999996E-002
        1728   2.5000000000000001E-002
        1729   1.6250000000000001E-002
        1730   2.0000000000000000E-002
        1731   8.3750000000000005E-002
        1732   5.0000000000000003E-002
        1733   2.3750000000000000E-002
        1734   8.3750000000000005E-002
        1735   7.4999999999999997E-003
        1736   5.7500000000000002E-002
        1737   4.4999999999999998E-002
        1738  0.13625000000000001     
        1739   6.5000000000000002E-002
        1740   9.2499999999999999E-002
        1741  0.10125000000000001     
        1742   3.6249999999999998E-002
        1743   8.7500000000000008E-003
        1744  0.13375000000000001     
        1745   3.7499999999999999E-003
        1746   1.1250000000000000E-002
        1747   1.4999999999999999E-002
        1748   1.3750000000000000E-002
        1749   6.2500000000000000E-002
        1750   4.2500000000000003E-002
        1751  0.16375000000000001     
        1752   5.7500000000000002E-002
        1753  0.10750000000000000     
        1754   6.3750000000000001E-002
        1755   3.7499999999999999E-003
        1756   6.2500000000000000E-002
        1757  0.13750000000000001     
        1758   8.7500000000000008E-003
        1759   5.0000000000000003E-002
        1760   7.0000000000000007E-002
        1761   6.2500000000000003E-003
        1762   5.9999999999999998E-002
        1763   7.4999999999999997E-002
        1764   2.9999999999999999E-002
        1765   7.4999999999999997E-002
        1766   6.2500000000000003E-003
        1767   4.1250000000000002E-002
        1768   3.8750000000000000E-002
        1769  0.19500000000000001     
        1770   1.6250000000000001E-002
        1771  0.16375000000000001     
        1772   4.2500000000000003E-002
        1773   5.1249999999999997E-002
        1774  0.12125000000000000     
        1775   9.8750000000000004E-002
        1776   7.6249999999999998E-002
        1777  0.19750000000000001     
        1778   7.0000000000000007E-002
        1779  0.17000000000000001     
        1780   5.8749999999999997E-002
        1781   5.8749999999999997E-002
        1782   6.8750000000000006E-002
        1783   1.6250000000000001E-002
        1784   7.6249999999999998E-002
        1785   4.7500000000000001E-002
        1786   5.1249999999999997E-002
        1787   2.2499999999999999E-002
        1788   1.1250000000000000E-002
        1789   7.4999999999999997E-003
        1790   8.7499999999999994E-002
        1791   6.3750000000000001E-002
        1792   2.3750000000000000E-002
        1793   8.5000000000000006E-002
        1794   4.1250000000000002E-002
        1795   7.4999999999999997E-003
        1796   6.2500000000000000E-002
        1797   3.8750000000000000E-002
        1798  0.11000000000000000     
        1799   9.3750000000000000E-002
        1800   1.8749999999999999E-002
        1801   2.1250000000000002E-002
        1802   5.1249999999999997E-002
        1803   4.0000000000000001E-002
        1804   8.9999999999999997E-002
        1805   1.8749999999999999E-002
        1806   8.7499999999999994E-002
        1807   8.1250000000000003E-002
        1808   5.3749999999999999E-002
        1809   5.1249999999999997E-002
        1810   1.0000000000000000E-002
        1811   8.2500000000000004E-002
        1812   4.0000000000000001E-002
        1813   2.5000000000000001E-002
        1814   4.6249999999999999E-002
        1815  0.11000000000000000     
        1816   5.8749999999999997E-002
        1817   3.7499999999999999E-002
        1818   1.2500000000000001E-002
        1819  0.13500000000000001     
        1820   3.3750000000000002E-002
        1821   9.1249999999999998E-002
        1822   3.6249999999999998E-002
        1823   7.8750000000000001E-002
        1824   3.3750000000000002E-002
        1825   8.7500000000000008E-003
        1826   5.0000000000000001E-003
        1827  0.13500000000000001     
        1828   6.2500000000000000E-002
        1829  0.10249999999999999     
        1830   9.6250000000000002E-002
        1831  0.20000000000000001     
        1832  0.12125000000000000     
        1833   5.0000000000000001E-003
        1834   9.7500000000000003E-002
        1835   2.3750000000000000E-002
        1836   4.7500000000000001E-002
        1837   6.2500000000000003E-003
        1838   3.7499999999999999E-002
        1839  0.11125000000000000     
        1840   5.5000000000000000E-002
        1841   3.8750000000000000E-002
        1842   3.7499999999999999E-002
        1843   2.6249999999999999E-002
        1844  0.10249999999999999     
        1845   6.3750000000000001E-002
        1846   3.3750000000000002E-002
        1847   4.7500000000000001E-002
        1848  0.12625000000000000     
        1849   3.1250000000000000E-002
        1850   2.8750000000000001E-002
        1851   5.0000000000000003E-002
        1852   4.7500000000000001E-002
        1853   1.2500000000000000E-003
        1854   1.7500000000000002E-002
        1855   1.1250000000000000E-002
        1856   2.8750000000000001E-002
        1857   2.6249999999999999E-002
        1858   2.2499999999999999E-002
        1859   1.1250000000000000E-002
        1860   4.8750000000000002E-002
        1861   2.0000000000000000E-002
        1862   8.2500000000000004E-002
        1863   6.7500000000000004E-002
        1864   6.3750000000000001E-002
        1865   3.7499999999999999E-002
        1866   7.2499999999999995E-002
        1867   1.2500000000000000E-003
        1868   8.7499999999999994E-002
        1869   8.5000000000000006E-002
        1870   7.6249999999999998E-002
        1871   9.5000000000000001E-002
        1872   2.3750000000000000E-002
        1873  0.11125000000000000     
        1874  0.15375000000000000     
        1875   1.7500000000000002E-002
        1876   2.7500000000000000E-002
        1877  0.13750000000000001     
        1878   1.1250000000000000E-002
        1879   3.1250000000000000E-002
        1880  0.10875000000000000     
        1881   1.7500000000000002E-002
        1882   7.4999999999999997E-003
        1883   1.6250000000000001E-002
        1884   3.7499999999999999E-002
        1885   7.1249999999999994E-002
        1886   2.7500000000000000E-002
        1887   1.0000000000000000E-002
        1888   5.5000000000000000E-002
        1889   5.0000000000000001E-003
        1890   2.5000000000000001E-003
        1891   8.9999999999999997E-002
        1892   4.3749999999999997E-002
        1893   8.7500000000000008E-003
        1894   4.1250000000000002E-002
        1895  0.13500000000000001     
        1896  0.16500000000000001     
        1897   5.6250000000000001E-002
        1898   3.2500000000000001E-002
        1899   2.5000000000000001E-003
        1900   1.8749999999999999E-002
        1901   9.1249999999999998E-002
        1902   5.6250000000000001E-002
        1903   4.2500000000000003E-002
        1904   1.2500000000000000E-003
        1905   8.7500000000000008E-003
        1906   1.7500000000000002E-002
        1907   6.8750000000000006E-002
        1908   5.2499999999999998E-002
        1909   5.0000000000000003E-002
        1910   3.6249999999999998E-002
        1911   4.1250000000000002E-002
        1912   1.2500000000000000E-003
        1913  0.12125000000000000     
        1914   5.1249999999999997E-002
        1915   2.8750000000000001E-002
        1916   6.8750000000000006E-002
        1917   2.3750000000000000E-002
        1918  0.13625000000000001     
        1919   3.1250000000000000E-002
        1920   2.3750000000000000E-002
        1921  0.10500000000000000     
        1922   4.4999999999999998E-002
        1923  0.10125000000000001     
        1924   3.8750000000000000E-002
        1925   2.8750000000000001E-002
        1926  0.15625000000000000     
        1927   2.8750000000000001E-002
        1928   4.7500000000000001E-002
        1929   1.2500000000000000E-003
        1930   7.4999999999999997E-002
        1931  0.10875000000000000     
        1932   2.5000000000000001E-003
        1933  0.11125000000000000     
        1934   6.1249999999999999E-002
        1935   2.1250000000000002E-002
        1936   1.1250000000000000E-002
        1937   6.1249999999999999E-002
        1938   7.3749999999999996E-002
        1939   4.7500000000000001E-002
        1940   6.3750000000000001E-002
        1941   9.2499999999999999E-002
        1942  0.12375000000000000     
        1943   8.7500000000000008E-003
        1944  0.10000000000000001     
        1945   1.4999999999999999E-002
        1946   6.5000000000000002E-002
        1947   3.2500000000000001E-002
        1948   4.6249999999999999E-002
        1949   2.0000000000000000E-002
        1950  0.11375000000000000     
        1951  0.13250000000000001     
        1952   4.1250000000000002E-002
        1953  0.13250000000000001     
        1954   9.5000000000000001E-002
        1955  0.12750000000000000     
        1956   4.1250000000000002E-002
        1957   1.4999999999999999E-002
        1958   9.3750000000000000E-002
        1959   1.2500000000000000E-003
        1960   4.0000000000000001E-002
        1961   1.1250000000000000E-002
        1962  0.19750000000000001     
        1963  0.11625000000000001     
        1964   5.0000000000000003E-002
        1965  0.13875000000000001     
        1966   9.2499999999999999E-002
        1967   7.3749999999999996E-002
        1968   7.3749999999999996E-002
        1969   6.7500000000000004E-002
        1970   5.9999999999999998E-002
        1971   1.3750000000000000E-002
        1972   1.8749999999999999E-002
        1973  0.11125000000000000     
        1974  0.18375000000000000     
        1975   7.0000000000000007E-002
        1976   2.5000000000000001E-003
        1977   5.1249999999999997E-002
        1978   8.0000000000000002E-002
        1979  0.13750000000000001     
        1980   1.0000000000000000E-002
        1981   9.5000000000000001E-002
        1982  0.17499999999999999     
        1983   6.2500000000000003E-003
        1984   4.4999999999999998E-002
        1985   1.7500000000000002E-002
        1986   3.7499999999999999E-003
        1987   1.0000000000000000E-002
        1988   7.4999999999999997E-002
        1989   9.5000000000000001E-002
        1990   2.2499999999999999E-002
        1991   8.7500000000000008E-003
        1992   2.5000000000000001E-003
        1993   1.6250000000000001E-002
        1994  0.15750000000000000     
        1995   5.7500000000000002E-002
        1996   5.6250000000000001E-002
        1997   2.5000000000000001E-002
        1998   9.5000000000000001E-002
        1999   3.3750000000000002E-002
        2000   7.1249999999999994E-002
