           1   0.0000000000000000     
           2   1.2500000000000001E-002
           3   5.0000000000000001E-003
           4   3.8750000000000000E-002
           5   2.9999999999999999E-002
           6   3.6249999999999998E-002
           7   1.4999999999999999E-002
           8  0.14124999999999999     
           9   5.8749999999999997E-002
          10   1.8749999999999999E-002
          11   1.6250000000000001E-002
          12   7.4999999999999997E-003
          13   2.1250000000000002E-002
          14   2.3750000000000000E-002
          15   2.5000000000000001E-002
          16  0.10875000000000000     
          17   7.4999999999999997E-003
          18   1.7500000000000002E-002
          19   5.0000000000000003E-002
          20   1.2500000000000001E-002
          21   3.7499999999999999E-002
          22   8.8749999999999996E-002
          23   1.2500000000000000E-003
          24   5.0000000000000001E-003
          25   2.3750000000000000E-002
          26   2.5000000000000001E-003
          27   1.6250000000000001E-002
          28   3.3750000000000002E-002
          29   1.2500000000000000E-003
          30   3.5000000000000003E-002
          31   5.6250000000000001E-002
          32   2.0000000000000000E-002
          33   2.0000000000000000E-002
          34   6.1249999999999999E-002
          35   2.2499999999999999E-002
          36   5.6250000000000001E-002
          37   4.1250000000000002E-002
          38   6.7500000000000004E-002
          39   8.0000000000000002E-002
          40   2.8750000000000001E-002
          41   1.2500000000000000E-003
          42   4.0000000000000001E-002
          43   1.2500000000000001E-002
          44   2.2499999999999999E-002
          45   3.5000000000000003E-002
          46   7.6249999999999998E-002
          47   5.1249999999999997E-002
          48  0.10125000000000001     
          49   6.5000000000000002E-002
          50   1.3750000000000000E-002
          51   8.7500000000000008E-003
          52   3.6249999999999998E-002
          53   5.5000000000000000E-002
          54  0.14249999999999999     
          55  0.10000000000000001     
          56   7.3749999999999996E-002
          57   4.3749999999999997E-002
          58   2.5000000000000001E-003
          59   5.0000000000000001E-003
          60   5.2499999999999998E-002
          61   7.8750000000000001E-002
          62   4.0000000000000001E-002
          63   2.3750000000000000E-002
          64   3.6249999999999998E-002
          65   2.5000000000000001E-003
          66   3.5000000000000003E-002
          67   4.0000000000000001E-002
          68   1.6250000000000001E-002
          69   7.3749999999999996E-002
          70   6.2500000000000000E-002
          71   4.6249999999999999E-002
          72   8.1250000000000003E-002
          73  0.11250000000000000     
          74  0.11375000000000000     
          75   2.6249999999999999E-002
          76   6.1249999999999999E-002
          77   2.2499999999999999E-002
          78   4.7500000000000001E-002
          79   1.1250000000000000E-002
          80   2.9999999999999999E-002
          81   2.0000000000000000E-002
          82   1.2500000000000000E-003
          83   4.3749999999999997E-002
          84   5.9999999999999998E-002
          85   1.6250000000000001E-002
          86   4.2500000000000003E-002
          87   1.4999999999999999E-002
          88   4.2500000000000003E-002
          89   8.7500000000000008E-003
          90  0.12750000000000000     
          91  0.11125000000000000     
          92   6.1249999999999999E-002
          93   1.6250000000000001E-002
          94   1.0000000000000000E-002
          95   3.6249999999999998E-002
          96   3.3750000000000002E-002
          97  0.12625000000000000     
          98   8.1250000000000003E-002
          99   2.7500000000000000E-002
         100   3.5000000000000003E-002
         101   1.6250000000000001E-002
         102   8.1250000000000003E-002
         103  0.13875000000000001     
         104   8.7500000000000008E-003
         105   2.1250000000000002E-002
         106   2.1250000000000002E-002
         107   9.7500000000000003E-002
         108  0.12625000000000000     
         109  0.10375000000000000     
         110   9.1249999999999998E-002
         111   9.2499999999999999E-002
         112   5.0000000000000003E-002
         113   3.1250000000000000E-002
         114   3.1250000000000000E-002
         115   4.1250000000000002E-002
         116   5.0000000000000003E-002
         117   2.8750000000000001E-002
         118   7.0000000000000007E-002
         119   7.4999999999999997E-002
         120   8.7500000000000008E-003
         121   4.3749999999999997E-002
         122   1.6250000000000001E-002
         123   2.5000000000000001E-002
         124   2.6249999999999999E-002
         125   3.3750000000000002E-002
         126   1.6250000000000001E-002
         127   4.3749999999999997E-002
         128   2.0000000000000000E-002
         129   1.2500000000000000E-003
         130   1.2500000000000000E-003
         131   1.0000000000000000E-002
         132   3.2500000000000001E-002
         133   3.6249999999999998E-002
         134   8.1250000000000003E-002
         135   6.6250000000000003E-002
         136   6.2500000000000003E-003
         137   7.2499999999999995E-002
         138   6.3750000000000001E-002
         139   4.3749999999999997E-002
         140   5.5000000000000000E-002
         141   2.6249999999999999E-002
         142   3.8750000000000000E-002
         143   2.2499999999999999E-002
         144   2.8750000000000001E-002
         145   4.4999999999999998E-002
         146   5.2499999999999998E-002
         147   1.4999999999999999E-002
         148   9.1249999999999998E-002
         149   5.3749999999999999E-002
         150   4.7500000000000001E-002
         151   3.8750000000000000E-002
         152   4.4999999999999998E-002
         153  0.11125000000000000     
         154   4.3749999999999997E-002
         155   8.6249999999999993E-002
         156   2.7500000000000000E-002
         157   8.0000000000000002E-002
         158   3.7499999999999999E-002
         159   3.2500000000000001E-002
         160   2.9999999999999999E-002
         161   2.7500000000000000E-002
         162   1.1250000000000000E-002
         163   1.3750000000000000E-002
         164   4.3749999999999997E-002
         165   3.3750000000000002E-002
         166   5.0000000000000001E-003
         167   1.7500000000000002E-002
         168   2.2499999999999999E-002
         169   3.6249999999999998E-002
         170   2.2499999999999999E-002
         171   8.0000000000000002E-002
         172   3.5000000000000003E-002
         173   4.0000000000000001E-002
         174   1.6250000000000001E-002
         175   2.1250000000000002E-002
         176   2.5000000000000001E-003
         177   2.0000000000000000E-002
         178   2.7500000000000000E-002
         179   3.5000000000000003E-002
         180   7.3749999999999996E-002
         181   7.4999999999999997E-003
         182   1.7500000000000002E-002
         183   2.0000000000000000E-002
         184   4.8750000000000002E-002
         185  0.12375000000000000     
         186  0.10750000000000000     
         187   8.7500000000000008E-003
         188   3.5000000000000003E-002
         189   4.1250000000000002E-002
         190  0.13875000000000001     
         191   4.7500000000000001E-002
         192   4.7500000000000001E-002
         193   2.5000000000000001E-003
         194   1.2500000000000001E-002
         195   5.7500000000000002E-002
         196   4.6249999999999999E-002
         197   8.5000000000000006E-002
         198   7.4999999999999997E-003
         199   2.8750000000000001E-002
         200   8.7500000000000008E-003
         201   3.8750000000000000E-002
         202   2.9999999999999999E-002
         203   2.1250000000000002E-002
         204   4.4999999999999998E-002
         205   3.8750000000000000E-002
         206   7.4999999999999997E-003
         207   4.8750000000000002E-002
         208   5.1249999999999997E-002
         209   5.0000000000000003E-002
         210   3.3750000000000002E-002
         211   1.0000000000000000E-002
         212  0.12000000000000000     
         213   9.6250000000000002E-002
         214   7.2499999999999995E-002
         215   2.6249999999999999E-002
         216   7.3749999999999996E-002
         217  0.12250000000000000     
         218   5.3749999999999999E-002
         219   3.1250000000000000E-002
         220   5.7500000000000002E-002
         221   3.7499999999999999E-003
         222   9.2499999999999999E-002
         223   4.4999999999999998E-002
         224   1.4999999999999999E-002
         225   7.8750000000000001E-002
         226   2.8750000000000001E-002
         227   5.7500000000000002E-002
         228   1.6250000000000001E-002
         229   0.0000000000000000     
         230   7.4999999999999997E-002
         231   7.1249999999999994E-002
         232   8.7500000000000008E-003
         233   7.4999999999999997E-003
         234   3.3750000000000002E-002
         235   2.5000000000000001E-003
         236   4.3749999999999997E-002
         237   5.0000000000000003E-002
         238   5.5000000000000000E-002
         239   7.7499999999999999E-002
         240  0.10000000000000001     
         241   7.7499999999999999E-002
         242   2.3750000000000000E-002
         243   5.0000000000000001E-003
         244   1.6250000000000001E-002
         245   4.0000000000000001E-002
         246   6.2500000000000003E-003
         247   8.0000000000000002E-002
         248   7.3749999999999996E-002
         249   8.9999999999999997E-002
         250   2.5000000000000001E-003
         251   1.2500000000000000E-003
         252   6.7500000000000004E-002
         253  0.10750000000000000     
         254   3.2500000000000001E-002
         255  0.10125000000000001     
         256   7.0000000000000007E-002
         257   1.7500000000000002E-002
         258   3.7499999999999999E-003
         259   1.2500000000000001E-002
         260   2.9999999999999999E-002
         261   7.6249999999999998E-002
         262  0.12375000000000000     
         263   3.3750000000000002E-002
         264   1.8749999999999999E-002
         265  0.10875000000000000     
         266  0.10375000000000000     
         267  0.12000000000000000     
         268  0.11000000000000000     
         269   4.1250000000000002E-002
         270   7.8750000000000001E-002
         271   6.7500000000000004E-002
         272   1.6250000000000001E-002
         273   8.2500000000000004E-002
         274   3.7499999999999999E-002
         275   5.2499999999999998E-002
         276   3.5000000000000003E-002
         277   5.9999999999999998E-002
         278   5.0000000000000003E-002
         279   2.8750000000000001E-002
         280   3.5000000000000003E-002
         281   2.7500000000000000E-002
         282   1.7500000000000002E-002
         283   5.1249999999999997E-002
         284   3.8750000000000000E-002
         285   9.2499999999999999E-002
         286   2.5000000000000001E-003
         287   1.7500000000000002E-002
         288   1.2500000000000000E-003
         289   5.3749999999999999E-002
         290   3.2500000000000001E-002
         291   5.9999999999999998E-002
         292   4.6249999999999999E-002
         293   2.8750000000000001E-002
         294   7.3749999999999996E-002
         295   8.2500000000000004E-002
         296   2.5000000000000001E-002
         297   6.2500000000000000E-002
         298   8.0000000000000002E-002
         299   4.3749999999999997E-002
         300   4.3749999999999997E-002
         301  0.10125000000000001     
         302   6.2500000000000000E-002
         303   3.7499999999999999E-002
         304   7.6249999999999998E-002
         305   9.6250000000000002E-002
         306   5.1249999999999997E-002
         307   3.1250000000000000E-002
         308   1.3750000000000000E-002
         309   3.8750000000000000E-002
         310  0.14749999999999999     
         311   8.0000000000000002E-002
         312   5.8749999999999997E-002
         313   6.2500000000000003E-003
         314   1.1250000000000000E-002
         315   4.7500000000000001E-002
         316   4.0000000000000001E-002
         317   5.8749999999999997E-002
         318   1.8749999999999999E-002
         319   1.0000000000000000E-002
         320   4.3749999999999997E-002
         321   2.0000000000000000E-002
         322   1.0000000000000000E-002
         323   1.7500000000000002E-002
         324   2.8750000000000001E-002
         325   2.9999999999999999E-002
         326   2.8750000000000001E-002
         327   1.2500000000000001E-002
         328   2.5000000000000001E-003
         329   7.4999999999999997E-003
         330   7.0000000000000007E-002
         331   2.8750000000000001E-002
         332   8.6249999999999993E-002
         333   3.7499999999999999E-002
         334   1.8749999999999999E-002
         335   8.7499999999999994E-002
         336   5.6250000000000001E-002
         337   5.0000000000000001E-003
         338   6.2500000000000000E-002
         339  0.11500000000000000     
         340  0.16625000000000001     
         341   7.8750000000000001E-002
         342   5.3749999999999999E-002
         343   3.7499999999999999E-002
         344   2.5000000000000001E-003
         345   2.1250000000000002E-002
         346   2.1250000000000002E-002
         347   1.4999999999999999E-002
         348   8.7500000000000008E-003
         349   3.1250000000000000E-002
         350   2.2499999999999999E-002
         351   2.6249999999999999E-002
         352   5.7500000000000002E-002
         353   7.8750000000000001E-002
         354   6.2500000000000000E-002
         355   1.3750000000000000E-002
         356   1.2500000000000001E-002
         357   3.7499999999999999E-003
         358  0.12000000000000000     
         359   4.4999999999999998E-002
         360   3.5000000000000003E-002
         361   4.2500000000000003E-002
         362   5.3749999999999999E-002
         363   8.6249999999999993E-002
         364   4.2500000000000003E-002
         365   6.5000000000000002E-002
         366   9.7500000000000003E-002
         367   5.2499999999999998E-002
         368   1.4999999999999999E-002
         369   3.5000000000000003E-002
         370   9.1249999999999998E-002
         371   4.3749999999999997E-002
         372   3.7499999999999999E-003
         373   5.0000000000000001E-003
         374   5.3749999999999999E-002
         375   5.5000000000000000E-002
         376   5.3749999999999999E-002
         377   5.2499999999999998E-002
         378   5.2499999999999998E-002
         379   3.3750000000000002E-002
         380   5.0000000000000001E-003
         381   1.2500000000000001E-002
         382   1.6250000000000001E-002
         383   5.2499999999999998E-002
         384   1.6250000000000001E-002
         385  0.10875000000000000     
         386  0.12250000000000000     
         387  0.12875000000000000     
         388  0.11250000000000000     
         389  0.10125000000000001     
         390  0.11625000000000001     
         391   5.0000000000000003E-002
         392   4.6249999999999999E-002
         393   5.3749999999999999E-002
         394   4.4999999999999998E-002
         395   8.7499999999999994E-002
         396   3.7499999999999999E-003
         397   1.7500000000000002E-002
         398   1.8749999999999999E-002
         399   4.8750000000000002E-002
         400   5.1249999999999997E-002
         401   6.8750000000000006E-002
         402   9.8750000000000004E-002
         403   3.8750000000000000E-002
         404   4.1250000000000002E-002
         405   5.0000000000000003E-002
         406   5.6250000000000001E-002
         407   2.6249999999999999E-002
         408   1.7500000000000002E-002
         409   3.7499999999999999E-002
         410   9.1249999999999998E-002
         411   6.6250000000000003E-002
         412   4.4999999999999998E-002
         413   3.5000000000000003E-002
         414   7.3749999999999996E-002
         415   5.8749999999999997E-002
         416   1.3750000000000000E-002
         417   3.7499999999999999E-003
         418   0.0000000000000000     
         419   4.3749999999999997E-002
         420   7.8750000000000001E-002
         421   8.8749999999999996E-002
         422   8.6249999999999993E-002
         423   2.0000000000000000E-002
         424   6.7500000000000004E-002
         425   1.7500000000000002E-002
         426   4.4999999999999998E-002
         427   4.2500000000000003E-002
         428   3.1250000000000000E-002
         429   5.5000000000000000E-002
         430   4.3749999999999997E-002
         431   7.4999999999999997E-003
         432   2.8750000000000001E-002
         433   3.6249999999999998E-002
         434   2.9999999999999999E-002
         435   3.7499999999999999E-003
         436   3.1250000000000000E-002
         437   2.5000000000000001E-003
         438   4.0000000000000001E-002
         439  0.10750000000000000     
         440   1.2500000000000000E-003
         441   7.7499999999999999E-002
         442   1.7500000000000002E-002
         443   8.7500000000000008E-003
         444   9.8750000000000004E-002
         445   6.5000000000000002E-002
         446   3.7499999999999999E-002
         447   4.2500000000000003E-002
         448   2.6249999999999999E-002
         449   2.5000000000000001E-002
         450   1.3750000000000000E-002
         451   1.1250000000000000E-002
         452   8.9999999999999997E-002
         453   7.3749999999999996E-002
         454   4.3749999999999997E-002
         455   4.1250000000000002E-002
         456   6.2500000000000003E-003
         457   6.6250000000000003E-002
         458   3.1250000000000000E-002
         459   2.7500000000000000E-002
         460   3.3750000000000002E-002
         461   5.0000000000000003E-002
         462   2.9999999999999999E-002
         463  0.12250000000000000     
         464   8.2500000000000004E-002
         465   8.8749999999999996E-002
         466   7.4999999999999997E-002
         467   5.1249999999999997E-002
         468  0.11375000000000000     
         469   6.8750000000000006E-002
         470   6.2500000000000000E-002
         471   9.3750000000000000E-002
         472   6.5000000000000002E-002
         473   5.7500000000000002E-002
         474   3.7499999999999999E-003
         475   4.8750000000000002E-002
         476   1.2500000000000000E-003
         477   2.5000000000000001E-003
         478   6.8750000000000006E-002
         479   1.2500000000000001E-002
         480   1.2500000000000000E-003
         481   7.2499999999999995E-002
         482   6.7500000000000004E-002
         483   6.5000000000000002E-002
         484   5.3749999999999999E-002
         485   8.8749999999999996E-002
         486   1.8749999999999999E-002
         487   1.0000000000000000E-002
         488   6.1249999999999999E-002
         489   5.1249999999999997E-002
         490   5.1249999999999997E-002
         491   7.4999999999999997E-002
         492   8.7499999999999994E-002
         493  0.13375000000000001     
         494   8.8749999999999996E-002
         495   6.3750000000000001E-002
         496   2.3750000000000000E-002
         497   3.7499999999999999E-003
         498   2.5000000000000001E-003
         499   6.6250000000000003E-002
         500   6.3750000000000001E-002
         501   2.0000000000000000E-002
         502   4.3749999999999997E-002
         503   7.1249999999999994E-002
         504   7.3749999999999996E-002
         505   7.0000000000000007E-002
         506   6.5000000000000002E-002
         507   3.8750000000000000E-002
         508   3.6249999999999998E-002
         509   1.6250000000000001E-002
         510   1.3750000000000000E-002
         511   4.6249999999999999E-002
         512   5.7500000000000002E-002
         513   8.8749999999999996E-002
         514   3.1250000000000000E-002
         515   1.3750000000000000E-002
         516   3.2500000000000001E-002
         517   6.2500000000000000E-002
         518   1.1250000000000000E-002
         519   1.6250000000000001E-002
         520   4.1250000000000002E-002
         521   3.7499999999999999E-002
         522   4.2500000000000003E-002
         523   5.8749999999999997E-002
         524   8.7499999999999994E-002
         525   8.8749999999999996E-002
         526   2.9999999999999999E-002
         527   5.7500000000000002E-002
         528   3.2500000000000001E-002
         529   1.4999999999999999E-002
         530   5.5000000000000000E-002
         531   6.2500000000000000E-002
         532   3.6249999999999998E-002
         533   2.5000000000000001E-003
         534   2.3750000000000000E-002
         535   2.6249999999999999E-002
         536  0.11125000000000000     
         537   7.0000000000000007E-002
         538   1.7500000000000002E-002
         539   1.2500000000000000E-003
         540   3.7499999999999999E-002
         541   2.0000000000000000E-002
         542   1.0000000000000000E-002
         543   1.3750000000000000E-002
         544   4.0000000000000001E-002
         545  0.11874999999999999     
         546  0.14874999999999999     
         547  0.11625000000000001     
         548   4.7500000000000001E-002
         549   1.8749999999999999E-002
         550   4.6249999999999999E-002
         551   2.5000000000000001E-002
         552   2.9999999999999999E-002
         553   4.4999999999999998E-002
         554   6.2500000000000003E-003
         555   1.1250000000000000E-002
         556   5.0000000000000003E-002
         557   5.1249999999999997E-002
         558   2.0000000000000000E-002
         559   4.2500000000000003E-002
         560   6.6250000000000003E-002
         561   7.2499999999999995E-002
         562   4.1250000000000002E-002
         563   4.2500000000000003E-002
         564  0.10875000000000000     
         565   2.5000000000000001E-003
         566   2.0000000000000000E-002
         567   1.7500000000000002E-002
         568   4.1250000000000002E-002
         569   4.4999999999999998E-002
         570   2.9999999999999999E-002
         571   7.6249999999999998E-002
         572   4.3749999999999997E-002
         573   6.2500000000000000E-002
         574   1.2500000000000001E-002
         575   1.1250000000000000E-002
         576   5.8749999999999997E-002
         577   6.3750000000000001E-002
         578   1.0000000000000000E-002
         579   2.1250000000000002E-002
         580   3.3750000000000002E-002
         581   2.1250000000000002E-002
         582   3.6249999999999998E-002
         583   1.2500000000000001E-002
         584   4.8750000000000002E-002
         585   3.7499999999999999E-003
         586   6.3750000000000001E-002
         587   5.8749999999999997E-002
         588   2.6249999999999999E-002
         589   7.2499999999999995E-002
         590   2.5000000000000001E-003
         591   1.3750000000000000E-002
         592   7.4999999999999997E-003
         593   0.0000000000000000     
         594   1.2500000000000001E-002
         595   8.7500000000000008E-003
         596   5.3749999999999999E-002
         597   7.2499999999999995E-002
         598   5.5000000000000000E-002
         599   8.5000000000000006E-002
         600   1.6250000000000001E-002
         601   6.8750000000000006E-002
         602   2.5000000000000001E-003
         603   2.7500000000000000E-002
         604   4.2500000000000003E-002
         605   1.7500000000000002E-002
         606   1.4999999999999999E-002
         607   1.3750000000000000E-002
         608   2.2499999999999999E-002
         609   3.1250000000000000E-002
         610   3.1250000000000000E-002
         611   5.7500000000000002E-002
         612   1.3750000000000000E-002
         613   6.2500000000000003E-003
         614   3.7499999999999999E-003
         615   8.7500000000000008E-003
         616   2.3750000000000000E-002
         617   5.9999999999999998E-002
         618   7.4999999999999997E-003
         619   3.8750000000000000E-002
         620   8.8749999999999996E-002
         621  0.16250000000000001     
         622   4.6249999999999999E-002
         623   5.9999999999999998E-002
         624   1.3750000000000000E-002
         625   1.1250000000000000E-002
         626   6.3750000000000001E-002
         627   4.4999999999999998E-002
         628   1.2500000000000001E-002
         629   5.0000000000000001E-003
         630   3.6249999999999998E-002
         631   6.2500000000000000E-002
         632   5.2499999999999998E-002
         633   4.2500000000000003E-002
         634   5.0000000000000001E-003
         635   4.2500000000000003E-002
         636   1.2500000000000000E-003
         637  0.10125000000000001     
         638   5.7500000000000002E-002
         639  0.10500000000000000     
         640   1.2500000000000000E-003
         641   5.1249999999999997E-002
         642  0.10375000000000000     
         643   2.6249999999999999E-002
         644   2.8750000000000001E-002
         645   2.6249999999999999E-002
         646   1.8749999999999999E-002
         647   4.2500000000000003E-002
         648   3.3750000000000002E-002
         649   2.6249999999999999E-002
         650   6.7500000000000004E-002
         651   7.6249999999999998E-002
         652   6.7500000000000004E-002
         653   0.0000000000000000     
         654   3.2500000000000001E-002
         655   7.2499999999999995E-002
         656  0.14499999999999999     
         657   6.7500000000000004E-002
         658   2.2499999999999999E-002
         659   1.8749999999999999E-002
         660   7.4999999999999997E-003
         661   0.0000000000000000     
         662  0.10249999999999999     
         663   1.4999999999999999E-002
         664   3.8750000000000000E-002
         665   4.1250000000000002E-002
         666   3.1250000000000000E-002
         667   7.4999999999999997E-002
         668   1.0000000000000000E-002
         669   5.6250000000000001E-002
         670   3.7499999999999999E-003
         671   8.5000000000000006E-002
         672   9.7500000000000003E-002
         673  0.11874999999999999     
         674   6.5000000000000002E-002
         675   6.6250000000000003E-002
         676   0.0000000000000000     
         677   1.4999999999999999E-002
         678   2.3750000000000000E-002
         679   4.0000000000000001E-002
         680   6.2500000000000003E-003
         681   5.6250000000000001E-002
         682   9.2499999999999999E-002
         683   1.4999999999999999E-002
         684   4.6249999999999999E-002
         685   4.3749999999999997E-002
         686   2.0000000000000000E-002
         687   8.7500000000000008E-003
         688   2.8750000000000001E-002
         689   7.0000000000000007E-002
         690   5.0000000000000001E-003
         691   4.3749999999999997E-002
         692   3.2500000000000001E-002
         693   2.3750000000000000E-002
         694   5.9999999999999998E-002
         695   4.6249999999999999E-002
         696   1.4999999999999999E-002
         697   4.6249999999999999E-002
         698   2.8750000000000001E-002
         699   0.0000000000000000     
         700   2.6249999999999999E-002
         701   1.8749999999999999E-002
         702   5.8749999999999997E-002
         703   4.0000000000000001E-002
         704   9.5000000000000001E-002
         705   2.5000000000000001E-002
         706   2.3750000000000000E-002
         707   4.7500000000000001E-002
         708   2.3750000000000000E-002
         709   8.1250000000000003E-002
         710   4.8750000000000002E-002
         711   1.4999999999999999E-002
         712  0.14124999999999999     
         713   7.3749999999999996E-002
         714   1.0000000000000000E-002
         715  0.13000000000000000     
         716  0.10875000000000000     
         717   3.2500000000000001E-002
         718   3.6249999999999998E-002
         719   1.2500000000000001E-002
         720   1.8749999999999999E-002
         721   6.2500000000000000E-002
         722   4.2500000000000003E-002
         723   5.2499999999999998E-002
         724   1.4999999999999999E-002
         725   1.7500000000000002E-002
         726   2.6249999999999999E-002
         727   1.2500000000000001E-002
         728   4.6249999999999999E-002
         729   4.6249999999999999E-002
         730   7.4999999999999997E-003
         731   6.2500000000000000E-002
         732   2.8750000000000001E-002
         733   3.1250000000000000E-002
         734   2.5000000000000001E-003
         735   7.4999999999999997E-003
         736   7.7499999999999999E-002
         737   5.7500000000000002E-002
         738   3.7499999999999999E-002
         739   5.2499999999999998E-002
         740   5.7500000000000002E-002
         741   4.4999999999999998E-002
         742   1.4999999999999999E-002
         743  0.10875000000000000     
         744   6.2500000000000000E-002
         745   3.2500000000000001E-002
         746   5.0000000000000001E-003
         747   2.3750000000000000E-002
         748   4.4999999999999998E-002
         749   7.0000000000000007E-002
         750   3.7499999999999999E-003
         751   8.7500000000000008E-003
         752   2.9999999999999999E-002
         753   6.2500000000000003E-003
         754   3.7499999999999999E-002
         755   7.8750000000000001E-002
         756   2.9999999999999999E-002
         757   2.2499999999999999E-002
         758   2.5000000000000001E-002
         759  0.14874999999999999     
         760   6.8750000000000006E-002
         761   0.0000000000000000     
         762   1.2500000000000001E-002
         763   3.3750000000000002E-002
         764   1.2500000000000000E-003
         765   8.3750000000000005E-002
         766  0.10125000000000001     
         767   5.1249999999999997E-002
         768   8.2500000000000004E-002
         769   6.2500000000000000E-002
         770   2.2499999999999999E-002
         771   1.4999999999999999E-002
         772   2.3750000000000000E-002
         773   9.3750000000000000E-002
         774   9.8750000000000004E-002
         775   9.8750000000000004E-002
         776   9.1249999999999998E-002
         777   0.0000000000000000     
         778   1.2500000000000000E-003
         779   1.6250000000000001E-002
         780   4.6249999999999999E-002
         781   9.1249999999999998E-002
         782   3.5000000000000003E-002
         783   5.5000000000000000E-002
         784   5.1249999999999997E-002
         785   2.8750000000000001E-002
         786   4.7500000000000001E-002
         787   3.8750000000000000E-002
         788   8.9999999999999997E-002
         789   3.3750000000000002E-002
         790   1.2500000000000001E-002
         791   1.1250000000000000E-002
         792   6.5000000000000002E-002
         793   6.6250000000000003E-002
         794   3.7499999999999999E-002
         795   3.3750000000000002E-002
         796   6.1249999999999999E-002
         797   5.0000000000000003E-002
         798   5.1249999999999997E-002
         799   8.8749999999999996E-002
         800   1.3750000000000000E-002
         801   8.7500000000000008E-003
         802   1.3750000000000000E-002
         803   2.6249999999999999E-002
         804   4.1250000000000002E-002
         805   6.2500000000000003E-003
         806   2.3750000000000000E-002
         807   4.4999999999999998E-002
         808   5.9999999999999998E-002
         809   2.3750000000000000E-002
         810   8.9999999999999997E-002
         811   5.2499999999999998E-002
         812   2.5000000000000001E-002
         813   2.8750000000000001E-002
         814   2.1250000000000002E-002
         815   1.2500000000000000E-003
         816   2.6249999999999999E-002
         817   5.9999999999999998E-002
         818   8.6249999999999993E-002
         819   5.2499999999999998E-002
         820   1.1250000000000000E-002
         821   1.1250000000000000E-002
         822   8.6249999999999993E-002
         823   7.0000000000000007E-002
         824   9.7500000000000003E-002
         825  0.12375000000000000     
         826  0.12375000000000000     
         827  0.11250000000000000     
         828  0.11125000000000000     
         829   8.2500000000000004E-002
         830   3.7499999999999999E-003
         831   2.9999999999999999E-002
         832   5.6250000000000001E-002
         833   4.2500000000000003E-002
         834   2.7500000000000000E-002
         835   3.7499999999999999E-003
         836   7.2499999999999995E-002
         837   3.7499999999999999E-003
         838   5.6250000000000001E-002
         839   1.6250000000000001E-002
         840   4.6249999999999999E-002
         841   1.2500000000000000E-003
         842   6.2500000000000003E-003
         843   1.7500000000000002E-002
         844   2.0000000000000000E-002
         845   1.2500000000000000E-003
         846   1.4999999999999999E-002
         847   2.2499999999999999E-002
         848   3.7499999999999999E-002
         849   4.7500000000000001E-002
         850   5.8749999999999997E-002
         851   1.7500000000000002E-002
         852   7.3749999999999996E-002
         853   8.7500000000000008E-003
         854   3.2500000000000001E-002
         855   7.8750000000000001E-002
         856   6.7500000000000004E-002
         857   4.8750000000000002E-002
         858   4.0000000000000001E-002
         859   7.2499999999999995E-002
         860   6.8750000000000006E-002
         861   2.8750000000000001E-002
         862   9.3750000000000000E-002
         863   0.0000000000000000     
         864   7.2499999999999995E-002
         865   1.2500000000000001E-002
         866   4.2500000000000003E-002
         867   1.7500000000000002E-002
         868  0.10500000000000000     
         869   2.0000000000000000E-002
         870   3.3750000000000002E-002
         871   1.0000000000000000E-002
         872   4.1250000000000002E-002
         873   1.0000000000000000E-002
         874  0.13000000000000000     
         875   4.1250000000000002E-002
         876   1.2500000000000000E-003
         877   2.3750000000000000E-002
         878   1.1250000000000000E-002
         879   1.0000000000000000E-002
         880   0.0000000000000000     
         881   1.3750000000000000E-002
         882   5.3749999999999999E-002
         883   7.2499999999999995E-002
         884   8.0000000000000002E-002
         885   9.3750000000000000E-002
         886   4.6249999999999999E-002
         887   1.4999999999999999E-002
         888   1.0000000000000000E-002
         889   2.6249999999999999E-002
         890   5.6250000000000001E-002
         891   6.2500000000000003E-003
         892   8.6249999999999993E-002
         893   8.5000000000000006E-002
         894   9.3750000000000000E-002
         895   8.0000000000000002E-002
         896   1.7500000000000002E-002
         897   5.7500000000000002E-002
         898  0.19375000000000001     
         899   7.7499999999999999E-002
         900   8.8749999999999996E-002
         901   3.7499999999999999E-003
         902   4.0000000000000001E-002
         903   2.9999999999999999E-002
         904  0.15625000000000000     
         905  0.14124999999999999     
         906   7.7499999999999999E-002
         907   3.1250000000000000E-002
         908   6.1249999999999999E-002
         909   4.7500000000000001E-002
         910   1.3750000000000000E-002
         911   5.0000000000000003E-002
         912   2.5000000000000001E-003
         913   6.8750000000000006E-002
         914  0.11375000000000000     
         915  0.11874999999999999     
         916   1.6250000000000001E-002
         917   1.7500000000000002E-002
         918   1.3750000000000000E-002
         919   3.5000000000000003E-002
         920   1.4999999999999999E-002
         921   0.0000000000000000     
         922   8.3750000000000005E-002
         923   2.9999999999999999E-002
         924   6.6250000000000003E-002
         925   5.5000000000000000E-002
         926   1.2500000000000001E-002
         927   3.2500000000000001E-002
         928   4.3749999999999997E-002
         929   2.3750000000000000E-002
         930   7.6249999999999998E-002
         931   2.8750000000000001E-002
         932   1.1250000000000000E-002
         933   5.7500000000000002E-002
         934   2.6249999999999999E-002
         935   5.0000000000000003E-002
         936   3.6249999999999998E-002
         937   4.3749999999999997E-002
         938   4.6249999999999999E-002
         939   8.7500000000000008E-003
         940   3.2500000000000001E-002
         941   2.6249999999999999E-002
         942   7.4999999999999997E-003
         943   3.5000000000000003E-002
         944  0.12250000000000000     
         945   2.9999999999999999E-002
         946   4.8750000000000002E-002
         947   8.2500000000000004E-002
         948   0.0000000000000000     
         949   2.8750000000000001E-002
         950   4.2500000000000003E-002
         951   1.0000000000000000E-002
         952   5.1249999999999997E-002
         953   1.4999999999999999E-002
         954   1.4999999999999999E-002
         955   5.6250000000000001E-002
         956   3.6249999999999998E-002
         957   3.6249999999999998E-002
         958   5.2499999999999998E-002
         959   5.3749999999999999E-002
         960   3.8750000000000000E-002
         961  0.10500000000000000     
         962   5.9999999999999998E-002
         963   1.6250000000000001E-002
         964   7.2499999999999995E-002
         965   3.3750000000000002E-002
         966  0.12375000000000000     
         967   7.0000000000000007E-002
         968   7.3749999999999996E-002
         969   6.2500000000000000E-002
         970  0.12875000000000000     
         971   4.4999999999999998E-002
         972   6.2500000000000003E-003
         973   2.1250000000000002E-002
         974   2.5000000000000001E-003
         975  0.12250000000000000     
         976   8.5000000000000006E-002
         977   6.1249999999999999E-002
         978   9.5000000000000001E-002
         979   8.3750000000000005E-002
         980   1.3750000000000000E-002
         981   4.6249999999999999E-002
         982   8.5000000000000006E-002
         983   8.7499999999999994E-002
         984   2.5000000000000001E-002
         985   1.6250000000000001E-002
         986   2.7500000000000000E-002
         987   9.1249999999999998E-002
         988   3.6249999999999998E-002
         989   1.7500000000000002E-002
         990   6.8750000000000006E-002
         991   9.6250000000000002E-002
         992   7.4999999999999997E-002
         993   2.2499999999999999E-002
         994   4.0000000000000001E-002
         995   7.0000000000000007E-002
         996   1.8749999999999999E-002
         997   2.0000000000000000E-002
         998   7.7499999999999999E-002
         999  0.10000000000000001     
        1000  0.10125000000000001     
        1001   8.8749999999999996E-002
        1002   7.2499999999999995E-002
        1003   1.4999999999999999E-002
        1004   2.1250000000000002E-002
        1005   7.7499999999999999E-002
        1006  0.10000000000000001     
        1007   6.2500000000000000E-002
        1008   5.0000000000000001E-003
        1009   5.8749999999999997E-002
        1010   2.2499999999999999E-002
        1011   2.0000000000000000E-002
        1012   4.4999999999999998E-002
        1013   2.1250000000000002E-002
        1014  0.11375000000000000     
        1015   2.6249999999999999E-002
        1016   7.7499999999999999E-002
        1017   4.8750000000000002E-002
        1018   8.7499999999999994E-002
        1019  0.13125000000000001     
        1020  0.12750000000000000     
        1021   8.8749999999999996E-002
        1022   6.2500000000000000E-002
        1023   2.5000000000000001E-002
        1024   6.8750000000000006E-002
        1025   6.5000000000000002E-002
        1026   2.5000000000000001E-002
        1027   9.1249999999999998E-002
        1028   8.7500000000000008E-003
        1029   2.1250000000000002E-002
        1030   1.4999999999999999E-002
        1031   1.1250000000000000E-002
        1032   4.2500000000000003E-002
        1033   3.7499999999999999E-002
        1034   5.2499999999999998E-002
        1035   1.7500000000000002E-002
        1036   7.4999999999999997E-003
        1037   6.8750000000000006E-002
        1038   1.0000000000000000E-002
        1039   2.5000000000000001E-003
        1040   1.6250000000000001E-002
        1041   7.4999999999999997E-003
        1042   6.2500000000000003E-003
        1043   1.3750000000000000E-002
        1044   3.1250000000000000E-002
        1045   7.3749999999999996E-002
        1046   8.6249999999999993E-002
        1047   9.1249999999999998E-002
        1048  0.13750000000000001     
        1049   3.3750000000000002E-002
        1050   4.1250000000000002E-002
        1051   9.1249999999999998E-002
        1052   4.2500000000000003E-002
        1053   2.6249999999999999E-002
        1054   2.9999999999999999E-002
        1055   3.3750000000000002E-002
        1056   1.7500000000000002E-002
        1057   6.2500000000000000E-002
        1058   1.3750000000000000E-002
        1059   3.1250000000000000E-002
        1060   8.6249999999999993E-002
        1061   2.2499999999999999E-002
        1062   1.8749999999999999E-002
        1063   3.6249999999999998E-002
        1064   1.4999999999999999E-002
        1065   4.2500000000000003E-002
        1066   2.5000000000000001E-002
        1067   2.8750000000000001E-002
        1068   3.8750000000000000E-002
        1069   3.6249999999999998E-002
        1070   1.3750000000000000E-002
        1071   5.5000000000000000E-002
        1072   4.3749999999999997E-002
        1073   5.0000000000000001E-003
        1074   3.7499999999999999E-003
        1075   5.6250000000000001E-002
        1076  0.11250000000000000     
        1077   4.8750000000000002E-002
        1078   4.7500000000000001E-002
        1079   1.4999999999999999E-002
        1080   1.2500000000000000E-003
        1081   4.6249999999999999E-002
        1082   1.0000000000000000E-002
        1083   5.0000000000000001E-003
        1084   5.1249999999999997E-002
        1085   1.6250000000000001E-002
        1086   7.4999999999999997E-003
        1087   7.1249999999999994E-002
        1088   3.5000000000000003E-002
        1089   3.7499999999999999E-002
        1090   5.0000000000000003E-002
        1091   7.2499999999999995E-002
        1092   7.8750000000000001E-002
        1093   3.7499999999999999E-003
        1094   2.7500000000000000E-002
        1095   8.3750000000000005E-002
        1096   6.3750000000000001E-002
        1097   1.6250000000000001E-002
        1098   3.7499999999999999E-003
        1099   9.8750000000000004E-002
        1100   6.8750000000000006E-002
        1101   1.2500000000000001E-002
        1102   6.2500000000000000E-002
        1103   5.7500000000000002E-002
        1104   2.5000000000000001E-003
        1105   8.1250000000000003E-002
        1106  0.13875000000000001     
        1107   4.7500000000000001E-002
        1108   8.7500000000000008E-003
        1109   6.2500000000000000E-002
        1110   4.8750000000000002E-002
        1111   5.5000000000000000E-002
        1112   5.7500000000000002E-002
        1113   4.2500000000000003E-002
        1114   1.0000000000000000E-002
        1115   4.2500000000000003E-002
        1116   7.6249999999999998E-002
        1117   5.5000000000000000E-002
        1118   8.2500000000000004E-002
        1119   6.2500000000000000E-002
        1120   2.5000000000000001E-002
        1121   2.5000000000000001E-003
        1122   2.8750000000000001E-002
        1123   8.1250000000000003E-002
        1124   9.6250000000000002E-002
        1125   3.1250000000000000E-002
        1126   8.7500000000000008E-003
        1127   6.7500000000000004E-002
        1128   3.5000000000000003E-002
        1129   1.2500000000000001E-002
        1130   1.2500000000000000E-003
        1131   1.1250000000000000E-002
        1132   7.0000000000000007E-002
        1133   4.4999999999999998E-002
        1134   1.4999999999999999E-002
        1135   6.3750000000000001E-002
        1136   5.8749999999999997E-002
        1137   2.1250000000000002E-002
        1138   1.4999999999999999E-002
        1139   2.3750000000000000E-002
        1140   1.7500000000000002E-002
        1141   4.0000000000000001E-002
        1142   6.7500000000000004E-002
        1143  0.19125000000000000     
        1144  0.12875000000000000     
        1145   8.8749999999999996E-002
        1146   7.2499999999999995E-002
        1147   7.4999999999999997E-002
        1148   1.6250000000000001E-002
        1149   2.9999999999999999E-002
        1150   7.8750000000000001E-002
        1151   5.9999999999999998E-002
        1152   4.7500000000000001E-002
        1153   1.8749999999999999E-002
        1154  0.10125000000000001     
        1155   3.8750000000000000E-002
        1156   3.7499999999999999E-003
        1157   5.5000000000000000E-002
        1158   4.6249999999999999E-002
        1159   5.0000000000000001E-003
        1160   4.4999999999999998E-002
        1161   7.4999999999999997E-002
        1162   4.1250000000000002E-002
        1163   8.1250000000000003E-002
        1164   2.6249999999999999E-002
        1165   2.3750000000000000E-002
        1166   7.1249999999999994E-002
        1167   1.1250000000000000E-002
        1168   5.0000000000000003E-002
        1169   8.5000000000000006E-002
        1170   5.0000000000000003E-002
        1171   3.7499999999999999E-003
        1172   7.4999999999999997E-003
        1173   3.8750000000000000E-002
        1174   9.6250000000000002E-002
        1175   7.6249999999999998E-002
        1176   7.4999999999999997E-002
        1177   4.4999999999999998E-002
        1178   4.4999999999999998E-002
        1179   7.8750000000000001E-002
        1180   7.0000000000000007E-002
        1181  0.11749999999999999     
        1182   9.5000000000000001E-002
        1183   7.3749999999999996E-002
        1184   6.8750000000000006E-002
        1185   8.6249999999999993E-002
        1186   5.0000000000000003E-002
        1187   5.7500000000000002E-002
        1188   1.3750000000000000E-002
        1189   8.7500000000000008E-003
        1190   3.1250000000000000E-002
        1191   4.6249999999999999E-002
        1192   6.6250000000000003E-002
        1193   8.7499999999999994E-002
        1194   2.5000000000000001E-002
        1195   1.1250000000000000E-002
        1196   5.0000000000000001E-003
        1197   5.0000000000000001E-003
        1198   5.7500000000000002E-002
        1199   3.3750000000000002E-002
        1200  0.14874999999999999     
        1201   6.2500000000000003E-003
        1202   8.7500000000000008E-003
        1203   2.9999999999999999E-002
        1204   7.8750000000000001E-002
        1205   7.2499999999999995E-002
        1206   3.1250000000000000E-002
        1207   1.1250000000000000E-002
        1208   1.3750000000000000E-002
        1209   5.1249999999999997E-002
        1210   8.7500000000000008E-003
        1211   5.0000000000000003E-002
        1212   5.6250000000000001E-002
        1213   7.4999999999999997E-003
        1214   3.7499999999999999E-003
        1215   3.7499999999999999E-002
        1216   4.7500000000000001E-002
        1217   4.3749999999999997E-002
        1218   8.5000000000000006E-002
        1219   4.1250000000000002E-002
        1220   6.2500000000000000E-002
        1221  0.16000000000000000     
        1222  0.17000000000000001     
        1223   7.3749999999999996E-002
        1224   6.3750000000000001E-002
        1225  0.12875000000000000     
        1226   2.6249999999999999E-002
        1227   1.4999999999999999E-002
        1228   1.2500000000000000E-003
        1229   9.1249999999999998E-002
        1230   1.1250000000000000E-002
        1231   3.2500000000000001E-002
        1232   4.8750000000000002E-002
        1233   2.7500000000000000E-002
        1234   3.3750000000000002E-002
        1235   2.1250000000000002E-002
        1236   9.6250000000000002E-002
        1237   8.7500000000000008E-003
        1238   8.2500000000000004E-002
        1239   5.6250000000000001E-002
        1240   2.1250000000000002E-002
        1241   7.8750000000000001E-002
        1242   4.3749999999999997E-002
        1243   3.7499999999999999E-002
        1244  0.13000000000000000     
        1245   6.2500000000000003E-003
        1246   1.2500000000000001E-002
        1247   6.2500000000000003E-003
        1248   2.2499999999999999E-002
        1249   3.1250000000000000E-002
        1250   1.8749999999999999E-002
        1251   5.6250000000000001E-002
        1252  0.10625000000000000     
        1253   5.1249999999999997E-002
        1254   2.5000000000000001E-003
        1255   5.8749999999999997E-002
        1256   5.2499999999999998E-002
        1257   5.1249999999999997E-002
        1258   1.2500000000000001E-002
        1259   1.0000000000000000E-002
        1260   3.6249999999999998E-002
        1261   8.7500000000000008E-003
        1262   2.2499999999999999E-002
        1263   8.7500000000000008E-003
        1264   6.2500000000000003E-003
        1265   5.3749999999999999E-002
        1266   3.7499999999999999E-003
        1267   4.0000000000000001E-002
        1268   1.8749999999999999E-002
        1269   4.6249999999999999E-002
        1270   5.3749999999999999E-002
        1271   2.1250000000000002E-002
        1272   1.1250000000000000E-002
        1273   2.5000000000000001E-003
        1274   8.7500000000000008E-003
        1275   7.7499999999999999E-002
        1276   3.1250000000000000E-002
        1277   1.2500000000000001E-002
        1278   5.0000000000000003E-002
        1279   9.6250000000000002E-002
        1280   1.1250000000000000E-002
        1281   4.7500000000000001E-002
        1282   5.0000000000000001E-003
        1283   3.5000000000000003E-002
        1284   2.3750000000000000E-002
        1285   1.4999999999999999E-002
        1286   2.3750000000000000E-002
        1287   8.7500000000000008E-003
        1288   8.7500000000000008E-003
        1289  0.14249999999999999     
        1290  0.10125000000000001     
        1291   4.8750000000000002E-002
        1292   4.1250000000000002E-002
        1293   8.2500000000000004E-002
        1294   5.1249999999999997E-002
        1295   3.7499999999999999E-002
        1296   8.7500000000000008E-003
        1297   4.3749999999999997E-002
        1298   7.4999999999999997E-003
        1299   5.0000000000000003E-002
        1300   1.0000000000000000E-002
        1301   5.0000000000000001E-003
        1302   4.7500000000000001E-002
        1303   3.7499999999999999E-002
        1304  0.15375000000000000     
        1305  0.15750000000000000     
        1306   5.0000000000000003E-002
        1307   7.7499999999999999E-002
        1308   7.7499999999999999E-002
        1309   3.2500000000000001E-002
        1310   2.1250000000000002E-002
        1311   8.2500000000000004E-002
        1312   9.1249999999999998E-002
        1313   2.8750000000000001E-002
        1314   2.0000000000000000E-002
        1315   1.7500000000000002E-002
        1316   5.0000000000000003E-002
        1317   4.4999999999999998E-002
        1318   3.2500000000000001E-002
        1319   1.8749999999999999E-002
        1320   1.1250000000000000E-002
        1321   7.7499999999999999E-002
        1322   8.2500000000000004E-002
        1323   4.0000000000000001E-002
        1324  0.11000000000000000     
        1325  0.12625000000000000     
        1326  0.12875000000000000     
        1327   4.7500000000000001E-002
        1328   4.1250000000000002E-002
        1329   3.6249999999999998E-002
        1330   2.8750000000000001E-002
        1331   6.2500000000000003E-003
        1332   2.3750000000000000E-002
        1333   4.8750000000000002E-002
        1334   8.7500000000000008E-003
        1335   8.7500000000000008E-003
        1336   3.7499999999999999E-002
        1337   5.5000000000000000E-002
        1338   6.2500000000000000E-002
        1339   2.7500000000000000E-002
        1340   6.7500000000000004E-002
        1341   6.2500000000000000E-002
        1342   5.7500000000000002E-002
        1343   5.0000000000000001E-003
        1344   1.6250000000000001E-002
        1345   3.7499999999999999E-002
        1346   4.0000000000000001E-002
        1347   5.0000000000000003E-002
        1348   7.0000000000000007E-002
        1349   7.0000000000000007E-002
        1350   4.1250000000000002E-002
        1351   4.0000000000000001E-002
        1352   4.7500000000000001E-002
        1353   9.1249999999999998E-002
        1354   5.3749999999999999E-002
        1355   7.3749999999999996E-002
        1356   4.0000000000000001E-002
        1357   4.7500000000000001E-002
        1358   1.2500000000000000E-003
        1359   3.6249999999999998E-002
        1360   2.2499999999999999E-002
        1361   3.7499999999999999E-003
        1362   1.3750000000000000E-002
        1363   1.6250000000000001E-002
        1364   2.0000000000000000E-002
        1365   3.2500000000000001E-002
        1366   2.9999999999999999E-002
        1367   8.0000000000000002E-002
        1368   6.1249999999999999E-002
        1369   3.8750000000000000E-002
        1370   6.2500000000000000E-002
        1371   3.2500000000000001E-002
        1372   1.0000000000000000E-002
        1373   6.6250000000000003E-002
        1374   3.5000000000000003E-002
        1375   8.7500000000000008E-003
        1376   1.1250000000000000E-002
        1377   5.0000000000000001E-003
        1378   3.7499999999999999E-002
        1379   4.0000000000000001E-002
        1380   1.3750000000000000E-002
        1381   1.4999999999999999E-002
        1382   7.6249999999999998E-002
        1383   4.1250000000000002E-002
        1384   1.6250000000000001E-002
        1385   4.1250000000000002E-002
        1386   5.1249999999999997E-002
        1387   3.7499999999999999E-002
        1388   3.1250000000000000E-002
        1389   7.6249999999999998E-002
        1390   2.8750000000000001E-002
        1391   6.1249999999999999E-002
        1392  0.10125000000000001     
        1393   2.2499999999999999E-002
        1394  0.13125000000000001     
        1395   2.6249999999999999E-002
        1396   3.1250000000000000E-002
        1397   7.4999999999999997E-003
        1398   4.7500000000000001E-002
        1399   4.3749999999999997E-002
        1400   2.1250000000000002E-002
        1401   2.7500000000000000E-002
        1402   5.5000000000000000E-002
        1403  0.10125000000000001     
        1404   2.5000000000000001E-003
        1405   1.6250000000000001E-002
        1406   1.0000000000000000E-002
        1407   3.7499999999999999E-003
        1408   1.3750000000000000E-002
        1409   5.9999999999999998E-002
        1410   1.4999999999999999E-002
        1411   3.1250000000000000E-002
        1412   1.7500000000000002E-002
        1413   1.3750000000000000E-002
        1414   2.0000000000000000E-002
        1415   4.6249999999999999E-002
        1416   2.5000000000000001E-002
        1417   7.8750000000000001E-002
        1418   7.0000000000000007E-002
        1419   9.8750000000000004E-002
        1420  0.13500000000000001     
        1421  0.12875000000000000     
        1422  0.13250000000000001     
        1423   1.2500000000000001E-002
        1424   5.6250000000000001E-002
        1425   8.5000000000000006E-002
        1426   4.8750000000000002E-002
        1427   2.5000000000000001E-003
        1428   2.7500000000000000E-002
        1429   3.7499999999999999E-003
        1430   3.7499999999999999E-002
        1431   5.3749999999999999E-002
        1432   8.0000000000000002E-002
        1433   8.3750000000000005E-002
        1434   8.5000000000000006E-002
        1435   3.5000000000000003E-002
        1436   3.1250000000000000E-002
        1437   7.3749999999999996E-002
        1438   1.1250000000000000E-002
        1439   2.7500000000000000E-002
        1440   2.3750000000000000E-002
        1441   2.0000000000000000E-002
        1442   2.7500000000000000E-002
        1443   1.8749999999999999E-002
        1444   3.6249999999999998E-002
        1445   4.8750000000000002E-002
        1446   8.1250000000000003E-002
        1447   6.6250000000000003E-002
        1448   9.3750000000000000E-002
        1449  0.11250000000000000     
        1450   2.5000000000000001E-003
        1451   1.6250000000000001E-002
        1452   1.4999999999999999E-002
        1453   4.2500000000000003E-002
        1454   4.0000000000000001E-002
        1455   2.8750000000000001E-002
        1456   3.2500000000000001E-002
        1457   7.7499999999999999E-002
        1458   4.6249999999999999E-002
        1459   2.6249999999999999E-002
        1460   3.5000000000000003E-002
        1461   5.6250000000000001E-002
        1462   3.3750000000000002E-002
        1463   1.8749999999999999E-002
        1464   2.3750000000000000E-002
        1465   2.2499999999999999E-002
        1466   1.1250000000000000E-002
        1467   4.7500000000000001E-002
        1468  0.10000000000000001     
        1469   4.3749999999999997E-002
        1470   3.5000000000000003E-002
        1471  0.10375000000000000     
        1472   4.2500000000000003E-002
        1473   1.3750000000000000E-002
        1474   8.7500000000000008E-003
        1475   4.2500000000000003E-002
        1476   3.2500000000000001E-002
        1477   3.1250000000000000E-002
        1478   6.2500000000000003E-003
        1479   2.2499999999999999E-002
        1480   2.5000000000000001E-002
        1481   3.5000000000000003E-002
        1482   3.5000000000000003E-002
        1483   6.5000000000000002E-002
        1484   2.6249999999999999E-002
        1485   4.1250000000000002E-002
        1486   6.2500000000000003E-003
        1487   7.7499999999999999E-002
        1488   5.9999999999999998E-002
        1489   5.1249999999999997E-002
        1490   3.1250000000000000E-002
        1491   3.8750000000000000E-002
        1492   4.1250000000000002E-002
        1493   5.6250000000000001E-002
        1494   7.0000000000000007E-002
        1495   2.9999999999999999E-002
        1496   3.7499999999999999E-003
        1497   3.5000000000000003E-002
        1498   2.6249999999999999E-002
        1499   5.0000000000000001E-003
        1500   7.8750000000000001E-002
        1501   1.7500000000000002E-002
        1502   2.8750000000000001E-002
        1503   4.2500000000000003E-002
        1504   2.2499999999999999E-002
        1505   5.3749999999999999E-002
        1506   4.3749999999999997E-002
        1507   5.0000000000000003E-002
        1508   7.4999999999999997E-002
        1509   5.6250000000000001E-002
        1510   5.1249999999999997E-002
        1511   2.9999999999999999E-002
        1512   6.2500000000000000E-002
        1513   1.2500000000000000E-003
        1514   7.4999999999999997E-003
        1515   9.5000000000000001E-002
        1516  0.10625000000000000     
        1517   9.6250000000000002E-002
        1518   7.2499999999999995E-002
        1519   6.5000000000000002E-002
        1520   2.2499999999999999E-002
        1521   4.7500000000000001E-002
        1522   3.1250000000000000E-002
        1523   5.0000000000000001E-003
        1524   1.4999999999999999E-002
        1525   2.7500000000000000E-002
        1526   2.5000000000000001E-003
        1527   4.6249999999999999E-002
        1528   7.4999999999999997E-002
        1529   6.3750000000000001E-002
        1530   3.2500000000000001E-002
        1531   2.3750000000000000E-002
        1532   1.7500000000000002E-002
        1533  0.10000000000000001     
        1534   1.2500000000000000E-003
        1535   7.8750000000000001E-002
        1536   4.3749999999999997E-002
        1537   7.8750000000000001E-002
        1538   4.6249999999999999E-002
        1539   2.5000000000000001E-003
        1540   1.3750000000000000E-002
        1541   7.4999999999999997E-003
        1542   8.0000000000000002E-002
        1543   5.2499999999999998E-002
        1544   8.3750000000000005E-002
        1545   2.9999999999999999E-002
        1546   2.0000000000000000E-002
        1547   7.3749999999999996E-002
        1548   5.7500000000000002E-002
        1549   5.0000000000000003E-002
        1550   6.1249999999999999E-002
        1551   2.8750000000000001E-002
        1552  0.10375000000000000     
        1553   8.1250000000000003E-002
        1554  0.11250000000000000     
        1555   7.8750000000000001E-002
        1556   1.6250000000000001E-002
        1557   2.5000000000000001E-002
        1558   7.4999999999999997E-003
        1559   1.8749999999999999E-002
        1560   8.8749999999999996E-002
        1561   3.7499999999999999E-003
        1562   3.8750000000000000E-002
        1563   1.7500000000000002E-002
        1564   3.6249999999999998E-002
        1565   3.1250000000000000E-002
        1566   9.5000000000000001E-002
        1567   2.5000000000000001E-003
        1568   8.6249999999999993E-002
        1569   4.3749999999999997E-002
        1570   2.5000000000000001E-002
        1571   1.1250000000000000E-002
        1572   2.6249999999999999E-002
        1573   3.5000000000000003E-002
        1574   2.5000000000000001E-002
        1575   6.2500000000000003E-003
        1576   5.0000000000000003E-002
        1577   2.8750000000000001E-002
        1578   6.5000000000000002E-002
        1579   8.2500000000000004E-002
        1580   3.2500000000000001E-002
        1581  0.12625000000000000     
        1582   2.3750000000000000E-002
        1583   6.2500000000000003E-003
        1584   6.7500000000000004E-002
        1585   5.2499999999999998E-002
        1586   3.6249999999999998E-002
        1587   4.4999999999999998E-002
        1588   2.0000000000000000E-002
        1589   5.8749999999999997E-002
        1590   1.2500000000000000E-003
        1591   2.8750000000000001E-002
        1592   6.2500000000000003E-003
        1593   2.3750000000000000E-002
        1594   3.6249999999999998E-002
        1595  0.12625000000000000     
        1596   6.2500000000000000E-002
        1597   2.5000000000000001E-002
        1598   3.7499999999999999E-003
        1599   1.1250000000000000E-002
        1600   1.4999999999999999E-002
        1601   4.3749999999999997E-002
        1602  0.10000000000000001     
        1603  0.13625000000000001     
        1604  0.11749999999999999     
        1605   1.8749999999999999E-002
        1606   2.0000000000000000E-002
        1607   1.1250000000000000E-002
        1608   3.6249999999999998E-002
        1609   5.3749999999999999E-002
        1610   4.1250000000000002E-002
        1611   4.2500000000000003E-002
        1612   9.6250000000000002E-002
        1613   5.7500000000000002E-002
        1614   3.2500000000000001E-002
        1615   6.7500000000000004E-002
        1616   6.8750000000000006E-002
        1617   6.7500000000000004E-002
        1618   5.0000000000000003E-002
        1619   3.7499999999999999E-003
        1620   8.7500000000000008E-003
        1621   5.3749999999999999E-002
        1622   5.0000000000000003E-002
        1623   7.8750000000000001E-002
        1624   6.5000000000000002E-002
        1625   9.2499999999999999E-002
        1626   5.0000000000000001E-003
        1627   5.1249999999999997E-002
        1628   4.3749999999999997E-002
        1629   6.6250000000000003E-002
        1630   4.6249999999999999E-002
        1631   1.6250000000000001E-002
        1632   5.1249999999999997E-002
        1633   1.0000000000000000E-002
        1634   2.9999999999999999E-002
        1635   4.7500000000000001E-002
        1636   3.2500000000000001E-002
        1637   1.6250000000000001E-002
        1638   3.2500000000000001E-002
        1639   8.2500000000000004E-002
        1640   2.8750000000000001E-002
        1641   3.3750000000000002E-002
        1642   7.2499999999999995E-002
        1643   8.7500000000000008E-003
        1644   1.4999999999999999E-002
        1645   3.7499999999999999E-003
        1646   4.1250000000000002E-002
        1647   6.8750000000000006E-002
        1648   9.3750000000000000E-002
        1649  0.10625000000000000     
        1650   7.6249999999999998E-002
        1651   7.1249999999999994E-002
        1652  0.13125000000000001     
        1653   7.4999999999999997E-002
        1654   4.1250000000000002E-002
        1655   4.2500000000000003E-002
        1656   5.6250000000000001E-002
        1657  0.10375000000000000     
        1658   1.7500000000000002E-002
        1659   1.2500000000000001E-002
        1660   7.4999999999999997E-003
        1661   7.4999999999999997E-003
        1662   2.9999999999999999E-002
        1663   3.5000000000000003E-002
        1664   4.1250000000000002E-002
        1665   4.6249999999999999E-002
        1666   2.3750000000000000E-002
        1667   3.1250000000000000E-002
        1668   6.1249999999999999E-002
        1669  0.12500000000000000     
        1670  0.12125000000000000     
        1671   7.8750000000000001E-002
        1672   8.7500000000000008E-003
        1673   5.6250000000000001E-002
        1674   1.2500000000000000E-003
        1675   1.3750000000000000E-002
        1676   4.4999999999999998E-002
        1677   5.0000000000000001E-003
        1678   4.3749999999999997E-002
        1679   8.5000000000000006E-002
        1680   5.1249999999999997E-002
        1681   2.3750000000000000E-002
        1682   2.2499999999999999E-002
        1683   1.7500000000000002E-002
        1684   5.9999999999999998E-002
        1685   5.2499999999999998E-002
        1686   3.5000000000000003E-002
        1687   8.3750000000000005E-002
        1688   6.2500000000000003E-003
        1689   1.3750000000000000E-002
        1690   8.0000000000000002E-002
        1691   9.3750000000000000E-002
        1692   1.4999999999999999E-002
        1693   2.8750000000000001E-002
        1694   5.0000000000000001E-003
        1695   1.2500000000000000E-003
        1696   3.8750000000000000E-002
        1697   7.6249999999999998E-002
        1698   4.3749999999999997E-002
        1699   4.2500000000000003E-002
        1700   4.6249999999999999E-002
        1701   2.5000000000000001E-002
        1702   6.5000000000000002E-002
        1703   3.8750000000000000E-002
        1704   5.6250000000000001E-002
        1705   2.3750000000000000E-002
        1706   2.7500000000000000E-002
        1707   2.5000000000000001E-002
        1708   2.6249999999999999E-002
        1709   6.2500000000000003E-003
        1710   2.8750000000000001E-002
        1711   2.3750000000000000E-002
        1712   2.2499999999999999E-002
        1713   4.2500000000000003E-002
        1714   3.6249999999999998E-002
        1715   8.2500000000000004E-002
        1716   5.0000000000000003E-002
        1717   2.0000000000000000E-002
        1718   6.8750000000000006E-002
        1719   8.7500000000000008E-003
        1720   6.1249999999999999E-002
        1721   4.6249999999999999E-002
        1722   1.7500000000000002E-002
        1723   5.0000000000000003E-002
        1724  0.10750000000000000     
        1725   2.2499999999999999E-002
        1726   4.0000000000000001E-002
        1727   2.5000000000000001E-003
        1728   5.8749999999999997E-002
        1729   9.5000000000000001E-002
        1730  0.11500000000000000     
        1731  0.12625000000000000     
        1732   6.7500000000000004E-002
        1733   9.2499999999999999E-002
        1734   9.8750000000000004E-002
        1735   6.2500000000000003E-003
        1736   6.1249999999999999E-002
        1737   3.6249999999999998E-002
        1738   2.0000000000000000E-002
        1739   1.3750000000000000E-002
        1740   1.0000000000000000E-002
        1741  0.11375000000000000     
        1742  0.11625000000000001     
        1743   2.1250000000000002E-002
        1744   5.2499999999999998E-002
        1745   1.3750000000000000E-002
        1746   1.4999999999999999E-002
        1747   3.8750000000000000E-002
        1748   6.6250000000000003E-002
        1749   7.4999999999999997E-003
        1750   3.1250000000000000E-002
        1751   1.2500000000000000E-003
        1752   0.0000000000000000     
        1753   3.1250000000000000E-002
        1754   2.7500000000000000E-002
        1755   4.1250000000000002E-002
        1756   4.8750000000000002E-002
        1757   3.5000000000000003E-002
        1758   5.1249999999999997E-002
        1759   2.9999999999999999E-002
        1760   5.2499999999999998E-002
        1761   2.8750000000000001E-002
        1762   1.7500000000000002E-002
        1763   6.5000000000000002E-002
        1764   7.2499999999999995E-002
        1765   3.3750000000000002E-002
        1766   1.0000000000000000E-002
        1767   4.0000000000000001E-002
        1768   6.5000000000000002E-002
        1769   3.1250000000000000E-002
        1770  0.10249999999999999     
        1771   1.2500000000000000E-003
        1772   2.6249999999999999E-002
        1773   2.9999999999999999E-002
        1774   6.6250000000000003E-002
        1775  0.12250000000000000     
        1776  0.11125000000000000     
        1777   8.5000000000000006E-002
        1778   9.1249999999999998E-002
        1779  0.11500000000000000     
        1780   3.1250000000000000E-002
        1781   2.1250000000000002E-002
        1782   2.7500000000000000E-002
        1783   7.8750000000000001E-002
        1784   4.0000000000000001E-002
        1785   7.6249999999999998E-002
        1786   2.1250000000000002E-002
        1787   3.7499999999999999E-002
        1788   3.6249999999999998E-002
        1789   1.3750000000000000E-002
        1790   3.2500000000000001E-002
        1791  0.12750000000000000     
        1792   2.3750000000000000E-002
        1793   4.2500000000000003E-002
        1794   5.3749999999999999E-002
        1795   5.0000000000000001E-003
        1796   2.3750000000000000E-002
        1797   4.3749999999999997E-002
        1798   3.2500000000000001E-002
        1799   8.1250000000000003E-002
        1800   6.1249999999999999E-002
        1801  0.10625000000000000     
        1802   5.9999999999999998E-002
        1803   1.4999999999999999E-002
        1804  0.13500000000000001     
        1805   9.2499999999999999E-002
        1806   4.0000000000000001E-002
        1807   8.8749999999999996E-002
        1808   6.6250000000000003E-002
        1809  0.11874999999999999     
        1810   3.3750000000000002E-002
        1811   0.0000000000000000     
        1812   5.0000000000000001E-003
        1813   7.1249999999999994E-002
        1814   5.7500000000000002E-002
        1815   3.6249999999999998E-002
        1816   9.2499999999999999E-002
        1817   1.0000000000000000E-002
        1818   8.9999999999999997E-002
        1819  0.12125000000000000     
        1820   7.1249999999999994E-002
        1821   2.7500000000000000E-002
        1822   2.1250000000000002E-002
        1823   3.3750000000000002E-002
        1824   5.0000000000000003E-002
        1825   3.8750000000000000E-002
        1826   1.8749999999999999E-002
        1827   1.4999999999999999E-002
        1828   1.8749999999999999E-002
        1829   4.4999999999999998E-002
        1830   3.3750000000000002E-002
        1831   3.1250000000000000E-002
        1832   2.5000000000000001E-003
        1833   5.5000000000000000E-002
        1834   6.2500000000000003E-003
        1835   5.2499999999999998E-002
        1836   1.6250000000000001E-002
        1837   4.7500000000000001E-002
        1838   1.1250000000000000E-002
        1839   3.5000000000000003E-002
        1840   2.3750000000000000E-002
        1841   4.6249999999999999E-002
        1842   5.2499999999999998E-002
        1843   6.7500000000000004E-002
        1844   7.1249999999999994E-002
        1845   7.2499999999999995E-002
        1846   6.2500000000000003E-003
        1847   5.3749999999999999E-002
        1848   2.9999999999999999E-002
        1849   2.3750000000000000E-002
        1850   6.6250000000000003E-002
        1851   6.2500000000000003E-003
        1852   1.4999999999999999E-002
        1853   1.8749999999999999E-002
        1854   8.7500000000000008E-003
        1855   4.2500000000000003E-002
        1856   0.0000000000000000     
        1857   5.0000000000000001E-003
        1858   7.1249999999999994E-002
        1859   8.3750000000000005E-002
        1860   1.0000000000000000E-002
        1861   3.6249999999999998E-002
        1862   1.4999999999999999E-002
        1863   8.2500000000000004E-002
        1864   8.7499999999999994E-002
        1865   8.2500000000000004E-002
        1866   8.3750000000000005E-002
        1867  0.12375000000000000     
        1868   9.1249999999999998E-002
        1869   8.9999999999999997E-002
        1870   8.1250000000000003E-002
        1871   4.3749999999999997E-002
        1872   2.5000000000000001E-003
        1873   3.7499999999999999E-003
        1874   5.8749999999999997E-002
        1875   1.0000000000000000E-002
        1876   3.5000000000000003E-002
        1877   7.2499999999999995E-002
        1878   5.1249999999999997E-002
        1879   2.6249999999999999E-002
        1880   6.7500000000000004E-002
        1881   7.7499999999999999E-002
        1882   2.5000000000000001E-002
        1883   4.0000000000000001E-002
        1884   1.7500000000000002E-002
        1885   7.4999999999999997E-002
        1886   2.9999999999999999E-002
        1887   3.7499999999999999E-002
        1888   6.3750000000000001E-002
        1889   8.5000000000000006E-002
        1890   1.6250000000000001E-002
        1891   6.5000000000000002E-002
        1892   1.8749999999999999E-002
        1893   3.8750000000000000E-002
        1894   2.8750000000000001E-002
        1895   2.2499999999999999E-002
        1896   6.6250000000000003E-002
        1897   3.7499999999999999E-002
        1898   1.4999999999999999E-002
        1899   1.0000000000000000E-002
        1900   3.7499999999999999E-003
        1901   7.4999999999999997E-002
        1902   1.8749999999999999E-002
        1903   8.9999999999999997E-002
        1904  0.13000000000000000     
        1905   6.1249999999999999E-002
        1906   5.8749999999999997E-002
        1907   2.5000000000000001E-003
        1908   1.7500000000000002E-002
        1909  0.17874999999999999     
        1910   1.8749999999999999E-002
        1911   6.2500000000000003E-003
        1912   2.2499999999999999E-002
        1913   1.8749999999999999E-002
        1914   2.5000000000000001E-003
        1915  0.10249999999999999     
        1916   9.2499999999999999E-002
        1917   1.4999999999999999E-002
        1918   4.7500000000000001E-002
        1919   1.7500000000000002E-002
        1920   1.2500000000000000E-003
        1921   5.8749999999999997E-002
        1922   4.2500000000000003E-002
        1923   1.8749999999999999E-002
        1924   5.1249999999999997E-002
        1925  0.11874999999999999     
        1926   2.2499999999999999E-002
        1927   8.6249999999999993E-002
        1928   3.7499999999999999E-003
        1929   4.7500000000000001E-002
        1930   4.6249999999999999E-002
        1931   1.2500000000000000E-003
        1932   0.0000000000000000     
        1933   4.6249999999999999E-002
        1934  0.12750000000000000     
        1935   4.2500000000000003E-002
        1936   7.4999999999999997E-003
        1937   5.6250000000000001E-002
        1938   1.3750000000000000E-002
        1939   5.3749999999999999E-002
        1940   7.1249999999999994E-002
        1941   1.6250000000000001E-002
        1942  0.10625000000000000     
        1943  0.16125000000000000     
        1944   8.2500000000000004E-002
        1945   4.0000000000000001E-002
        1946   5.2499999999999998E-002
        1947   5.0000000000000003E-002
        1948  0.13000000000000000     
        1949   2.0000000000000000E-002
        1950   5.7500000000000002E-002
        1951  0.10875000000000000     
        1952  0.11749999999999999     
        1953   2.2499999999999999E-002
        1954   2.5000000000000001E-002
        1955   7.4999999999999997E-002
        1956   1.1250000000000000E-002
        1957   8.7500000000000008E-003
        1958   2.5000000000000001E-003
        1959   4.2500000000000003E-002
        1960   9.2499999999999999E-002
        1961  0.10625000000000000     
        1962  0.10000000000000001     
        1963   2.9999999999999999E-002
        1964   7.1249999999999994E-002
        1965   7.7499999999999999E-002
        1966   8.7500000000000008E-003
        1967   2.5000000000000001E-002
        1968   2.2499999999999999E-002
        1969   5.0000000000000001E-003
        1970   4.8750000000000002E-002
        1971   3.5000000000000003E-002
        1972  0.11625000000000001     
        1973  0.10125000000000001     
        1974   3.6249999999999998E-002
        1975   6.8750000000000006E-002
        1976   8.1250000000000003E-002
        1977   2.2499999999999999E-002
        1978   5.3749999999999999E-002
        1979   8.7499999999999994E-002
        1980   4.4999999999999998E-002
        1981   7.8750000000000001E-002
        1982   5.0000000000000003E-002
        1983   2.9999999999999999E-002
        1984   3.7499999999999999E-003
        1985   7.0000000000000007E-002
        1986   5.0000000000000003E-002
        1987   6.3750000000000001E-002
        1988  0.13625000000000001     
        1989  0.10249999999999999     
        1990   5.1249999999999997E-002
        1991   2.5000000000000001E-002
        1992   2.5000000000000001E-003
        1993   1.2500000000000001E-002
        1994   4.0000000000000001E-002
        1995   1.6250000000000001E-002
        1996   5.1249999999999997E-002
        1997   5.9999999999999998E-002
        1998   2.6249999999999999E-002
        1999   7.1249999999999994E-002
        2000   6.6250000000000003E-002
