           1   6.2500000000000003E-003
           2   1.2500000000000001E-002
           3   9.2499999999999999E-002
           4   2.9999999999999999E-002
           5   5.1249999999999997E-002
           6   3.1250000000000000E-002
           7   3.3750000000000002E-002
           8   7.0000000000000007E-002
           9  0.11125000000000000     
          10   1.3750000000000000E-002
          11   1.3750000000000000E-002
          12   5.7500000000000002E-002
          13   5.2499999999999998E-002
          14   3.7499999999999999E-003
          15   5.0000000000000003E-002
          16   1.1250000000000000E-002
          17   2.3750000000000000E-002
          18   1.3750000000000000E-002
          19   4.8750000000000002E-002
          20   4.6249999999999999E-002
          21   1.0000000000000000E-002
          22   1.1250000000000000E-002
          23   2.6249999999999999E-002
          24   1.3750000000000000E-002
          25   5.0000000000000001E-003
          26   1.6250000000000001E-002
          27   6.7500000000000004E-002
          28   2.5000000000000001E-002
          29   5.6250000000000001E-002
          30   5.0000000000000001E-003
          31   1.6250000000000001E-002
          32   5.0000000000000001E-003
          33   1.2500000000000001E-002
          34   7.0000000000000007E-002
          35   3.8750000000000000E-002
          36   5.1249999999999997E-002
          37   1.2500000000000000E-003
          38   2.1250000000000002E-002
          39   1.2500000000000000E-003
          40   7.6249999999999998E-002
          41   2.5000000000000001E-003
          42   6.7500000000000004E-002
          43   7.7499999999999999E-002
          44   4.2500000000000003E-002
          45   2.0000000000000000E-002
          46   2.9999999999999999E-002
          47   1.2500000000000001E-002
          48   6.2500000000000003E-003
          49   5.7500000000000002E-002
          50   6.8750000000000006E-002
          51   8.2500000000000004E-002
          52   7.6249999999999998E-002
          53   2.7500000000000000E-002
          54   7.1249999999999994E-002
          55   6.5000000000000002E-002
          56   2.0000000000000000E-002
          57   2.9999999999999999E-002
          58   2.9999999999999999E-002
          59   5.3749999999999999E-002
          60   3.2500000000000001E-002
          61   1.4999999999999999E-002
          62   3.6249999999999998E-002
          63   5.2499999999999998E-002
          64   5.7500000000000002E-002
          65   7.7499999999999999E-002
          66   9.5000000000000001E-002
          67  0.10249999999999999     
          68   7.0000000000000007E-002
          69   4.6249999999999999E-002
          70   7.4999999999999997E-002
          71   8.7500000000000008E-003
          72   1.6250000000000001E-002
          73   7.2499999999999995E-002
          74  0.10750000000000000     
          75   4.4999999999999998E-002
          76   6.5000000000000002E-002
          77   9.7500000000000003E-002
          78   3.7499999999999999E-003
          79   7.4999999999999997E-002
          80   9.3750000000000000E-002
          81   2.1250000000000002E-002
          82   4.6249999999999999E-002
          83   6.8750000000000006E-002
          84   6.5000000000000002E-002
          85   1.6250000000000001E-002
          86   1.6250000000000001E-002
          87  0.10249999999999999     
          88   7.0000000000000007E-002
          89   0.0000000000000000     
          90   2.3750000000000000E-002
          91   6.2500000000000000E-002
          92   4.7500000000000001E-002
          93   1.2500000000000000E-003
          94   5.0000000000000001E-003
          95   2.7500000000000000E-002
          96   3.3750000000000002E-002
          97   4.6249999999999999E-002
          98   5.5000000000000000E-002
          99   6.8750000000000006E-002
         100   5.2499999999999998E-002
         101   2.3750000000000000E-002
         102   2.7500000000000000E-002
         103   0.0000000000000000     
         104   3.1250000000000000E-002
         105   4.2500000000000003E-002
         106   4.6249999999999999E-002
         107   5.6250000000000001E-002
         108   5.5000000000000000E-002
         109   4.4999999999999998E-002
         110   1.3750000000000000E-002
         111   3.1250000000000000E-002
         112   4.2500000000000003E-002
         113   1.2500000000000000E-003
         114   6.2500000000000003E-003
         115   1.3750000000000000E-002
         116   2.3750000000000000E-002
         117   3.7499999999999999E-003
         118   1.6250000000000001E-002
         119   2.9999999999999999E-002
         120   2.7500000000000000E-002
         121  0.12000000000000000     
         122   6.3750000000000001E-002
         123   5.2499999999999998E-002
         124   5.6250000000000001E-002
         125   6.1249999999999999E-002
         126   4.8750000000000002E-002
         127  0.12875000000000000     
         128  0.10750000000000000     
         129   3.7499999999999999E-002
         130   3.3750000000000002E-002
         131   7.7499999999999999E-002
         132   3.2500000000000001E-002
         133   9.5000000000000001E-002
         134   7.4999999999999997E-002
         135   1.7500000000000002E-002
         136   3.7499999999999999E-002
         137  0.10875000000000000     
         138   4.4999999999999998E-002
         139   2.5000000000000001E-003
         140   1.4999999999999999E-002
         141   5.2499999999999998E-002
         142   1.8749999999999999E-002
         143   1.0000000000000000E-002
         144   2.5000000000000001E-002
         145   2.0000000000000000E-002
         146   2.5000000000000001E-003
         147  0.12000000000000000     
         148   1.3750000000000000E-002
         149   3.5000000000000003E-002
         150   6.8750000000000006E-002
         151   5.3749999999999999E-002
         152   1.3750000000000000E-002
         153   5.9999999999999998E-002
         154   2.5000000000000001E-002
         155   4.2500000000000003E-002
         156   6.1249999999999999E-002
         157  0.11500000000000000     
         158  0.16000000000000000     
         159  0.15250000000000000     
         160  0.12875000000000000     
         161  0.10125000000000001     
         162   3.7499999999999999E-002
         163   1.2500000000000000E-003
         164   1.1250000000000000E-002
         165   2.5000000000000001E-003
         166   4.6249999999999999E-002
         167   5.0000000000000003E-002
         168  0.10875000000000000     
         169   3.5000000000000003E-002
         170   1.8749999999999999E-002
         171   9.5000000000000001E-002
         172  0.14749999999999999     
         173   7.1249999999999994E-002
         174   6.8750000000000006E-002
         175  0.10249999999999999     
         176   2.0000000000000000E-002
         177   8.1250000000000003E-002
         178  0.12750000000000000     
         179   3.3750000000000002E-002
         180   8.2500000000000004E-002
         181   3.2500000000000001E-002
         182   3.5000000000000003E-002
         183   2.0000000000000000E-002
         184   5.7500000000000002E-002
         185   4.7500000000000001E-002
         186   7.0000000000000007E-002
         187   1.7500000000000002E-002
         188   3.8750000000000000E-002
         189   5.7500000000000002E-002
         190   5.1249999999999997E-002
         191   5.1249999999999997E-002
         192   1.7500000000000002E-002
         193   2.2499999999999999E-002
         194   1.7500000000000002E-002
         195   1.2500000000000001E-002
         196   5.0000000000000003E-002
         197   8.1250000000000003E-002
         198   7.6249999999999998E-002
         199   7.6249999999999998E-002
         200   5.0000000000000003E-002
         201   9.7500000000000003E-002
         202   2.8750000000000001E-002
         203   6.7500000000000004E-002
         204   7.7499999999999999E-002
         205   7.0000000000000007E-002
         206   7.6249999999999998E-002
         207   4.3749999999999997E-002
         208   6.7500000000000004E-002
         209   9.7500000000000003E-002
         210   2.0000000000000000E-002
         211   3.8750000000000000E-002
         212   4.0000000000000001E-002
         213   2.5000000000000001E-002
         214   1.2500000000000000E-003
         215   1.0000000000000000E-002
         216   2.9999999999999999E-002
         217   2.5000000000000001E-003
         218   7.0000000000000007E-002
         219  0.10249999999999999     
         220   1.8749999999999999E-002
         221   1.2500000000000001E-002
         222   5.9999999999999998E-002
         223   7.1249999999999994E-002
         224   7.3749999999999996E-002
         225   2.3750000000000000E-002
         226   3.1250000000000000E-002
         227   5.5000000000000000E-002
         228   3.5000000000000003E-002
         229   1.2500000000000001E-002
         230   2.1250000000000002E-002
         231   7.0000000000000007E-002
         232   5.8749999999999997E-002
         233   9.3750000000000000E-002
         234  0.15125000000000000     
         235   5.2499999999999998E-002
         236   7.3749999999999996E-002
         237   1.0000000000000000E-002
         238   4.7500000000000001E-002
         239   2.1250000000000002E-002
         240   2.5000000000000001E-003
         241   2.0000000000000000E-002
         242   8.7499999999999994E-002
         243   1.1250000000000000E-002
         244   1.2500000000000000E-003
         245   3.8750000000000000E-002
         246   3.3750000000000002E-002
         247   5.3749999999999999E-002
         248   2.2499999999999999E-002
         249   2.7500000000000000E-002
         250   2.7500000000000000E-002
         251   3.7499999999999999E-003
         252   2.1250000000000002E-002
         253   9.1249999999999998E-002
         254  0.12250000000000000     
         255  0.10500000000000000     
         256   5.7500000000000002E-002
         257   2.7500000000000000E-002
         258   8.2500000000000004E-002
         259   8.0000000000000002E-002
         260   6.5000000000000002E-002
         261   8.3750000000000005E-002
         262   1.8749999999999999E-002
         263   7.0000000000000007E-002
         264   8.0000000000000002E-002
         265   0.0000000000000000     
         266   4.6249999999999999E-002
         267   8.2500000000000004E-002
         268   4.4999999999999998E-002
         269   4.1250000000000002E-002
         270   5.7500000000000002E-002
         271   3.2500000000000001E-002
         272   3.5000000000000003E-002
         273   2.5000000000000001E-002
         274   0.0000000000000000     
         275   3.2500000000000001E-002
         276   2.5000000000000001E-002
         277   8.7499999999999994E-002
         278   8.6249999999999993E-002
         279   9.5000000000000001E-002
         280  0.11874999999999999     
         281   8.5000000000000006E-002
         282   5.3749999999999999E-002
         283   6.5000000000000002E-002
         284  0.10750000000000000     
         285  0.11000000000000000     
         286  0.12250000000000000     
         287   6.2500000000000000E-002
         288   5.9999999999999998E-002
         289   8.1250000000000003E-002
         290   1.3750000000000000E-002
         291   8.7500000000000008E-003
         292   6.1249999999999999E-002
         293   5.5000000000000000E-002
         294   4.2500000000000003E-002
         295   2.8750000000000001E-002
         296   3.7499999999999999E-003
         297   2.5000000000000001E-003
         298   1.2500000000000000E-003
         299   3.5000000000000003E-002
         300   1.8749999999999999E-002
         301   1.1250000000000000E-002
         302   2.5000000000000001E-002
         303   7.3749999999999996E-002
         304   8.9999999999999997E-002
         305  0.10000000000000001     
         306   2.6249999999999999E-002
         307   2.1250000000000002E-002
         308   3.7499999999999999E-003
         309   6.2500000000000003E-003
         310   2.7500000000000000E-002
         311   1.3750000000000000E-002
         312   5.1249999999999997E-002
         313  0.10625000000000000     
         314   2.7500000000000000E-002
         315  0.11250000000000000     
         316   7.3749999999999996E-002
         317   9.1249999999999998E-002
         318   2.1250000000000002E-002
         319   2.0000000000000000E-002
         320   2.9999999999999999E-002
         321   1.4999999999999999E-002
         322   8.0000000000000002E-002
         323   2.0000000000000000E-002
         324   4.1250000000000002E-002
         325   9.3750000000000000E-002
         326   5.0000000000000001E-003
         327   8.7500000000000008E-003
         328   2.3750000000000000E-002
         329   1.6250000000000001E-002
         330   7.0000000000000007E-002
         331   1.2500000000000000E-003
         332   5.3749999999999999E-002
         333   1.6250000000000001E-002
         334   8.1250000000000003E-002
         335   7.6249999999999998E-002
         336   1.2500000000000001E-002
         337   5.6250000000000001E-002
         338   4.8750000000000002E-002
         339   4.0000000000000001E-002
         340   6.2500000000000000E-002
         341   3.1250000000000000E-002
         342   2.3750000000000000E-002
         343   2.8750000000000001E-002
         344   4.6249999999999999E-002
         345   1.2500000000000000E-003
         346   2.0000000000000000E-002
         347   3.3750000000000002E-002
         348   3.8750000000000000E-002
         349   5.8749999999999997E-002
         350   7.1249999999999994E-002
         351   9.5000000000000001E-002
         352   6.3750000000000001E-002
         353  0.10500000000000000     
         354   9.2499999999999999E-002
         355   5.7500000000000002E-002
         356   6.7500000000000004E-002
         357   2.5000000000000001E-002
         358   2.8750000000000001E-002
         359   8.2500000000000004E-002
         360   3.7499999999999999E-002
         361   2.7500000000000000E-002
         362   2.1250000000000002E-002
         363   0.0000000000000000     
         364   6.2500000000000000E-002
         365   6.5000000000000002E-002
         366   3.1250000000000000E-002
         367   7.4999999999999997E-003
         368   1.4999999999999999E-002
         369   3.6249999999999998E-002
         370   3.5000000000000003E-002
         371   4.6249999999999999E-002
         372  0.15500000000000000     
         373   4.0000000000000001E-002
         374   8.2500000000000004E-002
         375   8.6249999999999993E-002
         376   4.2500000000000003E-002
         377   2.6249999999999999E-002
         378  0.11375000000000000     
         379   4.6249999999999999E-002
         380   4.4999999999999998E-002
         381   8.7500000000000008E-003
         382   2.9999999999999999E-002
         383   3.8750000000000000E-002
         384   1.0000000000000000E-002
         385   2.5000000000000001E-002
         386   2.5000000000000001E-003
         387   4.8750000000000002E-002
         388   4.3749999999999997E-002
         389   2.5000000000000001E-002
         390   6.2500000000000000E-002
         391   3.7499999999999999E-003
         392   4.8750000000000002E-002
         393  0.11749999999999999     
         394   7.0000000000000007E-002
         395   7.4999999999999997E-003
         396   3.6249999999999998E-002
         397   4.3749999999999997E-002
         398   2.5000000000000001E-002
         399   2.3750000000000000E-002
         400   5.1249999999999997E-002
         401   2.2499999999999999E-002
         402   3.8750000000000000E-002
         403   1.1250000000000000E-002
         404   1.1250000000000000E-002
         405   3.7499999999999999E-002
         406   4.3749999999999997E-002
         407   1.4999999999999999E-002
         408   4.2500000000000003E-002
         409   3.2500000000000001E-002
         410   2.7500000000000000E-002
         411  0.10750000000000000     
         412   6.7500000000000004E-002
         413   6.7500000000000004E-002
         414   2.6249999999999999E-002
         415   4.2500000000000003E-002
         416   9.2499999999999999E-002
         417   2.2499999999999999E-002
         418   1.0000000000000000E-002
         419   3.2500000000000001E-002
         420   5.0000000000000001E-003
         421   4.1250000000000002E-002
         422   3.8750000000000000E-002
         423   3.3750000000000002E-002
         424   7.1249999999999994E-002
         425   9.7500000000000003E-002
         426  0.15125000000000000     
         427   2.5000000000000001E-003
         428   5.0000000000000001E-003
         429   4.3749999999999997E-002
         430   6.2500000000000003E-003
         431   2.5000000000000001E-003
         432   5.0000000000000003E-002
         433   1.7500000000000002E-002
         434   4.1250000000000002E-002
         435   0.0000000000000000     
         436   1.6250000000000001E-002
         437   6.2500000000000000E-002
         438   9.8750000000000004E-002
         439   6.6250000000000003E-002
         440   6.8750000000000006E-002
         441   1.3750000000000000E-002
         442   4.0000000000000001E-002
         443   1.3750000000000000E-002
         444   1.3750000000000000E-002
         445   4.3749999999999997E-002
         446   7.4999999999999997E-003
         447   2.1250000000000002E-002
         448   3.3750000000000002E-002
         449   6.1249999999999999E-002
         450   7.2499999999999995E-002
         451   1.8749999999999999E-002
         452   3.8750000000000000E-002
         453  0.12125000000000000     
         454   4.7500000000000001E-002
         455   9.3750000000000000E-002
         456   7.2499999999999995E-002
         457  0.17999999999999999     
         458  0.13875000000000001     
         459   8.0000000000000002E-002
         460   4.7500000000000001E-002
         461   8.5000000000000006E-002
         462   4.7500000000000001E-002
         463   2.0000000000000000E-002
         464   3.5000000000000003E-002
         465   2.9999999999999999E-002
         466   6.3750000000000001E-002
         467  0.11000000000000000     
         468   7.8750000000000001E-002
         469   1.6250000000000001E-002
         470  0.10750000000000000     
         471  0.13000000000000000     
         472   8.7499999999999994E-002
         473   5.8749999999999997E-002
         474   2.9999999999999999E-002
         475   9.7500000000000003E-002
         476   5.0000000000000001E-003
         477   4.0000000000000001E-002
         478   3.6249999999999998E-002
         479   4.2500000000000003E-002
         480   2.3750000000000000E-002
         481   2.5000000000000001E-003
         482   1.3750000000000000E-002
         483   4.1250000000000002E-002
         484   5.0000000000000001E-003
         485   5.2499999999999998E-002
         486   6.2500000000000003E-003
         487   5.2499999999999998E-002
         488   5.0000000000000003E-002
         489   8.0000000000000002E-002
         490   7.4999999999999997E-002
         491   2.2499999999999999E-002
         492   8.5000000000000006E-002
         493  0.13125000000000001     
         494   6.1249999999999999E-002
         495   5.0000000000000003E-002
         496   9.7500000000000003E-002
         497   8.7500000000000008E-003
         498   3.7499999999999999E-002
         499   8.1250000000000003E-002
         500   4.3749999999999997E-002
         501   5.7500000000000002E-002
         502   1.2500000000000000E-003
         503   6.2500000000000003E-003
         504   1.2500000000000000E-003
         505   4.0000000000000001E-002
         506   4.6249999999999999E-002
         507   9.8750000000000004E-002
         508   8.8749999999999996E-002
         509   5.0000000000000003E-002
         510   1.3750000000000000E-002
         511   3.2500000000000001E-002
         512   1.7500000000000002E-002
         513   3.8750000000000000E-002
         514   2.3750000000000000E-002
         515   5.1249999999999997E-002
         516   3.5000000000000003E-002
         517   2.3750000000000000E-002
         518  0.11500000000000000     
         519  0.11874999999999999     
         520   3.7499999999999999E-002
         521   1.8749999999999999E-002
         522   6.3750000000000001E-002
         523   5.9999999999999998E-002
         524  0.11125000000000000     
         525   3.6249999999999998E-002
         526   2.5000000000000001E-003
         527   1.8749999999999999E-002
         528   1.1250000000000000E-002
         529   9.6250000000000002E-002
         530  0.16875000000000001     
         531  0.12750000000000000     
         532   2.3750000000000000E-002
         533   4.6249999999999999E-002
         534  0.12125000000000000     
         535   9.3750000000000000E-002
         536  0.11250000000000000     
         537   1.3750000000000000E-002
         538   8.5000000000000006E-002
         539   2.3750000000000000E-002
         540   5.6250000000000001E-002
         541  0.12750000000000000     
         542   5.2499999999999998E-002
         543   4.7500000000000001E-002
         544   7.6249999999999998E-002
         545   1.6250000000000001E-002
         546   7.6249999999999998E-002
         547   8.2500000000000004E-002
         548   7.6249999999999998E-002
         549   1.1250000000000000E-002
         550   4.2500000000000003E-002
         551   7.4999999999999997E-003
         552   5.0000000000000001E-003
         553   2.3750000000000000E-002
         554   1.2500000000000001E-002
         555   7.4999999999999997E-003
         556   2.5000000000000001E-003
         557   8.7500000000000008E-003
         558   4.8750000000000002E-002
         559  0.10375000000000000     
         560   9.6250000000000002E-002
         561   9.3750000000000000E-002
         562  0.10125000000000001     
         563   3.5000000000000003E-002
         564   1.4999999999999999E-002
         565   3.3750000000000002E-002
         566   1.0000000000000000E-002
         567   5.2499999999999998E-002
         568   3.1250000000000000E-002
         569   7.4999999999999997E-002
         570   2.8750000000000001E-002
         571   1.4999999999999999E-002
         572  0.10249999999999999     
         573  0.10625000000000000     
         574   6.3750000000000001E-002
         575  0.10125000000000001     
         576   2.2499999999999999E-002
         577   7.6249999999999998E-002
         578   2.7500000000000000E-002
         579   1.0000000000000000E-002
         580   2.1250000000000002E-002
         581   3.3750000000000002E-002
         582   7.4999999999999997E-003
         583   1.6250000000000001E-002
         584   2.9999999999999999E-002
         585   3.7499999999999999E-003
         586   3.7499999999999999E-003
         587   4.1250000000000002E-002
         588   8.3750000000000005E-002
         589   9.3750000000000000E-002
         590   8.8749999999999996E-002
         591   1.6250000000000001E-002
         592   3.8750000000000000E-002
         593   7.1249999999999994E-002
         594   8.7499999999999994E-002
         595   1.4999999999999999E-002
         596   1.7500000000000002E-002
         597   7.8750000000000001E-002
         598  0.11874999999999999     
         599   2.5000000000000001E-002
         600  0.11250000000000000     
         601   8.7500000000000008E-003
         602   3.2500000000000001E-002
         603   2.5000000000000001E-002
         604   1.0000000000000000E-002
         605   1.3750000000000000E-002
         606   1.7500000000000002E-002
         607   1.0000000000000000E-002
         608   3.8750000000000000E-002
         609   5.0000000000000001E-003
         610   5.0000000000000001E-003
         611   2.8750000000000001E-002
         612   5.5000000000000000E-002
         613   8.5000000000000006E-002
         614   4.8750000000000002E-002
         615   7.6249999999999998E-002
         616   3.1250000000000000E-002
         617   5.0000000000000001E-003
         618   1.8749999999999999E-002
         619   2.6249999999999999E-002
         620   6.2500000000000003E-003
         621   1.3750000000000000E-002
         622   5.9999999999999998E-002
         623   1.8749999999999999E-002
         624   4.0000000000000001E-002
         625   1.8749999999999999E-002
         626   5.0000000000000001E-003
         627  0.10125000000000001     
         628   2.1250000000000002E-002
         629   7.4999999999999997E-003
         630   2.7500000000000000E-002
         631   5.0000000000000001E-003
         632   3.7499999999999999E-003
         633   2.6249999999999999E-002
         634   1.7500000000000002E-002
         635   3.6249999999999998E-002
         636   3.6249999999999998E-002
         637   2.5000000000000001E-002
         638   4.2500000000000003E-002
         639   2.0000000000000000E-002
         640   8.7500000000000008E-003
         641   1.2500000000000001E-002
         642   0.0000000000000000     
         643   2.8750000000000001E-002
         644   1.6250000000000001E-002
         645   1.4999999999999999E-002
         646   5.1249999999999997E-002
         647   1.2500000000000000E-003
         648   7.6249999999999998E-002
         649   2.8750000000000001E-002
         650   4.4999999999999998E-002
         651   7.4999999999999997E-003
         652   2.5000000000000001E-003
         653   4.6249999999999999E-002
         654   3.3750000000000002E-002
         655  0.10000000000000001     
         656   5.5000000000000000E-002
         657  0.11250000000000000     
         658   2.5000000000000001E-003
         659   1.2500000000000000E-003
         660   5.2499999999999998E-002
         661   5.5000000000000000E-002
         662   6.2500000000000003E-003
         663   8.7500000000000008E-003
         664   1.7500000000000002E-002
         665   1.7500000000000002E-002
         666   3.2500000000000001E-002
         667   3.8750000000000000E-002
         668   4.2500000000000003E-002
         669   3.7499999999999999E-003
         670   1.7500000000000002E-002
         671   1.8749999999999999E-002
         672   4.8750000000000002E-002
         673   7.7499999999999999E-002
         674   2.7500000000000000E-002
         675   6.2500000000000003E-003
         676   4.6249999999999999E-002
         677   3.1250000000000000E-002
         678   1.6250000000000001E-002
         679   4.2500000000000003E-002
         680   8.6249999999999993E-002
         681   9.1249999999999998E-002
         682  0.10249999999999999     
         683   9.6250000000000002E-002
         684  0.11749999999999999     
         685   3.2500000000000001E-002
         686   5.7500000000000002E-002
         687  0.12125000000000000     
         688   5.3749999999999999E-002
         689   2.2499999999999999E-002
         690   6.2500000000000003E-003
         691   5.7500000000000002E-002
         692   6.1249999999999999E-002
         693   3.6249999999999998E-002
         694   9.3750000000000000E-002
         695   7.2499999999999995E-002
         696   4.4999999999999998E-002
         697   4.2500000000000003E-002
         698   2.9999999999999999E-002
         699   5.0000000000000001E-003
         700  0.13000000000000000     
         701  0.10500000000000000     
         702   5.1249999999999997E-002
         703   3.1250000000000000E-002
         704   1.0000000000000000E-002
         705   1.0000000000000000E-002
         706   6.6250000000000003E-002
         707   1.3750000000000000E-002
         708   5.6250000000000001E-002
         709   3.5000000000000003E-002
         710   5.6250000000000001E-002
         711   2.5000000000000001E-003
         712   5.0000000000000001E-003
         713   6.1249999999999999E-002
         714   3.1250000000000000E-002
         715  0.10249999999999999     
         716   4.3749999999999997E-002
         717   5.3749999999999999E-002
         718   5.9999999999999998E-002
         719   8.7500000000000008E-003
         720   6.3750000000000001E-002
         721   5.3749999999999999E-002
         722   2.7500000000000000E-002
         723  0.12375000000000000     
         724   8.1250000000000003E-002
         725  0.11000000000000000     
         726  0.12125000000000000     
         727   3.1250000000000000E-002
         728   5.0000000000000003E-002
         729   1.2500000000000001E-002
         730   1.2500000000000000E-003
         731   2.6249999999999999E-002
         732   7.4999999999999997E-003
         733   9.6250000000000002E-002
         734   3.8750000000000000E-002
         735   6.6250000000000003E-002
         736   4.3749999999999997E-002
         737   2.3750000000000000E-002
         738   7.4999999999999997E-003
         739   2.6249999999999999E-002
         740   7.4999999999999997E-003
         741   5.9999999999999998E-002
         742  0.13250000000000001     
         743   6.2500000000000000E-002
         744   6.3750000000000001E-002
         745  0.12625000000000000     
         746   7.3749999999999996E-002
         747   2.7500000000000000E-002
         748   2.3750000000000000E-002
         749   3.5000000000000003E-002
         750   2.1250000000000002E-002
         751   1.7500000000000002E-002
         752   8.7500000000000008E-003
         753   4.6249999999999999E-002
         754   2.1250000000000002E-002
         755   4.6249999999999999E-002
         756   4.1250000000000002E-002
         757   2.9999999999999999E-002
         758   3.3750000000000002E-002
         759   1.1250000000000000E-002
         760   4.3749999999999997E-002
         761   0.0000000000000000     
         762   3.2500000000000001E-002
         763   4.4999999999999998E-002
         764   5.1249999999999997E-002
         765   1.2500000000000000E-003
         766   4.0000000000000001E-002
         767   2.1250000000000002E-002
         768   2.0000000000000000E-002
         769   5.6250000000000001E-002
         770   1.4999999999999999E-002
         771   2.1250000000000002E-002
         772  0.10000000000000001     
         773  0.14124999999999999     
         774  0.11500000000000000     
         775   7.6249999999999998E-002
         776  0.15875000000000000     
         777  0.11749999999999999     
         778  0.10875000000000000     
         779   7.2499999999999995E-002
         780   5.3749999999999999E-002
         781   2.0000000000000000E-002
         782   5.8749999999999997E-002
         783   4.4999999999999998E-002
         784   1.0000000000000000E-002
         785   1.2500000000000000E-003
         786   1.2500000000000001E-002
         787   3.7499999999999999E-003
         788   6.1249999999999999E-002
         789   2.8750000000000001E-002
         790   5.1249999999999997E-002
         791   7.7499999999999999E-002
         792   4.7500000000000001E-002
         793   1.6250000000000001E-002
         794   5.0000000000000001E-003
         795   2.0000000000000000E-002
         796   1.6250000000000001E-002
         797   5.2499999999999998E-002
         798   4.1250000000000002E-002
         799   6.8750000000000006E-002
         800   7.6249999999999998E-002
         801  0.10875000000000000     
         802   5.9999999999999998E-002
         803   2.5000000000000001E-003
         804   2.3750000000000000E-002
         805   2.5000000000000001E-002
         806   5.2499999999999998E-002
         807   3.2500000000000001E-002
         808   4.8750000000000002E-002
         809   5.2499999999999998E-002
         810   5.0000000000000001E-003
         811   6.2500000000000003E-003
         812   3.5000000000000003E-002
         813   4.7500000000000001E-002
         814   8.6249999999999993E-002
         815   5.8749999999999997E-002
         816   7.4999999999999997E-003
         817   8.0000000000000002E-002
         818   4.6249999999999999E-002
         819   3.7499999999999999E-003
         820   1.7500000000000002E-002
         821   2.7500000000000000E-002
         822   8.3750000000000005E-002
         823   6.2500000000000000E-002
         824   1.1250000000000000E-002
         825   6.3750000000000001E-002
         826   8.7500000000000008E-003
         827   7.8750000000000001E-002
         828   8.3750000000000005E-002
         829   9.5000000000000001E-002
         830   8.8749999999999996E-002
         831   5.0000000000000003E-002
         832   2.1250000000000002E-002
         833   6.8750000000000006E-002
         834   1.4999999999999999E-002
         835   2.1250000000000002E-002
         836   1.4999999999999999E-002
         837  0.10500000000000000     
         838   2.0000000000000000E-002
         839   2.6249999999999999E-002
         840   5.2499999999999998E-002
         841   2.3750000000000000E-002
         842   1.2500000000000001E-002
         843   3.7499999999999999E-002
         844   3.1250000000000000E-002
         845   7.4999999999999997E-003
         846   8.2500000000000004E-002
         847   8.6249999999999993E-002
         848   1.8749999999999999E-002
         849   6.2500000000000003E-003
         850   2.2499999999999999E-002
         851   8.2500000000000004E-002
         852   7.1249999999999994E-002
         853   8.7500000000000008E-003
         854  0.11625000000000001     
         855  0.12375000000000000     
         856  0.10125000000000001     
         857   2.6249999999999999E-002
         858  0.12750000000000000     
         859  0.11000000000000000     
         860  0.10375000000000000     
         861   4.1250000000000002E-002
         862   9.7500000000000003E-002
         863   7.2499999999999995E-002
         864   2.2499999999999999E-002
         865   1.0000000000000000E-002
         866   5.5000000000000000E-002
         867   7.0000000000000007E-002
         868   1.7500000000000002E-002
         869   1.6250000000000001E-002
         870   3.8750000000000000E-002
         871   9.3750000000000000E-002
         872   3.1250000000000000E-002
         873   1.2500000000000000E-003
         874   8.9999999999999997E-002
         875  0.14000000000000001     
         876  0.11874999999999999     
         877   7.8750000000000001E-002
         878   2.0000000000000000E-002
         879   3.5000000000000003E-002
         880   8.2500000000000004E-002
         881   6.3750000000000001E-002
         882   4.3749999999999997E-002
         883   2.9999999999999999E-002
         884   1.2500000000000001E-002
         885  0.10375000000000000     
         886   8.0000000000000002E-002
         887   8.9999999999999997E-002
         888  0.17624999999999999     
         889  0.10750000000000000     
         890   5.8749999999999997E-002
         891   6.1249999999999999E-002
         892   2.3750000000000000E-002
         893   1.2500000000000001E-002
         894   4.7500000000000001E-002
         895   3.1250000000000000E-002
         896   5.2499999999999998E-002
         897   4.3749999999999997E-002
         898   5.0000000000000003E-002
         899   2.2499999999999999E-002
         900   1.3750000000000000E-002
         901   2.5000000000000001E-003
         902   5.6250000000000001E-002
         903   7.4999999999999997E-003
         904   1.2500000000000001E-002
         905   4.4999999999999998E-002
         906   8.9999999999999997E-002
         907   1.4999999999999999E-002
         908   2.9999999999999999E-002
         909   1.2500000000000000E-003
         910   1.2500000000000001E-002
         911   8.6249999999999993E-002
         912   1.6250000000000001E-002
         913   2.7500000000000000E-002
         914   3.6249999999999998E-002
         915   3.7499999999999999E-003
         916   2.8750000000000001E-002
         917   4.0000000000000001E-002
         918   7.4999999999999997E-002
         919   1.4999999999999999E-002
         920   2.5000000000000001E-003
         921   1.2500000000000001E-002
         922   2.8750000000000001E-002
         923   1.8749999999999999E-002
         924   6.7500000000000004E-002
         925   3.5000000000000003E-002
         926   8.7500000000000008E-003
         927   4.0000000000000001E-002
         928   1.4999999999999999E-002
         929   0.0000000000000000     
         930   4.8750000000000002E-002
         931   5.3749999999999999E-002
         932   1.4999999999999999E-002
         933   8.7500000000000008E-003
         934   5.2499999999999998E-002
         935   2.7500000000000000E-002
         936   2.3750000000000000E-002
         937   5.0000000000000001E-003
         938   4.6249999999999999E-002
         939   1.8749999999999999E-002
         940   2.1250000000000002E-002
         941   2.1250000000000002E-002
         942   1.3750000000000000E-002
         943   6.2500000000000003E-003
         944   3.5000000000000003E-002
         945   0.0000000000000000     
         946   8.1250000000000003E-002
         947   6.2500000000000003E-003
         948   1.3750000000000000E-002
         949   7.8750000000000001E-002
         950   5.5000000000000000E-002
         951   2.5000000000000001E-002
         952  0.15750000000000000     
         953  0.13125000000000001     
         954  0.17499999999999999     
         955   8.7499999999999994E-002
         956   4.6249999999999999E-002
         957   8.7500000000000008E-003
         958   4.6249999999999999E-002
         959   1.6250000000000001E-002
         960   3.8750000000000000E-002
         961   6.5000000000000002E-002
         962   6.7500000000000004E-002
         963   2.8750000000000001E-002
         964   7.4999999999999997E-002
         965   4.0000000000000001E-002
         966   2.8750000000000001E-002
         967   1.3750000000000000E-002
         968   4.4999999999999998E-002
         969   7.7499999999999999E-002
         970  0.12000000000000000     
         971  0.14749999999999999     
         972  0.12875000000000000     
         973  0.11000000000000000     
         974   7.2499999999999995E-002
         975   7.4999999999999997E-002
         976   6.2500000000000000E-002
         977   2.1250000000000002E-002
         978   3.3750000000000002E-002
         979   1.2500000000000000E-003
         980   3.3750000000000002E-002
         981   6.2500000000000003E-003
         982   3.2500000000000001E-002
         983   1.3750000000000000E-002
         984   5.9999999999999998E-002
         985  0.14874999999999999     
         986   2.3750000000000000E-002
         987   1.3750000000000000E-002
         988   1.4999999999999999E-002
         989   4.4999999999999998E-002
         990   1.6250000000000001E-002
         991   3.7499999999999999E-003
         992   8.1250000000000003E-002
         993  0.10375000000000000     
         994   1.3750000000000000E-002
         995   3.5000000000000003E-002
         996   1.2500000000000000E-003
         997   3.1250000000000000E-002
         998   2.7500000000000000E-002
         999  0.10000000000000001     
        1000   4.7500000000000001E-002
        1001  0.10249999999999999     
        1002   0.0000000000000000     
        1003   2.9999999999999999E-002
        1004   2.5000000000000001E-002
        1005   8.6249999999999993E-002
        1006   1.2500000000000001E-002
        1007   9.3750000000000000E-002
        1008  0.13250000000000001     
        1009   5.1249999999999997E-002
        1010  0.10375000000000000     
        1011   3.5000000000000003E-002
        1012   8.7499999999999994E-002
        1013   5.3749999999999999E-002
        1014   3.5000000000000003E-002
        1015   1.4999999999999999E-002
        1016   2.5000000000000001E-003
        1017   5.3749999999999999E-002
        1018   1.7500000000000002E-002
        1019   7.6249999999999998E-002
        1020   5.8749999999999997E-002
        1021   9.2499999999999999E-002
        1022   2.1250000000000002E-002
        1023   5.2499999999999998E-002
        1024   2.8750000000000001E-002
        1025  0.12625000000000000     
        1026   7.1249999999999994E-002
        1027   5.3749999999999999E-002
        1028   7.2499999999999995E-002
        1029   8.7500000000000008E-003
        1030   6.7500000000000004E-002
        1031   3.2500000000000001E-002
        1032   3.8750000000000000E-002
        1033   2.2499999999999999E-002
        1034   2.3750000000000000E-002
        1035  0.12625000000000000     
        1036  0.11625000000000001     
        1037   5.1249999999999997E-002
        1038   1.4999999999999999E-002
        1039   2.5000000000000001E-002
        1040   6.2500000000000003E-003
        1041   3.7499999999999999E-002
        1042   1.0000000000000000E-002
        1043   1.0000000000000000E-002
        1044   1.1250000000000000E-002
        1045   1.3750000000000000E-002
        1046   2.3750000000000000E-002
        1047   5.9999999999999998E-002
        1048   7.8750000000000001E-002
        1049   8.3750000000000005E-002
        1050   7.0000000000000007E-002
        1051   5.9999999999999998E-002
        1052   3.6249999999999998E-002
        1053   4.0000000000000001E-002
        1054   3.7499999999999999E-003
        1055   3.6249999999999998E-002
        1056   7.4999999999999997E-003
        1057   8.9999999999999997E-002
        1058  0.10500000000000000     
        1059   6.5000000000000002E-002
        1060   2.3750000000000000E-002
        1061   3.3750000000000002E-002
        1062   3.7499999999999999E-002
        1063   5.6250000000000001E-002
        1064   4.0000000000000001E-002
        1065   7.0000000000000007E-002
        1066   2.3750000000000000E-002
        1067   2.5000000000000001E-003
        1068   3.6249999999999998E-002
        1069   7.2499999999999995E-002
        1070  0.17249999999999999     
        1071   6.3750000000000001E-002
        1072   1.8749999999999999E-002
        1073   5.3749999999999999E-002
        1074  0.12625000000000000     
        1075   3.3750000000000002E-002
        1076   3.7499999999999999E-003
        1077   1.2500000000000000E-003
        1078   3.2500000000000001E-002
        1079   2.7500000000000000E-002
        1080   3.1250000000000000E-002
        1081   7.4999999999999997E-003
        1082  0.11125000000000000     
        1083   5.7500000000000002E-002
        1084   1.8749999999999999E-002
        1085  0.11250000000000000     
        1086  0.11874999999999999     
        1087   7.7499999999999999E-002
        1088  0.11250000000000000     
        1089   4.3749999999999997E-002
        1090   8.0000000000000002E-002
        1091  0.10500000000000000     
        1092   8.6249999999999993E-002
        1093   8.5000000000000006E-002
        1094   5.3749999999999999E-002
        1095   6.2500000000000003E-003
        1096   1.8749999999999999E-002
        1097   4.2500000000000003E-002
        1098  0.10125000000000001     
        1099   3.1250000000000000E-002
        1100   2.7500000000000000E-002
        1101   2.7500000000000000E-002
        1102   3.5000000000000003E-002
        1103   5.7500000000000002E-002
        1104   2.5000000000000001E-002
        1105   4.2500000000000003E-002
        1106   5.2499999999999998E-002
        1107   7.4999999999999997E-003
        1108   4.8750000000000002E-002
        1109   4.0000000000000001E-002
        1110   8.7500000000000008E-003
        1111   1.4999999999999999E-002
        1112   8.2500000000000004E-002
        1113   4.3749999999999997E-002
        1114   5.0000000000000001E-003
        1115   1.4999999999999999E-002
        1116   1.4999999999999999E-002
        1117   1.3750000000000000E-002
        1118   4.8750000000000002E-002
        1119   0.0000000000000000     
        1120   3.1250000000000000E-002
        1121   2.6249999999999999E-002
        1122   5.5000000000000000E-002
        1123  0.11749999999999999     
        1124  0.10249999999999999     
        1125   8.8749999999999996E-002
        1126   2.1250000000000002E-002
        1127   1.2500000000000000E-003
        1128   1.2500000000000000E-003
        1129   1.7500000000000002E-002
        1130   1.8749999999999999E-002
        1131   7.4999999999999997E-003
        1132   6.2500000000000000E-002
        1133   2.5000000000000001E-003
        1134   8.6249999999999993E-002
        1135   3.6249999999999998E-002
        1136   5.6250000000000001E-002
        1137   4.4999999999999998E-002
        1138   2.8750000000000001E-002
        1139   7.7499999999999999E-002
        1140   6.6250000000000003E-002
        1141   7.4999999999999997E-003
        1142   4.1250000000000002E-002
        1143   8.7500000000000008E-003
        1144   2.3750000000000000E-002
        1145   5.2499999999999998E-002
        1146   4.1250000000000002E-002
        1147   2.7500000000000000E-002
        1148   5.0000000000000001E-003
        1149   1.8749999999999999E-002
        1150   2.5000000000000001E-002
        1151   3.3750000000000002E-002
        1152   3.2500000000000001E-002
        1153   1.0000000000000000E-002
        1154   6.2500000000000003E-003
        1155   0.0000000000000000     
        1156  0.13000000000000000     
        1157  0.16625000000000001     
        1158  0.16250000000000001     
        1159  0.10625000000000000     
        1160   6.6250000000000003E-002
        1161   4.0000000000000001E-002
        1162  0.11125000000000000     
        1163   4.3749999999999997E-002
        1164   2.8750000000000001E-002
        1165   3.1250000000000000E-002
        1166   3.6249999999999998E-002
        1167   1.1250000000000000E-002
        1168   1.7500000000000002E-002
        1169   3.5000000000000003E-002
        1170   3.6249999999999998E-002
        1171   5.6250000000000001E-002
        1172   7.2499999999999995E-002
        1173  0.11874999999999999     
        1174  0.11625000000000001     
        1175  0.10000000000000001     
        1176   1.4999999999999999E-002
        1177   2.7500000000000000E-002
        1178   1.6250000000000001E-002
        1179   5.3749999999999999E-002
        1180   3.6249999999999998E-002
        1181   5.5000000000000000E-002
        1182   2.6249999999999999E-002
        1183   4.8750000000000002E-002
        1184   5.7500000000000002E-002
        1185   4.1250000000000002E-002
        1186   3.3750000000000002E-002
        1187   3.1250000000000000E-002
        1188   1.2500000000000000E-003
        1189   1.8749999999999999E-002
        1190   3.2500000000000001E-002
        1191   3.7499999999999999E-002
        1192   8.1250000000000003E-002
        1193   2.8750000000000001E-002
        1194   4.4999999999999998E-002
        1195   7.1249999999999994E-002
        1196   9.7500000000000003E-002
        1197   3.6249999999999998E-002
        1198   3.2500000000000001E-002
        1199   4.2500000000000003E-002
        1200   0.0000000000000000     
        1201   4.1250000000000002E-002
        1202   7.4999999999999997E-003
        1203   1.3750000000000000E-002
        1204   7.2499999999999995E-002
        1205   4.0000000000000001E-002
        1206   3.7499999999999999E-002
        1207   3.7499999999999999E-003
        1208   6.3750000000000001E-002
        1209   2.3750000000000000E-002
        1210   6.3750000000000001E-002
        1211   2.2499999999999999E-002
        1212   2.5000000000000001E-002
        1213   2.6249999999999999E-002
        1214   6.7500000000000004E-002
        1215   3.2500000000000001E-002
        1216   4.1250000000000002E-002
        1217   6.6250000000000003E-002
        1218  0.11375000000000000     
        1219   5.8749999999999997E-002
        1220   6.6250000000000003E-002
        1221   4.0000000000000001E-002
        1222   2.5000000000000001E-003
        1223   2.8750000000000001E-002
        1224   4.6249999999999999E-002
        1225   2.2499999999999999E-002
        1226   4.1250000000000002E-002
        1227   1.1250000000000000E-002
        1228   2.6249999999999999E-002
        1229   4.2500000000000003E-002
        1230   5.5000000000000000E-002
        1231   6.7500000000000004E-002
        1232   7.4999999999999997E-002
        1233   2.7500000000000000E-002
        1234   2.8750000000000001E-002
        1235   6.7500000000000004E-002
        1236   5.2499999999999998E-002
        1237   2.0000000000000000E-002
        1238   1.4999999999999999E-002
        1239  0.10375000000000000     
        1240   1.3750000000000000E-002
        1241   6.1249999999999999E-002
        1242   2.6249999999999999E-002
        1243   2.8750000000000001E-002
        1244   1.2500000000000000E-003
        1245   3.2500000000000001E-002
        1246   5.6250000000000001E-002
        1247   1.2500000000000001E-002
        1248   3.7499999999999999E-002
        1249   6.2500000000000000E-002
        1250   3.8750000000000000E-002
        1251   3.6249999999999998E-002
        1252   0.0000000000000000     
        1253   3.3750000000000002E-002
        1254   4.7500000000000001E-002
        1255   5.5000000000000000E-002
        1256   9.6250000000000002E-002
        1257   2.0000000000000000E-002
        1258   3.5000000000000003E-002
        1259   3.6249999999999998E-002
        1260   2.1250000000000002E-002
        1261   5.1249999999999997E-002
        1262   5.2499999999999998E-002
        1263   6.1249999999999999E-002
        1264   2.5000000000000001E-003
        1265   2.6249999999999999E-002
        1266   1.1250000000000000E-002
        1267   1.7500000000000002E-002
        1268   9.3750000000000000E-002
        1269   7.7499999999999999E-002
        1270   8.7499999999999994E-002
        1271  0.10375000000000000     
        1272   5.0000000000000003E-002
        1273   3.7499999999999999E-003
        1274   1.6250000000000001E-002
        1275   6.2500000000000003E-003
        1276  0.10500000000000000     
        1277  0.10125000000000001     
        1278   1.2500000000000000E-003
        1279   3.2500000000000001E-002
        1280   4.4999999999999998E-002
        1281   5.9999999999999998E-002
        1282   7.3749999999999996E-002
        1283   2.6249999999999999E-002
        1284   2.1250000000000002E-002
        1285   4.4999999999999998E-002
        1286  0.13125000000000001     
        1287  0.11874999999999999     
        1288   6.3750000000000001E-002
        1289  0.10249999999999999     
        1290   7.4999999999999997E-002
        1291   7.6249999999999998E-002
        1292   1.1250000000000000E-002
        1293   1.7500000000000002E-002
        1294   8.8749999999999996E-002
        1295   3.8750000000000000E-002
        1296   2.5000000000000001E-002
        1297   7.0000000000000007E-002
        1298  0.10500000000000000     
        1299   1.6250000000000001E-002
        1300   2.6249999999999999E-002
        1301   1.0000000000000000E-002
        1302   2.5000000000000001E-003
        1303   2.0000000000000000E-002
        1304   2.1250000000000002E-002
        1305   2.0000000000000000E-002
        1306   5.7500000000000002E-002
        1307   8.7500000000000008E-003
        1308   7.4999999999999997E-003
        1309   5.2499999999999998E-002
        1310   4.4999999999999998E-002
        1311   8.6249999999999993E-002
        1312  0.14249999999999999     
        1313   2.5000000000000001E-003
        1314   2.1250000000000002E-002
        1315   8.2500000000000004E-002
        1316   3.7499999999999999E-003
        1317   5.0000000000000001E-003
        1318   2.8750000000000001E-002
        1319   3.6249999999999998E-002
        1320   5.0000000000000001E-003
        1321   2.6249999999999999E-002
        1322   1.3750000000000000E-002
        1323   9.1249999999999998E-002
        1324  0.12875000000000000     
        1325  0.10249999999999999     
        1326  0.14624999999999999     
        1327   3.7499999999999999E-003
        1328   1.3750000000000000E-002
        1329   1.2500000000000001E-002
        1330   3.8750000000000000E-002
        1331   2.3750000000000000E-002
        1332   4.8750000000000002E-002
        1333   2.7500000000000000E-002
        1334   3.7499999999999999E-002
        1335   6.7500000000000004E-002
        1336   1.0000000000000000E-002
        1337   2.3750000000000000E-002
        1338   2.9999999999999999E-002
        1339   2.5000000000000001E-003
        1340   1.1250000000000000E-002
        1341   7.7499999999999999E-002
        1342   7.8750000000000001E-002
        1343   9.2499999999999999E-002
        1344   2.5000000000000001E-002
        1345   2.8750000000000001E-002
        1346   1.2500000000000001E-002
        1347   8.5000000000000006E-002
        1348   9.6250000000000002E-002
        1349  0.11125000000000000     
        1350   6.8750000000000006E-002
        1351   7.1249999999999994E-002
        1352   8.7500000000000008E-003
        1353   3.7499999999999999E-002
        1354   5.7500000000000002E-002
        1355   7.2499999999999995E-002
        1356   8.7500000000000008E-003
        1357   8.3750000000000005E-002
        1358   5.0000000000000001E-003
        1359   2.8750000000000001E-002
        1360   5.8749999999999997E-002
        1361   2.1250000000000002E-002
        1362   1.1250000000000000E-002
        1363   1.8749999999999999E-002
        1364   3.1250000000000000E-002
        1365   2.3750000000000000E-002
        1366   3.2500000000000001E-002
        1367   1.2500000000000000E-003
        1368   5.1249999999999997E-002
        1369  0.13625000000000001     
        1370   3.3750000000000002E-002
        1371   5.0000000000000001E-003
        1372   4.4999999999999998E-002
        1373   6.6250000000000003E-002
        1374   7.6249999999999998E-002
        1375  0.11625000000000001     
        1376   1.3750000000000000E-002
        1377   1.1250000000000000E-002
        1378   1.6250000000000001E-002
        1379   5.2499999999999998E-002
        1380   6.3750000000000001E-002
        1381   2.2499999999999999E-002
        1382   1.1250000000000000E-002
        1383   6.2500000000000003E-003
        1384   2.2499999999999999E-002
        1385   1.2500000000000001E-002
        1386   9.6250000000000002E-002
        1387   8.7499999999999994E-002
        1388  0.14999999999999999     
        1389   2.6249999999999999E-002
        1390   5.8749999999999997E-002
        1391   8.2500000000000004E-002
        1392   2.5000000000000001E-003
        1393   1.3750000000000000E-002
        1394   5.2499999999999998E-002
        1395   4.4999999999999998E-002
        1396   7.6249999999999998E-002
        1397   2.8750000000000001E-002
        1398   3.3750000000000002E-002
        1399   3.6249999999999998E-002
        1400   4.7500000000000001E-002
        1401   2.1250000000000002E-002
        1402   8.7500000000000008E-003
        1403   0.0000000000000000     
        1404   2.9999999999999999E-002
        1405   4.3749999999999997E-002
        1406   1.6250000000000001E-002
        1407   6.2500000000000003E-003
        1408   1.7500000000000002E-002
        1409   2.9999999999999999E-002
        1410   2.2499999999999999E-002
        1411   2.7500000000000000E-002
        1412   1.1250000000000000E-002
        1413   6.2500000000000000E-002
        1414   9.2499999999999999E-002
        1415  0.13000000000000000     
        1416   8.1250000000000003E-002
        1417   3.7499999999999999E-003
        1418   1.7500000000000002E-002
        1419   3.1250000000000000E-002
        1420   2.5000000000000001E-003
        1421   6.6250000000000003E-002
        1422   8.8749999999999996E-002
        1423   1.7500000000000002E-002
        1424   5.7500000000000002E-002
        1425   3.6249999999999998E-002
        1426   1.2500000000000001E-002
        1427   9.5000000000000001E-002
        1428  0.12000000000000000     
        1429  0.15125000000000000     
        1430   5.5000000000000000E-002
        1431   3.6249999999999998E-002
        1432   1.4999999999999999E-002
        1433   2.5000000000000001E-002
        1434   5.1249999999999997E-002
        1435   2.5000000000000001E-003
        1436   1.2500000000000000E-003
        1437   6.5000000000000002E-002
        1438   3.2500000000000001E-002
        1439   5.2499999999999998E-002
        1440   3.7499999999999999E-003
        1441   3.5000000000000003E-002
        1442   2.6249999999999999E-002
        1443   4.7500000000000001E-002
        1444   4.6249999999999999E-002
        1445   3.8750000000000000E-002
        1446   7.2499999999999995E-002
        1447   1.6250000000000001E-002
        1448   4.1250000000000002E-002
        1449   4.8750000000000002E-002
        1450   7.4999999999999997E-003
        1451   3.6249999999999998E-002
        1452   3.8750000000000000E-002
        1453   1.2500000000000000E-003
        1454   3.1250000000000000E-002
        1455  0.11500000000000000     
        1456  0.14374999999999999     
        1457   2.3750000000000000E-002
        1458   4.1250000000000002E-002
        1459   0.0000000000000000     
        1460   2.5000000000000001E-002
        1461   1.2500000000000000E-003
        1462   7.3749999999999996E-002
        1463   1.3750000000000000E-002
        1464   1.8749999999999999E-002
        1465   8.2500000000000004E-002
        1466   5.6250000000000001E-002
        1467  0.10625000000000000     
        1468  0.11000000000000000     
        1469   6.2500000000000000E-002
        1470   3.6249999999999998E-002
        1471   1.6250000000000001E-002
        1472   3.3750000000000002E-002
        1473  0.11000000000000000     
        1474   8.7499999999999994E-002
        1475   4.1250000000000002E-002
        1476   1.6250000000000001E-002
        1477   4.8750000000000002E-002
        1478   8.8749999999999996E-002
        1479  0.13625000000000001     
        1480   2.8750000000000001E-002
        1481   1.8749999999999999E-002
        1482   2.7500000000000000E-002
        1483   2.5000000000000001E-002
        1484   1.4999999999999999E-002
        1485   3.6249999999999998E-002
        1486   7.4999999999999997E-003
        1487   2.0000000000000000E-002
        1488   6.1249999999999999E-002
        1489   7.7499999999999999E-002
        1490   4.7500000000000001E-002
        1491   7.0000000000000007E-002
        1492   5.2499999999999998E-002
        1493  0.12500000000000000     
        1494  0.14249999999999999     
        1495  0.11625000000000001     
        1496   3.2500000000000001E-002
        1497   4.2500000000000003E-002
        1498   8.3750000000000005E-002
        1499   8.3750000000000005E-002
        1500   1.8749999999999999E-002
        1501   7.2499999999999995E-002
        1502   6.8750000000000006E-002
        1503   6.8750000000000006E-002
        1504   1.8749999999999999E-002
        1505   4.6249999999999999E-002
        1506   1.2500000000000000E-003
        1507   3.5000000000000003E-002
        1508   2.0000000000000000E-002
        1509   3.2500000000000001E-002
        1510   1.6250000000000001E-002
        1511   2.5000000000000001E-002
        1512   6.2500000000000000E-002
        1513   3.7499999999999999E-003
        1514   4.0000000000000001E-002
        1515   5.0000000000000003E-002
        1516   1.3750000000000000E-002
        1517   4.3749999999999997E-002
        1518   0.0000000000000000     
        1519   4.0000000000000001E-002
        1520   1.7500000000000002E-002
        1521   9.3750000000000000E-002
        1522   3.7499999999999999E-002
        1523   5.0000000000000003E-002
        1524   1.1250000000000000E-002
        1525   3.7499999999999999E-003
        1526   3.6249999999999998E-002
        1527   2.2499999999999999E-002
        1528   3.7499999999999999E-003
        1529   2.6249999999999999E-002
        1530   3.2500000000000001E-002
        1531   5.8749999999999997E-002
        1532   5.1249999999999997E-002
        1533   1.2500000000000000E-003
        1534   3.7499999999999999E-002
        1535   4.3749999999999997E-002
        1536   2.0000000000000000E-002
        1537   1.0000000000000000E-002
        1538   1.2500000000000001E-002
        1539   4.6249999999999999E-002
        1540   2.8750000000000001E-002
        1541   7.4999999999999997E-003
        1542   2.7500000000000000E-002
        1543   1.4999999999999999E-002
        1544   4.7500000000000001E-002
        1545   1.7500000000000002E-002
        1546   2.1250000000000002E-002
        1547   4.3749999999999997E-002
        1548   2.1250000000000002E-002
        1549   1.0000000000000000E-002
        1550   4.3749999999999997E-002
        1551   5.8749999999999997E-002
        1552   3.7499999999999999E-003
        1553   1.2500000000000001E-002
        1554   1.7500000000000002E-002
        1555  0.10625000000000000     
        1556   2.2499999999999999E-002
        1557   5.0000000000000001E-003
        1558   1.7500000000000002E-002
        1559   4.0000000000000001E-002
        1560   7.1249999999999994E-002
        1561   2.7500000000000000E-002
        1562   3.2500000000000001E-002
        1563   2.7500000000000000E-002
        1564   1.3750000000000000E-002
        1565   6.7500000000000004E-002
        1566   6.8750000000000006E-002
        1567   4.2500000000000003E-002
        1568   4.2500000000000003E-002
        1569   6.2500000000000000E-002
        1570   1.8749999999999999E-002
        1571   8.7500000000000008E-003
        1572   2.8750000000000001E-002
        1573   1.2500000000000001E-002
        1574   4.6249999999999999E-002
        1575   4.7500000000000001E-002
        1576   1.0000000000000000E-002
        1577   4.1250000000000002E-002
        1578   2.0000000000000000E-002
        1579   4.3749999999999997E-002
        1580   3.7499999999999999E-003
        1581   2.3750000000000000E-002
        1582   2.8750000000000001E-002
        1583   7.3749999999999996E-002
        1584   6.5000000000000002E-002
        1585   3.7499999999999999E-002
        1586   4.3749999999999997E-002
        1587   5.7500000000000002E-002
        1588   1.8749999999999999E-002
        1589   4.8750000000000002E-002
        1590   9.2499999999999999E-002
        1591   2.6249999999999999E-002
        1592   1.2500000000000001E-002
        1593   6.6250000000000003E-002
        1594  0.11000000000000000     
        1595  0.18500000000000000     
        1596  0.21375000000000000     
        1597  0.14124999999999999     
        1598   8.7499999999999994E-002
        1599   4.0000000000000001E-002
        1600   3.5000000000000003E-002
        1601   2.5000000000000001E-003
        1602  0.10500000000000000     
        1603   9.1249999999999998E-002
        1604   9.1249999999999998E-002
        1605   8.7500000000000008E-003
        1606  0.10125000000000001     
        1607  0.11625000000000001     
        1608   5.0000000000000001E-003
        1609   4.6249999999999999E-002
        1610   2.9999999999999999E-002
        1611  0.10625000000000000     
        1612   8.0000000000000002E-002
        1613   3.2500000000000001E-002
        1614   2.9999999999999999E-002
        1615   2.0000000000000000E-002
        1616   1.3750000000000000E-002
        1617   4.8750000000000002E-002
        1618   0.0000000000000000     
        1619   2.3750000000000000E-002
        1620   1.0000000000000000E-002
        1621   2.6249999999999999E-002
        1622  0.12375000000000000     
        1623   6.1249999999999999E-002
        1624   4.3749999999999997E-002
        1625   5.3749999999999999E-002
        1626   5.3749999999999999E-002
        1627   4.2500000000000003E-002
        1628   6.1249999999999999E-002
        1629   5.3749999999999999E-002
        1630   3.7499999999999999E-002
        1631   1.2500000000000000E-003
        1632   4.7500000000000001E-002
        1633  0.10750000000000000     
        1634   4.6249999999999999E-002
        1635   3.1250000000000000E-002
        1636   1.0000000000000000E-002
        1637   6.3750000000000001E-002
        1638   3.5000000000000003E-002
        1639  0.10875000000000000     
        1640   7.4999999999999997E-003
        1641   6.8750000000000006E-002
        1642   2.1250000000000002E-002
        1643   7.2499999999999995E-002
        1644   5.5000000000000000E-002
        1645   1.0000000000000000E-002
        1646   5.2499999999999998E-002
        1647   4.6249999999999999E-002
        1648   3.7499999999999999E-002
        1649   2.8750000000000001E-002
        1650   1.4999999999999999E-002
        1651   3.1250000000000000E-002
        1652   2.0000000000000000E-002
        1653   5.6250000000000001E-002
        1654   1.7500000000000002E-002
        1655   1.2500000000000001E-002
        1656   9.8750000000000004E-002
        1657   3.7499999999999999E-003
        1658   1.0000000000000000E-002
        1659   5.0000000000000001E-003
        1660   2.0000000000000000E-002
        1661   1.1250000000000000E-002
        1662   2.9999999999999999E-002
        1663   7.1249999999999994E-002
        1664   5.0000000000000003E-002
        1665   3.8750000000000000E-002
        1666   2.2499999999999999E-002
        1667   4.6249999999999999E-002
        1668   2.6249999999999999E-002
        1669   9.3750000000000000E-002
        1670   5.9999999999999998E-002
        1671   1.7500000000000002E-002
        1672   7.4999999999999997E-003
        1673   5.0000000000000001E-003
        1674   4.1250000000000002E-002
        1675   3.5000000000000003E-002
        1676   2.7500000000000000E-002
        1677   1.2500000000000001E-002
        1678   8.5000000000000006E-002
        1679   3.5000000000000003E-002
        1680   5.0000000000000003E-002
        1681   2.9999999999999999E-002
        1682   5.8749999999999997E-002
        1683   2.6249999999999999E-002
        1684   1.8749999999999999E-002
        1685   3.8750000000000000E-002
        1686   3.2500000000000001E-002
        1687   1.1250000000000000E-002
        1688   2.1250000000000002E-002
        1689   1.2500000000000000E-003
        1690   3.2500000000000001E-002
        1691   3.7499999999999999E-003
        1692   3.2500000000000001E-002
        1693   6.2500000000000003E-003
        1694   6.7500000000000004E-002
        1695  0.10249999999999999     
        1696  0.11125000000000000     
        1697  0.10249999999999999     
        1698   1.8749999999999999E-002
        1699   1.8749999999999999E-002
        1700   6.2500000000000003E-003
        1701  0.11250000000000000     
        1702  0.10249999999999999     
        1703   1.1250000000000000E-002
        1704   8.7499999999999994E-002
        1705   1.0000000000000000E-002
        1706   2.9999999999999999E-002
        1707   1.3750000000000000E-002
        1708   2.1250000000000002E-002
        1709   4.2500000000000003E-002
        1710   4.8750000000000002E-002
        1711   8.6249999999999993E-002
        1712   1.3750000000000000E-002
        1713   5.7500000000000002E-002
        1714   6.2500000000000003E-003
        1715   7.8750000000000001E-002
        1716   3.5000000000000003E-002
        1717   8.5000000000000006E-002
        1718   4.1250000000000002E-002
        1719   2.3750000000000000E-002
        1720   5.1249999999999997E-002
        1721   8.7500000000000008E-003
        1722   7.8750000000000001E-002
        1723   6.6250000000000003E-002
        1724   2.9999999999999999E-002
        1725   9.1249999999999998E-002
        1726   4.2500000000000003E-002
        1727   2.8750000000000001E-002
        1728   7.7499999999999999E-002
        1729   3.5000000000000003E-002
        1730   3.5000000000000003E-002
        1731   1.8749999999999999E-002
        1732   1.2500000000000000E-003
        1733   1.0000000000000000E-002
        1734   4.6249999999999999E-002
        1735   1.2500000000000001E-002
        1736   1.7500000000000002E-002
        1737   2.3750000000000000E-002
        1738   2.2499999999999999E-002
        1739   5.9999999999999998E-002
        1740   9.8750000000000004E-002
        1741   1.3750000000000000E-002
        1742   5.8749999999999997E-002
        1743   9.7500000000000003E-002
        1744  0.13625000000000001     
        1745   9.2499999999999999E-002
        1746   6.1249999999999999E-002
        1747   3.6249999999999998E-002
        1748   4.2500000000000003E-002
        1749  0.11000000000000000     
        1750   8.6249999999999993E-002
        1751   5.5000000000000000E-002
        1752  0.10125000000000001     
        1753   2.2499999999999999E-002
        1754   7.4999999999999997E-003
        1755   7.4999999999999997E-003
        1756   5.8749999999999997E-002
        1757   6.2500000000000003E-003
        1758   1.6250000000000001E-002
        1759   1.6250000000000001E-002
        1760   2.8750000000000001E-002
        1761   2.3750000000000000E-002
        1762  0.11375000000000000     
        1763   8.2500000000000004E-002
        1764   3.5000000000000003E-002
        1765   6.2500000000000000E-002
        1766   1.4999999999999999E-002
        1767   5.0000000000000003E-002
        1768   1.6250000000000001E-002
        1769   6.2500000000000003E-003
        1770   6.7500000000000004E-002
        1771   5.3749999999999999E-002
        1772   2.5000000000000001E-003
        1773   2.7500000000000000E-002
        1774   2.9999999999999999E-002
        1775   2.5000000000000001E-002
        1776   4.1250000000000002E-002
        1777  0.10000000000000001     
        1778   3.1250000000000000E-002
        1779   2.5000000000000001E-003
        1780   1.2500000000000000E-003
        1781   1.1250000000000000E-002
        1782   2.5000000000000001E-003
        1783   3.6249999999999998E-002
        1784   8.9999999999999997E-002
        1785  0.10750000000000000     
        1786   2.9999999999999999E-002
        1787   2.5000000000000001E-002
        1788   5.0000000000000001E-003
        1789   2.1250000000000002E-002
        1790   8.1250000000000003E-002
        1791   6.5000000000000002E-002
        1792   8.0000000000000002E-002
        1793   7.6249999999999998E-002
        1794   4.4999999999999998E-002
        1795   3.1250000000000000E-002
        1796   1.0000000000000000E-002
        1797   6.7500000000000004E-002
        1798   3.2500000000000001E-002
        1799   3.3750000000000002E-002
        1800   3.7499999999999999E-003
        1801   2.7500000000000000E-002
        1802   6.6250000000000003E-002
        1803   3.5000000000000003E-002
        1804   2.9999999999999999E-002
        1805   2.3750000000000000E-002
        1806   3.7499999999999999E-003
        1807   5.1249999999999997E-002
        1808   1.6250000000000001E-002
        1809   5.3749999999999999E-002
        1810   6.2500000000000003E-003
        1811   1.4999999999999999E-002
        1812   2.2499999999999999E-002
        1813   1.2500000000000000E-003
        1814   2.5000000000000001E-003
        1815   0.0000000000000000     
        1816  0.10750000000000000     
        1817   5.1249999999999997E-002
        1818  0.10375000000000000     
        1819   1.0000000000000000E-002
        1820   7.4999999999999997E-002
        1821   4.6249999999999999E-002
        1822   6.5000000000000002E-002
        1823   3.2500000000000001E-002
        1824   6.2500000000000003E-003
        1825   1.1250000000000000E-002
        1826   3.6249999999999998E-002
        1827   5.6250000000000001E-002
        1828   7.0000000000000007E-002
        1829   2.3750000000000000E-002
        1830   5.2499999999999998E-002
        1831   2.1250000000000002E-002
        1832   2.0000000000000000E-002
        1833   2.5000000000000001E-003
        1834   2.2499999999999999E-002
        1835   2.3750000000000000E-002
        1836   3.7499999999999999E-002
        1837   5.5000000000000000E-002
        1838   4.3749999999999997E-002
        1839   3.2500000000000001E-002
        1840   6.5000000000000002E-002
        1841   8.7500000000000008E-003
        1842   2.0000000000000000E-002
        1843   5.1249999999999997E-002
        1844   2.8750000000000001E-002
        1845   1.1250000000000000E-002
        1846   2.1250000000000002E-002
        1847   6.2500000000000000E-002
        1848   3.6249999999999998E-002
        1849   3.1250000000000000E-002
        1850   7.8750000000000001E-002
        1851   7.6249999999999998E-002
        1852   1.3750000000000000E-002
        1853   5.7500000000000002E-002
        1854   1.4999999999999999E-002
        1855   7.1249999999999994E-002
        1856   8.3750000000000005E-002
        1857  0.10125000000000001     
        1858   7.4999999999999997E-003
        1859   1.7500000000000002E-002
        1860   6.2500000000000003E-003
        1861   3.6249999999999998E-002
        1862   4.6249999999999999E-002
        1863   7.8750000000000001E-002
        1864   3.3750000000000002E-002
        1865   1.2500000000000001E-002
        1866   4.1250000000000002E-002
        1867   3.7499999999999999E-003
        1868   5.0000000000000003E-002
        1869   7.4999999999999997E-003
        1870   7.4999999999999997E-003
        1871   5.3749999999999999E-002
        1872   7.0000000000000007E-002
        1873   6.1249999999999999E-002
        1874   7.6249999999999998E-002
        1875   7.4999999999999997E-003
        1876   4.3749999999999997E-002
        1877   2.7500000000000000E-002
        1878   7.8750000000000001E-002
        1879   8.3750000000000005E-002
        1880   0.0000000000000000     
        1881   1.2500000000000001E-002
        1882   5.1249999999999997E-002
        1883   1.7500000000000002E-002
        1884   4.3749999999999997E-002
        1885   5.2499999999999998E-002
        1886   2.6249999999999999E-002
        1887   5.8749999999999997E-002
        1888   3.2500000000000001E-002
        1889   2.3750000000000000E-002
        1890   3.8750000000000000E-002
        1891   2.9999999999999999E-002
        1892   2.6249999999999999E-002
        1893   6.6250000000000003E-002
        1894   1.1250000000000000E-002
        1895   8.7500000000000008E-003
        1896   8.7500000000000008E-003
        1897   2.2499999999999999E-002
        1898   3.7499999999999999E-003
        1899   3.1250000000000000E-002
        1900   1.8749999999999999E-002
        1901   2.8750000000000001E-002
        1902   5.0000000000000003E-002
        1903   5.6250000000000001E-002
        1904   4.1250000000000002E-002
        1905   2.5000000000000001E-002
        1906   2.3750000000000000E-002
        1907   2.0000000000000000E-002
        1908   1.2500000000000001E-002
        1909   3.1250000000000000E-002
        1910   8.7500000000000008E-003
        1911   6.2500000000000000E-002
        1912   2.8750000000000001E-002
        1913   4.2500000000000003E-002
        1914   5.1249999999999997E-002
        1915   2.3750000000000000E-002
        1916   1.6250000000000001E-002
        1917   5.0000000000000001E-003
        1918   5.0000000000000003E-002
        1919   4.0000000000000001E-002
        1920   1.3750000000000000E-002
        1921   6.2500000000000003E-003
        1922   6.6250000000000003E-002
        1923   1.1250000000000000E-002
        1924   2.3750000000000000E-002
        1925   8.1250000000000003E-002
        1926   8.2500000000000004E-002
        1927  0.10000000000000001     
        1928   2.9999999999999999E-002
        1929   1.6250000000000001E-002
        1930   4.2500000000000003E-002
        1931   2.9999999999999999E-002
        1932   2.5000000000000001E-003
        1933   1.3750000000000000E-002
        1934   2.3750000000000000E-002
        1935   4.3749999999999997E-002
        1936   3.7499999999999999E-003
        1937   1.1250000000000000E-002
        1938   3.7499999999999999E-003
        1939   1.3750000000000000E-002
        1940   1.2500000000000001E-002
        1941   6.5000000000000002E-002
        1942   2.2499999999999999E-002
        1943   5.2499999999999998E-002
        1944   1.1250000000000000E-002
        1945   5.5000000000000000E-002
        1946   9.7500000000000003E-002
        1947   4.7500000000000001E-002
        1948   3.7499999999999999E-002
        1949   6.5000000000000002E-002
        1950  0.10000000000000001     
        1951   1.7500000000000002E-002
        1952   8.7500000000000008E-003
        1953   3.8750000000000000E-002
        1954   8.3750000000000005E-002
        1955   3.1250000000000000E-002
        1956   1.4999999999999999E-002
        1957   0.0000000000000000     
        1958   3.8750000000000000E-002
        1959   1.3750000000000000E-002
        1960   2.5000000000000001E-003
        1961   1.8749999999999999E-002
        1962   4.1250000000000002E-002
        1963   2.1250000000000002E-002
        1964   2.9999999999999999E-002
        1965   4.3749999999999997E-002
        1966   9.7500000000000003E-002
        1967   1.7500000000000002E-002
        1968   7.2499999999999995E-002
        1969   4.4999999999999998E-002
        1970   3.3750000000000002E-002
        1971   1.4999999999999999E-002
        1972   3.1250000000000000E-002
        1973   4.7500000000000001E-002
        1974   5.9999999999999998E-002
        1975   8.3750000000000005E-002
        1976   5.3749999999999999E-002
        1977   5.0000000000000001E-003
        1978   8.1250000000000003E-002
        1979   3.3750000000000002E-002
        1980   5.7500000000000002E-002
        1981  0.13250000000000001     
        1982  0.12250000000000000     
        1983   1.0000000000000000E-002
        1984   4.6249999999999999E-002
        1985   2.5000000000000001E-003
        1986   8.6249999999999993E-002
        1987   5.8749999999999997E-002
        1988   5.3749999999999999E-002
        1989   6.6250000000000003E-002
        1990   7.4999999999999997E-003
        1991   2.3750000000000000E-002
        1992   8.0000000000000002E-002
        1993   6.2500000000000000E-002
        1994   2.1250000000000002E-002
        1995   3.3750000000000002E-002
        1996   2.2499999999999999E-002
        1997   4.7500000000000001E-002
        1998   5.1249999999999997E-002
        1999   1.2500000000000001E-002
        2000   4.1250000000000002E-002
