           1  0.99875000000000003     
           2  0.99875000000000003     
           3  0.99875000000000003     
           4   1.0000000000000000     
           5  0.99750000000000005     
           6  0.99875000000000003     
           7   1.0000000000000000     
           8  0.99624999999999997     
           9  0.99875000000000003     
          10   1.0000000000000000     
          11  0.99500000000000000     
          12   1.0000000000000000     
          13  0.99875000000000003     
          14  0.99875000000000003     
          15   1.0000000000000000     
          16  0.99750000000000005     
          17   1.0000000000000000     
          18  0.99875000000000003     
          19  0.99750000000000005     
          20  0.99750000000000005     
          21   1.0000000000000000     
          22  0.99875000000000003     
          23   1.0000000000000000     
          24   1.0000000000000000     
          25  0.99875000000000003     
          26  0.99875000000000003     
          27   1.0000000000000000     
          28  0.99875000000000003     
          29  0.99875000000000003     
          30   1.0000000000000000     
          31  0.99624999999999997     
          32   1.0000000000000000     
          33  0.99875000000000003     
          34   1.0000000000000000     
          35   1.0000000000000000     
          36   1.0000000000000000     
          37  0.99875000000000003     
          38  0.99875000000000003     
          39   1.0000000000000000     
          40  0.99750000000000005     
          41  0.99875000000000003     
          42   1.0000000000000000     
          43  0.99750000000000005     
          44   1.0000000000000000     
          45   1.0000000000000000     
          46   1.0000000000000000     
          47   1.0000000000000000     
          48   1.0000000000000000     
          49  0.99750000000000005     
          50   1.0000000000000000     
          51  0.99875000000000003     
          52  0.99875000000000003     
          53  0.99875000000000003     
          54  0.99875000000000003     
          55  0.99875000000000003     
          56  0.99750000000000005     
          57  0.99875000000000003     
          58  0.99875000000000003     
          59  0.99875000000000003     
          60   1.0000000000000000     
          61   1.0000000000000000     
          62   1.0000000000000000     
          63  0.99750000000000005     
          64   1.0000000000000000     
          65  0.99624999999999997     
          66   1.0000000000000000     
          67   1.0000000000000000     
          68  0.99875000000000003     
          69  0.99875000000000003     
          70  0.99750000000000005     
          71   1.0000000000000000     
          72  0.99875000000000003     
          73   1.0000000000000000     
          74   1.0000000000000000     
          75  0.99875000000000003     
          76   1.0000000000000000     
          77   1.0000000000000000     
          78  0.99875000000000003     
          79   1.0000000000000000     
          80  0.99750000000000005     
          81  0.99750000000000005     
          82   1.0000000000000000     
          83   1.0000000000000000     
          84   1.0000000000000000     
          85  0.99875000000000003     
          86   1.0000000000000000     
          87   1.0000000000000000     
          88  0.99875000000000003     
          89  0.99875000000000003     
          90   1.0000000000000000     
          91   1.0000000000000000     
          92   1.0000000000000000     
          93  0.99875000000000003     
          94  0.99875000000000003     
          95   1.0000000000000000     
          96  0.99750000000000005     
          97  0.99750000000000005     
          98  0.99875000000000003     
          99  0.99875000000000003     
         100   1.0000000000000000     
         101   1.0000000000000000     
         102  0.99875000000000003     
         103  0.99875000000000003     
         104   1.0000000000000000     
         105  0.99624999999999997     
         106   1.0000000000000000     
         107   1.0000000000000000     
         108  0.99875000000000003     
         109  0.99750000000000005     
         110   1.0000000000000000     
         111   1.0000000000000000     
         112   1.0000000000000000     
         113  0.99875000000000003     
         114   1.0000000000000000     
         115  0.99750000000000005     
         116   1.0000000000000000     
         117   1.0000000000000000     
         118  0.99875000000000003     
         119  0.99624999999999997     
         120   1.0000000000000000     
         121   1.0000000000000000     
         122   1.0000000000000000     
         123   1.0000000000000000     
         124  0.99875000000000003     
         125   1.0000000000000000     
         126  0.99375000000000002     
         127   1.0000000000000000     
         128  0.99875000000000003     
         129  0.99875000000000003     
         130  0.99750000000000005     
         131  0.99624999999999997     
         132  0.99750000000000005     
         133  0.99875000000000003     
         134  0.99750000000000005     
         135  0.99750000000000005     
         136  0.99875000000000003     
         137  0.99375000000000002     
         138   1.0000000000000000     
         139   1.0000000000000000     
         140   1.0000000000000000     
         141  0.99875000000000003     
         142   1.0000000000000000     
         143  0.99750000000000005     
         144  0.99875000000000003     
         145  0.99750000000000005     
         146  0.99875000000000003     
         147   1.0000000000000000     
         148   1.0000000000000000     
         149   1.0000000000000000     
         150   1.0000000000000000     
         151   1.0000000000000000     
         152  0.99875000000000003     
         153   1.0000000000000000     
         154   1.0000000000000000     
         155  0.99750000000000005     
         156  0.99875000000000003     
         157  0.99875000000000003     
         158  0.99875000000000003     
         159   1.0000000000000000     
         160   1.0000000000000000     
         161   1.0000000000000000     
         162  0.99750000000000005     
         163   1.0000000000000000     
         164  0.99875000000000003     
         165  0.99875000000000003     
         166   1.0000000000000000     
         167   1.0000000000000000     
         168  0.99875000000000003     
         169  0.99750000000000005     
         170  0.99750000000000005     
         171  0.99875000000000003     
         172   1.0000000000000000     
         173   1.0000000000000000     
         174   1.0000000000000000     
         175  0.99875000000000003     
         176  0.99875000000000003     
         177  0.99875000000000003     
         178  0.99750000000000005     
         179   1.0000000000000000     
         180   1.0000000000000000     
         181   1.0000000000000000     
         182   1.0000000000000000     
         183   1.0000000000000000     
         184  0.99750000000000005     
         185  0.99875000000000003     
         186  0.99875000000000003     
         187  0.99875000000000003     
         188  0.99875000000000003     
         189   1.0000000000000000     
         190   1.0000000000000000     
         191   1.0000000000000000     
         192   1.0000000000000000     
         193   1.0000000000000000     
         194   1.0000000000000000     
         195   1.0000000000000000     
         196  0.99875000000000003     
         197  0.99875000000000003     
         198  0.99750000000000005     
         199   1.0000000000000000     
         200   1.0000000000000000     
         201  0.99750000000000005     
         202  0.99750000000000005     
         203  0.99875000000000003     
         204  0.99875000000000003     
         205   1.0000000000000000     
         206  0.99750000000000005     
         207  0.99875000000000003     
         208  0.99624999999999997     
         209   1.0000000000000000     
         210  0.99875000000000003     
         211   1.0000000000000000     
         212   1.0000000000000000     
         213   1.0000000000000000     
         214  0.99875000000000003     
         215  0.99875000000000003     
         216  0.99875000000000003     
         217  0.99875000000000003     
         218  0.99750000000000005     
         219   1.0000000000000000     
         220  0.99875000000000003     
         221   1.0000000000000000     
         222  0.99875000000000003     
         223  0.99750000000000005     
         224  0.99875000000000003     
         225  0.99624999999999997     
         226  0.99875000000000003     
         227   1.0000000000000000     
         228  0.99875000000000003     
         229   1.0000000000000000     
         230   1.0000000000000000     
         231  0.99624999999999997     
         232   1.0000000000000000     
         233  0.99875000000000003     
         234  0.99875000000000003     
         235  0.99750000000000005     
         236  0.99875000000000003     
         237  0.99500000000000000     
         238  0.99875000000000003     
         239  0.99750000000000005     
         240   1.0000000000000000     
         241  0.99750000000000005     
         242  0.99875000000000003     
         243  0.99750000000000005     
         244   1.0000000000000000     
         245  0.99875000000000003     
         246   1.0000000000000000     
         247   1.0000000000000000     
         248  0.99875000000000003     
         249   1.0000000000000000     
         250  0.99875000000000003     
         251  0.99875000000000003     
         252  0.99875000000000003     
         253   1.0000000000000000     
         254  0.99750000000000005     
         255   1.0000000000000000     
         256   1.0000000000000000     
         257  0.99875000000000003     
         258  0.99750000000000005     
         259  0.99875000000000003     
         260   1.0000000000000000     
         261  0.99624999999999997     
         262   1.0000000000000000     
         263   1.0000000000000000     
         264  0.99875000000000003     
         265  0.99875000000000003     
         266   1.0000000000000000     
         267   1.0000000000000000     
         268  0.99875000000000003     
         269  0.99750000000000005     
         270  0.99875000000000003     
         271  0.99875000000000003     
         272  0.99875000000000003     
         273  0.99624999999999997     
         274   1.0000000000000000     
         275  0.99875000000000003     
         276   1.0000000000000000     
         277   1.0000000000000000     
         278   1.0000000000000000     
         279  0.99624999999999997     
         280  0.99875000000000003     
         281   1.0000000000000000     
         282   1.0000000000000000     
         283   1.0000000000000000     
         284   1.0000000000000000     
         285  0.99875000000000003     
         286  0.99875000000000003     
         287   1.0000000000000000     
         288   1.0000000000000000     
         289  0.99750000000000005     
         290  0.99875000000000003     
         291   1.0000000000000000     
         292  0.99750000000000005     
         293  0.99875000000000003     
         294  0.99624999999999997     
         295   1.0000000000000000     
         296   1.0000000000000000     
         297   1.0000000000000000     
         298   1.0000000000000000     
         299   1.0000000000000000     
         300   1.0000000000000000     
         301  0.99875000000000003     
         302   1.0000000000000000     
         303  0.99624999999999997     
         304   1.0000000000000000     
         305   1.0000000000000000     
         306   1.0000000000000000     
         307   1.0000000000000000     
         308   1.0000000000000000     
         309  0.99875000000000003     
         310   1.0000000000000000     
         311  0.99875000000000003     
         312  0.99750000000000005     
         313  0.99624999999999997     
         314  0.99875000000000003     
         315   1.0000000000000000     
         316   1.0000000000000000     
         317  0.99875000000000003     
         318   1.0000000000000000     
         319  0.99750000000000005     
         320  0.99750000000000005     
         321   1.0000000000000000     
         322   1.0000000000000000     
         323  0.99750000000000005     
         324   1.0000000000000000     
         325   1.0000000000000000     
         326   1.0000000000000000     
         327   1.0000000000000000     
         328   1.0000000000000000     
         329   1.0000000000000000     
         330  0.99750000000000005     
         331   1.0000000000000000     
         332   1.0000000000000000     
         333  0.99875000000000003     
         334  0.99875000000000003     
         335   1.0000000000000000     
         336  0.99875000000000003     
         337   1.0000000000000000     
         338   1.0000000000000000     
         339  0.99875000000000003     
         340  0.99875000000000003     
         341   1.0000000000000000     
         342   1.0000000000000000     
         343   1.0000000000000000     
         344   1.0000000000000000     
         345   1.0000000000000000     
         346   1.0000000000000000     
         347  0.99624999999999997     
         348   1.0000000000000000     
         349   1.0000000000000000     
         350  0.99875000000000003     
         351  0.99750000000000005     
         352  0.99875000000000003     
         353   1.0000000000000000     
         354   1.0000000000000000     
         355   1.0000000000000000     
         356   1.0000000000000000     
         357   1.0000000000000000     
         358   1.0000000000000000     
         359  0.99875000000000003     
         360   1.0000000000000000     
         361  0.99750000000000005     
         362  0.99875000000000003     
         363  0.99750000000000005     
         364  0.99750000000000005     
         365   1.0000000000000000     
         366   1.0000000000000000     
         367  0.99875000000000003     
         368   1.0000000000000000     
         369  0.99750000000000005     
         370   1.0000000000000000     
         371   1.0000000000000000     
         372   1.0000000000000000     
         373   1.0000000000000000     
         374  0.99875000000000003     
         375   1.0000000000000000     
         376   1.0000000000000000     
         377  0.99750000000000005     
         378  0.99875000000000003     
         379   1.0000000000000000     
         380  0.99875000000000003     
         381   1.0000000000000000     
         382  0.99875000000000003     
         383  0.99875000000000003     
         384  0.99875000000000003     
         385   1.0000000000000000     
         386   1.0000000000000000     
         387   1.0000000000000000     
         388  0.99750000000000005     
         389  0.99875000000000003     
         390   1.0000000000000000     
         391  0.99875000000000003     
         392  0.99875000000000003     
         393  0.99875000000000003     
         394   1.0000000000000000     
         395  0.99875000000000003     
         396  0.99875000000000003     
         397  0.99875000000000003     
         398  0.99875000000000003     
         399   1.0000000000000000     
         400  0.99875000000000003     
         401   1.0000000000000000     
         402   1.0000000000000000     
         403  0.99500000000000000     
         404  0.99875000000000003     
         405   1.0000000000000000     
         406   1.0000000000000000     
         407   1.0000000000000000     
         408  0.99875000000000003     
         409  0.99750000000000005     
         410   1.0000000000000000     
         411  0.99875000000000003     
         412  0.99875000000000003     
         413   1.0000000000000000     
         414   1.0000000000000000     
         415  0.99875000000000003     
         416  0.99875000000000003     
         417   1.0000000000000000     
         418  0.99875000000000003     
         419  0.99875000000000003     
         420  0.99875000000000003     
         421   1.0000000000000000     
         422   1.0000000000000000     
         423   1.0000000000000000     
         424  0.99875000000000003     
         425  0.99750000000000005     
         426  0.99875000000000003     
         427   1.0000000000000000     
         428   1.0000000000000000     
         429  0.99750000000000005     
         430   1.0000000000000000     
         431   1.0000000000000000     
         432   1.0000000000000000     
         433  0.99875000000000003     
         434   1.0000000000000000     
         435  0.99750000000000005     
         436  0.99875000000000003     
         437   1.0000000000000000     
         438  0.99875000000000003     
         439  0.99875000000000003     
         440  0.99875000000000003     
         441  0.99875000000000003     
         442   1.0000000000000000     
         443  0.99750000000000005     
         444   1.0000000000000000     
         445  0.99875000000000003     
         446  0.99750000000000005     
         447   1.0000000000000000     
         448   1.0000000000000000     
         449  0.99875000000000003     
         450   1.0000000000000000     
         451   1.0000000000000000     
         452   1.0000000000000000     
         453  0.99875000000000003     
         454   1.0000000000000000     
         455  0.99875000000000003     
         456  0.99750000000000005     
         457   1.0000000000000000     
         458   1.0000000000000000     
         459   1.0000000000000000     
         460  0.99875000000000003     
         461   1.0000000000000000     
         462  0.99875000000000003     
         463   1.0000000000000000     
         464   1.0000000000000000     
         465   1.0000000000000000     
         466  0.99875000000000003     
         467  0.99875000000000003     
         468  0.99750000000000005     
         469   1.0000000000000000     
         470   1.0000000000000000     
         471  0.99875000000000003     
         472  0.99875000000000003     
         473  0.99875000000000003     
         474  0.99750000000000005     
         475  0.99875000000000003     
         476  0.99875000000000003     
         477   1.0000000000000000     
         478   1.0000000000000000     
         479   1.0000000000000000     
         480  0.99875000000000003     
         481   1.0000000000000000     
         482  0.99624999999999997     
         483   1.0000000000000000     
         484   1.0000000000000000     
         485  0.99875000000000003     
         486   1.0000000000000000     
         487   1.0000000000000000     
         488   1.0000000000000000     
         489  0.99875000000000003     
         490   1.0000000000000000     
         491  0.99875000000000003     
         492  0.99875000000000003     
         493  0.99875000000000003     
         494  0.99875000000000003     
         495   1.0000000000000000     
         496   1.0000000000000000     
         497   1.0000000000000000     
         498   1.0000000000000000     
         499  0.99875000000000003     
         500   1.0000000000000000     
         501   1.0000000000000000     
         502   1.0000000000000000     
         503  0.99875000000000003     
         504   1.0000000000000000     
         505  0.99875000000000003     
         506   1.0000000000000000     
         507  0.99750000000000005     
         508   1.0000000000000000     
         509  0.99875000000000003     
         510   1.0000000000000000     
         511   1.0000000000000000     
         512   1.0000000000000000     
         513  0.99875000000000003     
         514  0.99875000000000003     
         515  0.99875000000000003     
         516   1.0000000000000000     
         517   1.0000000000000000     
         518  0.99750000000000005     
         519   1.0000000000000000     
         520   1.0000000000000000     
         521  0.99875000000000003     
         522   1.0000000000000000     
         523  0.99750000000000005     
         524  0.99624999999999997     
         525  0.99875000000000003     
         526   1.0000000000000000     
         527  0.99875000000000003     
         528  0.99875000000000003     
         529  0.99875000000000003     
         530  0.99875000000000003     
         531   1.0000000000000000     
         532  0.99875000000000003     
         533  0.99875000000000003     
         534   1.0000000000000000     
         535   1.0000000000000000     
         536   1.0000000000000000     
         537   1.0000000000000000     
         538  0.99875000000000003     
         539  0.99875000000000003     
         540   1.0000000000000000     
         541  0.99875000000000003     
         542  0.99875000000000003     
         543  0.99750000000000005     
         544   1.0000000000000000     
         545   1.0000000000000000     
         546  0.99624999999999997     
         547  0.99750000000000005     
         548  0.99875000000000003     
         549   1.0000000000000000     
         550  0.99875000000000003     
         551  0.99875000000000003     
         552   1.0000000000000000     
         553  0.99875000000000003     
         554  0.99875000000000003     
         555   1.0000000000000000     
         556   1.0000000000000000     
         557   1.0000000000000000     
         558  0.99875000000000003     
         559  0.99875000000000003     
         560  0.99875000000000003     
         561  0.99875000000000003     
         562  0.99750000000000005     
         563   1.0000000000000000     
         564  0.99624999999999997     
         565   1.0000000000000000     
         566  0.99875000000000003     
         567  0.99875000000000003     
         568   1.0000000000000000     
         569  0.99750000000000005     
         570  0.99875000000000003     
         571  0.99500000000000000     
         572  0.99875000000000003     
         573  0.99750000000000005     
         574  0.99624999999999997     
         575   1.0000000000000000     
         576  0.99750000000000005     
         577  0.99750000000000005     
         578  0.99875000000000003     
         579   1.0000000000000000     
         580  0.99875000000000003     
         581  0.99875000000000003     
         582   1.0000000000000000     
         583   1.0000000000000000     
         584   1.0000000000000000     
         585  0.99624999999999997     
         586  0.99875000000000003     
         587   1.0000000000000000     
         588   1.0000000000000000     
         589   1.0000000000000000     
         590   1.0000000000000000     
         591  0.99875000000000003     
         592   1.0000000000000000     
         593  0.99750000000000005     
         594  0.99875000000000003     
         595  0.99750000000000005     
         596  0.99875000000000003     
         597  0.99750000000000005     
         598   1.0000000000000000     
         599   1.0000000000000000     
         600  0.99875000000000003     
         601  0.99875000000000003     
         602  0.99875000000000003     
         603  0.99875000000000003     
         604  0.99875000000000003     
         605  0.99875000000000003     
         606  0.99875000000000003     
         607  0.99875000000000003     
         608  0.99750000000000005     
         609   1.0000000000000000     
         610  0.99875000000000003     
         611   1.0000000000000000     
         612  0.99750000000000005     
         613   1.0000000000000000     
         614  0.99875000000000003     
         615  0.99875000000000003     
         616  0.99875000000000003     
         617  0.99875000000000003     
         618   1.0000000000000000     
         619  0.99750000000000005     
         620   1.0000000000000000     
         621   1.0000000000000000     
         622  0.99875000000000003     
         623   1.0000000000000000     
         624  0.99750000000000005     
         625  0.99750000000000005     
         626  0.99875000000000003     
         627   1.0000000000000000     
         628  0.99875000000000003     
         629   1.0000000000000000     
         630   1.0000000000000000     
         631  0.99875000000000003     
         632  0.99750000000000005     
         633  0.99875000000000003     
         634   1.0000000000000000     
         635   1.0000000000000000     
         636  0.99875000000000003     
         637   1.0000000000000000     
         638   1.0000000000000000     
         639   1.0000000000000000     
         640  0.99875000000000003     
         641   1.0000000000000000     
         642  0.99875000000000003     
         643  0.99875000000000003     
         644  0.99875000000000003     
         645   1.0000000000000000     
         646   1.0000000000000000     
         647  0.99500000000000000     
         648   1.0000000000000000     
         649  0.99750000000000005     
         650  0.99875000000000003     
         651   1.0000000000000000     
         652  0.99875000000000003     
         653   1.0000000000000000     
         654  0.99875000000000003     
         655   1.0000000000000000     
         656  0.99875000000000003     
         657  0.99624999999999997     
         658   1.0000000000000000     
         659   1.0000000000000000     
         660  0.99875000000000003     
         661  0.99875000000000003     
         662   1.0000000000000000     
         663  0.99875000000000003     
         664   1.0000000000000000     
         665   1.0000000000000000     
         666  0.99875000000000003     
         667  0.99875000000000003     
         668   1.0000000000000000     
         669   1.0000000000000000     
         670  0.99875000000000003     
         671   1.0000000000000000     
         672   1.0000000000000000     
         673  0.99875000000000003     
         674   1.0000000000000000     
         675  0.99875000000000003     
         676   1.0000000000000000     
         677  0.99875000000000003     
         678  0.99875000000000003     
         679  0.99875000000000003     
         680  0.99875000000000003     
         681  0.99875000000000003     
         682   1.0000000000000000     
         683   1.0000000000000000     
         684  0.99750000000000005     
         685  0.99875000000000003     
         686   1.0000000000000000     
         687   1.0000000000000000     
         688   1.0000000000000000     
         689  0.99750000000000005     
         690   1.0000000000000000     
         691   1.0000000000000000     
         692  0.99875000000000003     
         693   1.0000000000000000     
         694  0.99875000000000003     
         695  0.99750000000000005     
         696   1.0000000000000000     
         697   1.0000000000000000     
         698  0.99875000000000003     
         699   1.0000000000000000     
         700   1.0000000000000000     
         701   1.0000000000000000     
         702   1.0000000000000000     
         703  0.99750000000000005     
         704  0.99875000000000003     
         705   1.0000000000000000     
         706  0.99875000000000003     
         707  0.99875000000000003     
         708   1.0000000000000000     
         709   1.0000000000000000     
         710   1.0000000000000000     
         711  0.99875000000000003     
         712   1.0000000000000000     
         713  0.99875000000000003     
         714   1.0000000000000000     
         715   1.0000000000000000     
         716   1.0000000000000000     
         717   1.0000000000000000     
         718   1.0000000000000000     
         719   1.0000000000000000     
         720  0.99875000000000003     
         721  0.99750000000000005     
         722  0.99750000000000005     
         723   1.0000000000000000     
         724  0.99875000000000003     
         725   1.0000000000000000     
         726  0.99875000000000003     
         727  0.99375000000000002     
         728   1.0000000000000000     
         729   1.0000000000000000     
         730   1.0000000000000000     
         731  0.99875000000000003     
         732  0.99750000000000005     
         733   1.0000000000000000     
         734  0.99750000000000005     
         735   1.0000000000000000     
         736  0.99750000000000005     
         737  0.99750000000000005     
         738   1.0000000000000000     
         739  0.99875000000000003     
         740   1.0000000000000000     
         741  0.99875000000000003     
         742  0.99875000000000003     
         743  0.99875000000000003     
         744  0.99875000000000003     
         745   1.0000000000000000     
         746  0.99875000000000003     
         747   1.0000000000000000     
         748   1.0000000000000000     
         749   1.0000000000000000     
         750   1.0000000000000000     
         751  0.99875000000000003     
         752  0.99875000000000003     
         753  0.99875000000000003     
         754  0.99875000000000003     
         755   1.0000000000000000     
         756   1.0000000000000000     
         757  0.99750000000000005     
         758   1.0000000000000000     
         759  0.99750000000000005     
         760   1.0000000000000000     
         761  0.99875000000000003     
         762   1.0000000000000000     
         763  0.99875000000000003     
         764  0.99875000000000003     
         765   1.0000000000000000     
         766  0.99875000000000003     
         767  0.99875000000000003     
         768  0.99875000000000003     
         769  0.99875000000000003     
         770   1.0000000000000000     
         771  0.99750000000000005     
         772   1.0000000000000000     
         773   1.0000000000000000     
         774  0.99875000000000003     
         775   1.0000000000000000     
         776   1.0000000000000000     
         777   1.0000000000000000     
         778  0.99750000000000005     
         779   1.0000000000000000     
         780  0.99750000000000005     
         781   1.0000000000000000     
         782  0.99624999999999997     
         783   1.0000000000000000     
         784   1.0000000000000000     
         785   1.0000000000000000     
         786  0.99875000000000003     
         787  0.99875000000000003     
         788  0.99875000000000003     
         789   1.0000000000000000     
         790  0.99875000000000003     
         791   1.0000000000000000     
         792  0.99750000000000005     
         793  0.99875000000000003     
         794  0.99875000000000003     
         795   1.0000000000000000     
         796   1.0000000000000000     
         797   1.0000000000000000     
         798   1.0000000000000000     
         799   1.0000000000000000     
         800   1.0000000000000000     
         801   1.0000000000000000     
         802   1.0000000000000000     
         803  0.99875000000000003     
         804  0.99875000000000003     
         805   1.0000000000000000     
         806   1.0000000000000000     
         807   1.0000000000000000     
         808   1.0000000000000000     
         809   1.0000000000000000     
         810  0.99624999999999997     
         811   1.0000000000000000     
         812   1.0000000000000000     
         813  0.99875000000000003     
         814  0.99875000000000003     
         815   1.0000000000000000     
         816   1.0000000000000000     
         817   1.0000000000000000     
         818  0.99750000000000005     
         819   1.0000000000000000     
         820   1.0000000000000000     
         821   1.0000000000000000     
         822   1.0000000000000000     
         823   1.0000000000000000     
         824   1.0000000000000000     
         825   1.0000000000000000     
         826   1.0000000000000000     
         827  0.99750000000000005     
         828  0.99875000000000003     
         829   1.0000000000000000     
         830   1.0000000000000000     
         831   1.0000000000000000     
         832  0.99750000000000005     
         833  0.99875000000000003     
         834   1.0000000000000000     
         835  0.99750000000000005     
         836  0.99875000000000003     
         837  0.99750000000000005     
         838   1.0000000000000000     
         839   1.0000000000000000     
         840   1.0000000000000000     
         841   1.0000000000000000     
         842  0.99875000000000003     
         843   1.0000000000000000     
         844  0.99750000000000005     
         845   1.0000000000000000     
         846   1.0000000000000000     
         847   1.0000000000000000     
         848  0.99875000000000003     
         849  0.99875000000000003     
         850   1.0000000000000000     
         851  0.99624999999999997     
         852  0.99875000000000003     
         853  0.99875000000000003     
         854  0.99875000000000003     
         855  0.99875000000000003     
         856   1.0000000000000000     
         857   1.0000000000000000     
         858  0.99875000000000003     
         859  0.99750000000000005     
         860   1.0000000000000000     
         861  0.99875000000000003     
         862  0.99875000000000003     
         863  0.99875000000000003     
         864  0.99750000000000005     
         865  0.99750000000000005     
         866   1.0000000000000000     
         867  0.99624999999999997     
         868  0.99875000000000003     
         869  0.99750000000000005     
         870   1.0000000000000000     
         871  0.99750000000000005     
         872  0.99875000000000003     
         873  0.99875000000000003     
         874  0.99875000000000003     
         875   1.0000000000000000     
         876  0.99875000000000003     
         877  0.99875000000000003     
         878  0.99750000000000005     
         879   1.0000000000000000     
         880  0.99750000000000005     
         881  0.99875000000000003     
         882  0.99875000000000003     
         883  0.99624999999999997     
         884  0.99750000000000005     
         885  0.99750000000000005     
         886  0.99750000000000005     
         887  0.99875000000000003     
         888   1.0000000000000000     
         889  0.99750000000000005     
         890  0.99750000000000005     
         891  0.99750000000000005     
         892   1.0000000000000000     
         893   1.0000000000000000     
         894   1.0000000000000000     
         895  0.99875000000000003     
         896   1.0000000000000000     
         897  0.99750000000000005     
         898   1.0000000000000000     
         899   1.0000000000000000     
         900  0.99624999999999997     
         901  0.99875000000000003     
         902  0.99875000000000003     
         903  0.99875000000000003     
         904   1.0000000000000000     
         905   1.0000000000000000     
         906  0.99875000000000003     
         907  0.99875000000000003     
         908   1.0000000000000000     
         909   1.0000000000000000     
         910   1.0000000000000000     
         911  0.99875000000000003     
         912  0.99750000000000005     
         913   1.0000000000000000     
         914   1.0000000000000000     
         915  0.99750000000000005     
         916   1.0000000000000000     
         917   1.0000000000000000     
         918  0.99875000000000003     
         919  0.99875000000000003     
         920   1.0000000000000000     
         921  0.99875000000000003     
         922   1.0000000000000000     
         923   1.0000000000000000     
         924   1.0000000000000000     
         925  0.99750000000000005     
         926   1.0000000000000000     
         927  0.99875000000000003     
         928  0.99750000000000005     
         929   1.0000000000000000     
         930  0.99875000000000003     
         931   1.0000000000000000     
         932   1.0000000000000000     
         933  0.99750000000000005     
         934   1.0000000000000000     
         935   1.0000000000000000     
         936  0.99875000000000003     
         937  0.99750000000000005     
         938  0.99750000000000005     
         939  0.99624999999999997     
         940  0.99875000000000003     
         941  0.99875000000000003     
         942   1.0000000000000000     
         943   1.0000000000000000     
         944   1.0000000000000000     
         945   1.0000000000000000     
         946   1.0000000000000000     
         947   1.0000000000000000     
         948  0.99750000000000005     
         949  0.99624999999999997     
         950   1.0000000000000000     
         951  0.99875000000000003     
         952  0.99750000000000005     
         953  0.99875000000000003     
         954  0.99875000000000003     
         955  0.99875000000000003     
         956   1.0000000000000000     
         957  0.99875000000000003     
         958  0.99875000000000003     
         959   1.0000000000000000     
         960  0.99624999999999997     
         961  0.99875000000000003     
         962  0.99750000000000005     
         963  0.99624999999999997     
         964   1.0000000000000000     
         965   1.0000000000000000     
         966  0.99875000000000003     
         967  0.99875000000000003     
         968  0.99875000000000003     
         969   1.0000000000000000     
         970   1.0000000000000000     
         971  0.99750000000000005     
         972   1.0000000000000000     
         973   1.0000000000000000     
         974   1.0000000000000000     
         975   1.0000000000000000     
         976   1.0000000000000000     
         977  0.99875000000000003     
         978   1.0000000000000000     
         979   1.0000000000000000     
         980  0.99875000000000003     
         981  0.99875000000000003     
         982   1.0000000000000000     
         983   1.0000000000000000     
         984   1.0000000000000000     
         985  0.99750000000000005     
         986  0.99875000000000003     
         987  0.99875000000000003     
         988   1.0000000000000000     
         989   1.0000000000000000     
         990  0.99875000000000003     
         991  0.99875000000000003     
         992   1.0000000000000000     
         993  0.99875000000000003     
         994  0.99875000000000003     
         995   1.0000000000000000     
         996  0.99750000000000005     
         997  0.99875000000000003     
         998   1.0000000000000000     
         999   1.0000000000000000     
        1000   1.0000000000000000     
        1001  0.99750000000000005     
        1002  0.99875000000000003     
        1003  0.99750000000000005     
        1004  0.99875000000000003     
        1005   1.0000000000000000     
        1006   1.0000000000000000     
        1007  0.99875000000000003     
        1008  0.99875000000000003     
        1009  0.99875000000000003     
        1010   1.0000000000000000     
        1011   1.0000000000000000     
        1012  0.99624999999999997     
        1013   1.0000000000000000     
        1014  0.99624999999999997     
        1015   1.0000000000000000     
        1016   1.0000000000000000     
        1017  0.99624999999999997     
        1018  0.99875000000000003     
        1019  0.99875000000000003     
        1020  0.99875000000000003     
        1021   1.0000000000000000     
        1022  0.99750000000000005     
        1023   1.0000000000000000     
        1024   1.0000000000000000     
        1025  0.99750000000000005     
        1026   1.0000000000000000     
        1027   1.0000000000000000     
        1028  0.99875000000000003     
        1029   1.0000000000000000     
        1030  0.99750000000000005     
        1031  0.99875000000000003     
        1032   1.0000000000000000     
        1033  0.99875000000000003     
        1034  0.99875000000000003     
        1035  0.99875000000000003     
        1036  0.99875000000000003     
        1037   1.0000000000000000     
        1038  0.99750000000000005     
        1039  0.99624999999999997     
        1040  0.99875000000000003     
        1041  0.99750000000000005     
        1042  0.99875000000000003     
        1043  0.99750000000000005     
        1044  0.99750000000000005     
        1045   1.0000000000000000     
        1046   1.0000000000000000     
        1047  0.99624999999999997     
        1048   1.0000000000000000     
        1049   1.0000000000000000     
        1050   1.0000000000000000     
        1051  0.99875000000000003     
        1052  0.99750000000000005     
        1053  0.99875000000000003     
        1054  0.99750000000000005     
        1055  0.99750000000000005     
        1056  0.99875000000000003     
        1057  0.99875000000000003     
        1058  0.99875000000000003     
        1059  0.99875000000000003     
        1060   1.0000000000000000     
        1061   1.0000000000000000     
        1062  0.99750000000000005     
        1063  0.99500000000000000     
        1064   1.0000000000000000     
        1065  0.99750000000000005     
        1066   1.0000000000000000     
        1067  0.99875000000000003     
        1068  0.99750000000000005     
        1069  0.99750000000000005     
        1070  0.99750000000000005     
        1071   1.0000000000000000     
        1072  0.99750000000000005     
        1073  0.99750000000000005     
        1074   1.0000000000000000     
        1075  0.99875000000000003     
        1076  0.99875000000000003     
        1077  0.99875000000000003     
        1078  0.99875000000000003     
        1079   1.0000000000000000     
        1080  0.99875000000000003     
        1081  0.99875000000000003     
        1082   1.0000000000000000     
        1083   1.0000000000000000     
        1084   1.0000000000000000     
        1085  0.99875000000000003     
        1086   1.0000000000000000     
        1087  0.99750000000000005     
        1088  0.99750000000000005     
        1089   1.0000000000000000     
        1090   1.0000000000000000     
        1091  0.99750000000000005     
        1092   1.0000000000000000     
        1093   1.0000000000000000     
        1094  0.99875000000000003     
        1095  0.99875000000000003     
        1096   1.0000000000000000     
        1097  0.99875000000000003     
        1098  0.99875000000000003     
        1099   1.0000000000000000     
        1100  0.99875000000000003     
        1101   1.0000000000000000     
        1102  0.99875000000000003     
        1103  0.99750000000000005     
        1104   1.0000000000000000     
        1105   1.0000000000000000     
        1106  0.99624999999999997     
        1107  0.99875000000000003     
        1108  0.99875000000000003     
        1109  0.99875000000000003     
        1110  0.99875000000000003     
        1111  0.99750000000000005     
        1112  0.99875000000000003     
        1113   1.0000000000000000     
        1114  0.99875000000000003     
        1115  0.99875000000000003     
        1116  0.99875000000000003     
        1117   1.0000000000000000     
        1118   1.0000000000000000     
        1119   1.0000000000000000     
        1120   1.0000000000000000     
        1121  0.99875000000000003     
        1122   1.0000000000000000     
        1123  0.99875000000000003     
        1124  0.99750000000000005     
        1125   1.0000000000000000     
        1126  0.99750000000000005     
        1127   1.0000000000000000     
        1128  0.99875000000000003     
        1129   1.0000000000000000     
        1130  0.99875000000000003     
        1131  0.99875000000000003     
        1132   1.0000000000000000     
        1133  0.99875000000000003     
        1134  0.99875000000000003     
        1135  0.99750000000000005     
        1136   1.0000000000000000     
        1137  0.99750000000000005     
        1138   1.0000000000000000     
        1139   1.0000000000000000     
        1140  0.99875000000000003     
        1141   1.0000000000000000     
        1142   1.0000000000000000     
        1143  0.99750000000000005     
        1144  0.99500000000000000     
        1145   1.0000000000000000     
        1146  0.99750000000000005     
        1147   1.0000000000000000     
        1148  0.99875000000000003     
        1149  0.99875000000000003     
        1150  0.99875000000000003     
        1151  0.99875000000000003     
        1152  0.99750000000000005     
        1153   1.0000000000000000     
        1154   1.0000000000000000     
        1155  0.99875000000000003     
        1156  0.99875000000000003     
        1157   1.0000000000000000     
        1158   1.0000000000000000     
        1159   1.0000000000000000     
        1160  0.99875000000000003     
        1161   1.0000000000000000     
        1162  0.99875000000000003     
        1163   1.0000000000000000     
        1164  0.99750000000000005     
        1165  0.99750000000000005     
        1166  0.99750000000000005     
        1167  0.99875000000000003     
        1168  0.99875000000000003     
        1169   1.0000000000000000     
        1170  0.99875000000000003     
        1171  0.99875000000000003     
        1172   1.0000000000000000     
        1173   1.0000000000000000     
        1174  0.99875000000000003     
        1175   1.0000000000000000     
        1176  0.99875000000000003     
        1177  0.99875000000000003     
        1178  0.99875000000000003     
        1179  0.99875000000000003     
        1180  0.99750000000000005     
        1181  0.99750000000000005     
        1182  0.99875000000000003     
        1183   1.0000000000000000     
        1184  0.99875000000000003     
        1185  0.99750000000000005     
        1186   1.0000000000000000     
        1187  0.99875000000000003     
        1188   1.0000000000000000     
        1189  0.99750000000000005     
        1190   1.0000000000000000     
        1191  0.99750000000000005     
        1192  0.99875000000000003     
        1193  0.99875000000000003     
        1194  0.99875000000000003     
        1195  0.99875000000000003     
        1196   1.0000000000000000     
        1197   1.0000000000000000     
        1198   1.0000000000000000     
        1199  0.99750000000000005     
        1200   1.0000000000000000     
        1201   1.0000000000000000     
        1202  0.99875000000000003     
        1203  0.99875000000000003     
        1204   1.0000000000000000     
        1205  0.99750000000000005     
        1206   1.0000000000000000     
        1207  0.99624999999999997     
        1208  0.99875000000000003     
        1209   1.0000000000000000     
        1210   1.0000000000000000     
        1211  0.99750000000000005     
        1212   1.0000000000000000     
        1213   1.0000000000000000     
        1214   1.0000000000000000     
        1215  0.99875000000000003     
        1216   1.0000000000000000     
        1217  0.99875000000000003     
        1218  0.99750000000000005     
        1219  0.99875000000000003     
        1220  0.99875000000000003     
        1221   1.0000000000000000     
        1222  0.99875000000000003     
        1223  0.99875000000000003     
        1224  0.99500000000000000     
        1225   1.0000000000000000     
        1226  0.99875000000000003     
        1227  0.99624999999999997     
        1228   1.0000000000000000     
        1229  0.99875000000000003     
        1230  0.99875000000000003     
        1231  0.99750000000000005     
        1232  0.99875000000000003     
        1233   1.0000000000000000     
        1234  0.99875000000000003     
        1235   1.0000000000000000     
        1236   1.0000000000000000     
        1237   1.0000000000000000     
        1238   1.0000000000000000     
        1239   1.0000000000000000     
        1240  0.99624999999999997     
        1241   1.0000000000000000     
        1242   1.0000000000000000     
        1243  0.99875000000000003     
        1244   1.0000000000000000     
        1245  0.99875000000000003     
        1246  0.99875000000000003     
        1247  0.99875000000000003     
        1248   1.0000000000000000     
        1249  0.99500000000000000     
        1250  0.99875000000000003     
        1251   1.0000000000000000     
        1252   1.0000000000000000     
        1253  0.99875000000000003     
        1254   1.0000000000000000     
        1255   1.0000000000000000     
        1256  0.99875000000000003     
        1257   1.0000000000000000     
        1258  0.99875000000000003     
        1259  0.99624999999999997     
        1260   1.0000000000000000     
        1261   1.0000000000000000     
        1262  0.99875000000000003     
        1263   1.0000000000000000     
        1264  0.99875000000000003     
        1265  0.99875000000000003     
        1266  0.99875000000000003     
        1267  0.99750000000000005     
        1268   1.0000000000000000     
        1269   1.0000000000000000     
        1270  0.99875000000000003     
        1271  0.99624999999999997     
        1272  0.99875000000000003     
        1273   1.0000000000000000     
        1274   1.0000000000000000     
        1275  0.99875000000000003     
        1276  0.99875000000000003     
        1277  0.99875000000000003     
        1278  0.99750000000000005     
        1279   1.0000000000000000     
        1280   1.0000000000000000     
        1281   1.0000000000000000     
        1282  0.99875000000000003     
        1283   1.0000000000000000     
        1284   1.0000000000000000     
        1285  0.99875000000000003     
        1286   1.0000000000000000     
        1287  0.99750000000000005     
        1288   1.0000000000000000     
        1289   1.0000000000000000     
        1290   1.0000000000000000     
        1291  0.99875000000000003     
        1292   1.0000000000000000     
        1293  0.99750000000000005     
        1294  0.99875000000000003     
        1295   1.0000000000000000     
        1296   1.0000000000000000     
        1297  0.99624999999999997     
        1298  0.99875000000000003     
        1299   1.0000000000000000     
        1300  0.99624999999999997     
        1301   1.0000000000000000     
        1302  0.99750000000000005     
        1303   1.0000000000000000     
        1304  0.99624999999999997     
        1305   1.0000000000000000     
        1306   1.0000000000000000     
        1307   1.0000000000000000     
        1308   1.0000000000000000     
        1309   1.0000000000000000     
        1310   1.0000000000000000     
        1311   1.0000000000000000     
        1312  0.99875000000000003     
        1313  0.99875000000000003     
        1314  0.99875000000000003     
        1315   1.0000000000000000     
        1316   1.0000000000000000     
        1317  0.99750000000000005     
        1318  0.99750000000000005     
        1319  0.99875000000000003     
        1320  0.99875000000000003     
        1321   1.0000000000000000     
        1322  0.99750000000000005     
        1323   1.0000000000000000     
        1324  0.99875000000000003     
        1325   1.0000000000000000     
        1326  0.99750000000000005     
        1327  0.99750000000000005     
        1328  0.99875000000000003     
        1329   1.0000000000000000     
        1330  0.99624999999999997     
        1331  0.99750000000000005     
        1332   1.0000000000000000     
        1333   1.0000000000000000     
        1334  0.99750000000000005     
        1335  0.99875000000000003     
        1336  0.99875000000000003     
        1337  0.99875000000000003     
        1338  0.99750000000000005     
        1339   1.0000000000000000     
        1340  0.99875000000000003     
        1341   1.0000000000000000     
        1342   1.0000000000000000     
        1343  0.99875000000000003     
        1344   1.0000000000000000     
        1345  0.99750000000000005     
        1346  0.99875000000000003     
        1347  0.99750000000000005     
        1348   1.0000000000000000     
        1349  0.99750000000000005     
        1350   1.0000000000000000     
        1351   1.0000000000000000     
        1352   1.0000000000000000     
        1353  0.99875000000000003     
        1354  0.99750000000000005     
        1355   1.0000000000000000     
        1356  0.99875000000000003     
        1357   1.0000000000000000     
        1358  0.99750000000000005     
        1359  0.99875000000000003     
        1360   1.0000000000000000     
        1361   1.0000000000000000     
        1362   1.0000000000000000     
        1363   1.0000000000000000     
        1364  0.99875000000000003     
        1365   1.0000000000000000     
        1366  0.99875000000000003     
        1367   1.0000000000000000     
        1368  0.99750000000000005     
        1369   1.0000000000000000     
        1370   1.0000000000000000     
        1371   1.0000000000000000     
        1372   1.0000000000000000     
        1373   1.0000000000000000     
        1374  0.99875000000000003     
        1375  0.99875000000000003     
        1376   1.0000000000000000     
        1377   1.0000000000000000     
        1378   1.0000000000000000     
        1379  0.99750000000000005     
        1380  0.99500000000000000     
        1381   1.0000000000000000     
        1382  0.99875000000000003     
        1383  0.99875000000000003     
        1384  0.99375000000000002     
        1385  0.99750000000000005     
        1386  0.99875000000000003     
        1387   1.0000000000000000     
        1388  0.99875000000000003     
        1389  0.99624999999999997     
        1390  0.99875000000000003     
        1391   1.0000000000000000     
        1392   1.0000000000000000     
        1393  0.99875000000000003     
        1394  0.99375000000000002     
        1395   1.0000000000000000     
        1396  0.99875000000000003     
        1397  0.99750000000000005     
        1398  0.99750000000000005     
        1399  0.99875000000000003     
        1400   1.0000000000000000     
        1401   1.0000000000000000     
        1402   1.0000000000000000     
        1403   1.0000000000000000     
        1404   1.0000000000000000     
        1405   1.0000000000000000     
        1406  0.99875000000000003     
        1407   1.0000000000000000     
        1408  0.99750000000000005     
        1409   1.0000000000000000     
        1410  0.99875000000000003     
        1411   1.0000000000000000     
        1412  0.99875000000000003     
        1413   1.0000000000000000     
        1414   1.0000000000000000     
        1415   1.0000000000000000     
        1416  0.99875000000000003     
        1417  0.99875000000000003     
        1418  0.99875000000000003     
        1419   1.0000000000000000     
        1420  0.99875000000000003     
        1421   1.0000000000000000     
        1422  0.99875000000000003     
        1423  0.99875000000000003     
        1424  0.99875000000000003     
        1425   1.0000000000000000     
        1426  0.99500000000000000     
        1427  0.99750000000000005     
        1428  0.99875000000000003     
        1429   1.0000000000000000     
        1430  0.99875000000000003     
        1431   1.0000000000000000     
        1432   1.0000000000000000     
        1433   1.0000000000000000     
        1434  0.99875000000000003     
        1435  0.99875000000000003     
        1436   1.0000000000000000     
        1437  0.99875000000000003     
        1438   1.0000000000000000     
        1439  0.99875000000000003     
        1440   1.0000000000000000     
        1441  0.99875000000000003     
        1442  0.99750000000000005     
        1443  0.99875000000000003     
        1444  0.99875000000000003     
        1445  0.99750000000000005     
        1446   1.0000000000000000     
        1447   1.0000000000000000     
        1448   1.0000000000000000     
        1449  0.99875000000000003     
        1450   1.0000000000000000     
        1451   1.0000000000000000     
        1452   1.0000000000000000     
        1453   1.0000000000000000     
        1454  0.99875000000000003     
        1455   1.0000000000000000     
        1456  0.99875000000000003     
        1457  0.99875000000000003     
        1458   1.0000000000000000     
        1459  0.99875000000000003     
        1460   1.0000000000000000     
        1461   1.0000000000000000     
        1462  0.99750000000000005     
        1463  0.99875000000000003     
        1464   1.0000000000000000     
        1465   1.0000000000000000     
        1466   1.0000000000000000     
        1467  0.99750000000000005     
        1468  0.99750000000000005     
        1469  0.99875000000000003     
        1470   1.0000000000000000     
        1471  0.99875000000000003     
        1472  0.99875000000000003     
        1473   1.0000000000000000     
        1474   1.0000000000000000     
        1475   1.0000000000000000     
        1476  0.99875000000000003     
        1477   1.0000000000000000     
        1478   1.0000000000000000     
        1479  0.99875000000000003     
        1480   1.0000000000000000     
        1481  0.99750000000000005     
        1482  0.99875000000000003     
        1483   1.0000000000000000     
        1484  0.99875000000000003     
        1485  0.99624999999999997     
        1486  0.99875000000000003     
        1487   1.0000000000000000     
        1488  0.99750000000000005     
        1489   1.0000000000000000     
        1490   1.0000000000000000     
        1491   1.0000000000000000     
        1492   1.0000000000000000     
        1493  0.99875000000000003     
        1494  0.99750000000000005     
        1495  0.99624999999999997     
        1496  0.99875000000000003     
        1497  0.99875000000000003     
        1498  0.99500000000000000     
        1499   1.0000000000000000     
        1500  0.99875000000000003     
        1501  0.99750000000000005     
        1502   1.0000000000000000     
        1503   1.0000000000000000     
        1504  0.99500000000000000     
        1505  0.99875000000000003     
        1506  0.99750000000000005     
        1507  0.99875000000000003     
        1508   1.0000000000000000     
        1509   1.0000000000000000     
        1510   1.0000000000000000     
        1511  0.99875000000000003     
        1512   1.0000000000000000     
        1513   1.0000000000000000     
        1514  0.99624999999999997     
        1515  0.99500000000000000     
        1516  0.99875000000000003     
        1517   1.0000000000000000     
        1518   1.0000000000000000     
        1519   1.0000000000000000     
        1520  0.99875000000000003     
        1521   1.0000000000000000     
        1522   1.0000000000000000     
        1523  0.99875000000000003     
        1524  0.99750000000000005     
        1525  0.99875000000000003     
        1526  0.99875000000000003     
        1527   1.0000000000000000     
        1528   1.0000000000000000     
        1529   1.0000000000000000     
        1530   1.0000000000000000     
        1531  0.99750000000000005     
        1532   1.0000000000000000     
        1533   1.0000000000000000     
        1534  0.99750000000000005     
        1535  0.99875000000000003     
        1536  0.99875000000000003     
        1537  0.99875000000000003     
        1538   1.0000000000000000     
        1539   1.0000000000000000     
        1540   1.0000000000000000     
        1541  0.99875000000000003     
        1542   1.0000000000000000     
        1543  0.99750000000000005     
        1544  0.99875000000000003     
        1545  0.99875000000000003     
        1546  0.99875000000000003     
        1547   1.0000000000000000     
        1548  0.99875000000000003     
        1549  0.99875000000000003     
        1550   1.0000000000000000     
        1551   1.0000000000000000     
        1552  0.99875000000000003     
        1553  0.99875000000000003     
        1554  0.99750000000000005     
        1555   1.0000000000000000     
        1556   1.0000000000000000     
        1557   1.0000000000000000     
        1558  0.99875000000000003     
        1559  0.99624999999999997     
        1560   1.0000000000000000     
        1561  0.99875000000000003     
        1562   1.0000000000000000     
        1563   1.0000000000000000     
        1564   1.0000000000000000     
        1565   1.0000000000000000     
        1566  0.99750000000000005     
        1567  0.99750000000000005     
        1568  0.99875000000000003     
        1569  0.99875000000000003     
        1570  0.99875000000000003     
        1571  0.99875000000000003     
        1572  0.99875000000000003     
        1573  0.99875000000000003     
        1574  0.99750000000000005     
        1575  0.99875000000000003     
        1576  0.99875000000000003     
        1577   1.0000000000000000     
        1578   1.0000000000000000     
        1579   1.0000000000000000     
        1580   1.0000000000000000     
        1581  0.99875000000000003     
        1582   1.0000000000000000     
        1583  0.99875000000000003     
        1584   1.0000000000000000     
        1585   1.0000000000000000     
        1586   1.0000000000000000     
        1587   1.0000000000000000     
        1588  0.99875000000000003     
        1589   1.0000000000000000     
        1590   1.0000000000000000     
        1591  0.99750000000000005     
        1592  0.99750000000000005     
        1593   1.0000000000000000     
        1594  0.99875000000000003     
        1595  0.99624999999999997     
        1596  0.99750000000000005     
        1597   1.0000000000000000     
        1598   1.0000000000000000     
        1599   1.0000000000000000     
        1600   1.0000000000000000     
        1601   1.0000000000000000     
        1602  0.99875000000000003     
        1603  0.99875000000000003     
        1604   1.0000000000000000     
        1605   1.0000000000000000     
        1606  0.99875000000000003     
        1607   1.0000000000000000     
        1608   1.0000000000000000     
        1609  0.99624999999999997     
        1610   1.0000000000000000     
        1611   1.0000000000000000     
        1612  0.99875000000000003     
        1613  0.99750000000000005     
        1614   1.0000000000000000     
        1615  0.99875000000000003     
        1616   1.0000000000000000     
        1617  0.99750000000000005     
        1618   1.0000000000000000     
        1619   1.0000000000000000     
        1620   1.0000000000000000     
        1621  0.99875000000000003     
        1622   1.0000000000000000     
        1623  0.99875000000000003     
        1624   1.0000000000000000     
        1625   1.0000000000000000     
        1626  0.99624999999999997     
        1627  0.99875000000000003     
        1628  0.99875000000000003     
        1629  0.99875000000000003     
        1630   1.0000000000000000     
        1631   1.0000000000000000     
        1632   1.0000000000000000     
        1633   1.0000000000000000     
        1634  0.99750000000000005     
        1635  0.99500000000000000     
        1636   1.0000000000000000     
        1637  0.99875000000000003     
        1638  0.99875000000000003     
        1639   1.0000000000000000     
        1640  0.99875000000000003     
        1641  0.99875000000000003     
        1642  0.99750000000000005     
        1643  0.99875000000000003     
        1644  0.99750000000000005     
        1645   1.0000000000000000     
        1646  0.99875000000000003     
        1647  0.99624999999999997     
        1648  0.99624999999999997     
        1649   1.0000000000000000     
        1650   1.0000000000000000     
        1651   1.0000000000000000     
        1652  0.99875000000000003     
        1653   1.0000000000000000     
        1654  0.99875000000000003     
        1655   1.0000000000000000     
        1656   1.0000000000000000     
        1657  0.99875000000000003     
        1658  0.99750000000000005     
        1659  0.99624999999999997     
        1660   1.0000000000000000     
        1661  0.99875000000000003     
        1662   1.0000000000000000     
        1663   1.0000000000000000     
        1664   1.0000000000000000     
        1665   1.0000000000000000     
        1666  0.99875000000000003     
        1667  0.99875000000000003     
        1668  0.99875000000000003     
        1669  0.99875000000000003     
        1670  0.99750000000000005     
        1671   1.0000000000000000     
        1672   1.0000000000000000     
        1673  0.99875000000000003     
        1674  0.99875000000000003     
        1675  0.99750000000000005     
        1676   1.0000000000000000     
        1677   1.0000000000000000     
        1678   1.0000000000000000     
        1679  0.99875000000000003     
        1680   1.0000000000000000     
        1681   1.0000000000000000     
        1682  0.99875000000000003     
        1683   1.0000000000000000     
        1684   1.0000000000000000     
        1685  0.99875000000000003     
        1686  0.99875000000000003     
        1687   1.0000000000000000     
        1688  0.99875000000000003     
        1689   1.0000000000000000     
        1690  0.99875000000000003     
        1691  0.99875000000000003     
        1692   1.0000000000000000     
        1693   1.0000000000000000     
        1694  0.99875000000000003     
        1695  0.99875000000000003     
        1696   1.0000000000000000     
        1697   1.0000000000000000     
        1698   1.0000000000000000     
        1699  0.99750000000000005     
        1700  0.99750000000000005     
        1701  0.99875000000000003     
        1702  0.99875000000000003     
        1703   1.0000000000000000     
        1704  0.99624999999999997     
        1705   1.0000000000000000     
        1706   1.0000000000000000     
        1707   1.0000000000000000     
        1708   1.0000000000000000     
        1709  0.99750000000000005     
        1710   1.0000000000000000     
        1711   1.0000000000000000     
        1712  0.99875000000000003     
        1713  0.99624999999999997     
        1714  0.99875000000000003     
        1715  0.99750000000000005     
        1716   1.0000000000000000     
        1717  0.99750000000000005     
        1718   1.0000000000000000     
        1719  0.99750000000000005     
        1720   1.0000000000000000     
        1721  0.99750000000000005     
        1722   1.0000000000000000     
        1723   1.0000000000000000     
        1724  0.99750000000000005     
        1725  0.99875000000000003     
        1726   1.0000000000000000     
        1727  0.99750000000000005     
        1728  0.99875000000000003     
        1729   1.0000000000000000     
        1730   1.0000000000000000     
        1731   1.0000000000000000     
        1732  0.99750000000000005     
        1733  0.99750000000000005     
        1734  0.99875000000000003     
        1735   1.0000000000000000     
        1736   1.0000000000000000     
        1737  0.99875000000000003     
        1738  0.99500000000000000     
        1739  0.99375000000000002     
        1740  0.99875000000000003     
        1741  0.99750000000000005     
        1742   1.0000000000000000     
        1743  0.99624999999999997     
        1744  0.99875000000000003     
        1745  0.99875000000000003     
        1746   1.0000000000000000     
        1747  0.99750000000000005     
        1748   1.0000000000000000     
        1749   1.0000000000000000     
        1750   1.0000000000000000     
        1751   1.0000000000000000     
        1752   1.0000000000000000     
        1753   1.0000000000000000     
        1754  0.99875000000000003     
        1755   1.0000000000000000     
        1756  0.99875000000000003     
        1757   1.0000000000000000     
        1758  0.99500000000000000     
        1759  0.99875000000000003     
        1760   1.0000000000000000     
        1761   1.0000000000000000     
        1762   1.0000000000000000     
        1763   1.0000000000000000     
        1764  0.99624999999999997     
        1765  0.99875000000000003     
        1766  0.99624999999999997     
        1767  0.99875000000000003     
        1768  0.99875000000000003     
        1769  0.99875000000000003     
        1770   1.0000000000000000     
        1771  0.99875000000000003     
        1772  0.99750000000000005     
        1773   1.0000000000000000     
        1774  0.99750000000000005     
        1775   1.0000000000000000     
        1776  0.99750000000000005     
        1777   1.0000000000000000     
        1778   1.0000000000000000     
        1779   1.0000000000000000     
        1780   1.0000000000000000     
        1781  0.99875000000000003     
        1782   1.0000000000000000     
        1783  0.99875000000000003     
        1784   1.0000000000000000     
        1785   1.0000000000000000     
        1786  0.99875000000000003     
        1787   1.0000000000000000     
        1788  0.99500000000000000     
        1789   1.0000000000000000     
        1790   1.0000000000000000     
        1791   1.0000000000000000     
        1792  0.99875000000000003     
        1793  0.99875000000000003     
        1794  0.99875000000000003     
        1795  0.99875000000000003     
        1796   1.0000000000000000     
        1797   1.0000000000000000     
        1798  0.99875000000000003     
        1799  0.99750000000000005     
        1800   1.0000000000000000     
        1801   1.0000000000000000     
        1802   1.0000000000000000     
        1803   1.0000000000000000     
        1804   1.0000000000000000     
        1805  0.99875000000000003     
        1806  0.99875000000000003     
        1807  0.99875000000000003     
        1808   1.0000000000000000     
        1809   1.0000000000000000     
        1810  0.99875000000000003     
        1811   1.0000000000000000     
        1812  0.99875000000000003     
        1813   1.0000000000000000     
        1814   1.0000000000000000     
        1815   1.0000000000000000     
        1816  0.99875000000000003     
        1817  0.99875000000000003     
        1818  0.99875000000000003     
        1819   1.0000000000000000     
        1820   1.0000000000000000     
        1821  0.99750000000000005     
        1822   1.0000000000000000     
        1823   1.0000000000000000     
        1824   1.0000000000000000     
        1825  0.99875000000000003     
        1826   1.0000000000000000     
        1827   1.0000000000000000     
        1828  0.99875000000000003     
        1829  0.99875000000000003     
        1830  0.99875000000000003     
        1831   1.0000000000000000     
        1832  0.99875000000000003     
        1833   1.0000000000000000     
        1834  0.99750000000000005     
        1835   1.0000000000000000     
        1836  0.99875000000000003     
        1837   1.0000000000000000     
        1838  0.99750000000000005     
        1839   1.0000000000000000     
        1840  0.99750000000000005     
        1841  0.99750000000000005     
        1842  0.99875000000000003     
        1843   1.0000000000000000     
        1844  0.99750000000000005     
        1845  0.99875000000000003     
        1846   1.0000000000000000     
        1847  0.99875000000000003     
        1848   1.0000000000000000     
        1849  0.99875000000000003     
        1850  0.99750000000000005     
        1851   1.0000000000000000     
        1852   1.0000000000000000     
        1853   1.0000000000000000     
        1854   1.0000000000000000     
        1855  0.99875000000000003     
        1856  0.99875000000000003     
        1857  0.99875000000000003     
        1858  0.99875000000000003     
        1859   1.0000000000000000     
        1860  0.99750000000000005     
        1861  0.99875000000000003     
        1862   1.0000000000000000     
        1863  0.99875000000000003     
        1864   1.0000000000000000     
        1865  0.99750000000000005     
        1866  0.99875000000000003     
        1867   1.0000000000000000     
        1868  0.99875000000000003     
        1869  0.99875000000000003     
        1870   1.0000000000000000     
        1871  0.99500000000000000     
        1872  0.99750000000000005     
        1873   1.0000000000000000     
        1874   1.0000000000000000     
        1875  0.99875000000000003     
        1876  0.99875000000000003     
        1877  0.99750000000000005     
        1878  0.99875000000000003     
        1879   1.0000000000000000     
        1880  0.99875000000000003     
        1881  0.99875000000000003     
        1882  0.99875000000000003     
        1883   1.0000000000000000     
        1884   1.0000000000000000     
        1885  0.99875000000000003     
        1886  0.99750000000000005     
        1887  0.99875000000000003     
        1888   1.0000000000000000     
        1889  0.99875000000000003     
        1890  0.99875000000000003     
        1891   1.0000000000000000     
        1892  0.99750000000000005     
        1893   1.0000000000000000     
        1894   1.0000000000000000     
        1895  0.99875000000000003     
        1896   1.0000000000000000     
        1897  0.99875000000000003     
        1898  0.99875000000000003     
        1899   1.0000000000000000     
        1900   1.0000000000000000     
        1901  0.99624999999999997     
        1902  0.99500000000000000     
        1903   1.0000000000000000     
        1904  0.99875000000000003     
        1905  0.99624999999999997     
        1906  0.99875000000000003     
        1907   1.0000000000000000     
        1908  0.99875000000000003     
        1909  0.99875000000000003     
        1910  0.99875000000000003     
        1911  0.99875000000000003     
        1912   1.0000000000000000     
        1913   1.0000000000000000     
        1914   1.0000000000000000     
        1915  0.99875000000000003     
        1916   1.0000000000000000     
        1917   1.0000000000000000     
        1918   1.0000000000000000     
        1919   1.0000000000000000     
        1920  0.99875000000000003     
        1921   1.0000000000000000     
        1922  0.99875000000000003     
        1923   1.0000000000000000     
        1924  0.99875000000000003     
        1925   1.0000000000000000     
        1926  0.99875000000000003     
        1927   1.0000000000000000     
        1928   1.0000000000000000     
        1929  0.99875000000000003     
        1930  0.99875000000000003     
        1931  0.99750000000000005     
        1932  0.99875000000000003     
        1933  0.99875000000000003     
        1934  0.99875000000000003     
        1935  0.99875000000000003     
        1936   1.0000000000000000     
        1937  0.99624999999999997     
        1938  0.99750000000000005     
        1939   1.0000000000000000     
        1940   1.0000000000000000     
        1941  0.99750000000000005     
        1942  0.99750000000000005     
        1943  0.99875000000000003     
        1944  0.99875000000000003     
        1945   1.0000000000000000     
        1946   1.0000000000000000     
        1947  0.99750000000000005     
        1948   1.0000000000000000     
        1949   1.0000000000000000     
        1950  0.99750000000000005     
        1951   1.0000000000000000     
        1952   1.0000000000000000     
        1953  0.99875000000000003     
        1954  0.99750000000000005     
        1955   1.0000000000000000     
        1956   1.0000000000000000     
        1957  0.99875000000000003     
        1958  0.99875000000000003     
        1959   1.0000000000000000     
        1960   1.0000000000000000     
        1961   1.0000000000000000     
        1962  0.99875000000000003     
        1963   1.0000000000000000     
        1964  0.99875000000000003     
        1965  0.99875000000000003     
        1966  0.99750000000000005     
        1967   1.0000000000000000     
        1968  0.99750000000000005     
        1969   1.0000000000000000     
        1970  0.99875000000000003     
        1971   1.0000000000000000     
        1972   1.0000000000000000     
        1973   1.0000000000000000     
        1974   1.0000000000000000     
        1975  0.99624999999999997     
        1976   1.0000000000000000     
        1977   1.0000000000000000     
        1978   1.0000000000000000     
        1979  0.99875000000000003     
        1980  0.99875000000000003     
        1981  0.99875000000000003     
        1982   1.0000000000000000     
        1983  0.99750000000000005     
        1984  0.99875000000000003     
        1985  0.99875000000000003     
        1986  0.99750000000000005     
        1987   1.0000000000000000     
        1988   1.0000000000000000     
        1989  0.99875000000000003     
        1990   1.0000000000000000     
        1991  0.99624999999999997     
        1992  0.99875000000000003     
        1993   1.0000000000000000     
        1994   1.0000000000000000     
        1995   1.0000000000000000     
        1996   1.0000000000000000     
        1997  0.99875000000000003     
        1998   1.0000000000000000     
        1999   1.0000000000000000     
        2000  0.99875000000000003     
