           1   7.4999999999999997E-003
           2   7.0000000000000007E-002
           3   2.8750000000000001E-002
           4   4.0000000000000001E-002
           5   4.0000000000000001E-002
           6   6.8750000000000006E-002
           7   8.3750000000000005E-002
           8   5.6250000000000001E-002
           9   4.2500000000000003E-002
          10   1.2500000000000001E-002
          11   3.7499999999999999E-003
          12   5.0000000000000001E-003
          13   1.7500000000000002E-002
          14   2.0000000000000000E-002
          15   5.0000000000000001E-003
          16   5.9999999999999998E-002
          17   7.3749999999999996E-002
          18   4.0000000000000001E-002
          19   3.1250000000000000E-002
          20   2.3750000000000000E-002
          21   5.3749999999999999E-002
          22   3.7499999999999999E-003
          23   1.3750000000000000E-002
          24   3.5000000000000003E-002
          25   1.2500000000000001E-002
          26   1.8749999999999999E-002
          27   5.0000000000000003E-002
          28   3.2500000000000001E-002
          29   6.2500000000000003E-003
          30   2.3750000000000000E-002
          31   5.7500000000000002E-002
          32  0.11749999999999999     
          33   6.2500000000000000E-002
          34   7.4999999999999997E-003
          35   2.0000000000000000E-002
          36   3.7499999999999999E-003
          37   7.6249999999999998E-002
          38   5.8749999999999997E-002
          39   6.8750000000000006E-002
          40  0.10625000000000000     
          41  0.11874999999999999     
          42  0.12000000000000000     
          43  0.12375000000000000     
          44  0.10625000000000000     
          45  0.12375000000000000     
          46  0.11000000000000000     
          47   7.2499999999999995E-002
          48  0.10750000000000000     
          49   4.4999999999999998E-002
          50   2.7500000000000000E-002
          51   8.1250000000000003E-002
          52   6.2500000000000000E-002
          53   6.2500000000000003E-003
          54   7.6249999999999998E-002
          55   6.8750000000000006E-002
          56   8.8749999999999996E-002
          57  0.10500000000000000     
          58  0.10750000000000000     
          59  0.10875000000000000     
          60  0.10375000000000000     
          61   7.8750000000000001E-002
          62   7.8750000000000001E-002
          63   7.4999999999999997E-003
          64   6.2500000000000003E-003
          65   5.7500000000000002E-002
          66   5.5000000000000000E-002
          67   4.7500000000000001E-002
          68   7.0000000000000007E-002
          69   1.2500000000000000E-003
          70   1.8749999999999999E-002
          71   2.9999999999999999E-002
          72   7.7499999999999999E-002
          73   5.0000000000000001E-003
          74   2.6249999999999999E-002
          75   1.1250000000000000E-002
          76   3.3750000000000002E-002
          77   2.6249999999999999E-002
          78   1.0000000000000000E-002
          79   4.4999999999999998E-002
          80   0.0000000000000000     
          81   4.1250000000000002E-002
          82   5.7500000000000002E-002
          83   1.4999999999999999E-002
          84   2.5000000000000001E-003
          85   1.2500000000000000E-003
          86   3.7499999999999999E-003
          87   2.1250000000000002E-002
          88   2.8750000000000001E-002
          89   8.9999999999999997E-002
          90   5.2499999999999998E-002
          91   9.7500000000000003E-002
          92   1.1250000000000000E-002
          93   5.1249999999999997E-002
          94   3.7499999999999999E-002
          95   2.1250000000000002E-002
          96   3.7499999999999999E-003
          97   2.7500000000000000E-002
          98   5.0000000000000003E-002
          99   6.2500000000000003E-003
         100   2.2499999999999999E-002
         101   1.2500000000000001E-002
         102   1.3750000000000000E-002
         103   5.0000000000000001E-003
         104   1.2500000000000000E-003
         105   7.4999999999999997E-003
         106   3.8750000000000000E-002
         107   1.6250000000000001E-002
         108   3.7499999999999999E-003
         109   1.3750000000000000E-002
         110   3.8750000000000000E-002
         111   1.1250000000000000E-002
         112   7.6249999999999998E-002
         113   6.7500000000000004E-002
         114   5.9999999999999998E-002
         115   9.6250000000000002E-002
         116   4.7500000000000001E-002
         117   8.7500000000000008E-003
         118   5.1249999999999997E-002
         119   6.2500000000000003E-003
         120   4.6249999999999999E-002
         121   4.4999999999999998E-002
         122  0.10625000000000000     
         123   2.5000000000000001E-002
         124   2.6249999999999999E-002
         125   1.1250000000000000E-002
         126   5.0000000000000001E-003
         127   1.1250000000000000E-002
         128   8.7500000000000008E-003
         129   3.5000000000000003E-002
         130   5.8749999999999997E-002
         131   5.0000000000000001E-003
         132   2.5000000000000001E-003
         133   7.4999999999999997E-003
         134   2.9999999999999999E-002
         135   1.1250000000000000E-002
         136   2.3750000000000000E-002
         137   2.6249999999999999E-002
         138   5.0000000000000003E-002
         139   3.5000000000000003E-002
         140   1.6250000000000001E-002
         141   1.6250000000000001E-002
         142   2.7500000000000000E-002
         143   3.6249999999999998E-002
         144   8.7500000000000008E-003
         145   1.0000000000000000E-002
         146   2.6249999999999999E-002
         147   5.5000000000000000E-002
         148   2.0000000000000000E-002
         149   2.5000000000000001E-002
         150   3.7499999999999999E-003
         151   3.7499999999999999E-002
         152   2.1250000000000002E-002
         153   1.8749999999999999E-002
         154   5.8749999999999997E-002
         155   6.5000000000000002E-002
         156   4.1250000000000002E-002
         157   1.7500000000000002E-002
         158   6.2500000000000000E-002
         159   7.6249999999999998E-002
         160   6.3750000000000001E-002
         161   1.0000000000000000E-002
         162   1.2500000000000001E-002
         163   7.0000000000000007E-002
         164   7.1249999999999994E-002
         165   3.7499999999999999E-002
         166   5.1249999999999997E-002
         167   7.4999999999999997E-002
         168   2.1250000000000002E-002
         169   1.0000000000000000E-002
         170   1.6250000000000001E-002
         171   1.4999999999999999E-002
         172   1.8749999999999999E-002
         173   5.7500000000000002E-002
         174   5.8749999999999997E-002
         175   7.2499999999999995E-002
         176   5.3749999999999999E-002
         177   8.1250000000000003E-002
         178   9.5000000000000001E-002
         179   9.8750000000000004E-002
         180   6.7500000000000004E-002
         181   5.3749999999999999E-002
         182   5.0000000000000003E-002
         183   3.3750000000000002E-002
         184   1.1250000000000000E-002
         185   5.3749999999999999E-002
         186   7.4999999999999997E-002
         187   5.6250000000000001E-002
         188   7.3749999999999996E-002
         189  0.12375000000000000     
         190   6.8750000000000006E-002
         191   3.5000000000000003E-002
         192   6.6250000000000003E-002
         193   2.7500000000000000E-002
         194   1.0000000000000000E-002
         195   4.8750000000000002E-002
         196   1.2500000000000001E-002
         197   1.0000000000000000E-002
         198   1.0000000000000000E-002
         199   2.5000000000000001E-003
         200   3.7499999999999999E-003
         201   1.2500000000000001E-002
         202   1.6250000000000001E-002
         203   2.5000000000000001E-002
         204   2.8750000000000001E-002
         205   2.8750000000000001E-002
         206   5.3749999999999999E-002
         207   5.5000000000000000E-002
         208   5.6250000000000001E-002
         209   8.2500000000000004E-002
         210   2.7500000000000000E-002
         211   2.7500000000000000E-002
         212   1.3750000000000000E-002
         213   3.7499999999999999E-003
         214   8.7500000000000008E-003
         215   2.5000000000000001E-002
         216   2.5000000000000001E-003
         217   2.9999999999999999E-002
         218   2.9999999999999999E-002
         219   6.1249999999999999E-002
         220   4.8750000000000002E-002
         221   5.2499999999999998E-002
         222   6.2500000000000003E-003
         223   2.2499999999999999E-002
         224   2.8750000000000001E-002
         225   4.4999999999999998E-002
         226   2.7500000000000000E-002
         227   2.5000000000000001E-003
         228   3.3750000000000002E-002
         229   3.7499999999999999E-002
         230   2.3750000000000000E-002
         231   5.0000000000000001E-003
         232   6.2500000000000003E-003
         233   4.6249999999999999E-002
         234   8.0000000000000002E-002
         235   1.1250000000000000E-002
         236   3.5000000000000003E-002
         237   1.3750000000000000E-002
         238   2.8750000000000001E-002
         239   5.6250000000000001E-002
         240   4.4999999999999998E-002
         241   6.2500000000000000E-002
         242   2.2499999999999999E-002
         243   6.2500000000000000E-002
         244   9.3750000000000000E-002
         245   2.5000000000000001E-002
         246   5.0000000000000001E-003
         247   3.7499999999999999E-003
         248   2.2499999999999999E-002
         249   2.5000000000000001E-002
         250   3.7499999999999999E-003
         251   4.7500000000000001E-002
         252   6.2500000000000003E-003
         253   3.5000000000000003E-002
         254   5.5000000000000000E-002
         255   6.7500000000000004E-002
         256   5.6250000000000001E-002
         257   6.7500000000000004E-002
         258   0.0000000000000000     
         259   2.1250000000000002E-002
         260   2.5000000000000001E-003
         261   1.2500000000000001E-002
         262   1.4999999999999999E-002
         263   3.7499999999999999E-003
         264   2.5000000000000001E-002
         265   2.7500000000000000E-002
         266   1.1250000000000000E-002
         267   2.9999999999999999E-002
         268   3.6249999999999998E-002
         269   5.0000000000000003E-002
         270   5.5000000000000000E-002
         271   5.8749999999999997E-002
         272   6.2500000000000000E-002
         273   7.4999999999999997E-003
         274   7.4999999999999997E-003
         275   9.2499999999999999E-002
         276  0.11000000000000000     
         277   9.5000000000000001E-002
         278   9.6250000000000002E-002
         279   5.8749999999999997E-002
         280   3.7499999999999999E-002
         281   6.1249999999999999E-002
         282   2.5000000000000001E-002
         283   1.0000000000000000E-002
         284   5.0000000000000001E-003
         285   3.5000000000000003E-002
         286   1.3750000000000000E-002
         287   7.4999999999999997E-003
         288   4.4999999999999998E-002
         289   3.7499999999999999E-003
         290   2.7500000000000000E-002
         291   2.6249999999999999E-002
         292   4.3749999999999997E-002
         293   5.2499999999999998E-002
         294   1.2500000000000000E-003
         295   1.2500000000000000E-003
         296   4.0000000000000001E-002
         297   3.7499999999999999E-003
         298   2.1250000000000002E-002
         299   6.1249999999999999E-002
         300   9.7500000000000003E-002
         301   8.2500000000000004E-002
         302   8.1250000000000003E-002
         303   6.1249999999999999E-002
         304   3.5000000000000003E-002
         305   1.8749999999999999E-002
         306   3.3750000000000002E-002
         307   3.6249999999999998E-002
         308   2.0000000000000000E-002
         309   2.5000000000000001E-003
         310   2.9999999999999999E-002
         311   1.0000000000000000E-002
         312   4.4999999999999998E-002
         313   5.9999999999999998E-002
         314   2.8750000000000001E-002
         315   6.3750000000000001E-002
         316  0.11749999999999999     
         317   9.2499999999999999E-002
         318   8.3750000000000005E-002
         319  0.12875000000000000     
         320   9.5000000000000001E-002
         321   6.3750000000000001E-002
         322   5.3749999999999999E-002
         323  0.10625000000000000     
         324   5.6250000000000001E-002
         325   5.9999999999999998E-002
         326   3.7499999999999999E-003
         327   1.2500000000000001E-002
         328   6.2500000000000003E-003
         329   1.4999999999999999E-002
         330   2.5000000000000001E-003
         331   1.2500000000000000E-003
         332   3.6249999999999998E-002
         333   6.1249999999999999E-002
         334   5.7500000000000002E-002
         335   3.6249999999999998E-002
         336   1.8749999999999999E-002
         337   1.2500000000000000E-003
         338   6.3750000000000001E-002
         339   0.0000000000000000     
         340   1.8749999999999999E-002
         341   5.7500000000000002E-002
         342   2.8750000000000001E-002
         343   3.3750000000000002E-002
         344   6.6250000000000003E-002
         345   4.1250000000000002E-002
         346   1.2500000000000001E-002
         347   1.6250000000000001E-002
         348   2.6249999999999999E-002
         349   2.2499999999999999E-002
         350   2.3750000000000000E-002
         351   3.2500000000000001E-002
         352   4.0000000000000001E-002
         353   5.1249999999999997E-002
         354   5.9999999999999998E-002
         355   3.2500000000000001E-002
         356   4.7500000000000001E-002
         357   6.5000000000000002E-002
         358   1.7500000000000002E-002
         359   1.2500000000000000E-003
         360   2.3750000000000000E-002
         361   2.8750000000000001E-002
         362   8.7500000000000008E-003
         363   1.6250000000000001E-002
         364   7.4999999999999997E-003
         365   1.3750000000000000E-002
         366   7.4999999999999997E-003
         367   7.2499999999999995E-002
         368   1.7500000000000002E-002
         369   1.6250000000000001E-002
         370   1.7500000000000002E-002
         371   1.6250000000000001E-002
         372   2.3750000000000000E-002
         373   3.5000000000000003E-002
         374   2.9999999999999999E-002
         375   5.6250000000000001E-002
         376   1.7500000000000002E-002
         377   1.8749999999999999E-002
         378   6.2500000000000000E-002
         379   9.6250000000000002E-002
         380   6.3750000000000001E-002
         381   5.2499999999999998E-002
         382   2.3750000000000000E-002
         383   3.2500000000000001E-002
         384   8.6249999999999993E-002
         385   7.4999999999999997E-003
         386   2.3750000000000000E-002
         387   2.0000000000000000E-002
         388   5.6250000000000001E-002
         389   3.2500000000000001E-002
         390   1.2500000000000001E-002
         391   3.1250000000000000E-002
         392   2.0000000000000000E-002
         393   9.3750000000000000E-002
         394  0.11874999999999999     
         395  0.12000000000000000     
         396   8.8749999999999996E-002
         397   6.8750000000000006E-002
         398   7.3749999999999996E-002
         399   5.9999999999999998E-002
         400   3.3750000000000002E-002
         401   7.0000000000000007E-002
         402   1.6250000000000001E-002
         403   4.8750000000000002E-002
         404   1.2500000000000001E-002
         405   1.1250000000000000E-002
         406   2.7500000000000000E-002
         407   2.3750000000000000E-002
         408   5.1249999999999997E-002
         409   5.0000000000000001E-003
         410   4.1250000000000002E-002
         411   1.2500000000000000E-003
         412   3.6249999999999998E-002
         413   5.6250000000000001E-002
         414   1.8749999999999999E-002
         415   2.7500000000000000E-002
         416   6.5000000000000002E-002
         417   2.5000000000000001E-002
         418   7.0000000000000007E-002
         419   7.8750000000000001E-002
         420   9.2499999999999999E-002
         421   5.2499999999999998E-002
         422   6.8750000000000006E-002
         423   6.1249999999999999E-002
         424   4.3749999999999997E-002
         425   5.7500000000000002E-002
         426   6.2500000000000000E-002
         427   4.3749999999999997E-002
         428   1.0000000000000000E-002
         429   8.2500000000000004E-002
         430   6.3750000000000001E-002
         431   3.2500000000000001E-002
         432   2.0000000000000000E-002
         433   4.7500000000000001E-002
         434   2.9999999999999999E-002
         435   2.9999999999999999E-002
         436   7.0000000000000007E-002
         437  0.14000000000000001     
         438   7.7499999999999999E-002
         439   1.2500000000000001E-002
         440   4.2500000000000003E-002
         441   2.1250000000000002E-002
         442   1.6250000000000001E-002
         443   2.6249999999999999E-002
         444   5.1249999999999997E-002
         445   6.2500000000000003E-003
         446   9.5000000000000001E-002
         447   5.0000000000000003E-002
         448   5.0000000000000001E-003
         449   2.3750000000000000E-002
         450   2.5000000000000001E-003
         451   1.1250000000000000E-002
         452   1.2500000000000001E-002
         453   1.8749999999999999E-002
         454   3.6249999999999998E-002
         455   2.7500000000000000E-002
         456   2.8750000000000001E-002
         457   3.1250000000000000E-002
         458   8.7499999999999994E-002
         459   4.7500000000000001E-002
         460   0.0000000000000000     
         461   3.3750000000000002E-002
         462   4.0000000000000001E-002
         463   3.1250000000000000E-002
         464   1.8749999999999999E-002
         465   2.5000000000000001E-002
         466   2.6249999999999999E-002
         467   4.0000000000000001E-002
         468   1.3750000000000000E-002
         469   3.2500000000000001E-002
         470   7.4999999999999997E-002
         471   2.8750000000000001E-002
         472   2.9999999999999999E-002
         473   3.1250000000000000E-002
         474   1.0000000000000000E-002
         475   1.0000000000000000E-002
         476   1.2500000000000000E-003
         477   1.6250000000000001E-002
         478   2.5000000000000001E-003
         479   2.6249999999999999E-002
         480   5.0000000000000001E-003
         481   2.5000000000000001E-003
         482   2.5000000000000001E-002
         483   7.4999999999999997E-003
         484   1.3750000000000000E-002
         485   4.8750000000000002E-002
         486   0.0000000000000000     
         487   2.2499999999999999E-002
         488   3.7499999999999999E-003
         489   5.0000000000000001E-003
         490   2.3750000000000000E-002
         491   4.2500000000000003E-002
         492   3.8750000000000000E-002
         493   2.8750000000000001E-002
         494   5.3749999999999999E-002
         495   1.8749999999999999E-002
         496   8.3750000000000005E-002
         497   8.8749999999999996E-002
         498   8.8749999999999996E-002
         499   7.3749999999999996E-002
         500  0.14499999999999999     
         501  0.11375000000000000     
         502   2.8750000000000001E-002
         503   5.7500000000000002E-002
         504   4.4999999999999998E-002
         505   8.3750000000000005E-002
         506   4.3749999999999997E-002
         507   2.7500000000000000E-002
         508   4.7500000000000001E-002
         509   1.2500000000000001E-002
         510   1.8749999999999999E-002
         511   4.2500000000000003E-002
         512   8.7500000000000008E-003
         513   6.8750000000000006E-002
         514   4.7500000000000001E-002
         515   1.4999999999999999E-002
         516   8.7499999999999994E-002
         517   6.8750000000000006E-002
         518   5.5000000000000000E-002
         519   7.4999999999999997E-003
         520   4.0000000000000001E-002
         521   5.3749999999999999E-002
         522   5.5000000000000000E-002
         523   3.3750000000000002E-002
         524   2.2499999999999999E-002
         525   5.5000000000000000E-002
         526   8.8749999999999996E-002
         527  0.10625000000000000     
         528   1.2500000000000000E-003
         529   6.2500000000000000E-002
         530   3.6249999999999998E-002
         531   7.3749999999999996E-002
         532  0.11000000000000000     
         533  0.12125000000000000     
         534   3.1250000000000000E-002
         535   6.2500000000000000E-002
         536   6.8750000000000006E-002
         537   1.7500000000000002E-002
         538   7.4999999999999997E-003
         539   7.4999999999999997E-003
         540   3.7499999999999999E-002
         541   4.8750000000000002E-002
         542   2.5000000000000001E-002
         543   1.3750000000000000E-002
         544   3.1250000000000000E-002
         545   4.7500000000000001E-002
         546  0.11375000000000000     
         547   5.6250000000000001E-002
         548   7.4999999999999997E-003
         549   4.1250000000000002E-002
         550   5.0000000000000001E-003
         551   3.8750000000000000E-002
         552   2.2499999999999999E-002
         553   2.8750000000000001E-002
         554   4.1250000000000002E-002
         555   1.2500000000000001E-002
         556   4.1250000000000002E-002
         557   1.1250000000000000E-002
         558   3.2500000000000001E-002
         559   5.2499999999999998E-002
         560   4.8750000000000002E-002
         561   3.8750000000000000E-002
         562   6.8750000000000006E-002
         563   1.2500000000000000E-003
         564   4.3749999999999997E-002
         565   6.8750000000000006E-002
         566   1.4999999999999999E-002
         567   5.0000000000000001E-003
         568   6.8750000000000006E-002
         569   1.0000000000000000E-002
         570   1.0000000000000000E-002
         571   2.9999999999999999E-002
         572   2.9999999999999999E-002
         573   2.3750000000000000E-002
         574   4.4999999999999998E-002
         575   5.0000000000000001E-003
         576   2.0000000000000000E-002
         577   7.4999999999999997E-003
         578   6.2500000000000003E-003
         579   1.2500000000000001E-002
         580   4.0000000000000001E-002
         581   3.3750000000000002E-002
         582   1.8749999999999999E-002
         583   5.5000000000000000E-002
         584   3.7499999999999999E-003
         585   5.1249999999999997E-002
         586   3.2500000000000001E-002
         587   8.7500000000000008E-003
         588   5.6250000000000001E-002
         589   4.0000000000000001E-002
         590   2.0000000000000000E-002
         591   1.3750000000000000E-002
         592   2.5000000000000001E-002
         593   5.2499999999999998E-002
         594   1.1250000000000000E-002
         595   2.8750000000000001E-002
         596   3.8750000000000000E-002
         597   2.9999999999999999E-002
         598   3.5000000000000003E-002
         599   2.3750000000000000E-002
         600   5.1249999999999997E-002
         601   3.7499999999999999E-002
         602   5.0000000000000001E-003
         603   5.9999999999999998E-002
         604   3.6249999999999998E-002
         605   4.1250000000000002E-002
         606   5.7500000000000002E-002
         607   8.7500000000000008E-003
         608   5.1249999999999997E-002
         609   4.3749999999999997E-002
         610   7.4999999999999997E-002
         611   5.0000000000000003E-002
         612   1.4999999999999999E-002
         613   1.8749999999999999E-002
         614   2.7500000000000000E-002
         615   1.6250000000000001E-002
         616   3.7499999999999999E-002
         617   7.1249999999999994E-002
         618   4.8750000000000002E-002
         619   7.1249999999999994E-002
         620   5.3749999999999999E-002
         621   3.7499999999999999E-002
         622   2.9999999999999999E-002
         623   3.1250000000000000E-002
         624   6.2500000000000003E-003
         625   3.7499999999999999E-003
         626   2.8750000000000001E-002
         627   1.2500000000000001E-002
         628   8.7500000000000008E-003
         629   8.7499999999999994E-002
         630   7.4999999999999997E-002
         631   5.3749999999999999E-002
         632   5.3749999999999999E-002
         633   5.1249999999999997E-002
         634   2.2499999999999999E-002
         635   5.7500000000000002E-002
         636   8.6249999999999993E-002
         637  0.11250000000000000     
         638   5.1249999999999997E-002
         639   2.0000000000000000E-002
         640   3.7499999999999999E-003
         641   4.0000000000000001E-002
         642   2.5000000000000001E-003
         643   1.6250000000000001E-002
         644   1.8749999999999999E-002
         645   3.7499999999999999E-002
         646   7.3749999999999996E-002
         647   4.3749999999999997E-002
         648   3.5000000000000003E-002
         649   8.8749999999999996E-002
         650   7.0000000000000007E-002
         651   9.8750000000000004E-002
         652   8.9999999999999997E-002
         653   8.0000000000000002E-002
         654   2.1250000000000002E-002
         655   1.2500000000000000E-003
         656   2.6249999999999999E-002
         657   5.0000000000000003E-002
         658   3.1250000000000000E-002
         659   7.3749999999999996E-002
         660   3.7499999999999999E-003
         661   2.5000000000000001E-002
         662   7.4999999999999997E-003
         663   5.8749999999999997E-002
         664   5.5000000000000000E-002
         665   2.7500000000000000E-002
         666   1.8749999999999999E-002
         667   5.7500000000000002E-002
         668   5.2499999999999998E-002
         669   2.0000000000000000E-002
         670   1.2500000000000001E-002
         671   8.7500000000000008E-003
         672   3.7499999999999999E-003
         673   6.2500000000000003E-003
         674   7.4999999999999997E-003
         675   8.7500000000000008E-003
         676   2.8750000000000001E-002
         677   1.3750000000000000E-002
         678   6.7500000000000004E-002
         679  0.10875000000000000     
         680   8.1250000000000003E-002
         681   8.2500000000000004E-002
         682   6.2500000000000000E-002
         683   1.4999999999999999E-002
         684   6.2500000000000003E-003
         685   4.3749999999999997E-002
         686   1.3750000000000000E-002
         687   7.4999999999999997E-003
         688   1.0000000000000000E-002
         689   1.0000000000000000E-002
         690   2.0000000000000000E-002
         691   1.1250000000000000E-002
         692   2.9999999999999999E-002
         693   3.7499999999999999E-002
         694   6.7500000000000004E-002
         695   8.1250000000000003E-002
         696   6.1249999999999999E-002
         697   5.0000000000000001E-003
         698   8.7500000000000008E-003
         699   7.4999999999999997E-003
         700   2.5000000000000001E-003
         701   4.8750000000000002E-002
         702   7.4999999999999997E-002
         703   2.7500000000000000E-002
         704   4.0000000000000001E-002
         705   7.8750000000000001E-002
         706   8.7500000000000008E-003
         707   2.6249999999999999E-002
         708   2.7500000000000000E-002
         709   1.2500000000000001E-002
         710   8.7500000000000008E-003
         711   5.3749999999999999E-002
         712   2.1250000000000002E-002
         713   6.3750000000000001E-002
         714   2.1250000000000002E-002
         715   5.6250000000000001E-002
         716   2.2499999999999999E-002
         717   7.8750000000000001E-002
         718   2.8750000000000001E-002
         719   8.7500000000000008E-003
         720   1.1250000000000000E-002
         721   1.2500000000000001E-002
         722   5.7500000000000002E-002
         723   1.0000000000000000E-002
         724   3.8750000000000000E-002
         725   8.7500000000000008E-003
         726   4.7500000000000001E-002
         727   3.7499999999999999E-002
         728   1.2500000000000001E-002
         729   1.6250000000000001E-002
         730   2.8750000000000001E-002
         731   5.0000000000000003E-002
         732   9.6250000000000002E-002
         733   7.0000000000000007E-002
         734   4.0000000000000001E-002
         735   3.7499999999999999E-002
         736   3.7499999999999999E-002
         737   4.1250000000000002E-002
         738   2.6249999999999999E-002
         739   5.3749999999999999E-002
         740   6.6250000000000003E-002
         741   7.6249999999999998E-002
         742   6.5000000000000002E-002
         743   3.1250000000000000E-002
         744   2.5000000000000001E-003
         745   2.8750000000000001E-002
         746   1.8749999999999999E-002
         747   1.0000000000000000E-002
         748   2.0000000000000000E-002
         749   1.8749999999999999E-002
         750   1.6250000000000001E-002
         751   3.5000000000000003E-002
         752   5.0000000000000003E-002
         753   5.9999999999999998E-002
         754   2.5000000000000001E-002
         755   2.3750000000000000E-002
         756   3.6249999999999998E-002
         757   1.3750000000000000E-002
         758   2.5000000000000001E-003
         759   6.5000000000000002E-002
         760   5.6250000000000001E-002
         761   4.6249999999999999E-002
         762   2.3750000000000000E-002
         763   2.1250000000000002E-002
         764   4.6249999999999999E-002
         765   4.0000000000000001E-002
         766   2.9999999999999999E-002
         767   2.8750000000000001E-002
         768   1.3750000000000000E-002
         769   4.6249999999999999E-002
         770   2.2499999999999999E-002
         771   6.7500000000000004E-002
         772   8.2500000000000004E-002
         773   7.8750000000000001E-002
         774   7.0000000000000007E-002
         775   2.8750000000000001E-002
         776   3.6249999999999998E-002
         777  0.14874999999999999     
         778  0.12250000000000000     
         779   6.1249999999999999E-002
         780   2.8750000000000001E-002
         781   6.2500000000000003E-003
         782   2.1250000000000002E-002
         783   4.4999999999999998E-002
         784   1.7500000000000002E-002
         785   7.1249999999999994E-002
         786   3.8750000000000000E-002
         787   1.6250000000000001E-002
         788   1.6250000000000001E-002
         789   6.1249999999999999E-002
         790   4.3749999999999997E-002
         791   6.2500000000000003E-003
         792   3.1250000000000000E-002
         793   3.8750000000000000E-002
         794   6.8750000000000006E-002
         795   5.0000000000000001E-003
         796   8.7500000000000008E-003
         797   2.6249999999999999E-002
         798   1.2500000000000000E-003
         799   6.2500000000000003E-003
         800   5.8749999999999997E-002
         801   8.3750000000000005E-002
         802   4.3749999999999997E-002
         803   1.1250000000000000E-002
         804   1.7500000000000002E-002
         805   5.3749999999999999E-002
         806   5.0000000000000001E-003
         807   2.3750000000000000E-002
         808   1.1250000000000000E-002
         809   2.5000000000000001E-003
         810   0.0000000000000000     
         811   1.2500000000000000E-003
         812   1.2500000000000000E-003
         813   6.2500000000000003E-003
         814   1.2500000000000001E-002
         815   3.2500000000000001E-002
         816   3.1250000000000000E-002
         817   5.0000000000000001E-003
         818   7.4999999999999997E-003
         819   5.0000000000000001E-003
         820   6.8750000000000006E-002
         821   5.0000000000000001E-003
         822   1.7500000000000002E-002
         823   8.8749999999999996E-002
         824   4.6249999999999999E-002
         825   7.1249999999999994E-002
         826   3.6249999999999998E-002
         827   1.8749999999999999E-002
         828   8.7500000000000008E-003
         829   1.2500000000000000E-003
         830   3.7499999999999999E-002
         831   2.7500000000000000E-002
         832   1.7500000000000002E-002
         833  0.11874999999999999     
         834   8.8749999999999996E-002
         835   3.8750000000000000E-002
         836   7.4999999999999997E-003
         837   4.7500000000000001E-002
         838   3.7499999999999999E-002
         839   3.7499999999999999E-002
         840   8.3750000000000005E-002
         841   9.5000000000000001E-002
         842  0.14249999999999999     
         843   6.5000000000000002E-002
         844   6.3750000000000001E-002
         845   3.1250000000000000E-002
         846   5.0000000000000001E-003
         847   2.6249999999999999E-002
         848   3.7499999999999999E-003
         849   4.7500000000000001E-002
         850   5.9999999999999998E-002
         851   2.5000000000000001E-003
         852   2.2499999999999999E-002
         853   3.2500000000000001E-002
         854   1.3750000000000000E-002
         855   1.2500000000000001E-002
         856   2.5000000000000001E-002
         857   1.4999999999999999E-002
         858   5.1249999999999997E-002
         859   3.1250000000000000E-002
         860   1.4999999999999999E-002
         861   2.0000000000000000E-002
         862   3.8750000000000000E-002
         863   5.3749999999999999E-002
         864   1.1250000000000000E-002
         865   1.1250000000000000E-002
         866   2.0000000000000000E-002
         867   2.7500000000000000E-002
         868   1.7500000000000002E-002
         869   4.3749999999999997E-002
         870   3.7499999999999999E-002
         871   1.4999999999999999E-002
         872   1.3750000000000000E-002
         873   1.2500000000000001E-002
         874   1.1250000000000000E-002
         875   4.6249999999999999E-002
         876   8.5000000000000006E-002
         877   2.9999999999999999E-002
         878   8.9999999999999997E-002
         879   8.0000000000000002E-002
         880   2.1250000000000002E-002
         881   1.2500000000000000E-003
         882   3.7499999999999999E-003
         883   3.8750000000000000E-002
         884   4.1250000000000002E-002
         885   2.7500000000000000E-002
         886   1.3750000000000000E-002
         887   0.0000000000000000     
         888   7.4999999999999997E-003
         889   1.8749999999999999E-002
         890   5.0000000000000001E-003
         891   6.3750000000000001E-002
         892   5.3749999999999999E-002
         893   1.4999999999999999E-002
         894   4.0000000000000001E-002
         895   4.3749999999999997E-002
         896   6.6250000000000003E-002
         897   2.5000000000000001E-003
         898   8.7500000000000008E-003
         899   1.0000000000000000E-002
         900   3.5000000000000003E-002
         901   3.8750000000000000E-002
         902   6.8750000000000006E-002
         903   7.0000000000000007E-002
         904   8.3750000000000005E-002
         905   6.2500000000000003E-003
         906   1.1250000000000000E-002
         907   2.9999999999999999E-002
         908   4.4999999999999998E-002
         909   3.6249999999999998E-002
         910   4.2500000000000003E-002
         911   1.7500000000000002E-002
         912   4.4999999999999998E-002
         913   9.2499999999999999E-002
         914   9.2499999999999999E-002
         915   2.7500000000000000E-002
         916   4.6249999999999999E-002
         917   3.2500000000000001E-002
         918   5.0000000000000001E-003
         919   2.5000000000000001E-003
         920   8.7500000000000008E-003
         921   4.1250000000000002E-002
         922   4.2500000000000003E-002
         923   3.3750000000000002E-002
         924   1.2500000000000000E-003
         925   6.3750000000000001E-002
         926   6.3750000000000001E-002
         927   7.4999999999999997E-003
         928   5.0000000000000003E-002
         929   7.8750000000000001E-002
         930   7.7499999999999999E-002
         931   8.0000000000000002E-002
         932   6.5000000000000002E-002
         933   1.8749999999999999E-002
         934   4.0000000000000001E-002
         935   5.0000000000000001E-003
         936   2.1250000000000002E-002
         937   3.2500000000000001E-002
         938   4.6249999999999999E-002
         939   2.7500000000000000E-002
         940   2.5000000000000001E-003
         941   6.2500000000000000E-002
         942   9.6250000000000002E-002
         943   2.3750000000000000E-002
         944   6.2500000000000000E-002
         945   7.2499999999999995E-002
         946   3.5000000000000003E-002
         947   5.0000000000000001E-003
         948   4.2500000000000003E-002
         949   2.8750000000000001E-002
         950   6.2500000000000003E-003
         951   3.6249999999999998E-002
         952   3.3750000000000002E-002
         953   4.8750000000000002E-002
         954   6.3750000000000001E-002
         955   4.2500000000000003E-002
         956   2.0000000000000000E-002
         957   4.0000000000000001E-002
         958   3.8750000000000000E-002
         959   4.4999999999999998E-002
         960   3.3750000000000002E-002
         961   5.3749999999999999E-002
         962   1.1250000000000000E-002
         963   5.5000000000000000E-002
         964   1.6250000000000001E-002
         965   2.3750000000000000E-002
         966   3.8750000000000000E-002
         967   5.2499999999999998E-002
         968   7.3749999999999996E-002
         969   9.6250000000000002E-002
         970   8.1250000000000003E-002
         971   2.3750000000000000E-002
         972   7.4999999999999997E-003
         973   3.7499999999999999E-003
         974   1.1250000000000000E-002
         975   5.0000000000000001E-003
         976   5.8749999999999997E-002
         977   8.0000000000000002E-002
         978   2.3750000000000000E-002
         979   2.8750000000000001E-002
         980   2.1250000000000002E-002
         981   2.0000000000000000E-002
         982   3.8750000000000000E-002
         983   6.1249999999999999E-002
         984   5.8749999999999997E-002
         985   8.9999999999999997E-002
         986  0.10125000000000001     
         987   6.3750000000000001E-002
         988  0.10000000000000001     
         989  0.10500000000000000     
         990  0.11625000000000001     
         991  0.14000000000000001     
         992   8.9999999999999997E-002
         993   2.3750000000000000E-002
         994   8.7500000000000008E-003
         995   2.3750000000000000E-002
         996   2.1250000000000002E-002
         997   2.2499999999999999E-002
         998   9.3750000000000000E-002
         999   2.8750000000000001E-002
        1000   3.5000000000000003E-002
        1001   3.6249999999999998E-002
        1002   1.3750000000000000E-002
        1003   3.8750000000000000E-002
        1004   2.5000000000000001E-003
        1005   1.8749999999999999E-002
        1006   3.3750000000000002E-002
        1007   6.2500000000000003E-003
        1008   5.0000000000000001E-003
        1009   2.2499999999999999E-002
        1010   1.1250000000000000E-002
        1011   2.2499999999999999E-002
        1012   2.9999999999999999E-002
        1013   0.0000000000000000     
        1014   3.7499999999999999E-002
        1015   3.2500000000000001E-002
        1016   8.7500000000000008E-003
        1017   7.0000000000000007E-002
        1018   8.9999999999999997E-002
        1019   1.4999999999999999E-002
        1020   2.5000000000000001E-002
        1021   2.1250000000000002E-002
        1022   5.7500000000000002E-002
        1023   2.6249999999999999E-002
        1024   6.6250000000000003E-002
        1025   3.7499999999999999E-003
        1026   4.6249999999999999E-002
        1027   1.2500000000000000E-003
        1028   3.3750000000000002E-002
        1029   3.3750000000000002E-002
        1030   6.1249999999999999E-002
        1031   6.3750000000000001E-002
        1032   7.3749999999999996E-002
        1033   2.2499999999999999E-002
        1034   2.7500000000000000E-002
        1035   4.8750000000000002E-002
        1036   5.0000000000000001E-003
        1037   4.7500000000000001E-002
        1038   2.5000000000000001E-002
        1039   2.5000000000000001E-002
        1040   8.0000000000000002E-002
        1041   6.8750000000000006E-002
        1042   6.5000000000000002E-002
        1043   3.5000000000000003E-002
        1044   3.7499999999999999E-002
        1045   6.1249999999999999E-002
        1046  0.12875000000000000     
        1047   8.6249999999999993E-002
        1048  0.10125000000000001     
        1049   6.2500000000000003E-003
        1050   5.0000000000000001E-003
        1051   5.0000000000000003E-002
        1052   4.6249999999999999E-002
        1053   2.8750000000000001E-002
        1054   4.8750000000000002E-002
        1055   8.5000000000000006E-002
        1056   2.6249999999999999E-002
        1057   1.7500000000000002E-002
        1058   1.6250000000000001E-002
        1059   3.8750000000000000E-002
        1060   2.8750000000000001E-002
        1061   5.9999999999999998E-002
        1062   4.1250000000000002E-002
        1063   7.7499999999999999E-002
        1064   2.1250000000000002E-002
        1065   5.1249999999999997E-002
        1066   3.1250000000000000E-002
        1067   8.7500000000000008E-003
        1068   2.0000000000000000E-002
        1069   1.2500000000000001E-002
        1070   8.7500000000000008E-003
        1071   2.3750000000000000E-002
        1072   1.8749999999999999E-002
        1073   2.1250000000000002E-002
        1074   3.7499999999999999E-003
        1075   2.9999999999999999E-002
        1076   3.3750000000000002E-002
        1077   2.5000000000000001E-003
        1078   5.1249999999999997E-002
        1079   8.1250000000000003E-002
        1080   7.2499999999999995E-002
        1081   6.1249999999999999E-002
        1082   8.2500000000000004E-002
        1083   2.7500000000000000E-002
        1084   2.7500000000000000E-002
        1085   2.1250000000000002E-002
        1086   6.5000000000000002E-002
        1087   2.0000000000000000E-002
        1088   3.3750000000000002E-002
        1089   1.1250000000000000E-002
        1090   3.7499999999999999E-003
        1091   4.4999999999999998E-002
        1092   3.2500000000000001E-002
        1093   7.2499999999999995E-002
        1094   1.3750000000000000E-002
        1095   4.0000000000000001E-002
        1096   3.5000000000000003E-002
        1097   1.3750000000000000E-002
        1098   1.8749999999999999E-002
        1099   4.1250000000000002E-002
        1100   4.8750000000000002E-002
        1101   6.7500000000000004E-002
        1102   6.6250000000000003E-002
        1103   6.1249999999999999E-002
        1104   4.0000000000000001E-002
        1105   5.0000000000000003E-002
        1106   2.5000000000000001E-002
        1107   1.0000000000000000E-002
        1108   3.3750000000000002E-002
        1109   3.7499999999999999E-002
        1110   6.6250000000000003E-002
        1111   3.8750000000000000E-002
        1112   6.7500000000000004E-002
        1113   7.0000000000000007E-002
        1114   4.6249999999999999E-002
        1115  0.10375000000000000     
        1116  0.11749999999999999     
        1117   8.0000000000000002E-002
        1118   5.0000000000000003E-002
        1119   1.3750000000000000E-002
        1120   3.1250000000000000E-002
        1121   2.9999999999999999E-002
        1122   2.1250000000000002E-002
        1123   8.5000000000000006E-002
        1124   5.0000000000000003E-002
        1125   7.3749999999999996E-002
        1126   7.6249999999999998E-002
        1127   7.3749999999999996E-002
        1128   1.7500000000000002E-002
        1129   2.5000000000000001E-002
        1130   2.6249999999999999E-002
        1131   8.8749999999999996E-002
        1132   5.0000000000000003E-002
        1133   3.3750000000000002E-002
        1134   2.3750000000000000E-002
        1135   2.1250000000000002E-002
        1136   8.1250000000000003E-002
        1137   3.8750000000000000E-002
        1138   5.6250000000000001E-002
        1139   2.5000000000000001E-002
        1140   8.7500000000000008E-003
        1141   2.6249999999999999E-002
        1142   4.1250000000000002E-002
        1143   8.5000000000000006E-002
        1144   4.1250000000000002E-002
        1145   4.1250000000000002E-002
        1146   3.2500000000000001E-002
        1147   3.5000000000000003E-002
        1148   6.7500000000000004E-002
        1149   5.1249999999999997E-002
        1150   4.2500000000000003E-002
        1151   2.5000000000000001E-002
        1152   2.2499999999999999E-002
        1153   1.4999999999999999E-002
        1154   4.3749999999999997E-002
        1155   2.8750000000000001E-002
        1156   1.1250000000000000E-002
        1157   7.4999999999999997E-003
        1158   8.7500000000000008E-003
        1159   0.0000000000000000     
        1160   9.6250000000000002E-002
        1161   1.0000000000000000E-002
        1162   1.6250000000000001E-002
        1163   6.6250000000000003E-002
        1164   2.1250000000000002E-002
        1165   5.9999999999999998E-002
        1166  0.10875000000000000     
        1167   9.7500000000000003E-002
        1168   6.5000000000000002E-002
        1169   1.6250000000000001E-002
        1170   3.6249999999999998E-002
        1171   7.2499999999999995E-002
        1172   8.5000000000000006E-002
        1173   1.3750000000000000E-002
        1174   6.2500000000000003E-003
        1175   3.7499999999999999E-003
        1176   5.0000000000000001E-003
        1177   2.7500000000000000E-002
        1178   1.2500000000000001E-002
        1179   1.0000000000000000E-002
        1180   5.8749999999999997E-002
        1181   2.5000000000000001E-003
        1182   2.9999999999999999E-002
        1183   4.8750000000000002E-002
        1184   1.1250000000000000E-002
        1185   1.8749999999999999E-002
        1186   8.7500000000000008E-003
        1187   3.7499999999999999E-002
        1188   2.1250000000000002E-002
        1189   1.6250000000000001E-002
        1190   9.2499999999999999E-002
        1191   6.8750000000000006E-002
        1192   1.2500000000000000E-003
        1193   8.5000000000000006E-002
        1194   4.1250000000000002E-002
        1195   5.7500000000000002E-002
        1196   2.5000000000000001E-003
        1197   3.5000000000000003E-002
        1198   6.3750000000000001E-002
        1199   4.2500000000000003E-002
        1200   1.8749999999999999E-002
        1201   2.1250000000000002E-002
        1202   3.1250000000000000E-002
        1203   3.2500000000000001E-002
        1204  0.12000000000000000     
        1205   1.0000000000000000E-002
        1206   7.3749999999999996E-002
        1207  0.11749999999999999     
        1208   8.1250000000000003E-002
        1209   4.3749999999999997E-002
        1210   2.7500000000000000E-002
        1211   8.7500000000000008E-003
        1212   2.3750000000000000E-002
        1213   3.6249999999999998E-002
        1214   2.2499999999999999E-002
        1215   2.9999999999999999E-002
        1216   2.9999999999999999E-002
        1217   2.2499999999999999E-002
        1218   1.1250000000000000E-002
        1219   5.5000000000000000E-002
        1220   4.4999999999999998E-002
        1221   7.0000000000000007E-002
        1222   8.7499999999999994E-002
        1223   8.0000000000000002E-002
        1224   1.2500000000000000E-003
        1225   2.8750000000000001E-002
        1226   2.5000000000000001E-002
        1227   5.5000000000000000E-002
        1228   1.8749999999999999E-002
        1229   2.6249999999999999E-002
        1230   6.8750000000000006E-002
        1231   7.3749999999999996E-002
        1232  0.13500000000000001     
        1233   8.2500000000000004E-002
        1234   8.7499999999999994E-002
        1235   2.2499999999999999E-002
        1236   1.4999999999999999E-002
        1237   4.7500000000000001E-002
        1238   2.0000000000000000E-002
        1239   4.1250000000000002E-002
        1240   3.3750000000000002E-002
        1241   7.1249999999999994E-002
        1242   4.4999999999999998E-002
        1243   4.7500000000000001E-002
        1244   2.6249999999999999E-002
        1245   2.5000000000000001E-003
        1246   5.3749999999999999E-002
        1247   5.0000000000000001E-003
        1248   5.9999999999999998E-002
        1249   5.3749999999999999E-002
        1250   3.8750000000000000E-002
        1251   4.2500000000000003E-002
        1252   2.9999999999999999E-002
        1253   2.5000000000000001E-003
        1254   3.6249999999999998E-002
        1255   8.7500000000000008E-003
        1256   4.3749999999999997E-002
        1257   5.9999999999999998E-002
        1258  0.10375000000000000     
        1259  0.13625000000000001     
        1260   4.3749999999999997E-002
        1261   5.6250000000000001E-002
        1262  0.10000000000000001     
        1263   4.8750000000000002E-002
        1264   8.7500000000000008E-003
        1265   4.7500000000000001E-002
        1266   5.5000000000000000E-002
        1267   6.2500000000000003E-003
        1268   1.2500000000000000E-003
        1269   1.3750000000000000E-002
        1270   5.6250000000000001E-002
        1271   4.3749999999999997E-002
        1272   1.2500000000000000E-003
        1273   2.1250000000000002E-002
        1274   1.0000000000000000E-002
        1275   1.3750000000000000E-002
        1276   2.5000000000000001E-003
        1277   2.3750000000000000E-002
        1278   7.8750000000000001E-002
        1279   6.3750000000000001E-002
        1280   9.7500000000000003E-002
        1281   1.1250000000000000E-002
        1282   2.3750000000000000E-002
        1283   1.8749999999999999E-002
        1284   2.1250000000000002E-002
        1285   4.0000000000000001E-002
        1286   1.3750000000000000E-002
        1287   3.7499999999999999E-003
        1288   1.4999999999999999E-002
        1289   5.0000000000000001E-003
        1290   3.1250000000000000E-002
        1291   4.2500000000000003E-002
        1292  0.10249999999999999     
        1293   5.6250000000000001E-002
        1294   1.3750000000000000E-002
        1295   2.9999999999999999E-002
        1296   2.6249999999999999E-002
        1297   2.2499999999999999E-002
        1298   5.0000000000000003E-002
        1299   8.2500000000000004E-002
        1300   2.8750000000000001E-002
        1301   7.3749999999999996E-002
        1302   3.2500000000000001E-002
        1303   1.1250000000000000E-002
        1304   1.1250000000000000E-002
        1305   6.2500000000000003E-003
        1306   5.1249999999999997E-002
        1307   1.0000000000000000E-002
        1308   3.1250000000000000E-002
        1309  0.11000000000000000     
        1310   5.8749999999999997E-002
        1311   2.5000000000000001E-002
        1312   2.1250000000000002E-002
        1313   1.3750000000000000E-002
        1314   4.0000000000000001E-002
        1315   3.2500000000000001E-002
        1316   1.1250000000000000E-002
        1317   1.6250000000000001E-002
        1318   3.2500000000000001E-002
        1319   3.3750000000000002E-002
        1320   4.4999999999999998E-002
        1321   1.8749999999999999E-002
        1322   3.3750000000000002E-002
        1323   1.0000000000000000E-002
        1324   7.4999999999999997E-003
        1325   1.2500000000000000E-003
        1326   2.5000000000000001E-002
        1327   5.0000000000000003E-002
        1328   2.2499999999999999E-002
        1329   1.6250000000000001E-002
        1330   2.1250000000000002E-002
        1331   4.0000000000000001E-002
        1332   1.7500000000000002E-002
        1333   1.1250000000000000E-002
        1334   3.3750000000000002E-002
        1335   6.2500000000000003E-003
        1336   2.6249999999999999E-002
        1337   1.6250000000000001E-002
        1338   6.2500000000000003E-003
        1339   3.7499999999999999E-003
        1340   8.7500000000000008E-003
        1341   1.2500000000000001E-002
        1342   8.7500000000000008E-003
        1343   2.2499999999999999E-002
        1344   3.3750000000000002E-002
        1345   1.2500000000000000E-003
        1346   2.5000000000000001E-002
        1347   2.5000000000000001E-003
        1348   7.4999999999999997E-002
        1349   5.1249999999999997E-002
        1350   1.8749999999999999E-002
        1351   5.1249999999999997E-002
        1352   5.8749999999999997E-002
        1353  0.12750000000000000     
        1354  0.11375000000000000     
        1355   8.5000000000000006E-002
        1356   5.3749999999999999E-002
        1357   4.2500000000000003E-002
        1358   3.7499999999999999E-002
        1359   2.6249999999999999E-002
        1360   1.2500000000000001E-002
        1361   1.2500000000000001E-002
        1362   5.0000000000000001E-003
        1363   1.7500000000000002E-002
        1364   5.6250000000000001E-002
        1365   1.2500000000000000E-003
        1366   2.9999999999999999E-002
        1367   1.4999999999999999E-002
        1368   5.0000000000000001E-003
        1369   2.5000000000000001E-002
        1370   3.1250000000000000E-002
        1371   1.1250000000000000E-002
        1372   7.0000000000000007E-002
        1373   8.3750000000000005E-002
        1374   4.4999999999999998E-002
        1375   5.2499999999999998E-002
        1376   4.8750000000000002E-002
        1377   7.4999999999999997E-002
        1378   8.3750000000000005E-002
        1379   6.7500000000000004E-002
        1380   3.5000000000000003E-002
        1381   1.1250000000000000E-002
        1382   2.5000000000000001E-002
        1383   1.1250000000000000E-002
        1384   6.5000000000000002E-002
        1385   3.3750000000000002E-002
        1386   2.3750000000000000E-002
        1387   5.0000000000000001E-003
        1388   2.5000000000000001E-003
        1389   3.7499999999999999E-003
        1390   1.2500000000000000E-003
        1391   2.1250000000000002E-002
        1392   2.5000000000000001E-002
        1393   3.7499999999999999E-002
        1394   4.1250000000000002E-002
        1395   6.6250000000000003E-002
        1396   3.2500000000000001E-002
        1397   1.2500000000000000E-003
        1398   2.2499999999999999E-002
        1399   2.6249999999999999E-002
        1400   3.1250000000000000E-002
        1401   3.5000000000000003E-002
        1402   3.3750000000000002E-002
        1403   6.2500000000000003E-003
        1404   5.5000000000000000E-002
        1405   5.1249999999999997E-002
        1406   3.1250000000000000E-002
        1407   4.4999999999999998E-002
        1408   2.3750000000000000E-002
        1409   4.2500000000000003E-002
        1410   3.6249999999999998E-002
        1411   4.3749999999999997E-002
        1412   2.5000000000000001E-002
        1413   1.1250000000000000E-002
        1414   4.8750000000000002E-002
        1415   4.7500000000000001E-002
        1416   3.5000000000000003E-002
        1417   1.2500000000000000E-003
        1418   2.1250000000000002E-002
        1419   5.0000000000000003E-002
        1420   4.3749999999999997E-002
        1421   1.4999999999999999E-002
        1422   1.0000000000000000E-002
        1423   3.6249999999999998E-002
        1424   2.1250000000000002E-002
        1425   3.6249999999999998E-002
        1426   3.2500000000000001E-002
        1427   5.8749999999999997E-002
        1428   2.6249999999999999E-002
        1429   2.9999999999999999E-002
        1430   9.8750000000000004E-002
        1431   3.6249999999999998E-002
        1432   2.2499999999999999E-002
        1433   1.8749999999999999E-002
        1434   6.2500000000000003E-003
        1435   1.4999999999999999E-002
        1436   3.5000000000000003E-002
        1437   8.3750000000000005E-002
        1438   7.3749999999999996E-002
        1439   7.3749999999999996E-002
        1440  0.18625000000000000     
        1441  0.11625000000000001     
        1442  0.14124999999999999     
        1443  0.11500000000000000     
        1444   5.3749999999999999E-002
        1445  0.10375000000000000     
        1446   3.8750000000000000E-002
        1447   2.6249999999999999E-002
        1448   4.1250000000000002E-002
        1449   3.7499999999999999E-002
        1450   4.1250000000000002E-002
        1451   2.9999999999999999E-002
        1452   1.1250000000000000E-002
        1453   5.0000000000000003E-002
        1454   5.5000000000000000E-002
        1455   3.6249999999999998E-002
        1456   2.8750000000000001E-002
        1457   2.7500000000000000E-002
        1458   3.8750000000000000E-002
        1459   6.5000000000000002E-002
        1460   1.2500000000000001E-002
        1461   7.4999999999999997E-003
        1462   3.3750000000000002E-002
        1463   7.4999999999999997E-003
        1464   5.0000000000000001E-003
        1465   6.2500000000000003E-003
        1466   2.0000000000000000E-002
        1467   5.3749999999999999E-002
        1468   5.8749999999999997E-002
        1469   7.2499999999999995E-002
        1470   6.8750000000000006E-002
        1471   6.6250000000000003E-002
        1472   8.0000000000000002E-002
        1473   7.1249999999999994E-002
        1474   6.2500000000000003E-003
        1475   2.6249999999999999E-002
        1476   4.0000000000000001E-002
        1477   1.4999999999999999E-002
        1478   2.2499999999999999E-002
        1479   3.7499999999999999E-002
        1480   5.3749999999999999E-002
        1481   1.2500000000000000E-003
        1482   2.5000000000000001E-003
        1483   2.5000000000000001E-003
        1484   5.8749999999999997E-002
        1485   5.6250000000000001E-002
        1486   9.3750000000000000E-002
        1487   7.0000000000000007E-002
        1488   4.7500000000000001E-002
        1489  0.11500000000000000     
        1490   1.3750000000000000E-002
        1491   3.8750000000000000E-002
        1492   4.6249999999999999E-002
        1493   4.2500000000000003E-002
        1494   7.4999999999999997E-003
        1495   5.9999999999999998E-002
        1496   8.0000000000000002E-002
        1497  0.10875000000000000     
        1498   3.2500000000000001E-002
        1499   4.4999999999999998E-002
        1500   7.3749999999999996E-002
        1501   7.2499999999999995E-002
        1502   7.4999999999999997E-002
        1503   1.0000000000000000E-002
        1504   1.0000000000000000E-002
        1505   1.7500000000000002E-002
        1506   2.1250000000000002E-002
        1507   8.2500000000000004E-002
        1508   8.0000000000000002E-002
        1509   3.1250000000000000E-002
        1510   5.2499999999999998E-002
        1511   8.1250000000000003E-002
        1512   6.6250000000000003E-002
        1513   2.5000000000000001E-003
        1514   4.3749999999999997E-002
        1515   7.8750000000000001E-002
        1516   5.5000000000000000E-002
        1517   5.3749999999999999E-002
        1518  0.12125000000000000     
        1519  0.13625000000000001     
        1520   7.6249999999999998E-002
        1521   5.0000000000000003E-002
        1522  0.12250000000000000     
        1523  0.10249999999999999     
        1524   3.7499999999999999E-002
        1525   3.8750000000000000E-002
        1526   7.1249999999999994E-002
        1527   2.1250000000000002E-002
        1528   4.4999999999999998E-002
        1529   7.2499999999999995E-002
        1530   7.4999999999999997E-002
        1531  0.10375000000000000     
        1532   5.5000000000000000E-002
        1533   4.7500000000000001E-002
        1534   7.8750000000000001E-002
        1535   7.1249999999999994E-002
        1536   5.3749999999999999E-002
        1537   5.0000000000000001E-003
        1538   7.4999999999999997E-002
        1539   7.6249999999999998E-002
        1540   4.7500000000000001E-002
        1541   8.2500000000000004E-002
        1542   4.2500000000000003E-002
        1543   5.0000000000000003E-002
        1544   2.0000000000000000E-002
        1545   3.2500000000000001E-002
        1546   2.1250000000000002E-002
        1547   0.0000000000000000     
        1548   1.3750000000000000E-002
        1549   1.2500000000000000E-003
        1550   2.5000000000000001E-003
        1551   2.9999999999999999E-002
        1552   2.7500000000000000E-002
        1553   7.2499999999999995E-002
        1554   7.6249999999999998E-002
        1555   1.2500000000000000E-003
        1556   5.6250000000000001E-002
        1557   7.6249999999999998E-002
        1558   2.5000000000000001E-003
        1559   6.1249999999999999E-002
        1560   3.7499999999999999E-003
        1561   5.0000000000000003E-002
        1562   2.3750000000000000E-002
        1563   1.4999999999999999E-002
        1564   1.8749999999999999E-002
        1565   7.4999999999999997E-003
        1566   3.7499999999999999E-003
        1567   5.5000000000000000E-002
        1568   0.0000000000000000     
        1569   3.7499999999999999E-002
        1570   3.5000000000000003E-002
        1571   5.1249999999999997E-002
        1572   6.7500000000000004E-002
        1573   5.3749999999999999E-002
        1574   8.5000000000000006E-002
        1575   2.7500000000000000E-002
        1576   1.6250000000000001E-002
        1577   8.7500000000000008E-003
        1578   2.6249999999999999E-002
        1579   3.7499999999999999E-003
        1580   1.7500000000000002E-002
        1581   1.2500000000000000E-003
        1582   6.1249999999999999E-002
        1583   3.7499999999999999E-002
        1584   1.3750000000000000E-002
        1585   0.0000000000000000     
        1586   3.7499999999999999E-002
        1587   2.6249999999999999E-002
        1588   4.1250000000000002E-002
        1589   1.6250000000000001E-002
        1590   2.2499999999999999E-002
        1591   8.2500000000000004E-002
        1592   6.2500000000000000E-002
        1593  0.10625000000000000     
        1594   2.8750000000000001E-002
        1595   2.6249999999999999E-002
        1596   2.8750000000000001E-002
        1597   3.8750000000000000E-002
        1598   3.7499999999999999E-003
        1599   5.5000000000000000E-002
        1600   4.2500000000000003E-002
        1601   1.2500000000000001E-002
        1602   7.6249999999999998E-002
        1603   4.7500000000000001E-002
        1604   8.5000000000000006E-002
        1605   1.7500000000000002E-002
        1606   3.7499999999999999E-002
        1607   3.3750000000000002E-002
        1608   2.0000000000000000E-002
        1609   2.3750000000000000E-002
        1610   1.2500000000000001E-002
        1611   2.1250000000000002E-002
        1612   5.2499999999999998E-002
        1613   5.5000000000000000E-002
        1614   3.7499999999999999E-002
        1615   2.8750000000000001E-002
        1616   4.0000000000000001E-002
        1617   2.0000000000000000E-002
        1618   4.0000000000000001E-002
        1619   4.7500000000000001E-002
        1620   3.3750000000000002E-002
        1621   7.4999999999999997E-003
        1622   3.1250000000000000E-002
        1623   6.6250000000000003E-002
        1624   6.8750000000000006E-002
        1625   5.6250000000000001E-002
        1626   4.7500000000000001E-002
        1627   2.3750000000000000E-002
        1628   1.2500000000000001E-002
        1629   7.4999999999999997E-002
        1630   3.6249999999999998E-002
        1631   6.1249999999999999E-002
        1632   5.0000000000000003E-002
        1633   2.1250000000000002E-002
        1634   1.7500000000000002E-002
        1635   5.0000000000000001E-003
        1636   2.8750000000000001E-002
        1637   1.1250000000000000E-002
        1638   2.8750000000000001E-002
        1639   5.2499999999999998E-002
        1640  0.11250000000000000     
        1641   5.8749999999999997E-002
        1642   6.1249999999999999E-002
        1643   8.3750000000000005E-002
        1644   4.3749999999999997E-002
        1645   1.2500000000000001E-002
        1646   8.7500000000000008E-003
        1647   7.7499999999999999E-002
        1648   2.2499999999999999E-002
        1649   1.1250000000000000E-002
        1650   2.5000000000000001E-002
        1651   4.2500000000000003E-002
        1652   2.2499999999999999E-002
        1653   8.3750000000000005E-002
        1654   9.7500000000000003E-002
        1655   5.9999999999999998E-002
        1656   2.0000000000000000E-002
        1657   1.6250000000000001E-002
        1658   5.9999999999999998E-002
        1659   1.6250000000000001E-002
        1660   1.3750000000000000E-002
        1661   1.2500000000000000E-003
        1662   3.7499999999999999E-003
        1663   5.5000000000000000E-002
        1664   1.3750000000000000E-002
        1665   1.0000000000000000E-002
        1666   4.7500000000000001E-002
        1667   4.6249999999999999E-002
        1668   3.8750000000000000E-002
        1669   1.1250000000000000E-002
        1670   1.8749999999999999E-002
        1671   4.4999999999999998E-002
        1672   8.7500000000000008E-003
        1673   2.8750000000000001E-002
        1674   3.7499999999999999E-003
        1675   5.3749999999999999E-002
        1676   5.2499999999999998E-002
        1677   6.1249999999999999E-002
        1678   1.2500000000000000E-003
        1679   1.1250000000000000E-002
        1680   0.0000000000000000     
        1681   1.0000000000000000E-002
        1682   5.0000000000000003E-002
        1683   2.5000000000000001E-003
        1684   5.3749999999999999E-002
        1685   3.1250000000000000E-002
        1686   2.8750000000000001E-002
        1687   2.1250000000000002E-002
        1688   3.2500000000000001E-002
        1689   5.1249999999999997E-002
        1690   1.8749999999999999E-002
        1691   3.8750000000000000E-002
        1692   5.5000000000000000E-002
        1693   7.4999999999999997E-003
        1694   8.7500000000000008E-003
        1695   5.0000000000000003E-002
        1696   2.9999999999999999E-002
        1697   3.5000000000000003E-002
        1698   3.7499999999999999E-003
        1699   5.0000000000000003E-002
        1700   3.7499999999999999E-003
        1701   2.8750000000000001E-002
        1702   8.1250000000000003E-002
        1703   2.6249999999999999E-002
        1704   2.9999999999999999E-002
        1705   4.0000000000000001E-002
        1706   1.2500000000000001E-002
        1707   8.9999999999999997E-002
        1708  0.12000000000000000     
        1709   6.8750000000000006E-002
        1710   1.8749999999999999E-002
        1711   8.7499999999999994E-002
        1712   8.2500000000000004E-002
        1713   7.4999999999999997E-003
        1714   6.1249999999999999E-002
        1715  0.10375000000000000     
        1716   8.9999999999999997E-002
        1717   8.6249999999999993E-002
        1718   5.1249999999999997E-002
        1719   1.4999999999999999E-002
        1720   3.8750000000000000E-002
        1721   5.0000000000000001E-003
        1722   4.7500000000000001E-002
        1723   5.3749999999999999E-002
        1724   5.2499999999999998E-002
        1725   5.6250000000000001E-002
        1726   1.4999999999999999E-002
        1727   3.8750000000000000E-002
        1728   3.6249999999999998E-002
        1729   1.2500000000000001E-002
        1730   4.6249999999999999E-002
        1731   2.1250000000000002E-002
        1732   2.1250000000000002E-002
        1733   5.0000000000000001E-003
        1734   1.1250000000000000E-002
        1735   3.7499999999999999E-003
        1736   1.7500000000000002E-002
        1737   1.4999999999999999E-002
        1738   1.3750000000000000E-002
        1739   7.0000000000000007E-002
        1740   3.2500000000000001E-002
        1741   4.4999999999999998E-002
        1742   4.3749999999999997E-002
        1743   1.2500000000000000E-003
        1744   3.6249999999999998E-002
        1745   5.6250000000000001E-002
        1746   6.6250000000000003E-002
        1747   8.6249999999999993E-002
        1748   6.1249999999999999E-002
        1749   8.8749999999999996E-002
        1750   8.7499999999999994E-002
        1751   1.6250000000000001E-002
        1752   8.8749999999999996E-002
        1753   2.7500000000000000E-002
        1754   2.9999999999999999E-002
        1755   2.1250000000000002E-002
        1756   9.5000000000000001E-002
        1757   2.6249999999999999E-002
        1758   6.8750000000000006E-002
        1759   6.2500000000000000E-002
        1760   4.1250000000000002E-002
        1761   7.0000000000000007E-002
        1762   2.0000000000000000E-002
        1763   5.0000000000000003E-002
        1764   2.5000000000000001E-002
        1765   1.2500000000000001E-002
        1766   1.7500000000000002E-002
        1767   1.2500000000000001E-002
        1768   2.1250000000000002E-002
        1769   1.2500000000000001E-002
        1770   2.1250000000000002E-002
        1771   2.8750000000000001E-002
        1772   1.7500000000000002E-002
        1773   3.3750000000000002E-002
        1774   4.1250000000000002E-002
        1775   6.1249999999999999E-002
        1776   4.6249999999999999E-002
        1777   7.4999999999999997E-002
        1778   7.0000000000000007E-002
        1779   1.2500000000000001E-002
        1780   6.1249999999999999E-002
        1781   6.5000000000000002E-002
        1782   2.0000000000000000E-002
        1783   1.3750000000000000E-002
        1784   4.1250000000000002E-002
        1785   8.2500000000000004E-002
        1786   5.2499999999999998E-002
        1787   8.8749999999999996E-002
        1788   6.8750000000000006E-002
        1789   5.3749999999999999E-002
        1790   6.2500000000000003E-003
        1791   2.2499999999999999E-002
        1792   1.8749999999999999E-002
        1793   6.1249999999999999E-002
        1794   1.2500000000000001E-002
        1795   1.3750000000000000E-002
        1796   2.8750000000000001E-002
        1797   8.7500000000000008E-003
        1798   6.2500000000000003E-003
        1799   1.4999999999999999E-002
        1800   7.4999999999999997E-003
        1801   6.5000000000000002E-002
        1802   7.2499999999999995E-002
        1803   2.2499999999999999E-002
        1804   2.8750000000000001E-002
        1805   0.0000000000000000     
        1806   5.2499999999999998E-002
        1807   1.4999999999999999E-002
        1808   6.2500000000000003E-003
        1809   2.6249999999999999E-002
        1810   2.6249999999999999E-002
        1811   2.5000000000000001E-003
        1812   2.8750000000000001E-002
        1813   4.0000000000000001E-002
        1814   1.2500000000000001E-002
        1815   1.7500000000000002E-002
        1816   3.5000000000000003E-002
        1817  0.10625000000000000     
        1818   7.4999999999999997E-002
        1819   2.3750000000000000E-002
        1820   5.8749999999999997E-002
        1821   6.3750000000000001E-002
        1822   3.1250000000000000E-002
        1823   5.6250000000000001E-002
        1824   1.6250000000000001E-002
        1825   2.5000000000000001E-003
        1826   2.6249999999999999E-002
        1827   5.7500000000000002E-002
        1828  0.10375000000000000     
        1829   4.7500000000000001E-002
        1830   2.9999999999999999E-002
        1831   8.0000000000000002E-002
        1832   8.8749999999999996E-002
        1833   7.4999999999999997E-003
        1834   2.2499999999999999E-002
        1835   6.2500000000000003E-003
        1836   8.7499999999999994E-002
        1837   6.5000000000000002E-002
        1838   5.2499999999999998E-002
        1839   4.8750000000000002E-002
        1840   2.2499999999999999E-002
        1841   5.3749999999999999E-002
        1842   6.8750000000000006E-002
        1843   7.3749999999999996E-002
        1844   7.4999999999999997E-002
        1845  0.11125000000000000     
        1846  0.15250000000000000     
        1847   9.5000000000000001E-002
        1848  0.13375000000000001     
        1849  0.15750000000000000     
        1850  0.10875000000000000     
        1851   7.0000000000000007E-002
        1852   4.7500000000000001E-002
        1853   2.5000000000000001E-002
        1854   3.6249999999999998E-002
        1855   1.3750000000000000E-002
        1856   4.8750000000000002E-002
        1857   4.3749999999999997E-002
        1858   2.0000000000000000E-002
        1859   4.6249999999999999E-002
        1860   3.5000000000000003E-002
        1861   1.4999999999999999E-002
        1862   1.4999999999999999E-002
        1863   8.7500000000000008E-003
        1864   1.6250000000000001E-002
        1865   2.2499999999999999E-002
        1866   5.6250000000000001E-002
        1867   5.9999999999999998E-002
        1868   4.3749999999999997E-002
        1869   3.8750000000000000E-002
        1870   1.0000000000000000E-002
        1871   2.0000000000000000E-002
        1872   3.6249999999999998E-002
        1873   1.0000000000000000E-002
        1874   3.7499999999999999E-003
        1875   5.9999999999999998E-002
        1876   2.2499999999999999E-002
        1877   4.6249999999999999E-002
        1878   5.0000000000000001E-003
        1879   1.7500000000000002E-002
        1880   1.1250000000000000E-002
        1881   1.8749999999999999E-002
        1882   6.7500000000000004E-002
        1883   1.8749999999999999E-002
        1884   7.4999999999999997E-003
        1885   5.3749999999999999E-002
        1886   6.2500000000000000E-002
        1887  0.12125000000000000     
        1888   8.0000000000000002E-002
        1889   5.9999999999999998E-002
        1890   6.8750000000000006E-002
        1891   7.8750000000000001E-002
        1892  0.11874999999999999     
        1893   7.8750000000000001E-002
        1894   5.9999999999999998E-002
        1895   7.6249999999999998E-002
        1896   3.3750000000000002E-002
        1897   1.4999999999999999E-002
        1898   1.3750000000000000E-002
        1899   2.1250000000000002E-002
        1900   1.2500000000000001E-002
        1901   1.6250000000000001E-002
        1902   4.1250000000000002E-002
        1903   8.9999999999999997E-002
        1904   7.1249999999999994E-002
        1905   5.0000000000000001E-003
        1906   4.2500000000000003E-002
        1907   5.8749999999999997E-002
        1908   1.8749999999999999E-002
        1909   1.2500000000000001E-002
        1910   4.6249999999999999E-002
        1911   5.7500000000000002E-002
        1912   8.5000000000000006E-002
        1913   9.1249999999999998E-002
        1914   4.0000000000000001E-002
        1915   6.2500000000000003E-003
        1916   1.4999999999999999E-002
        1917   1.2500000000000000E-003
        1918   6.2500000000000000E-002
        1919   2.0000000000000000E-002
        1920   0.0000000000000000     
        1921   1.1250000000000000E-002
        1922   8.7500000000000008E-003
        1923   8.7500000000000008E-003
        1924   1.3750000000000000E-002
        1925   3.8750000000000000E-002
        1926   1.0000000000000000E-002
        1927   4.4999999999999998E-002
        1928   7.3749999999999996E-002
        1929  0.10875000000000000     
        1930   7.1249999999999994E-002
        1931   7.3749999999999996E-002
        1932   5.1249999999999997E-002
        1933   7.7499999999999999E-002
        1934   1.6250000000000001E-002
        1935   6.6250000000000003E-002
        1936   7.1249999999999994E-002
        1937   9.7500000000000003E-002
        1938   2.5000000000000001E-002
        1939   4.6249999999999999E-002
        1940   8.7499999999999994E-002
        1941   7.0000000000000007E-002
        1942   7.1249999999999994E-002
        1943   1.2500000000000001E-002
        1944   2.3750000000000000E-002
        1945   3.7499999999999999E-003
        1946   6.2500000000000003E-003
        1947   7.3749999999999996E-002
        1948   4.2500000000000003E-002
        1949   1.4999999999999999E-002
        1950   3.7499999999999999E-003
        1951   1.1250000000000000E-002
        1952   4.8750000000000002E-002
        1953   1.3750000000000000E-002
        1954   2.5000000000000001E-003
        1955   4.4999999999999998E-002
        1956   2.5000000000000001E-002
        1957   6.2500000000000000E-002
        1958   2.2499999999999999E-002
        1959   4.7500000000000001E-002
        1960   8.3750000000000005E-002
        1961   2.6249999999999999E-002
        1962   4.7500000000000001E-002
        1963   5.2499999999999998E-002
        1964   7.6249999999999998E-002
        1965   2.3750000000000000E-002
        1966   6.2500000000000000E-002
        1967   6.5000000000000002E-002
        1968   3.8750000000000000E-002
        1969   1.3750000000000000E-002
        1970   4.2500000000000003E-002
        1971   7.7499999999999999E-002
        1972   5.2499999999999998E-002
        1973   3.6249999999999998E-002
        1974   3.3750000000000002E-002
        1975   3.6249999999999998E-002
        1976   3.2500000000000001E-002
        1977   1.2500000000000001E-002
        1978   3.7499999999999999E-003
        1979   8.7500000000000008E-003
        1980   6.2500000000000003E-003
        1981   3.7499999999999999E-002
        1982   1.0000000000000000E-002
        1983   5.0000000000000001E-003
        1984   8.7500000000000008E-003
        1985   5.9999999999999998E-002
        1986  0.10625000000000000     
        1987   8.1250000000000003E-002
        1988   8.7500000000000008E-003
        1989   2.1250000000000002E-002
        1990   4.8750000000000002E-002
        1991   7.7499999999999999E-002
        1992   4.0000000000000001E-002
        1993   0.0000000000000000     
        1994   1.4999999999999999E-002
        1995   3.5000000000000003E-002
        1996   4.0000000000000001E-002
        1997   2.9999999999999999E-002
        1998   1.7500000000000002E-002
        1999   5.7500000000000002E-002
        2000   4.8750000000000002E-002
