           1  0.99235000000000018     
           2  0.99355000000000016     
           3  0.99275000000000002     
           4  0.99324999999999986     
           5  0.99224999999999985     
           6  0.99224999999999963     
           7  0.99129999999999985     
           8  0.99109999999999987     
           9  0.99259999999999982     
          10  0.99209999999999965     
          11  0.99209999999999998     
          12  0.99145000000000028     
          13  0.99210000000000009     
          14  0.99229999999999985     
          15  0.99239999999999984     
          16  0.99204999999999954     
          17  0.99285000000000001     
          18  0.99185000000000012     
          19  0.99264999999999981     
          20  0.99150000000000005     
          21  0.99144999999999972     
          22  0.99354999999999971     
          23  0.99259999999999982     
          24  0.99144999999999950     
          25  0.99159999999999959     
          26  0.99150000000000005     
          27  0.99199999999999988     
          28  0.99309999999999987     
          29  0.99109999999999954     
          30  0.99329999999999996     
          31  0.99204999999999988     
          32  0.99209999999999976     
          33  0.99199999999999955     
          34  0.99239999999999939     
          35  0.99244999999999994     
          36  0.99120000000000008     
          37  0.99284999999999979     
          38  0.99339999999999951     
          39  0.99244999999999972     
          40  0.99209999999999965     
          41  0.99119999999999986     
          42  0.99225000000000008     
          43  0.99234999999999918     
          44  0.99129999999999985     
          45  0.99274999999999991     
          46  0.99194999999999978     
          47  0.99234999999999995     
          48  0.99190000000000011     
          49  0.99289999999999989     
          50  0.99265000000000003     
          51  0.99240000000000006     
          52  0.99280000000000013     
          53  0.99250000000000005     
          54  0.99179999999999935     
          55  0.99125000000000019     
          56  0.99244999999999950     
          57  0.99090000000000023     
          58  0.99324999999999986     
          59  0.99169999999999947     
          60  0.99334999999999962     
          61  0.99124999999999941     
          62  0.99224999999999952     
          63  0.99224999999999985     
          64  0.99324999999999974     
          65  0.99080000000000001     
          66  0.99155000000000004     
          67  0.99094999999999966     
          68  0.99244999999999972     
          69  0.99060000000000004     
          70  0.99235000000000040     
          71  0.99060000000000004     
          72  0.99355000000000004     
          73  0.99134999999999973     
          74  0.99154999999999960     
          75  0.99165000000000025     
          76  0.99099999999999966     
          77  0.99234999999999940     
          78  0.99129999999999985     
          79  0.99304999999999977     
          80  0.99120000000000019     
          81  0.99304999999999977     
          82  0.99214999999999975     
          83  0.99304999999999977     
          84  0.99114999999999998     
          85  0.99164999999999959     
          86  0.99325000000000008     
          87  0.99214999999999987     
          88  0.99285000000000023     
          89  0.99089999999999923     
          90  0.99114999999999953     
          91  0.99239999999999995     
          92  0.99255000000000027     
          93  0.99135000000000018     
          94  0.99239999999999962     
          95  0.99234999999999984     
          96  0.99229999999999974     
          97  0.99125000000000030     
          98  0.99290000000000023     
          99  0.99089999999999989     
         100  0.99265000000000014     
