           1  0.93000000000000005     
           2  0.92500000000000004     
           3  0.95999999999999996     
           4  0.95999999999999996     
           5  0.96999999999999997     
           6  0.95999999999999996     
           7  0.89000000000000001     
           8  0.95999999999999996     
           9  0.83999999999999997     
          10  0.93999999999999995     
          11  0.94499999999999995     
          12  0.88500000000000001     
          13  0.86499999999999999     
          14  0.95499999999999996     
          15  0.94499999999999995     
          16  0.92000000000000004     
          17  0.95499999999999996     
          18  0.95499999999999996     
          19  0.93000000000000005     
          20  0.95999999999999996     
          21  0.97499999999999998     
          22  0.92000000000000004     
          23  0.91500000000000004     
          24  0.93000000000000005     
          25  0.91500000000000004     
          26  0.85999999999999999     
          27  0.92000000000000004     
          28  0.87500000000000000     
          29  0.92000000000000004     
          30  0.93500000000000005     
          31  0.93000000000000005     
          32  0.93999999999999995     
          33  0.97999999999999998     
          34  0.96999999999999997     
          35  0.87500000000000000     
          36  0.89000000000000001     
          37  0.93999999999999995     
          38  0.89000000000000001     
          39  0.93500000000000005     
          40  0.93500000000000005     
          41  0.93999999999999995     
          42  0.95999999999999996     
          43  0.91500000000000004     
          44  0.93999999999999995     
          45  0.92500000000000004     
          46  0.91000000000000003     
          47  0.87500000000000000     
          48  0.82999999999999996     
          49  0.97499999999999998     
          50  0.95999999999999996     
          51  0.93500000000000005     
          52  0.93999999999999995     
          53  0.93999999999999995     
          54  0.97999999999999998     
          55  0.87000000000000000     
          56  0.85499999999999998     
          57  0.96499999999999997     
          58  0.92000000000000004     
          59  0.95999999999999996     
          60  0.96499999999999997     
          61  0.96499999999999997     
          62  0.91500000000000004     
          63  0.95499999999999996     
          64  0.95999999999999996     
          65  0.95499999999999996     
          66  0.94999999999999996     
          67  0.93500000000000005     
          68  0.90500000000000003     
          69  0.94499999999999995     
          70  0.89000000000000001     
          71  0.93500000000000005     
          72  0.94999999999999996     
          73  0.90000000000000002     
          74  0.93999999999999995     
          75  0.93000000000000005     
          76  0.89000000000000001     
          77  0.94499999999999995     
          78  0.96999999999999997     
          79  0.97499999999999998     
          80  0.93000000000000005     
          81  0.97499999999999998     
          82  0.93999999999999995     
          83  0.96999999999999997     
          84  0.98499999999999999     
          85  0.95499999999999996     
          86  0.93000000000000005     
          87  0.95999999999999996     
          88  0.93000000000000005     
          89  0.96999999999999997     
          90  0.95499999999999996     
          91  0.88500000000000001     
          92  0.89500000000000002     
          93  0.96499999999999997     
          94  0.97499999999999998     
          95  0.96499999999999997     
          96  0.95499999999999996     
          97  0.95999999999999996     
          98  0.98499999999999999     
          99  0.95499999999999996     
         100  0.95499999999999996     
         101  0.94499999999999995     
         102  0.93000000000000005     
         103  0.94999999999999996     
         104  0.97499999999999998     
         105  0.95999999999999996     
         106  0.90000000000000002     
         107  0.91500000000000004     
         108  0.97499999999999998     
         109  0.91500000000000004     
         110  0.88500000000000001     
         111  0.90500000000000003     
         112  0.97499999999999998     
         113  0.93500000000000005     
         114  0.93500000000000005     
         115  0.93000000000000005     
         116  0.95499999999999996     
         117  0.94499999999999995     
         118  0.94499999999999995     
         119  0.96499999999999997     
         120  0.94499999999999995     
         121  0.95999999999999996     
         122  0.95499999999999996     
         123  0.93000000000000005     
         124  0.93999999999999995     
         125  0.91500000000000004     
         126  0.92500000000000004     
         127  0.93500000000000005     
         128  0.96999999999999997     
         129  0.94999999999999996     
         130  0.94499999999999995     
         131  0.92500000000000004     
         132  0.96999999999999997     
         133  0.94499999999999995     
         134  0.92000000000000004     
         135  0.95499999999999996     
         136  0.94499999999999995     
         137  0.93999999999999995     
         138  0.92000000000000004     
         139  0.95499999999999996     
         140  0.93999999999999995     
         141  0.95499999999999996     
         142  0.94999999999999996     
         143  0.97499999999999998     
         144  0.98499999999999999     
         145  0.96499999999999997     
         146  0.91500000000000004     
         147  0.93999999999999995     
         148  0.89500000000000002     
         149  0.93500000000000005     
         150  0.96499999999999997     
         151  0.94999999999999996     
         152  0.94499999999999995     
         153  0.91000000000000003     
         154  0.93999999999999995     
         155  0.94999999999999996     
         156  0.93500000000000005     
         157  0.96499999999999997     
         158  0.92000000000000004     
         159  0.97999999999999998     
         160  0.91000000000000003     
         161  0.97499999999999998     
         162  0.95499999999999996     
         163  0.89500000000000002     
         164  0.95999999999999996     
         165  0.95999999999999996     
         166  0.93999999999999995     
         167  0.97499999999999998     
         168  0.95999999999999996     
         169  0.91500000000000004     
         170  0.97499999999999998     
         171  0.95499999999999996     
         172  0.93500000000000005     
         173  0.97499999999999998     
         174  0.93000000000000005     
         175  0.94499999999999995     
         176  0.92500000000000004     
         177  0.93000000000000005     
         178  0.98999999999999999     
         179  0.94499999999999995     
         180  0.96499999999999997     
         181  0.92500000000000004     
         182  0.96499999999999997     
         183  0.93500000000000005     
         184  0.93000000000000005     
         185  0.93500000000000005     
         186  0.93000000000000005     
         187  0.95499999999999996     
         188  0.97499999999999998     
         189  0.96999999999999997     
         190  0.95499999999999996     
         191  0.94499999999999995     
         192  0.87000000000000000     
         193  0.87000000000000000     
         194  0.94999999999999996     
         195  0.91500000000000004     
         196  0.93500000000000005     
         197  0.94499999999999995     
         198  0.93999999999999995     
         199  0.97499999999999998     
         200  0.99500000000000000     
         201  0.93999999999999995     
         202  0.92000000000000004     
         203  0.95499999999999996     
         204  0.95499999999999996     
         205  0.98499999999999999     
         206  0.87500000000000000     
         207  0.97499999999999998     
         208  0.97999999999999998     
         209  0.93500000000000005     
         210  0.95499999999999996     
         211  0.93500000000000005     
         212  0.93999999999999995     
         213  0.92500000000000004     
         214  0.98499999999999999     
         215  0.97499999999999998     
         216  0.94499999999999995     
         217  0.97499999999999998     
         218  0.96499999999999997     
         219  0.93000000000000005     
         220  0.85499999999999998     
         221  0.94999999999999996     
         222  0.93000000000000005     
         223  0.91500000000000004     
         224  0.96499999999999997     
         225  0.87500000000000000     
         226  0.97499999999999998     
         227  0.93500000000000005     
         228  0.93500000000000005     
         229  0.93500000000000005     
         230  0.94999999999999996     
         231  0.93999999999999995     
         232  0.93500000000000005     
         233  0.92000000000000004     
         234  0.89000000000000001     
         235  0.93000000000000005     
         236  0.95499999999999996     
         237  0.95499999999999996     
         238  0.95999999999999996     
         239  0.91500000000000004     
         240  0.88500000000000001     
         241  0.93500000000000005     
         242  0.93999999999999995     
         243  0.90500000000000003     
         244  0.92000000000000004     
         245  0.92500000000000004     
         246  0.94999999999999996     
         247  0.87500000000000000     
         248  0.92000000000000004     
         249  0.94999999999999996     
         250  0.94999999999999996     
         251  0.94499999999999995     
         252  0.97499999999999998     
         253  0.96499999999999997     
         254  0.96499999999999997     
         255  0.89000000000000001     
         256  0.95499999999999996     
         257  0.98499999999999999     
         258  0.94999999999999996     
         259  0.95499999999999996     
         260  0.95499999999999996     
         261  0.93500000000000005     
         262  0.96999999999999997     
         263  0.94999999999999996     
         264  0.92500000000000004     
         265  0.94999999999999996     
         266  0.97499999999999998     
         267  0.92000000000000004     
         268  0.93999999999999995     
         269  0.93999999999999995     
         270  0.94999999999999996     
         271  0.93999999999999995     
         272  0.93500000000000005     
         273  0.95999999999999996     
         274  0.93500000000000005     
         275  0.96499999999999997     
         276  0.96999999999999997     
         277  0.94999999999999996     
         278  0.93999999999999995     
         279  0.88000000000000000     
         280  0.93500000000000005     
         281  0.91500000000000004     
         282  0.94999999999999996     
         283  0.94499999999999995     
         284  0.95999999999999996     
         285  0.94999999999999996     
         286  0.97499999999999998     
         287  0.93000000000000005     
         288  0.94499999999999995     
         289  0.89500000000000002     
         290  0.94499999999999995     
         291  0.93500000000000005     
         292  0.97499999999999998     
         293  0.93999999999999995     
         294  0.97499999999999998     
         295  0.93500000000000005     
         296  0.96999999999999997     
         297  0.91000000000000003     
         298  0.90500000000000003     
         299  0.93500000000000005     
         300  0.80000000000000004     
         301  0.95999999999999996     
         302  0.93500000000000005     
         303  0.84999999999999998     
         304  0.94999999999999996     
         305  0.94499999999999995     
         306  0.93999999999999995     
         307  0.94499999999999995     
         308  0.91000000000000003     
         309  0.88500000000000001     
         310  0.91000000000000003     
         311  0.82499999999999996     
         312  0.93500000000000005     
         313  0.99500000000000000     
         314  0.96499999999999997     
         315  0.94499999999999995     
         316  0.96499999999999997     
         317  0.91000000000000003     
         318  0.93500000000000005     
         319  0.97499999999999998     
         320  0.93000000000000005     
         321  0.93999999999999995     
         322  0.92000000000000004     
         323  0.95499999999999996     
         324  0.93500000000000005     
         325  0.92500000000000004     
         326  0.95999999999999996     
         327  0.96999999999999997     
         328  0.95999999999999996     
         329  0.95999999999999996     
         330  0.94999999999999996     
         331  0.94499999999999995     
         332  0.93000000000000005     
         333  0.94999999999999996     
         334  0.93999999999999995     
         335  0.96499999999999997     
         336  0.94499999999999995     
         337  0.95499999999999996     
         338  0.91000000000000003     
         339  0.93000000000000005     
         340  0.94999999999999996     
         341  0.95499999999999996     
         342  0.89500000000000002     
         343  0.90500000000000003     
         344  0.81999999999999995     
         345  0.95499999999999996     
         346  0.92500000000000004     
         347  0.95499999999999996     
         348  0.85499999999999998     
         349  0.93500000000000005     
         350  0.95999999999999996     
         351  0.92000000000000004     
         352  0.97499999999999998     
         353  0.93999999999999995     
         354  0.91500000000000004     
         355  0.90000000000000002     
         356  0.97999999999999998     
         357  0.90500000000000003     
         358  0.94999999999999996     
         359  0.93999999999999995     
         360  0.96999999999999997     
         361  0.95999999999999996     
         362  0.93999999999999995     
         363  0.97499999999999998     
         364  0.92500000000000004     
         365  0.91500000000000004     
         366  0.92500000000000004     
         367  0.92500000000000004     
         368  0.93500000000000005     
         369  0.95499999999999996     
         370  0.97499999999999998     
         371  0.93500000000000005     
         372  0.93500000000000005     
         373  0.93500000000000005     
         374  0.95499999999999996     
         375  0.95999999999999996     
         376  0.92500000000000004     
         377  0.93999999999999995     
         378  0.92000000000000004     
         379  0.94499999999999995     
         380  0.94499999999999995     
         381  0.92500000000000004     
         382  0.97499999999999998     
         383  0.89000000000000001     
         384  0.92500000000000004     
         385  0.93500000000000005     
         386  0.94499999999999995     
         387  0.93000000000000005     
         388  0.90000000000000002     
         389  0.95499999999999996     
         390  0.94499999999999995     
         391  0.95999999999999996     
         392  0.95999999999999996     
         393  0.94999999999999996     
         394  0.90500000000000003     
         395  0.92000000000000004     
         396  0.93500000000000005     
         397  0.96499999999999997     
         398  0.96499999999999997     
         399  0.95999999999999996     
         400  0.93000000000000005     
         401  0.97499999999999998     
         402  0.95999999999999996     
         403  0.95999999999999996     
         404  0.94999999999999996     
         405  0.92500000000000004     
         406  0.94999999999999996     
         407  0.97499999999999998     
         408  0.92500000000000004     
         409  0.95999999999999996     
         410  0.95999999999999996     
         411  0.93500000000000005     
         412  0.85999999999999999     
         413  0.93500000000000005     
         414  0.94999999999999996     
         415  0.92000000000000004     
         416  0.96499999999999997     
         417  0.95499999999999996     
         418  0.95999999999999996     
         419  0.93999999999999995     
         420  0.91000000000000003     
         421  0.91000000000000003     
         422  0.88000000000000000     
         423  0.94999999999999996     
         424  0.94999999999999996     
         425  0.98499999999999999     
         426  0.88500000000000001     
         427  0.94499999999999995     
         428  0.95999999999999996     
         429  0.95499999999999996     
         430  0.93999999999999995     
         431  0.88500000000000001     
         432  0.98499999999999999     
         433  0.93999999999999995     
         434  0.93000000000000005     
         435  0.92500000000000004     
         436  0.95499999999999996     
         437  0.94499999999999995     
         438  0.91500000000000004     
         439  0.97499999999999998     
         440  0.93000000000000005     
         441  0.92500000000000004     
         442  0.93999999999999995     
         443  0.84999999999999998     
         444  0.92000000000000004     
         445  0.93000000000000005     
         446  0.97999999999999998     
         447  0.95999999999999996     
         448  0.95999999999999996     
         449  0.92500000000000004     
         450  0.97499999999999998     
         451  0.90500000000000003     
         452  0.91500000000000004     
         453  0.94499999999999995     
         454  0.94499999999999995     
         455  0.94499999999999995     
         456  0.93000000000000005     
         457  0.92500000000000004     
         458  0.95999999999999996     
         459  0.95499999999999996     
         460  0.92500000000000004     
         461  0.91500000000000004     
         462  0.93000000000000005     
         463  0.90000000000000002     
         464  0.95999999999999996     
         465  0.95499999999999996     
         466  0.95999999999999996     
         467  0.90500000000000003     
         468  0.93500000000000005     
         469  0.97499999999999998     
         470  0.90000000000000002     
         471  0.95999999999999996     
         472  0.94499999999999995     
         473  0.94999999999999996     
         474  0.93500000000000005     
         475  0.93000000000000005     
         476  0.96499999999999997     
         477  0.94999999999999996     
         478  0.94499999999999995     
         479  0.94999999999999996     
         480  0.94999999999999996     
         481  0.86499999999999999     
         482  0.93999999999999995     
         483  0.89000000000000001     
         484  0.99500000000000000     
         485  0.91500000000000004     
         486  0.95499999999999996     
         487  0.93500000000000005     
         488  0.93500000000000005     
         489  0.93500000000000005     
         490  0.92000000000000004     
         491  0.92000000000000004     
         492  0.94999999999999996     
         493  0.98999999999999999     
         494  0.94499999999999995     
         495  0.93000000000000005     
         496  0.93500000000000005     
         497  0.96499999999999997     
         498  0.92000000000000004     
         499  0.98999999999999999     
         500  0.89500000000000002     
         501  0.93000000000000005     
         502  0.96999999999999997     
         503  0.97499999999999998     
         504  0.90000000000000002     
         505  0.96499999999999997     
         506  0.95499999999999996     
         507  0.91500000000000004     
         508  0.94999999999999996     
         509  0.97999999999999998     
         510  0.94999999999999996     
         511  0.95499999999999996     
         512  0.95999999999999996     
         513  0.94999999999999996     
         514  0.95999999999999996     
         515  0.97499999999999998     
         516  0.96499999999999997     
         517  0.90500000000000003     
         518  0.93000000000000005     
         519  0.97499999999999998     
         520  0.92500000000000004     
         521  0.94999999999999996     
         522  0.93999999999999995     
         523  0.94499999999999995     
         524  0.88000000000000000     
         525  0.97499999999999998     
         526  0.94499999999999995     
         527  0.95499999999999996     
         528  0.94499999999999995     
         529  0.93500000000000005     
         530  0.97999999999999998     
         531  0.92500000000000004     
         532  0.93000000000000005     
         533  0.88500000000000001     
         534  0.93500000000000005     
         535  0.95499999999999996     
         536  0.94499999999999995     
         537  0.94499999999999995     
         538  0.95999999999999996     
         539  0.94999999999999996     
         540  0.91500000000000004     
         541  0.95999999999999996     
         542  0.89500000000000002     
         543  0.90500000000000003     
         544  0.94999999999999996     
         545  0.94999999999999996     
         546  0.93500000000000005     
         547  0.82499999999999996     
         548  0.91500000000000004     
         549  0.97499999999999998     
         550  0.95999999999999996     
         551  0.95999999999999996     
         552  0.91000000000000003     
         553  0.91000000000000003     
         554  0.96999999999999997     
         555  0.94499999999999995     
         556  0.93000000000000005     
         557  0.92500000000000004     
         558  0.94999999999999996     
         559  0.97999999999999998     
         560  0.94999999999999996     
         561  0.94999999999999996     
         562  0.93500000000000005     
         563  0.93000000000000005     
         564  0.98999999999999999     
         565  0.90500000000000003     
         566  0.92500000000000004     
         567  0.94999999999999996     
         568  0.94999999999999996     
         569  0.92000000000000004     
         570  0.97499999999999998     
         571  0.92500000000000004     
         572  0.94499999999999995     
         573  0.96999999999999997     
         574  0.90500000000000003     
         575  0.93999999999999995     
         576  0.97999999999999998     
         577  0.89500000000000002     
         578  0.93999999999999995     
         579  0.93000000000000005     
         580  0.91000000000000003     
         581  0.93000000000000005     
         582  0.93000000000000005     
         583  0.95999999999999996     
         584  0.93500000000000005     
         585  0.97499999999999998     
         586  0.94999999999999996     
         587  0.96499999999999997     
         588  0.95499999999999996     
         589  0.89500000000000002     
         590  0.92500000000000004     
         591  0.93000000000000005     
         592  0.94499999999999995     
         593  0.96999999999999997     
         594  0.96499999999999997     
         595  0.96499999999999997     
         596  0.96999999999999997     
         597  0.95999999999999996     
         598  0.92500000000000004     
         599  0.96499999999999997     
         600  0.93000000000000005     
         601  0.90500000000000003     
         602  0.93500000000000005     
         603  0.93999999999999995     
         604  0.96499999999999997     
         605  0.93500000000000005     
         606  0.94499999999999995     
         607  0.94499999999999995     
         608  0.97999999999999998     
         609  0.95999999999999996     
         610  0.92500000000000004     
         611  0.94999999999999996     
         612  0.88500000000000001     
         613  0.93000000000000005     
         614  0.88000000000000000     
         615  0.93999999999999995     
         616  0.96999999999999997     
         617  0.97999999999999998     
         618  0.90500000000000003     
         619  0.91000000000000003     
         620  0.98999999999999999     
         621  0.90500000000000003     
         622  0.96999999999999997     
         623  0.92500000000000004     
         624  0.94499999999999995     
         625  0.96499999999999997     
         626  0.93000000000000005     
         627  0.93999999999999995     
         628  0.88000000000000000     
         629  0.95999999999999996     
         630  0.94499999999999995     
         631  0.93999999999999995     
         632  0.91500000000000004     
         633  0.95999999999999996     
         634  0.97499999999999998     
         635  0.93000000000000005     
         636  0.93500000000000005     
         637  0.93500000000000005     
         638  0.97499999999999998     
         639  0.96499999999999997     
         640  0.96499999999999997     
         641  0.96999999999999997     
         642  0.98499999999999999     
         643  0.97499999999999998     
         644  0.86499999999999999     
         645  0.96499999999999997     
         646  0.94499999999999995     
         647  0.96999999999999997     
         648  0.89500000000000002     
         649  0.96999999999999997     
         650  0.92000000000000004     
         651  0.94499999999999995     
         652  0.93999999999999995     
         653  0.90000000000000002     
         654  0.93500000000000005     
         655  0.96499999999999997     
         656  0.94499999999999995     
         657  0.96499999999999997     
         658  0.96999999999999997     
         659  0.97499999999999998     
         660  0.97499999999999998     
         661  0.95499999999999996     
         662  0.91000000000000003     
         663  0.73499999999999999     
         664  0.91000000000000003     
         665  0.97499999999999998     
         666  0.95999999999999996     
         667  0.96999999999999997     
         668  0.94999999999999996     
         669  0.93500000000000005     
         670  0.98499999999999999     
         671  0.93500000000000005     
         672  0.95499999999999996     
         673  0.93500000000000005     
         674  0.97999999999999998     
         675  0.94999999999999996     
         676  0.92000000000000004     
         677  0.93000000000000005     
         678  0.94999999999999996     
         679  0.93500000000000005     
         680  0.93500000000000005     
         681  0.90500000000000003     
         682  0.95999999999999996     
         683  0.93500000000000005     
         684  0.95499999999999996     
         685  0.91500000000000004     
         686  0.91000000000000003     
         687  0.89500000000000002     
         688  0.92500000000000004     
         689  0.97999999999999998     
         690  0.97499999999999998     
         691  0.87500000000000000     
         692  0.94999999999999996     
         693  0.93999999999999995     
         694  0.94999999999999996     
         695  0.94999999999999996     
         696  0.95499999999999996     
         697  0.96499999999999997     
         698  0.96499999999999997     
         699  0.94499999999999995     
         700  0.96999999999999997     
         701  0.93500000000000005     
         702  0.99500000000000000     
         703  0.96999999999999997     
         704  0.94999999999999996     
         705  0.95999999999999996     
         706  0.95499999999999996     
         707  0.94499999999999995     
         708  0.97999999999999998     
         709  0.94999999999999996     
         710  0.96499999999999997     
         711  0.93999999999999995     
         712  0.95499999999999996     
         713  0.95499999999999996     
         714  0.93000000000000005     
         715  0.93500000000000005     
         716  0.96499999999999997     
         717  0.95499999999999996     
         718  0.97499999999999998     
         719  0.89000000000000001     
         720  0.93000000000000005     
         721  0.92000000000000004     
         722  0.92000000000000004     
         723  0.95999999999999996     
         724  0.90000000000000002     
         725  0.96999999999999997     
         726  0.95999999999999996     
         727  0.96499999999999997     
         728  0.93000000000000005     
         729  0.87500000000000000     
         730  0.95499999999999996     
         731  0.93999999999999995     
         732  0.85999999999999999     
         733  0.93999999999999995     
         734  0.93000000000000005     
         735  0.97499999999999998     
         736  0.94999999999999996     
         737  0.94999999999999996     
         738  0.96499999999999997     
         739  0.94999999999999996     
         740  0.94499999999999995     
         741  0.91000000000000003     
         742  0.96999999999999997     
         743  0.95499999999999996     
         744  0.93500000000000005     
         745  0.90000000000000002     
         746  0.93500000000000005     
         747  0.90500000000000003     
         748  0.95499999999999996     
         749  0.93999999999999995     
         750  0.95499999999999996     
         751  0.88000000000000000     
         752  0.94499999999999995     
         753  0.95999999999999996     
         754  0.94499999999999995     
         755  0.85499999999999998     
         756  0.96999999999999997     
         757  0.96499999999999997     
         758  0.95499999999999996     
         759  0.95499999999999996     
         760  0.88000000000000000     
         761  0.93999999999999995     
         762  0.97999999999999998     
         763  0.94499999999999995     
         764  0.90000000000000002     
         765  0.94999999999999996     
         766  0.97499999999999998     
         767  0.98499999999999999     
         768  0.95499999999999996     
         769  0.97499999999999998     
         770  0.95999999999999996     
         771  0.93999999999999995     
         772  0.95499999999999996     
         773  0.92500000000000004     
         774  0.94999999999999996     
         775  0.96999999999999997     
         776  0.97999999999999998     
         777  0.94999999999999996     
         778  0.96499999999999997     
         779  0.95999999999999996     
         780  0.94499999999999995     
         781  0.97999999999999998     
         782  0.97499999999999998     
         783  0.89500000000000002     
         784  0.94999999999999996     
         785  0.94999999999999996     
         786  0.98999999999999999     
         787  0.93999999999999995     
         788  0.93999999999999995     
         789  0.93000000000000005     
         790  0.93000000000000005     
         791  0.94499999999999995     
         792  0.98499999999999999     
         793  0.98499999999999999     
         794  0.92500000000000004     
         795  0.96999999999999997     
         796  0.89500000000000002     
         797  0.94999999999999996     
         798  0.97999999999999998     
         799  0.94999999999999996     
         800  0.95499999999999996     
         801  0.93999999999999995     
         802  0.95999999999999996     
         803  0.96999999999999997     
         804  0.93000000000000005     
         805  0.97999999999999998     
         806  0.96499999999999997     
         807  0.89500000000000002     
         808  0.93500000000000005     
         809  0.94499999999999995     
         810  0.92500000000000004     
         811  0.93500000000000005     
         812  0.93000000000000005     
         813  0.91500000000000004     
         814  0.88500000000000001     
         815  0.91000000000000003     
         816  0.93000000000000005     
         817  0.93500000000000005     
         818  0.95499999999999996     
         819  0.95499999999999996     
         820  0.95499999999999996     
         821  0.95499999999999996     
         822  0.96999999999999997     
         823  0.92000000000000004     
         824  0.93999999999999995     
         825  0.95999999999999996     
         826  0.91500000000000004     
         827  0.98499999999999999     
         828  0.92000000000000004     
         829  0.94999999999999996     
         830  0.92000000000000004     
         831  0.94999999999999996     
         832  0.95499999999999996     
         833  0.97499999999999998     
         834  0.92500000000000004     
         835  0.91500000000000004     
         836  0.96499999999999997     
         837  0.97999999999999998     
         838  0.93999999999999995     
         839  0.96499999999999997     
         840  0.94499999999999995     
         841  0.93000000000000005     
         842  0.98499999999999999     
         843  0.93000000000000005     
         844  0.96999999999999997     
         845  0.97999999999999998     
         846  0.94499999999999995     
         847  0.95999999999999996     
         848  0.92500000000000004     
         849  0.93000000000000005     
         850  0.91000000000000003     
         851  0.94999999999999996     
         852  0.97499999999999998     
         853  0.98999999999999999     
         854  0.87500000000000000     
         855  0.91000000000000003     
         856  0.92500000000000004     
         857  0.94499999999999995     
         858  0.94999999999999996     
         859  0.97499999999999998     
         860  0.87500000000000000     
         861  0.92000000000000004     
         862  0.89500000000000002     
         863  0.93500000000000005     
         864  0.95999999999999996     
         865  0.88500000000000001     
         866  0.96499999999999997     
         867  0.96499999999999997     
         868  0.93999999999999995     
         869  0.90500000000000003     
         870  0.94499999999999995     
         871  0.96499999999999997     
         872  0.93000000000000005     
         873  0.94999999999999996     
         874  0.93000000000000005     
         875  0.94999999999999996     
         876  0.97499999999999998     
         877  0.97999999999999998     
         878  0.95999999999999996     
         879  0.94499999999999995     
         880  0.95999999999999996     
         881  0.95999999999999996     
         882  0.96499999999999997     
         883  0.92000000000000004     
         884  0.92000000000000004     
         885  0.89500000000000002     
         886  0.93500000000000005     
         887  0.94999999999999996     
         888  0.93000000000000005     
         889  0.94999999999999996     
         890  0.88500000000000001     
         891  0.94999999999999996     
         892  0.96999999999999997     
         893  0.94999999999999996     
         894  0.88000000000000000     
         895  0.96499999999999997     
         896  0.84999999999999998     
         897  0.93999999999999995     
         898  0.98499999999999999     
         899  0.93000000000000005     
         900  0.92500000000000004     
         901  0.98999999999999999     
         902  0.99500000000000000     
         903  0.96999999999999997     
         904  0.93000000000000005     
         905  0.91000000000000003     
         906  0.94999999999999996     
         907  0.94999999999999996     
         908  0.92500000000000004     
         909  0.97499999999999998     
         910  0.91000000000000003     
         911  0.95999999999999996     
         912  0.94999999999999996     
         913  0.97499999999999998     
         914  0.96999999999999997     
         915  0.94499999999999995     
         916  0.96499999999999997     
         917  0.93500000000000005     
         918  0.93500000000000005     
         919  0.95499999999999996     
         920  0.94999999999999996     
         921  0.95499999999999996     
         922  0.96499999999999997     
         923  0.88000000000000000     
         924  0.94999999999999996     
         925  0.95499999999999996     
         926  0.95999999999999996     
         927  0.97499999999999998     
         928  0.92000000000000004     
         929  0.96499999999999997     
         930  0.95499999999999996     
         931  0.93999999999999995     
         932  0.92000000000000004     
         933  0.85499999999999998     
         934  0.92500000000000004     
         935  0.95499999999999996     
         936  0.95999999999999996     
         937  0.94499999999999995     
         938  0.96499999999999997     
         939  0.91500000000000004     
         940  0.97499999999999998     
         941  0.93999999999999995     
         942  0.93999999999999995     
         943  0.96499999999999997     
         944  0.92000000000000004     
         945  0.84499999999999997     
         946  0.96499999999999997     
         947  0.95999999999999996     
         948  0.95999999999999996     
         949  0.93500000000000005     
         950  0.98999999999999999     
         951  0.95499999999999996     
         952  0.96499999999999997     
         953  0.94499999999999995     
         954  0.95999999999999996     
         955  0.93000000000000005     
         956  0.95999999999999996     
         957  0.96499999999999997     
         958  0.94999999999999996     
         959  0.98999999999999999     
         960  0.95999999999999996     
         961  0.95499999999999996     
         962  0.85999999999999999     
         963  0.93999999999999995     
         964  0.98999999999999999     
         965  0.97999999999999998     
         966  0.93000000000000005     
         967  0.96999999999999997     
         968  0.92000000000000004     
         969  0.95499999999999996     
         970  0.95999999999999996     
         971  0.89000000000000001     
         972  0.97499999999999998     
         973  0.91000000000000003     
         974  0.93500000000000005     
         975  0.97499999999999998     
         976  0.91000000000000003     
         977  0.93000000000000005     
         978  0.95499999999999996     
         979  0.95999999999999996     
         980  0.90000000000000002     
         981  0.94499999999999995     
         982  0.96499999999999997     
         983  0.92500000000000004     
         984  0.94499999999999995     
         985  0.96499999999999997     
         986  0.97999999999999998     
         987  0.95999999999999996     
         988  0.93999999999999995     
         989  0.95499999999999996     
         990  0.95999999999999996     
         991  0.94499999999999995     
         992  0.94999999999999996     
         993  0.94499999999999995     
         994  0.95999999999999996     
         995  0.93500000000000005     
         996  0.97499999999999998     
         997  0.93999999999999995     
         998  0.98499999999999999     
         999  0.96999999999999997     
        1000  0.95499999999999996     
        1001  0.93000000000000005     
        1002  0.97499999999999998     
        1003  0.95499999999999996     
        1004  0.93500000000000005     
        1005  0.91000000000000003     
        1006  0.95999999999999996     
        1007  0.96999999999999997     
        1008  0.93999999999999995     
        1009  0.95999999999999996     
        1010  0.94499999999999995     
        1011  0.93000000000000005     
        1012  0.96499999999999997     
        1013  0.95499999999999996     
        1014  0.91500000000000004     
        1015  0.94999999999999996     
        1016  0.91000000000000003     
        1017  0.93500000000000005     
        1018  0.94499999999999995     
        1019  0.95499999999999996     
        1020  0.95499999999999996     
        1021  0.94499999999999995     
        1022  0.96499999999999997     
        1023  0.95499999999999996     
        1024  0.97499999999999998     
        1025  0.97499999999999998     
        1026  0.91500000000000004     
        1027  0.93500000000000005     
        1028  0.97499999999999998     
        1029  0.95499999999999996     
        1030  0.94499999999999995     
        1031  0.91500000000000004     
        1032  0.89500000000000002     
        1033  0.95999999999999996     
        1034  0.79500000000000004     
        1035  0.94999999999999996     
        1036  0.99500000000000000     
        1037  0.94499999999999995     
        1038  0.94999999999999996     
        1039  0.96999999999999997     
        1040  0.96999999999999997     
        1041  0.95499999999999996     
        1042  0.94999999999999996     
        1043  0.95999999999999996     
        1044  0.95499999999999996     
        1045  0.93500000000000005     
        1046  0.97999999999999998     
        1047  0.94499999999999995     
        1048  0.91500000000000004     
        1049  0.95499999999999996     
        1050  0.97999999999999998     
        1051  0.93000000000000005     
        1052  0.93999999999999995     
        1053  0.91500000000000004     
        1054  0.97499999999999998     
        1055  0.93500000000000005     
        1056  0.98499999999999999     
        1057  0.93500000000000005     
        1058  0.92000000000000004     
        1059  0.94499999999999995     
        1060  0.96499999999999997     
        1061  0.92500000000000004     
        1062  0.93000000000000005     
        1063  0.93999999999999995     
        1064  0.95999999999999996     
        1065  0.97999999999999998     
        1066  0.96999999999999997     
        1067  0.92000000000000004     
        1068  0.93500000000000005     
        1069  0.85999999999999999     
        1070  0.93500000000000005     
        1071  0.92500000000000004     
        1072  0.88000000000000000     
        1073  0.96999999999999997     
        1074  0.97999999999999998     
        1075  0.93999999999999995     
        1076  0.94499999999999995     
        1077  0.95499999999999996     
        1078  0.95499999999999996     
        1079  0.93500000000000005     
        1080  0.93999999999999995     
        1081  0.96499999999999997     
        1082  0.98499999999999999     
        1083  0.96499999999999997     
        1084  0.89500000000000002     
        1085  0.96499999999999997     
        1086  0.88500000000000001     
        1087  0.93000000000000005     
        1088  0.95499999999999996     
        1089  0.93999999999999995     
        1090  0.94999999999999996     
        1091  0.95999999999999996     
        1092  0.90000000000000002     
        1093  0.94499999999999995     
        1094  0.96999999999999997     
        1095  0.95499999999999996     
        1096  0.91000000000000003     
        1097  0.94499999999999995     
        1098  0.97499999999999998     
        1099  0.96999999999999997     
        1100  0.86499999999999999     
        1101  0.91500000000000004     
        1102  0.93500000000000005     
        1103  0.95499999999999996     
        1104  0.91500000000000004     
        1105  0.98499999999999999     
        1106  0.90500000000000003     
        1107  0.92500000000000004     
        1108  0.93500000000000005     
        1109  0.91500000000000004     
        1110  0.91000000000000003     
        1111  0.94999999999999996     
        1112  0.97999999999999998     
        1113  0.95499999999999996     
        1114  0.90000000000000002     
        1115  0.95999999999999996     
        1116  0.95999999999999996     
        1117  0.95999999999999996     
        1118  0.97499999999999998     
        1119  0.92000000000000004     
        1120  0.93500000000000005     
        1121  0.93500000000000005     
        1122  0.84999999999999998     
        1123  0.81000000000000005     
        1124  0.96999999999999997     
        1125  0.93000000000000005     
        1126  0.94499999999999995     
        1127  0.93500000000000005     
        1128  0.96999999999999997     
        1129  0.93500000000000005     
        1130  0.97499999999999998     
        1131  0.88000000000000000     
        1132  0.94499999999999995     
        1133  0.96999999999999997     
        1134  0.97999999999999998     
        1135  0.93500000000000005     
        1136  0.94999999999999996     
        1137  0.91000000000000003     
        1138  0.93500000000000005     
        1139  0.93000000000000005     
        1140  0.90500000000000003     
        1141  0.94999999999999996     
        1142  0.95499999999999996     
        1143  0.95499999999999996     
        1144  0.96499999999999997     
        1145  0.92500000000000004     
        1146  0.97999999999999998     
        1147  0.94499999999999995     
        1148  0.95999999999999996     
        1149  0.95499999999999996     
        1150  0.94499999999999995     
        1151  0.90000000000000002     
        1152  0.93000000000000005     
        1153  0.97499999999999998     
        1154  0.94499999999999995     
        1155  0.90000000000000002     
        1156  0.95999999999999996     
        1157  0.94999999999999996     
        1158  0.97999999999999998     
        1159  0.91000000000000003     
        1160  0.97499999999999998     
        1161  0.94999999999999996     
        1162  0.89500000000000002     
        1163  0.91000000000000003     
        1164  0.95499999999999996     
        1165  0.97499999999999998     
        1166  0.96999999999999997     
        1167  0.92500000000000004     
        1168  0.94999999999999996     
        1169  0.94499999999999995     
        1170  0.93999999999999995     
        1171  0.95999999999999996     
        1172  0.95499999999999996     
        1173  0.94999999999999996     
        1174  0.93000000000000005     
        1175  0.97499999999999998     
        1176  0.96499999999999997     
        1177  0.95499999999999996     
        1178  0.96999999999999997     
        1179  0.96499999999999997     
        1180  0.94499999999999995     
        1181  0.92000000000000004     
        1182  0.92500000000000004     
        1183  0.94499999999999995     
        1184  0.92500000000000004     
        1185  0.95499999999999996     
        1186  0.96499999999999997     
        1187  0.93000000000000005     
        1188  0.94999999999999996     
        1189  0.99500000000000000     
        1190  0.95499999999999996     
        1191  0.94499999999999995     
        1192  0.93999999999999995     
        1193  0.96499999999999997     
        1194  0.93999999999999995     
        1195  0.95999999999999996     
        1196  0.80500000000000005     
        1197  0.92000000000000004     
        1198  0.96499999999999997     
        1199  0.96499999999999997     
        1200  0.95499999999999996     
        1201  0.93999999999999995     
        1202  0.98499999999999999     
        1203  0.96999999999999997     
        1204  0.90500000000000003     
        1205  0.93999999999999995     
        1206  0.97999999999999998     
        1207  0.95499999999999996     
        1208  0.95999999999999996     
        1209  0.93000000000000005     
        1210  0.92000000000000004     
        1211  0.94499999999999995     
        1212  0.94499999999999995     
        1213  0.97499999999999998     
        1214  0.95999999999999996     
        1215  0.96999999999999997     
        1216  0.96499999999999997     
        1217  0.96499999999999997     
        1218  0.92000000000000004     
        1219  0.91000000000000003     
        1220  0.95499999999999996     
        1221  0.94499999999999995     
        1222  0.96499999999999997     
        1223  0.87500000000000000     
        1224  0.95999999999999996     
        1225  0.94499999999999995     
        1226  0.94499999999999995     
        1227  0.75000000000000000     
        1228  0.92500000000000004     
        1229  0.95499999999999996     
        1230  0.93999999999999995     
        1231  0.94999999999999996     
        1232  0.96499999999999997     
        1233  0.95499999999999996     
        1234  0.93500000000000005     
        1235  0.95499999999999996     
        1236  0.93000000000000005     
        1237  0.95999999999999996     
        1238  0.93999999999999995     
        1239  0.93000000000000005     
        1240  0.95499999999999996     
        1241  0.97999999999999998     
        1242  0.88000000000000000     
        1243  0.95499999999999996     
        1244  0.95999999999999996     
        1245  0.93000000000000005     
        1246  0.90000000000000002     
        1247  0.92500000000000004     
        1248  0.93500000000000005     
        1249  0.93999999999999995     
        1250  0.96499999999999997     
        1251  0.92500000000000004     
        1252  0.93500000000000005     
        1253  0.97999999999999998     
        1254  0.93999999999999995     
        1255  0.93999999999999995     
        1256  0.96999999999999997     
        1257  0.96999999999999997     
        1258  0.95999999999999996     
        1259  0.95999999999999996     
        1260  0.91500000000000004     
        1261  0.93000000000000005     
        1262  0.89500000000000002     
        1263  0.93000000000000005     
        1264  0.96499999999999997     
        1265  0.97999999999999998     
        1266  0.97999999999999998     
        1267  0.97499999999999998     
        1268  0.97999999999999998     
        1269  0.95999999999999996     
        1270  0.93500000000000005     
        1271  0.94499999999999995     
        1272  0.92000000000000004     
        1273  0.97499999999999998     
        1274  0.96999999999999997     
        1275  0.99500000000000000     
        1276  0.96499999999999997     
        1277  0.94499999999999995     
        1278  0.93999999999999995     
        1279  0.92500000000000004     
        1280  0.98499999999999999     
        1281  0.96999999999999997     
        1282  0.96499999999999997     
        1283  0.97499999999999998     
        1284  0.96499999999999997     
        1285  0.96499999999999997     
        1286  0.95499999999999996     
        1287  0.97999999999999998     
        1288  0.98999999999999999     
        1289  0.92000000000000004     
        1290  0.94999999999999996     
        1291  0.94499999999999995     
        1292  0.96499999999999997     
        1293  0.97499999999999998     
        1294  0.95499999999999996     
        1295  0.94999999999999996     
        1296  0.94499999999999995     
        1297  0.97999999999999998     
        1298  0.91000000000000003     
        1299  0.94999999999999996     
        1300  0.91500000000000004     
        1301  0.93500000000000005     
        1302  0.95999999999999996     
        1303  0.93999999999999995     
        1304  0.94999999999999996     
        1305  0.94499999999999995     
        1306  0.93500000000000005     
        1307  0.96499999999999997     
        1308  0.94499999999999995     
        1309  0.93000000000000005     
        1310  0.96499999999999997     
        1311  0.94499999999999995     
        1312  0.94999999999999996     
        1313  0.93500000000000005     
        1314  0.93500000000000005     
        1315  0.91500000000000004     
        1316  0.94999999999999996     
        1317  0.89500000000000002     
        1318  0.91500000000000004     
        1319  0.91500000000000004     
        1320  0.97999999999999998     
        1321  0.88500000000000001     
        1322  0.95499999999999996     
        1323  0.93500000000000005     
        1324  0.94499999999999995     
        1325  0.97999999999999998     
        1326  0.98499999999999999     
        1327  0.93999999999999995     
        1328  0.97999999999999998     
        1329  0.94499999999999995     
        1330  0.93500000000000005     
        1331  0.94999999999999996     
        1332  0.96499999999999997     
        1333  0.96999999999999997     
        1334  0.95999999999999996     
        1335  0.92500000000000004     
        1336  0.92500000000000004     
        1337  0.96999999999999997     
        1338  0.93000000000000005     
        1339  0.95999999999999996     
        1340  0.94499999999999995     
        1341  0.93000000000000005     
        1342  0.93999999999999995     
        1343  0.95499999999999996     
        1344  0.90000000000000002     
        1345  0.93500000000000005     
        1346  0.96499999999999997     
        1347  0.87500000000000000     
        1348  0.97499999999999998     
        1349  0.91500000000000004     
        1350  0.90000000000000002     
        1351  0.95999999999999996     
        1352  0.92500000000000004     
        1353  0.97999999999999998     
        1354  0.95999999999999996     
        1355  0.89500000000000002     
        1356  0.97999999999999998     
        1357  0.89500000000000002     
        1358  0.93000000000000005     
        1359   1.0000000000000000     
        1360  0.97999999999999998     
        1361  0.93999999999999995     
        1362  0.97999999999999998     
        1363  0.92000000000000004     
        1364  0.94499999999999995     
        1365  0.90500000000000003     
        1366  0.95999999999999996     
        1367  0.95999999999999996     
        1368  0.93500000000000005     
        1369  0.96499999999999997     
        1370  0.91000000000000003     
        1371  0.98499999999999999     
        1372  0.99500000000000000     
        1373  0.96999999999999997     
        1374  0.95499999999999996     
        1375  0.90000000000000002     
        1376  0.98499999999999999     
        1377  0.92500000000000004     
        1378  0.91000000000000003     
        1379  0.95499999999999996     
        1380  0.93999999999999995     
        1381  0.93500000000000005     
        1382  0.93999999999999995     
        1383  0.98499999999999999     
        1384  0.96499999999999997     
        1385  0.93000000000000005     
        1386  0.96499999999999997     
        1387  0.95999999999999996     
        1388  0.94499999999999995     
        1389  0.94499999999999995     
        1390  0.98499999999999999     
        1391  0.94499999999999995     
        1392  0.93999999999999995     
        1393  0.91500000000000004     
        1394  0.92000000000000004     
        1395  0.96499999999999997     
        1396  0.98499999999999999     
        1397  0.94499999999999995     
        1398  0.93500000000000005     
        1399  0.91000000000000003     
        1400  0.97499999999999998     
        1401  0.94499999999999995     
        1402  0.96999999999999997     
        1403  0.96499999999999997     
        1404  0.95499999999999996     
        1405  0.95999999999999996     
        1406  0.96999999999999997     
        1407  0.90000000000000002     
        1408  0.95499999999999996     
        1409  0.94999999999999996     
        1410  0.96499999999999997     
        1411  0.95499999999999996     
        1412  0.97499999999999998     
        1413  0.92500000000000004     
        1414  0.92500000000000004     
        1415  0.97999999999999998     
        1416  0.96499999999999997     
        1417  0.96499999999999997     
        1418  0.95999999999999996     
        1419  0.97499999999999998     
        1420  0.89500000000000002     
        1421  0.96499999999999997     
        1422  0.94499999999999995     
        1423  0.92000000000000004     
        1424  0.92000000000000004     
        1425  0.96999999999999997     
        1426  0.96999999999999997     
        1427  0.94999999999999996     
        1428  0.94999999999999996     
        1429  0.95999999999999996     
        1430  0.92500000000000004     
        1431  0.91500000000000004     
        1432  0.92500000000000004     
        1433  0.96499999999999997     
        1434  0.93999999999999995     
        1435  0.93000000000000005     
        1436  0.93999999999999995     
        1437  0.94999999999999996     
        1438  0.95499999999999996     
        1439  0.96499999999999997     
        1440  0.93999999999999995     
        1441  0.98499999999999999     
        1442  0.93999999999999995     
        1443  0.97999999999999998     
        1444  0.92000000000000004     
        1445  0.93000000000000005     
        1446  0.96499999999999997     
        1447  0.95999999999999996     
        1448  0.96999999999999997     
        1449  0.88000000000000000     
        1450  0.93000000000000005     
        1451  0.87500000000000000     
        1452  0.94499999999999995     
        1453  0.94999999999999996     
        1454  0.90500000000000003     
        1455  0.95499999999999996     
        1456  0.92500000000000004     
        1457  0.93999999999999995     
        1458  0.98999999999999999     
        1459  0.98999999999999999     
        1460  0.94499999999999995     
        1461  0.92000000000000004     
        1462  0.93000000000000005     
        1463  0.95499999999999996     
        1464  0.92000000000000004     
        1465  0.92500000000000004     
        1466  0.92000000000000004     
        1467  0.93500000000000005     
        1468  0.95999999999999996     
        1469  0.92000000000000004     
        1470  0.89500000000000002     
        1471  0.97499999999999998     
        1472  0.95499999999999996     
        1473  0.94499999999999995     
        1474  0.92000000000000004     
        1475  0.95499999999999996     
        1476  0.94499999999999995     
        1477  0.96999999999999997     
        1478  0.95999999999999996     
        1479  0.95499999999999996     
        1480  0.96999999999999997     
        1481  0.92500000000000004     
        1482  0.95999999999999996     
        1483  0.96999999999999997     
        1484  0.94499999999999995     
        1485  0.97999999999999998     
        1486  0.96499999999999997     
        1487  0.91000000000000003     
        1488  0.96999999999999997     
        1489  0.95499999999999996     
        1490  0.96499999999999997     
        1491  0.96499999999999997     
        1492  0.95499999999999996     
        1493  0.94499999999999995     
        1494  0.94499999999999995     
        1495  0.95999999999999996     
        1496  0.92000000000000004     
        1497  0.92500000000000004     
        1498  0.92000000000000004     
        1499  0.96499999999999997     
        1500  0.95999999999999996     
        1501  0.95999999999999996     
        1502  0.93500000000000005     
        1503  0.91500000000000004     
        1504  0.89500000000000002     
        1505  0.89500000000000002     
        1506  0.93999999999999995     
        1507  0.94499999999999995     
        1508  0.96999999999999997     
        1509  0.93500000000000005     
        1510  0.95499999999999996     
        1511  0.94499999999999995     
        1512  0.91000000000000003     
        1513  0.94999999999999996     
        1514  0.98499999999999999     
        1515  0.97499999999999998     
        1516  0.93500000000000005     
        1517  0.94499999999999995     
        1518  0.96999999999999997     
        1519  0.93000000000000005     
        1520  0.97999999999999998     
        1521  0.95499999999999996     
        1522  0.94499999999999995     
        1523  0.93000000000000005     
        1524  0.94499999999999995     
        1525  0.93500000000000005     
        1526  0.89500000000000002     
        1527  0.96999999999999997     
        1528  0.90000000000000002     
        1529  0.93000000000000005     
        1530  0.93500000000000005     
        1531  0.93500000000000005     
        1532  0.98999999999999999     
        1533  0.90000000000000002     
        1534  0.96999999999999997     
        1535  0.98499999999999999     
        1536  0.93000000000000005     
        1537  0.94499999999999995     
        1538  0.93500000000000005     
        1539  0.93500000000000005     
        1540  0.95499999999999996     
        1541  0.96499999999999997     
        1542  0.94499999999999995     
        1543  0.95999999999999996     
        1544  0.94999999999999996     
        1545  0.97499999999999998     
        1546  0.93000000000000005     
        1547  0.93000000000000005     
        1548  0.94499999999999995     
        1549  0.95499999999999996     
        1550  0.95499999999999996     
        1551  0.94999999999999996     
        1552  0.97499999999999998     
        1553  0.97499999999999998     
        1554  0.91500000000000004     
        1555  0.92000000000000004     
        1556  0.97499999999999998     
        1557  0.97999999999999998     
        1558  0.96499999999999997     
        1559  0.94499999999999995     
        1560  0.94499999999999995     
        1561  0.94499999999999995     
        1562  0.88500000000000001     
        1563  0.95499999999999996     
        1564  0.94999999999999996     
        1565  0.89000000000000001     
        1566  0.94999999999999996     
        1567  0.91500000000000004     
        1568  0.96499999999999997     
        1569  0.94999999999999996     
        1570  0.91000000000000003     
        1571  0.93999999999999995     
        1572  0.92500000000000004     
        1573  0.96499999999999997     
        1574  0.89500000000000002     
        1575  0.97499999999999998     
        1576  0.95499999999999996     
        1577  0.87000000000000000     
        1578  0.95499999999999996     
        1579  0.88500000000000001     
        1580  0.96499999999999997     
        1581  0.90000000000000002     
        1582  0.97499999999999998     
        1583  0.95999999999999996     
        1584  0.96499999999999997     
        1585  0.93000000000000005     
        1586  0.90000000000000002     
        1587  0.95999999999999996     
        1588  0.90500000000000003     
        1589  0.97999999999999998     
        1590  0.85499999999999998     
        1591  0.97499999999999998     
        1592  0.96999999999999997     
        1593  0.97499999999999998     
        1594  0.91500000000000004     
        1595  0.97499999999999998     
        1596  0.95499999999999996     
        1597  0.96499999999999997     
        1598  0.92000000000000004     
        1599  0.90500000000000003     
        1600  0.92000000000000004     
        1601  0.92500000000000004     
        1602  0.93999999999999995     
        1603  0.93500000000000005     
        1604  0.98999999999999999     
        1605  0.94999999999999996     
        1606  0.95999999999999996     
        1607  0.96499999999999997     
        1608  0.89500000000000002     
        1609  0.90500000000000003     
        1610  0.88000000000000000     
        1611  0.93000000000000005     
        1612  0.96999999999999997     
        1613  0.90500000000000003     
        1614  0.97999999999999998     
        1615  0.94999999999999996     
        1616  0.91000000000000003     
        1617  0.96499999999999997     
        1618  0.92500000000000004     
        1619  0.95499999999999996     
        1620  0.94999999999999996     
        1621  0.89500000000000002     
        1622  0.96999999999999997     
        1623  0.93500000000000005     
        1624  0.93000000000000005     
        1625  0.96499999999999997     
        1626  0.97499999999999998     
        1627  0.95999999999999996     
        1628  0.94499999999999995     
        1629  0.93000000000000005     
        1630  0.87000000000000000     
        1631  0.97499999999999998     
        1632  0.95999999999999996     
        1633  0.91500000000000004     
        1634  0.93500000000000005     
        1635  0.94999999999999996     
        1636  0.98499999999999999     
        1637  0.96999999999999997     
        1638  0.97499999999999998     
        1639  0.95999999999999996     
        1640  0.95499999999999996     
        1641  0.97499999999999998     
        1642  0.94999999999999996     
        1643  0.97999999999999998     
        1644  0.93999999999999995     
        1645  0.93500000000000005     
        1646  0.94499999999999995     
        1647  0.97999999999999998     
        1648  0.93000000000000005     
        1649  0.94999999999999996     
        1650  0.98999999999999999     
        1651  0.95999999999999996     
        1652  0.90500000000000003     
        1653  0.96499999999999997     
        1654  0.90000000000000002     
        1655  0.92000000000000004     
        1656  0.98999999999999999     
        1657  0.96999999999999997     
        1658  0.96499999999999997     
        1659  0.97999999999999998     
        1660  0.95499999999999996     
        1661  0.86499999999999999     
        1662  0.95499999999999996     
        1663  0.88500000000000001     
        1664  0.93999999999999995     
        1665  0.95499999999999996     
        1666  0.84499999999999997     
        1667  0.95499999999999996     
        1668  0.95499999999999996     
        1669  0.93000000000000005     
        1670  0.94999999999999996     
        1671  0.93000000000000005     
        1672  0.98499999999999999     
        1673  0.93500000000000005     
        1674  0.95999999999999996     
        1675  0.93999999999999995     
        1676  0.94999999999999996     
        1677  0.87000000000000000     
        1678  0.95499999999999996     
        1679  0.95499999999999996     
        1680  0.90500000000000003     
        1681  0.90500000000000003     
        1682  0.93500000000000005     
        1683  0.93999999999999995     
        1684  0.94999999999999996     
        1685  0.91500000000000004     
        1686  0.97999999999999998     
        1687  0.90500000000000003     
        1688  0.93999999999999995     
        1689  0.94999999999999996     
        1690  0.95999999999999996     
        1691  0.87500000000000000     
        1692  0.94499999999999995     
        1693  0.94499999999999995     
        1694  0.97999999999999998     
        1695  0.93999999999999995     
        1696  0.90500000000000003     
        1697  0.95999999999999996     
        1698  0.95499999999999996     
        1699  0.92000000000000004     
        1700  0.92500000000000004     
        1701  0.96499999999999997     
        1702  0.93000000000000005     
        1703  0.93999999999999995     
        1704  0.94999999999999996     
        1705  0.94499999999999995     
        1706  0.92500000000000004     
        1707  0.95499999999999996     
        1708  0.91500000000000004     
        1709  0.95999999999999996     
        1710  0.87000000000000000     
        1711  0.96499999999999997     
        1712  0.93999999999999995     
        1713  0.95999999999999996     
        1714  0.95999999999999996     
        1715  0.92500000000000004     
        1716  0.93000000000000005     
        1717  0.95999999999999996     
        1718  0.95499999999999996     
        1719  0.88500000000000001     
        1720  0.94999999999999996     
        1721  0.95999999999999996     
        1722  0.93000000000000005     
        1723  0.94499999999999995     
        1724  0.89500000000000002     
        1725  0.93999999999999995     
        1726  0.96999999999999997     
        1727  0.91500000000000004     
        1728  0.93999999999999995     
        1729  0.96499999999999997     
        1730  0.93000000000000005     
        1731  0.92500000000000004     
        1732  0.93999999999999995     
        1733  0.97499999999999998     
        1734  0.95499999999999996     
        1735  0.97999999999999998     
        1736  0.91500000000000004     
        1737  0.96999999999999997     
        1738  0.93999999999999995     
        1739  0.96999999999999997     
        1740  0.93500000000000005     
        1741  0.92500000000000004     
        1742  0.93999999999999995     
        1743  0.96499999999999997     
        1744  0.97999999999999998     
        1745  0.89500000000000002     
        1746  0.94999999999999996     
        1747  0.94499999999999995     
        1748  0.93500000000000005     
        1749  0.96499999999999997     
        1750  0.95999999999999996     
        1751  0.93999999999999995     
        1752  0.93999999999999995     
        1753  0.95499999999999996     
        1754  0.95499999999999996     
        1755  0.94499999999999995     
        1756  0.95499999999999996     
        1757  0.96999999999999997     
        1758  0.96499999999999997     
        1759  0.95999999999999996     
        1760  0.95499999999999996     
        1761  0.94999999999999996     
        1762  0.95999999999999996     
        1763  0.90500000000000003     
        1764  0.95999999999999996     
        1765  0.94999999999999996     
        1766  0.90000000000000002     
        1767  0.95499999999999996     
        1768  0.94999999999999996     
        1769  0.95999999999999996     
        1770  0.95999999999999996     
        1771  0.91000000000000003     
        1772  0.96499999999999997     
        1773  0.95499999999999996     
        1774  0.96999999999999997     
        1775  0.92000000000000004     
        1776  0.94499999999999995     
        1777  0.89500000000000002     
        1778  0.95999999999999996     
        1779  0.94999999999999996     
        1780  0.92500000000000004     
        1781  0.93500000000000005     
        1782  0.95999999999999996     
        1783  0.93999999999999995     
        1784  0.97499999999999998     
        1785  0.95999999999999996     
        1786  0.92000000000000004     
        1787  0.93000000000000005     
        1788  0.97499999999999998     
        1789  0.93999999999999995     
        1790  0.96499999999999997     
        1791  0.93500000000000005     
        1792  0.93999999999999995     
        1793  0.95999999999999996     
        1794  0.91500000000000004     
        1795  0.98499999999999999     
        1796  0.91500000000000004     
        1797  0.95999999999999996     
        1798  0.93500000000000005     
        1799  0.96499999999999997     
        1800  0.91500000000000004     
        1801  0.94499999999999995     
        1802  0.88500000000000001     
        1803  0.92500000000000004     
        1804  0.94999999999999996     
        1805  0.95999999999999996     
        1806  0.93500000000000005     
        1807  0.89000000000000001     
        1808  0.96499999999999997     
        1809  0.94499999999999995     
        1810  0.91000000000000003     
        1811  0.92500000000000004     
        1812  0.92500000000000004     
        1813  0.95999999999999996     
        1814  0.96999999999999997     
        1815  0.93999999999999995     
        1816  0.94999999999999996     
        1817  0.97499999999999998     
        1818  0.90000000000000002     
        1819  0.88000000000000000     
        1820  0.94499999999999995     
        1821  0.96999999999999997     
        1822  0.93500000000000005     
        1823  0.94999999999999996     
        1824  0.94999999999999996     
        1825  0.93999999999999995     
        1826  0.96499999999999997     
        1827  0.90000000000000002     
        1828  0.93000000000000005     
        1829  0.88500000000000001     
        1830  0.98499999999999999     
        1831  0.96999999999999997     
        1832  0.96999999999999997     
        1833  0.95999999999999996     
        1834  0.93000000000000005     
        1835  0.90500000000000003     
        1836  0.95999999999999996     
        1837  0.95999999999999996     
        1838  0.96499999999999997     
        1839  0.97999999999999998     
        1840  0.94499999999999995     
        1841  0.94999999999999996     
        1842  0.92500000000000004     
        1843  0.96499999999999997     
        1844  0.97499999999999998     
        1845  0.96999999999999997     
        1846  0.96999999999999997     
        1847  0.91000000000000003     
        1848  0.95999999999999996     
        1849  0.94499999999999995     
        1850  0.94499999999999995     
        1851  0.94999999999999996     
        1852  0.92000000000000004     
        1853  0.93999999999999995     
        1854  0.95499999999999996     
        1855  0.96499999999999997     
        1856  0.94499999999999995     
        1857  0.95999999999999996     
        1858  0.95999999999999996     
        1859  0.82999999999999996     
        1860  0.88500000000000001     
        1861  0.96999999999999997     
        1862  0.93000000000000005     
        1863  0.93500000000000005     
        1864  0.93999999999999995     
        1865  0.92500000000000004     
        1866  0.95499999999999996     
        1867  0.97499999999999998     
        1868  0.94999999999999996     
        1869  0.97499999999999998     
        1870  0.93999999999999995     
        1871  0.96999999999999997     
        1872  0.89000000000000001     
        1873  0.92500000000000004     
        1874  0.97499999999999998     
        1875  0.95999999999999996     
        1876  0.92000000000000004     
        1877  0.96999999999999997     
        1878  0.97999999999999998     
        1879  0.96999999999999997     
        1880  0.95499999999999996     
        1881  0.93500000000000005     
        1882  0.92500000000000004     
        1883  0.93000000000000005     
        1884  0.92000000000000004     
        1885  0.93000000000000005     
        1886  0.93999999999999995     
        1887  0.92500000000000004     
        1888  0.92500000000000004     
        1889  0.95499999999999996     
        1890  0.95499999999999996     
        1891  0.94999999999999996     
        1892  0.96499999999999997     
        1893  0.96999999999999997     
        1894  0.93000000000000005     
        1895  0.94499999999999995     
        1896  0.95999999999999996     
        1897  0.91500000000000004     
        1898  0.97499999999999998     
        1899  0.94999999999999996     
        1900  0.93999999999999995     
        1901  0.89500000000000002     
        1902  0.89500000000000002     
        1903  0.92000000000000004     
        1904  0.95499999999999996     
        1905  0.91500000000000004     
        1906  0.93999999999999995     
        1907  0.94999999999999996     
        1908  0.96499999999999997     
        1909  0.95499999999999996     
        1910  0.94499999999999995     
        1911  0.94999999999999996     
        1912  0.94499999999999995     
        1913  0.89000000000000001     
        1914  0.93999999999999995     
        1915  0.97499999999999998     
        1916  0.95999999999999996     
        1917  0.94999999999999996     
        1918  0.96999999999999997     
        1919  0.94999999999999996     
        1920  0.93500000000000005     
        1921  0.97499999999999998     
        1922  0.96999999999999997     
        1923  0.95999999999999996     
        1924  0.95499999999999996     
        1925  0.96999999999999997     
        1926  0.96499999999999997     
        1927  0.92000000000000004     
        1928  0.93500000000000005     
        1929  0.91500000000000004     
        1930  0.94999999999999996     
        1931  0.94499999999999995     
        1932  0.95999999999999996     
        1933  0.96499999999999997     
        1934  0.92000000000000004     
        1935  0.93500000000000005     
        1936  0.93999999999999995     
        1937  0.93999999999999995     
        1938  0.94499999999999995     
        1939  0.95499999999999996     
        1940  0.97999999999999998     
        1941  0.95499999999999996     
        1942  0.96499999999999997     
        1943  0.97999999999999998     
        1944  0.85999999999999999     
        1945  0.94499999999999995     
        1946  0.93500000000000005     
        1947  0.93500000000000005     
        1948  0.84999999999999998     
        1949  0.96999999999999997     
        1950  0.97499999999999998     
        1951  0.95499999999999996     
        1952  0.88000000000000000     
        1953  0.90000000000000002     
        1954  0.94999999999999996     
        1955  0.91000000000000003     
        1956  0.93500000000000005     
        1957  0.95999999999999996     
        1958  0.94499999999999995     
        1959  0.91000000000000003     
        1960  0.93000000000000005     
        1961  0.94499999999999995     
        1962  0.96499999999999997     
        1963  0.94999999999999996     
        1964  0.94999999999999996     
        1965  0.95499999999999996     
        1966  0.96499999999999997     
        1967  0.93999999999999995     
        1968  0.95499999999999996     
        1969  0.91500000000000004     
        1970  0.94999999999999996     
        1971  0.93000000000000005     
        1972  0.94999999999999996     
        1973  0.96999999999999997     
        1974  0.90000000000000002     
        1975  0.90500000000000003     
        1976  0.97499999999999998     
        1977  0.93500000000000005     
        1978  0.94499999999999995     
        1979  0.93500000000000005     
        1980  0.94999999999999996     
        1981  0.95499999999999996     
        1982  0.93500000000000005     
        1983  0.95499999999999996     
        1984  0.93000000000000005     
        1985  0.86499999999999999     
        1986  0.93999999999999995     
        1987  0.97499999999999998     
        1988  0.94499999999999995     
        1989  0.93000000000000005     
        1990  0.95499999999999996     
        1991  0.91000000000000003     
        1992  0.91000000000000003     
        1993  0.91500000000000004     
        1994  0.97499999999999998     
        1995  0.93999999999999995     
        1996  0.96999999999999997     
        1997  0.91000000000000003     
        1998  0.93500000000000005     
        1999  0.94499999999999995     
        2000  0.93999999999999995     
