           1  0.14499999999999999     
           2   2.9999999999999999E-002
           3   2.0000000000000000E-002
           4   4.0000000000000001E-002
           5  0.12500000000000000     
           6  0.11000000000000000     
           7  0.28000000000000003     
           8   2.5000000000000001E-002
           9   2.5000000000000001E-002
          10  0.10000000000000001     
          11   5.9999999999999998E-002
          12  0.14000000000000001     
          13   1.4999999999999999E-002
          14   7.0000000000000007E-002
          15   1.0000000000000000E-002
          16   0.0000000000000000     
          17   5.9999999999999998E-002
          18   5.9999999999999998E-002
          19  0.15500000000000000     
          20  0.12500000000000000     
          21   5.5000000000000000E-002
          22  0.16000000000000000     
          23   5.5000000000000000E-002
          24  0.10500000000000000     
          25   8.5000000000000006E-002
          26   4.0000000000000001E-002
          27   2.9999999999999999E-002
          28  0.12500000000000000     
          29   3.5000000000000003E-002
          30  0.14499999999999999     
          31  0.10000000000000001     
          32   8.0000000000000002E-002
          33   2.9999999999999999E-002
          34   5.5000000000000000E-002
          35   1.0000000000000000E-002
          36   5.0000000000000003E-002
          37   3.5000000000000003E-002
          38  0.20499999999999999     
          39   8.5000000000000006E-002
          40  0.22500000000000001     
          41  0.24500000000000000     
          42  0.17000000000000001     
          43   2.9999999999999999E-002
          44   5.0000000000000003E-002
          45   4.0000000000000001E-002
          46   4.0000000000000001E-002
          47   2.5000000000000001E-002
          48  0.16000000000000000     
          49   8.0000000000000002E-002
          50   8.0000000000000002E-002
          51   5.0000000000000001E-003
          52   1.4999999999999999E-002
          53   6.5000000000000002E-002
          54  0.14000000000000001     
          55   0.0000000000000000     
          56   2.5000000000000001E-002
          57  0.16500000000000001     
          58  0.17999999999999999     
          59   7.0000000000000007E-002
          60   5.0000000000000003E-002
          61  0.20000000000000001     
          62  0.16500000000000001     
          63   2.5000000000000001E-002
          64   5.0000000000000001E-003
          65  0.10500000000000000     
          66  0.11500000000000000     
          67   8.5000000000000006E-002
          68   4.0000000000000001E-002
          69   2.5000000000000001E-002
          70  0.11000000000000000     
          71   7.4999999999999997E-002
          72   8.9999999999999997E-002
          73   2.5000000000000001E-002
          74   6.5000000000000002E-002
          75   5.0000000000000001E-003
          76  0.21500000000000000     
          77   2.0000000000000000E-002
          78   8.9999999999999997E-002
          79   1.0000000000000000E-002
          80  0.10000000000000001     
          81  0.12500000000000000     
          82   7.4999999999999997E-002
          83  0.20000000000000001     
          84   8.0000000000000002E-002
          85   2.0000000000000000E-002
          86  0.22000000000000000     
          87   8.9999999999999997E-002
          88   2.5000000000000001E-002
          89   1.0000000000000000E-002
          90   5.0000000000000003E-002
          91   5.0000000000000001E-003
          92   7.0000000000000007E-002
          93  0.11500000000000000     
          94   3.5000000000000003E-002
          95   5.5000000000000000E-002
          96   1.0000000000000000E-002
          97   4.4999999999999998E-002
          98   5.0000000000000001E-003
          99  0.10000000000000001     
         100   4.4999999999999998E-002
         101   1.4999999999999999E-002
         102  0.14999999999999999     
         103   5.9999999999999998E-002
         104  0.21500000000000000     
         105   2.9999999999999999E-002
         106   1.0000000000000000E-002
         107   1.4999999999999999E-002
         108  0.14999999999999999     
         109   2.0000000000000000E-002
         110   1.4999999999999999E-002
         111   9.5000000000000001E-002
         112   2.5000000000000001E-002
         113   1.0000000000000000E-002
         114   2.5000000000000001E-002
         115   4.4999999999999998E-002
         116   7.4999999999999997E-002
         117   4.4999999999999998E-002
         118   5.5000000000000000E-002
         119  0.25000000000000000     
         120  0.16500000000000001     
         121   4.4999999999999998E-002
         122  0.17000000000000001     
         123   7.0000000000000007E-002
         124  0.12000000000000000     
         125  0.10000000000000001     
         126   4.0000000000000001E-002
         127   9.5000000000000001E-002
         128   9.5000000000000001E-002
         129  0.14000000000000001     
         130   2.9999999999999999E-002
         131  0.14999999999999999     
         132  0.23999999999999999     
         133   9.5000000000000001E-002
         134   8.5000000000000006E-002
         135   5.0000000000000001E-003
         136  0.14499999999999999     
         137   4.0000000000000001E-002
         138  0.13000000000000000     
         139  0.16000000000000000     
         140  0.11500000000000000     
         141   7.0000000000000007E-002
         142   1.0000000000000000E-002
         143  0.14499999999999999     
         144  0.14000000000000001     
         145  0.22500000000000001     
         146  0.10500000000000000     
         147  0.10500000000000000     
         148   2.5000000000000001E-002
         149   4.4999999999999998E-002
         150   1.4999999999999999E-002
         151   3.5000000000000003E-002
         152  0.10500000000000000     
         153   2.0000000000000000E-002
         154   7.4999999999999997E-002
         155   8.5000000000000006E-002
         156   3.5000000000000003E-002
         157  0.14000000000000001     
         158   2.9999999999999999E-002
         159   5.9999999999999998E-002
         160   8.5000000000000006E-002
         161   1.0000000000000000E-002
         162   2.9999999999999999E-002
         163   5.5000000000000000E-002
         164   3.5000000000000003E-002
         165   2.5000000000000001E-002
         166   5.9999999999999998E-002
         167  0.18500000000000000     
         168   5.0000000000000001E-003
         169   8.9999999999999997E-002
         170   8.5000000000000006E-002
         171  0.12000000000000000     
         172   9.5000000000000001E-002
         173   1.0000000000000000E-002
         174  0.17999999999999999     
         175   1.0000000000000000E-002
         176   8.9999999999999997E-002
         177   6.5000000000000002E-002
         178   5.0000000000000003E-002
         179   3.5000000000000003E-002
         180   5.0000000000000003E-002
         181  0.25000000000000000     
         182   2.5000000000000001E-002
         183  0.10500000000000000     
         184  0.14000000000000001     
         185  0.10500000000000000     
         186  0.20499999999999999     
         187   3.5000000000000003E-002
         188  0.15500000000000000     
         189   4.4999999999999998E-002
         190  0.11500000000000000     
         191   1.0000000000000000E-002
         192   2.0000000000000000E-002
         193  0.15500000000000000     
         194   2.5000000000000001E-002
         195   5.9999999999999998E-002
         196  0.20999999999999999     
         197   7.0000000000000007E-002
         198   5.0000000000000003E-002
         199   6.5000000000000002E-002
         200   3.5000000000000003E-002
         201  0.14000000000000001     
         202  0.11000000000000000     
         203   5.5000000000000000E-002
         204   4.0000000000000001E-002
         205  0.10000000000000001     
         206  0.12000000000000000     
         207   3.5000000000000003E-002
         208  0.17999999999999999     
         209   5.0000000000000001E-003
         210   7.4999999999999997E-002
         211   5.0000000000000001E-003
         212   2.5000000000000001E-002
         213  0.10500000000000000     
         214   5.0000000000000003E-002
         215   5.0000000000000003E-002
         216   7.4999999999999997E-002
         217   5.5000000000000000E-002
         218   6.5000000000000002E-002
         219   3.5000000000000003E-002
         220   7.4999999999999997E-002
         221   2.9999999999999999E-002
         222   5.0000000000000001E-003
         223   8.9999999999999997E-002
         224   2.0000000000000000E-002
         225  0.31500000000000000     
         226   7.4999999999999997E-002
         227   2.0000000000000000E-002
         228  0.10000000000000001     
         229  0.23999999999999999     
         230  0.14000000000000001     
         231   6.5000000000000002E-002
         232   2.0000000000000000E-002
         233   5.5000000000000000E-002
         234  0.16500000000000001     
         235   9.5000000000000001E-002
         236   2.5000000000000001E-002
         237  0.13500000000000001     
         238   2.9999999999999999E-002
         239   2.5000000000000001E-002
         240   3.5000000000000003E-002
         241   4.4999999999999998E-002
         242   5.5000000000000000E-002
         243   5.9999999999999998E-002
         244   2.9999999999999999E-002
         245  0.14999999999999999     
         246   4.0000000000000001E-002
         247   1.4999999999999999E-002
         248   4.4999999999999998E-002
         249   9.5000000000000001E-002
         250  0.12500000000000000     
         251   2.5000000000000001E-002
         252   8.0000000000000002E-002
         253  0.11000000000000000     
         254  0.10500000000000000     
         255   2.9999999999999999E-002
         256   4.0000000000000001E-002
         257   4.0000000000000001E-002
         258  0.25500000000000000     
         259   6.5000000000000002E-002
         260  0.17499999999999999     
         261  0.11000000000000000     
         262   8.5000000000000006E-002
         263  0.14499999999999999     
         264   4.4999999999999998E-002
         265   4.0000000000000001E-002
         266   4.4999999999999998E-002
         267   3.5000000000000003E-002
         268   2.5000000000000001E-002
         269   2.0000000000000000E-002
         270  0.14499999999999999     
         271   7.0000000000000007E-002
         272  0.11500000000000000     
         273   5.9999999999999998E-002
         274   4.4999999999999998E-002
         275   0.0000000000000000     
         276   6.5000000000000002E-002
         277   2.0000000000000000E-002
         278   1.0000000000000000E-002
         279   5.0000000000000001E-003
         280   1.0000000000000000E-002
         281  0.18500000000000000     
         282   8.5000000000000006E-002
         283   8.0000000000000002E-002
         284   1.4999999999999999E-002
         285  0.12000000000000000     
         286  0.12500000000000000     
         287  0.14999999999999999     
         288   8.9999999999999997E-002
         289   5.9999999999999998E-002
         290   8.9999999999999997E-002
         291  0.14000000000000001     
         292  0.11000000000000000     
         293  0.21500000000000000     
         294  0.20499999999999999     
         295   1.0000000000000000E-002
         296  0.13500000000000001     
         297   1.0000000000000000E-002
         298   5.9999999999999998E-002
         299   7.4999999999999997E-002
         300   4.0000000000000001E-002
         301   4.0000000000000001E-002
         302  0.10000000000000001     
         303   8.0000000000000002E-002
         304  0.25000000000000000     
         305   2.5000000000000001E-002
         306   5.0000000000000001E-003
         307  0.23499999999999999     
         308  0.15500000000000000     
         309  0.14000000000000001     
         310  0.10000000000000001     
         311   1.0000000000000000E-002
         312   2.9999999999999999E-002
         313   5.0000000000000001E-003
         314   7.4999999999999997E-002
         315   4.0000000000000001E-002
         316   5.9999999999999998E-002
         317  0.14000000000000001     
         318  0.14000000000000001     
         319   4.0000000000000001E-002
         320   8.0000000000000002E-002
         321  0.12500000000000000     
         322  0.14499999999999999     
         323   1.4999999999999999E-002
         324  0.12000000000000000     
         325  0.12000000000000000     
         326   5.0000000000000003E-002
         327   5.0000000000000001E-003
         328  0.31000000000000000     
         329  0.10500000000000000     
         330  0.11000000000000000     
         331   0.0000000000000000     
         332   5.5000000000000000E-002
         333   8.0000000000000002E-002
         334   3.5000000000000003E-002
         335   5.0000000000000001E-003
         336   5.0000000000000003E-002
         337   7.4999999999999997E-002
         338   4.0000000000000001E-002
         339   0.0000000000000000     
         340   7.0000000000000007E-002
         341   7.0000000000000007E-002
         342   4.4999999999999998E-002
         343   1.0000000000000000E-002
         344   2.9999999999999999E-002
         345   3.5000000000000003E-002
         346   3.5000000000000003E-002
         347   7.0000000000000007E-002
         348   2.0000000000000000E-002
         349  0.11000000000000000     
         350   5.0000000000000001E-003
         351   8.5000000000000006E-002
         352   5.5000000000000000E-002
         353  0.13000000000000000     
         354  0.12000000000000000     
         355   5.0000000000000003E-002
         356  0.14000000000000001     
         357  0.13000000000000000     
         358  0.11000000000000000     
         359   8.5000000000000006E-002
         360  0.14000000000000001     
         361   3.5000000000000003E-002
         362  0.16500000000000001     
         363  0.16000000000000000     
         364  0.12500000000000000     
         365   7.0000000000000007E-002
         366   9.5000000000000001E-002
         367   5.5000000000000000E-002
         368   1.4999999999999999E-002
         369  0.18500000000000000     
         370  0.11000000000000000     
         371   5.5000000000000000E-002
         372  0.18500000000000000     
         373   0.0000000000000000     
         374   2.9999999999999999E-002
         375  0.14499999999999999     
         376  0.10000000000000001     
         377   1.4999999999999999E-002
         378   4.4999999999999998E-002
         379   5.5000000000000000E-002
         380   0.0000000000000000     
         381   1.0000000000000000E-002
         382   0.0000000000000000     
         383  0.17000000000000001     
         384  0.17000000000000001     
         385   7.0000000000000007E-002
         386  0.13000000000000000     
         387  0.16000000000000000     
         388  0.18500000000000000     
         389   2.0000000000000000E-002
         390   2.5000000000000001E-002
         391   1.4999999999999999E-002
         392  0.21500000000000000     
         393  0.10500000000000000     
         394   4.0000000000000001E-002
         395   5.5000000000000000E-002
         396  0.12500000000000000     
         397   2.9999999999999999E-002
         398   4.4999999999999998E-002
         399   3.5000000000000003E-002
         400   1.0000000000000000E-002
         401  0.11000000000000000     
         402   4.4999999999999998E-002
         403   5.0000000000000003E-002
         404   6.5000000000000002E-002
         405   5.5000000000000000E-002
         406   2.9999999999999999E-002
         407   1.4999999999999999E-002
         408   4.0000000000000001E-002
         409  0.18500000000000000     
         410   7.4999999999999997E-002
         411   2.9999999999999999E-002
         412   8.5000000000000006E-002
         413   8.5000000000000006E-002
         414  0.17999999999999999     
         415  0.17999999999999999     
         416  0.16500000000000001     
         417   8.5000000000000006E-002
         418   6.5000000000000002E-002
         419  0.10500000000000000     
         420   2.9999999999999999E-002
         421  0.11000000000000000     
         422   2.9999999999999999E-002
         423  0.13000000000000000     
         424   1.0000000000000000E-002
         425   5.5000000000000000E-002
         426   5.0000000000000003E-002
         427   5.5000000000000000E-002
         428   7.0000000000000007E-002
         429   5.0000000000000001E-003
         430   7.0000000000000007E-002
         431   1.4999999999999999E-002
         432   7.0000000000000007E-002
         433   5.9999999999999998E-002
         434   1.4999999999999999E-002
         435   1.0000000000000000E-002
         436   5.5000000000000000E-002
         437   5.0000000000000003E-002
         438   4.4999999999999998E-002
         439   2.0000000000000000E-002
         440   2.0000000000000000E-002
         441   1.0000000000000000E-002
         442   7.0000000000000007E-002
         443   2.5000000000000001E-002
         444  0.17000000000000001     
         445  0.17499999999999999     
         446   9.5000000000000001E-002
         447   4.4999999999999998E-002
         448   1.0000000000000000E-002
         449   4.0000000000000001E-002
         450  0.14000000000000001     
         451   1.0000000000000000E-002
         452   4.0000000000000001E-002
         453   7.0000000000000007E-002
         454   5.9999999999999998E-002
         455   5.0000000000000003E-002
         456   1.4999999999999999E-002
         457  0.11500000000000000     
         458  0.14000000000000001     
         459  0.15500000000000000     
         460   3.5000000000000003E-002
         461   7.0000000000000007E-002
         462   4.0000000000000001E-002
         463   2.9999999999999999E-002
         464   5.0000000000000001E-003
         465   4.0000000000000001E-002
         466   7.4999999999999997E-002
         467   5.9999999999999998E-002
         468  0.17999999999999999     
         469  0.11000000000000000     
         470  0.12500000000000000     
         471   5.5000000000000000E-002
         472   2.9999999999999999E-002
         473  0.11000000000000000     
         474  0.14499999999999999     
         475   8.9999999999999997E-002
         476   5.9999999999999998E-002
         477  0.11500000000000000     
         478   9.5000000000000001E-002
         479   5.9999999999999998E-002
         480   3.5000000000000003E-002
         481   5.0000000000000003E-002
         482   2.9999999999999999E-002
         483   2.5000000000000001E-002
         484   1.4999999999999999E-002
         485   7.0000000000000007E-002
         486  0.10000000000000001     
         487   3.5000000000000003E-002
         488   4.4999999999999998E-002
         489   7.4999999999999997E-002
         490  0.13500000000000001     
         491  0.14999999999999999     
         492  0.14999999999999999     
         493   2.0000000000000000E-002
         494  0.20000000000000001     
         495   5.0000000000000003E-002
         496   5.0000000000000003E-002
         497   2.0000000000000000E-002
         498  0.14000000000000001     
         499   6.5000000000000002E-002
         500   7.4999999999999997E-002
         501   6.5000000000000002E-002
         502   5.9999999999999998E-002
         503  0.17000000000000001     
         504   2.0000000000000000E-002
         505   2.0000000000000000E-002
         506   8.0000000000000002E-002
         507  0.20499999999999999     
         508  0.11500000000000000     
         509   5.0000000000000001E-003
         510   1.0000000000000000E-002
         511  0.14499999999999999     
         512  0.24500000000000000     
         513  0.12000000000000000     
         514  0.12000000000000000     
         515  0.20000000000000001     
         516   4.0000000000000001E-002
         517   8.0000000000000002E-002
         518   4.0000000000000001E-002
         519  0.18500000000000000     
         520  0.11500000000000000     
         521   2.9999999999999999E-002
         522  0.11500000000000000     
         523   4.0000000000000001E-002
         524  0.16500000000000001     
         525  0.23499999999999999     
         526  0.14999999999999999     
         527   8.9999999999999997E-002
         528  0.14000000000000001     
         529   9.5000000000000001E-002
         530   2.0000000000000000E-002
         531   5.0000000000000001E-003
         532   2.9999999999999999E-002
         533   4.4999999999999998E-002
         534  0.24500000000000000     
         535  0.14499999999999999     
         536   1.4999999999999999E-002
         537   3.5000000000000003E-002
         538   1.0000000000000000E-002
         539   5.0000000000000003E-002
         540   8.5000000000000006E-002
         541  0.15500000000000000     
         542  0.13000000000000000     
         543   1.0000000000000000E-002
         544   2.0000000000000000E-002
         545   1.4999999999999999E-002
         546   7.0000000000000007E-002
         547   3.5000000000000003E-002
         548   5.0000000000000003E-002
         549   1.0000000000000000E-002
         550   2.0000000000000000E-002
         551  0.14000000000000001     
         552  0.11500000000000000     
         553   4.0000000000000001E-002
         554   8.0000000000000002E-002
         555  0.12500000000000000     
         556   8.9999999999999997E-002
         557   2.9999999999999999E-002
         558  0.10000000000000001     
         559   5.5000000000000000E-002
         560   1.0000000000000000E-002
         561   5.0000000000000003E-002
         562   4.0000000000000001E-002
         563  0.13500000000000001     
         564   2.9999999999999999E-002
         565   8.0000000000000002E-002
         566  0.10500000000000000     
         567   8.9999999999999997E-002
         568   8.5000000000000006E-002
         569   4.0000000000000001E-002
         570  0.19000000000000000     
         571  0.16500000000000001     
         572  0.10000000000000001     
         573   1.4999999999999999E-002
         574   4.0000000000000001E-002
         575   8.0000000000000002E-002
         576   5.9999999999999998E-002
         577   4.0000000000000001E-002
         578  0.15500000000000000     
         579  0.12000000000000000     
         580   3.5000000000000003E-002
         581  0.10500000000000000     
         582   7.4999999999999997E-002
         583   5.0000000000000001E-003
         584   6.5000000000000002E-002
         585   5.5000000000000000E-002
         586  0.14000000000000001     
         587  0.14499999999999999     
         588   1.4999999999999999E-002
         589  0.12500000000000000     
         590  0.14999999999999999     
         591   5.9999999999999998E-002
         592   1.4999999999999999E-002
         593   1.0000000000000000E-002
         594  0.11000000000000000     
         595   1.0000000000000000E-002
         596   4.0000000000000001E-002
         597   0.0000000000000000     
         598  0.28000000000000003     
         599  0.15500000000000000     
         600   5.0000000000000003E-002
         601  0.23999999999999999     
         602   6.5000000000000002E-002
         603  0.17499999999999999     
         604  0.16000000000000000     
         605   4.4999999999999998E-002
         606  0.28999999999999998     
         607  0.17000000000000001     
         608   8.5000000000000006E-002
         609   4.0000000000000001E-002
         610  0.13000000000000000     
         611  0.10000000000000001     
         612  0.12000000000000000     
         613   2.0000000000000000E-002
         614   5.0000000000000001E-003
         615  0.10000000000000001     
         616  0.10000000000000001     
         617   5.0000000000000001E-003
         618   5.9999999999999998E-002
         619   2.9999999999999999E-002
         620  0.10500000000000000     
         621  0.14000000000000001     
         622   2.5000000000000001E-002
         623   5.0000000000000003E-002
         624   2.9999999999999999E-002
         625   5.5000000000000000E-002
         626  0.12500000000000000     
         627   0.0000000000000000     
         628   3.5000000000000003E-002
         629   6.5000000000000002E-002
         630  0.10500000000000000     
         631   2.5000000000000001E-002
         632  0.11000000000000000     
         633  0.11500000000000000     
         634  0.11500000000000000     
         635   8.9999999999999997E-002
         636  0.10500000000000000     
         637   2.0000000000000000E-002
         638  0.13500000000000001     
         639   2.0000000000000000E-002
         640   7.4999999999999997E-002
         641   5.0000000000000003E-002
         642   9.5000000000000001E-002
         643  0.30499999999999999     
         644   8.0000000000000002E-002
         645   6.5000000000000002E-002
         646   2.0000000000000000E-002
         647   3.5000000000000003E-002
         648  0.17499999999999999     
         649   5.9999999999999998E-002
         650  0.10500000000000000     
         651   5.9999999999999998E-002
         652   5.5000000000000000E-002
         653   5.0000000000000001E-003
         654  0.18500000000000000     
         655  0.11500000000000000     
         656   1.0000000000000000E-002
         657  0.12500000000000000     
         658  0.16000000000000000     
         659   8.5000000000000006E-002
         660   3.5000000000000003E-002
         661   5.0000000000000003E-002
         662   7.0000000000000007E-002
         663   4.4999999999999998E-002
         664  0.16000000000000000     
         665   2.5000000000000001E-002
         666  0.19000000000000000     
         667  0.10500000000000000     
         668   2.9999999999999999E-002
         669  0.15500000000000000     
         670   2.9999999999999999E-002
         671   1.0000000000000000E-002
         672   7.0000000000000007E-002
         673  0.12500000000000000     
         674  0.12500000000000000     
         675   0.0000000000000000     
         676  0.14000000000000001     
         677  0.19500000000000001     
         678  0.11000000000000000     
         679   1.4999999999999999E-002
         680   9.5000000000000001E-002
         681   1.0000000000000000E-002
         682   8.0000000000000002E-002
         683   3.5000000000000003E-002
         684   5.0000000000000001E-003
         685   1.4999999999999999E-002
         686  0.11000000000000000     
         687   2.9999999999999999E-002
         688   2.0000000000000000E-002
         689   1.4999999999999999E-002
         690   2.5000000000000001E-002
         691  0.12000000000000000     
         692   6.5000000000000002E-002
         693   3.5000000000000003E-002
         694   8.0000000000000002E-002
         695   1.0000000000000000E-002
         696   1.0000000000000000E-002
         697  0.12000000000000000     
         698  0.16000000000000000     
         699  0.11500000000000000     
         700   1.4999999999999999E-002
         701   5.5000000000000000E-002
         702  0.12500000000000000     
         703  0.11500000000000000     
         704  0.13500000000000001     
         705   1.4999999999999999E-002
         706   2.5000000000000001E-002
         707  0.10000000000000001     
         708   4.4999999999999998E-002
         709   6.5000000000000002E-002
         710   5.0000000000000001E-003
         711  0.14000000000000001     
         712   6.5000000000000002E-002
         713  0.26000000000000001     
         714   3.5000000000000003E-002
         715  0.39000000000000001     
         716  0.31000000000000000     
         717  0.14499999999999999     
         718   0.0000000000000000     
         719  0.11000000000000000     
         720   4.4999999999999998E-002
         721   3.5000000000000003E-002
         722   6.5000000000000002E-002
         723   2.9999999999999999E-002
         724  0.13000000000000000     
         725   4.4999999999999998E-002
         726   7.4999999999999997E-002
         727   3.5000000000000003E-002
         728   2.9999999999999999E-002
         729   7.4999999999999997E-002
         730   9.5000000000000001E-002
         731  0.20000000000000001     
         732   7.4999999999999997E-002
         733  0.10000000000000001     
         734  0.10000000000000001     
         735   8.0000000000000002E-002
         736   1.4999999999999999E-002
         737   6.5000000000000002E-002
         738   2.9999999999999999E-002
         739   2.9999999999999999E-002
         740  0.15500000000000000     
         741   3.5000000000000003E-002
         742   1.0000000000000000E-002
         743   8.5000000000000006E-002
         744   2.5000000000000001E-002
         745   9.5000000000000001E-002
         746  0.14999999999999999     
         747  0.17000000000000001     
         748   8.9999999999999997E-002
         749   1.0000000000000000E-002
         750   5.0000000000000001E-003
         751  0.10000000000000001     
         752  0.20999999999999999     
         753  0.14000000000000001     
         754   4.4999999999999998E-002
         755   8.0000000000000002E-002
         756   9.5000000000000001E-002
         757   0.0000000000000000     
         758   5.0000000000000001E-003
         759   1.4999999999999999E-002
         760   5.9999999999999998E-002
         761   2.9999999999999999E-002
         762   8.0000000000000002E-002
         763   5.0000000000000003E-002
         764   1.4999999999999999E-002
         765   5.9999999999999998E-002
         766   5.9999999999999998E-002
         767   7.4999999999999997E-002
         768   8.5000000000000006E-002
         769   2.5000000000000001E-002
         770  0.14000000000000001     
         771   8.0000000000000002E-002
         772   8.0000000000000002E-002
         773  0.19000000000000000     
         774   4.4999999999999998E-002
         775   2.5000000000000001E-002
         776   4.0000000000000001E-002
         777  0.13500000000000001     
         778   1.4999999999999999E-002
         779   2.5000000000000001E-002
         780   7.4999999999999997E-002
         781  0.11500000000000000     
         782   2.9999999999999999E-002
         783  0.11500000000000000     
         784  0.17999999999999999     
         785   5.5000000000000000E-002
         786   9.5000000000000001E-002
         787  0.17999999999999999     
         788   4.4999999999999998E-002
         789  0.14000000000000001     
         790  0.20999999999999999     
         791  0.11000000000000000     
         792  0.11500000000000000     
         793   4.4999999999999998E-002
         794  0.14499999999999999     
         795  0.14999999999999999     
         796   5.5000000000000000E-002
         797  0.12500000000000000     
         798  0.18500000000000000     
         799   5.0000000000000003E-002
         800   6.5000000000000002E-002
         801   0.0000000000000000     
         802   2.0000000000000000E-002
         803   5.5000000000000000E-002
         804   5.5000000000000000E-002
         805   7.4999999999999997E-002
         806   5.0000000000000003E-002
         807   2.0000000000000000E-002
         808   1.4999999999999999E-002
         809   2.9999999999999999E-002
         810   1.4999999999999999E-002
         811   2.0000000000000000E-002
         812  0.16000000000000000     
         813  0.16000000000000000     
         814  0.12000000000000000     
         815   4.4999999999999998E-002
         816  0.11000000000000000     
         817   4.0000000000000001E-002
         818   1.0000000000000000E-002
         819   7.4999999999999997E-002
         820  0.22000000000000000     
         821   8.9999999999999997E-002
         822   7.0000000000000007E-002
         823   5.9999999999999998E-002
         824   5.0000000000000003E-002
         825  0.10500000000000000     
         826   2.0000000000000000E-002
         827   5.0000000000000001E-003
         828   1.4999999999999999E-002
         829  0.17000000000000001     
         830   1.0000000000000000E-002
         831  0.12500000000000000     
         832   1.4999999999999999E-002
         833   7.0000000000000007E-002
         834   5.0000000000000001E-003
         835   9.5000000000000001E-002
         836   4.4999999999999998E-002
         837  0.16500000000000001     
         838   9.5000000000000001E-002
         839   2.9999999999999999E-002
         840   5.0000000000000003E-002
         841   2.0000000000000000E-002
         842   2.0000000000000000E-002
         843   8.9999999999999997E-002
         844   5.0000000000000001E-003
         845  0.29999999999999999     
         846  0.25500000000000000     
         847  0.17999999999999999     
         848  0.10000000000000001     
         849   2.0000000000000000E-002
         850  0.14000000000000001     
         851  0.10500000000000000     
         852  0.10500000000000000     
         853   2.0000000000000000E-002
         854  0.15500000000000000     
         855   4.4999999999999998E-002
         856   2.9999999999999999E-002
         857   6.5000000000000002E-002
         858  0.10500000000000000     
         859   5.0000000000000001E-003
         860  0.12000000000000000     
         861   9.5000000000000001E-002
         862   2.9999999999999999E-002
         863   1.4999999999999999E-002
         864   4.0000000000000001E-002
         865   8.0000000000000002E-002
         866   2.9999999999999999E-002
         867  0.12000000000000000     
         868   7.0000000000000007E-002
         869   2.9999999999999999E-002
         870   2.9999999999999999E-002
         871  0.14000000000000001     
         872   5.0000000000000001E-003
         873   5.0000000000000001E-003
         874   7.0000000000000007E-002
         875  0.11500000000000000     
         876  0.10500000000000000     
         877   8.5000000000000006E-002
         878   1.4999999999999999E-002
         879   5.5000000000000000E-002
         880  0.17999999999999999     
         881  0.14999999999999999     
         882  0.11000000000000000     
         883   2.9999999999999999E-002
         884   2.0000000000000000E-002
         885  0.16000000000000000     
         886  0.15500000000000000     
         887  0.12500000000000000     
         888  0.17999999999999999     
         889  0.22000000000000000     
         890  0.11500000000000000     
         891   4.4999999999999998E-002
         892   5.9999999999999998E-002
         893   5.9999999999999998E-002
         894  0.12500000000000000     
         895   2.9999999999999999E-002
         896   7.0000000000000007E-002
         897   8.5000000000000006E-002
         898   4.0000000000000001E-002
         899   3.5000000000000003E-002
         900   7.0000000000000007E-002
         901  0.10500000000000000     
         902   6.5000000000000002E-002
         903  0.11000000000000000     
         904   1.0000000000000000E-002
         905   2.5000000000000001E-002
         906   2.0000000000000000E-002
         907  0.11000000000000000     
         908   4.4999999999999998E-002
         909   2.0000000000000000E-002
         910   5.0000000000000003E-002
         911   8.0000000000000002E-002
         912   4.4999999999999998E-002
         913   6.5000000000000002E-002
         914   1.0000000000000000E-002
         915   2.9999999999999999E-002
         916   2.0000000000000000E-002
         917   1.4999999999999999E-002
         918   5.9999999999999998E-002
         919   3.5000000000000003E-002
         920   5.0000000000000001E-003
         921  0.11000000000000000     
         922   2.5000000000000001E-002
         923   2.9999999999999999E-002
         924  0.10000000000000001     
         925  0.13500000000000001     
         926   8.9999999999999997E-002
         927   2.5000000000000001E-002
         928   8.5000000000000006E-002
         929  0.19000000000000000     
         930  0.14499999999999999     
         931   1.0000000000000000E-002
         932   7.4999999999999997E-002
         933   5.9999999999999998E-002
         934   1.4999999999999999E-002
         935   4.4999999999999998E-002
         936   5.5000000000000000E-002
         937   4.0000000000000001E-002
         938   6.5000000000000002E-002
         939  0.14000000000000001     
         940  0.24500000000000000     
         941  0.19500000000000001     
         942   2.0000000000000000E-002
         943   3.5000000000000003E-002
         944   1.4999999999999999E-002
         945   5.0000000000000001E-003
         946   5.5000000000000000E-002
         947   2.5000000000000001E-002
         948   1.4999999999999999E-002
         949   4.0000000000000001E-002
         950   8.9999999999999997E-002
         951   5.5000000000000000E-002
         952   2.9999999999999999E-002
         953  0.14499999999999999     
         954  0.24500000000000000     
         955  0.11500000000000000     
         956   9.5000000000000001E-002
         957   7.0000000000000007E-002
         958   1.0000000000000000E-002
         959   4.0000000000000001E-002
         960  0.20999999999999999     
         961  0.18500000000000000     
         962   2.5000000000000001E-002
         963   2.9999999999999999E-002
         964   8.5000000000000006E-002
         965  0.20999999999999999     
         966   3.5000000000000003E-002
         967   9.5000000000000001E-002
         968   2.9999999999999999E-002
         969   2.9999999999999999E-002
         970   4.4999999999999998E-002
         971   8.5000000000000006E-002
         972   2.0000000000000000E-002
         973   2.9999999999999999E-002
         974   1.4999999999999999E-002
         975   4.4999999999999998E-002
         976   2.0000000000000000E-002
         977   2.9999999999999999E-002
         978   6.5000000000000002E-002
         979   3.5000000000000003E-002
         980   5.0000000000000001E-003
         981   5.0000000000000003E-002
         982   8.9999999999999997E-002
         983  0.12500000000000000     
         984   7.4999999999999997E-002
         985   1.4999999999999999E-002
         986   2.9999999999999999E-002
         987   8.5000000000000006E-002
         988   4.4999999999999998E-002
         989   3.5000000000000003E-002
         990   5.9999999999999998E-002
         991  0.14000000000000001     
         992  0.13000000000000000     
         993   3.5000000000000003E-002
         994   8.0000000000000002E-002
         995  0.12000000000000000     
         996   4.4999999999999998E-002
         997   5.9999999999999998E-002
         998   4.4999999999999998E-002
         999   4.0000000000000001E-002
        1000   5.5000000000000000E-002
        1001   5.5000000000000000E-002
        1002  0.13000000000000000     
        1003   5.0000000000000001E-003
        1004   1.4999999999999999E-002
        1005  0.25000000000000000     
        1006  0.13000000000000000     
        1007   5.0000000000000003E-002
        1008  0.14999999999999999     
        1009  0.10500000000000000     
        1010  0.10500000000000000     
        1011   6.5000000000000002E-002
        1012   8.5000000000000006E-002
        1013   3.5000000000000003E-002
        1014   2.9999999999999999E-002
        1015   5.0000000000000001E-003
        1016   7.0000000000000007E-002
        1017   4.4999999999999998E-002
        1018   7.0000000000000007E-002
        1019   7.4999999999999997E-002
        1020  0.13500000000000001     
        1021  0.16000000000000000     
        1022  0.10500000000000000     
        1023   7.4999999999999997E-002
        1024   4.0000000000000001E-002
        1025   6.5000000000000002E-002
        1026  0.11000000000000000     
        1027  0.11000000000000000     
        1028  0.10500000000000000     
        1029   5.9999999999999998E-002
        1030   4.0000000000000001E-002
        1031  0.13000000000000000     
        1032   4.0000000000000001E-002
        1033   5.0000000000000001E-003
        1034   1.4999999999999999E-002
        1035   5.9999999999999998E-002
        1036   5.5000000000000000E-002
        1037   8.5000000000000006E-002
        1038  0.14000000000000001     
        1039   8.0000000000000002E-002
        1040   2.5000000000000001E-002
        1041  0.14000000000000001     
        1042   5.0000000000000003E-002
        1043   1.4999999999999999E-002
        1044   5.0000000000000003E-002
        1045   7.4999999999999997E-002
        1046  0.10000000000000001     
        1047   1.0000000000000000E-002
        1048   6.5000000000000002E-002
        1049  0.16000000000000000     
        1050  0.15500000000000000     
        1051  0.10500000000000000     
        1052   5.5000000000000000E-002
        1053   9.5000000000000001E-002
        1054   2.9999999999999999E-002
        1055  0.17999999999999999     
        1056  0.15500000000000000     
        1057   8.0000000000000002E-002
        1058   8.5000000000000006E-002
        1059   1.4999999999999999E-002
        1060   7.4999999999999997E-002
        1061  0.17499999999999999     
        1062   3.5000000000000003E-002
        1063  0.27500000000000002     
        1064   2.0000000000000000E-002
        1065   3.5000000000000003E-002
        1066   9.5000000000000001E-002
        1067  0.16000000000000000     
        1068   0.0000000000000000     
        1069   4.4999999999999998E-002
        1070   1.4999999999999999E-002
        1071   8.5000000000000006E-002
        1072   3.5000000000000003E-002
        1073  0.11000000000000000     
        1074  0.32000000000000001     
        1075   2.0000000000000000E-002
        1076  0.10000000000000001     
        1077   1.0000000000000000E-002
        1078  0.14999999999999999     
        1079   3.5000000000000003E-002
        1080  0.10500000000000000     
        1081   5.5000000000000000E-002
        1082  0.12000000000000000     
        1083   8.5000000000000006E-002
        1084   9.5000000000000001E-002
        1085   2.0000000000000000E-002
        1086  0.12500000000000000     
        1087  0.10000000000000001     
        1088   8.5000000000000006E-002
        1089  0.13500000000000001     
        1090  0.16000000000000000     
        1091   9.5000000000000001E-002
        1092   4.4999999999999998E-002
        1093   5.9999999999999998E-002
        1094   7.4999999999999997E-002
        1095  0.13500000000000001     
        1096   2.5000000000000001E-002
        1097  0.14000000000000001     
        1098   5.9999999999999998E-002
        1099   0.0000000000000000     
        1100   7.0000000000000007E-002
        1101   7.4999999999999997E-002
        1102   2.5000000000000001E-002
        1103  0.20000000000000001     
        1104   2.5000000000000001E-002
        1105   8.9999999999999997E-002
        1106  0.16500000000000001     
        1107   2.0000000000000000E-002
        1108  0.17000000000000001     
        1109  0.10500000000000000     
        1110   5.0000000000000001E-003
        1111   1.0000000000000000E-002
        1112   5.0000000000000001E-003
        1113   8.0000000000000002E-002
        1114   5.5000000000000000E-002
        1115   5.0000000000000001E-003
        1116  0.11500000000000000     
        1117  0.12000000000000000     
        1118   4.4999999999999998E-002
        1119   4.0000000000000001E-002
        1120  0.10500000000000000     
        1121   2.0000000000000000E-002
        1122  0.10000000000000001     
        1123   6.5000000000000002E-002
        1124   9.5000000000000001E-002
        1125  0.14000000000000001     
        1126  0.18500000000000000     
        1127   8.5000000000000006E-002
        1128  0.17499999999999999     
        1129  0.14999999999999999     
        1130   9.5000000000000001E-002
        1131   4.4999999999999998E-002
        1132   9.5000000000000001E-002
        1133   1.4999999999999999E-002
        1134   7.0000000000000007E-002
        1135   4.4999999999999998E-002
        1136  0.14499999999999999     
        1137   4.4999999999999998E-002
        1138   5.9999999999999998E-002
        1139   9.5000000000000001E-002
        1140   2.9999999999999999E-002
        1141   8.0000000000000002E-002
        1142   3.5000000000000003E-002
        1143   5.0000000000000001E-003
        1144   4.4999999999999998E-002
        1145   5.0000000000000001E-003
        1146  0.13500000000000001     
        1147   4.4999999999999998E-002
        1148   2.9999999999999999E-002
        1149  0.16500000000000001     
        1150  0.17999999999999999     
        1151  0.38500000000000001     
        1152  0.20499999999999999     
        1153   5.0000000000000003E-002
        1154   4.4999999999999998E-002
        1155   1.0000000000000000E-002
        1156   8.0000000000000002E-002
        1157   2.9999999999999999E-002
        1158   5.0000000000000001E-003
        1159   1.0000000000000000E-002
        1160   1.0000000000000000E-002
        1161   3.5000000000000003E-002
        1162  0.13000000000000000     
        1163   7.4999999999999997E-002
        1164   5.0000000000000003E-002
        1165   1.0000000000000000E-002
        1166   2.5000000000000001E-002
        1167  0.11500000000000000     
        1168   5.0000000000000003E-002
        1169   5.0000000000000003E-002
        1170   9.5000000000000001E-002
        1171  0.12000000000000000     
        1172   6.5000000000000002E-002
        1173  0.12000000000000000     
        1174   2.0000000000000000E-002
        1175  0.14000000000000001     
        1176  0.10500000000000000     
        1177  0.23000000000000001     
        1178  0.15500000000000000     
        1179  0.26500000000000001     
        1180   2.0000000000000000E-002
        1181   6.5000000000000002E-002
        1182  0.14000000000000001     
        1183  0.24500000000000000     
        1184   5.0000000000000001E-003
        1185  0.17000000000000001     
        1186   5.9999999999999998E-002
        1187   9.5000000000000001E-002
        1188  0.10500000000000000     
        1189  0.10000000000000001     
        1190  0.14999999999999999     
        1191   8.5000000000000006E-002
        1192  0.14499999999999999     
        1193   1.4999999999999999E-002
        1194   8.0000000000000002E-002
        1195  0.11000000000000000     
        1196   5.0000000000000001E-003
        1197  0.17999999999999999     
        1198   5.5000000000000000E-002
        1199   5.9999999999999998E-002
        1200   5.0000000000000003E-002
        1201  0.14000000000000001     
        1202  0.10000000000000001     
        1203   5.0000000000000003E-002
        1204  0.14000000000000001     
        1205   7.0000000000000007E-002
        1206  0.11000000000000000     
        1207  0.12500000000000000     
        1208  0.13500000000000001     
        1209   5.9999999999999998E-002
        1210  0.17000000000000001     
        1211   2.0000000000000000E-002
        1212  0.10500000000000000     
        1213   3.5000000000000003E-002
        1214   7.0000000000000007E-002
        1215   7.4999999999999997E-002
        1216  0.17499999999999999     
        1217  0.17499999999999999     
        1218   1.0000000000000000E-002
        1219   3.5000000000000003E-002
        1220   9.5000000000000001E-002
        1221  0.25500000000000000     
        1222   6.5000000000000002E-002
        1223   2.9999999999999999E-002
        1224   2.0000000000000000E-002
        1225  0.10500000000000000     
        1226   4.4999999999999998E-002
        1227   1.0000000000000000E-002
        1228  0.10500000000000000     
        1229   4.0000000000000001E-002
        1230  0.10500000000000000     
        1231  0.21500000000000000     
        1232  0.28000000000000003     
        1233  0.10500000000000000     
        1234   1.0000000000000000E-002
        1235   2.0000000000000000E-002
        1236  0.21500000000000000     
        1237  0.15500000000000000     
        1238   3.5000000000000003E-002
        1239   6.5000000000000002E-002
        1240  0.11500000000000000     
        1241   8.0000000000000002E-002
        1242   5.0000000000000003E-002
        1243  0.32500000000000001     
        1244  0.11500000000000000     
        1245   2.5000000000000001E-002
        1246  0.12000000000000000     
        1247   4.0000000000000001E-002
        1248   9.5000000000000001E-002
        1249   8.0000000000000002E-002
        1250   2.9999999999999999E-002
        1251   8.9999999999999997E-002
        1252  0.13500000000000001     
        1253   4.0000000000000001E-002
        1254  0.10000000000000001     
        1255   2.5000000000000001E-002
        1256   4.4999999999999998E-002
        1257   4.0000000000000001E-002
        1258  0.18500000000000000     
        1259   6.5000000000000002E-002
        1260   0.0000000000000000     
        1261   8.0000000000000002E-002
        1262  0.13000000000000000     
        1263   5.0000000000000001E-003
        1264   2.0000000000000000E-002
        1265   1.4999999999999999E-002
        1266   5.5000000000000000E-002
        1267   5.0000000000000001E-003
        1268   8.0000000000000002E-002
        1269   2.9999999999999999E-002
        1270  0.10000000000000001     
        1271   4.4999999999999998E-002
        1272  0.14999999999999999     
        1273  0.14000000000000001     
        1274  0.12000000000000000     
        1275   5.0000000000000001E-003
        1276  0.16000000000000000     
        1277  0.15500000000000000     
        1278  0.10500000000000000     
        1279  0.12500000000000000     
        1280   9.5000000000000001E-002
        1281   5.0000000000000001E-003
        1282   8.9999999999999997E-002
        1283   1.4999999999999999E-002
        1284   5.5000000000000000E-002
        1285   5.9999999999999998E-002
        1286   4.4999999999999998E-002
        1287  0.13000000000000000     
        1288  0.17000000000000001     
        1289   6.5000000000000002E-002
        1290   8.0000000000000002E-002
        1291   1.0000000000000000E-002
        1292  0.13500000000000001     
        1293   6.5000000000000002E-002
        1294   2.9999999999999999E-002
        1295  0.12000000000000000     
        1296   5.5000000000000000E-002
        1297   1.0000000000000000E-002
        1298   2.5000000000000001E-002
        1299  0.14999999999999999     
        1300   5.0000000000000003E-002
        1301   8.5000000000000006E-002
        1302   2.5000000000000001E-002
        1303   1.0000000000000000E-002
        1304  0.10000000000000001     
        1305  0.13500000000000001     
        1306  0.20999999999999999     
        1307   2.5000000000000001E-002
        1308   4.0000000000000001E-002
        1309   2.5000000000000001E-002
        1310   6.5000000000000002E-002
        1311  0.10000000000000001     
        1312   5.5000000000000000E-002
        1313  0.10500000000000000     
        1314   7.0000000000000007E-002
        1315  0.28000000000000003     
        1316   5.5000000000000000E-002
        1317  0.14499999999999999     
        1318  0.16500000000000001     
        1319  0.13500000000000001     
        1320   1.4999999999999999E-002
        1321   1.4999999999999999E-002
        1322  0.10500000000000000     
        1323  0.11500000000000000     
        1324   5.0000000000000001E-003
        1325  0.19000000000000000     
        1326   5.0000000000000003E-002
        1327   5.9999999999999998E-002
        1328   7.0000000000000007E-002
        1329   1.0000000000000000E-002
        1330   0.0000000000000000     
        1331   5.9999999999999998E-002
        1332   1.0000000000000000E-002
        1333   1.0000000000000000E-002
        1334   4.4999999999999998E-002
        1335   4.0000000000000001E-002
        1336  0.19500000000000001     
        1337  0.10000000000000001     
        1338   3.5000000000000003E-002
        1339  0.16000000000000000     
        1340   4.4999999999999998E-002
        1341   5.0000000000000001E-003
        1342   2.9999999999999999E-002
        1343   0.0000000000000000     
        1344  0.14000000000000001     
        1345   2.0000000000000000E-002
        1346   3.5000000000000003E-002
        1347  0.14000000000000001     
        1348  0.13500000000000001     
        1349  0.18500000000000000     
        1350  0.24500000000000000     
        1351   7.0000000000000007E-002
        1352   2.0000000000000000E-002
        1353   1.4999999999999999E-002
        1354  0.19500000000000001     
        1355   0.0000000000000000     
        1356   5.0000000000000001E-003
        1357   1.0000000000000000E-002
        1358   8.5000000000000006E-002
        1359   8.0000000000000002E-002
        1360   2.5000000000000001E-002
        1361   2.0000000000000000E-002
        1362   3.5000000000000003E-002
        1363   1.0000000000000000E-002
        1364  0.18500000000000000     
        1365  0.11000000000000000     
        1366  0.16000000000000000     
        1367   7.0000000000000007E-002
        1368  0.10000000000000001     
        1369   7.0000000000000007E-002
        1370  0.11500000000000000     
        1371   7.0000000000000007E-002
        1372   4.4999999999999998E-002
        1373  0.17999999999999999     
        1374   8.9999999999999997E-002
        1375   2.5000000000000001E-002
        1376   5.0000000000000003E-002
        1377   6.5000000000000002E-002
        1378  0.16000000000000000     
        1379   7.4999999999999997E-002
        1380   8.9999999999999997E-002
        1381   4.4999999999999998E-002
        1382  0.17000000000000001     
        1383   2.9999999999999999E-002
        1384   7.0000000000000007E-002
        1385   2.9999999999999999E-002
        1386   4.4999999999999998E-002
        1387   3.5000000000000003E-002
        1388   1.0000000000000000E-002
        1389   8.9999999999999997E-002
        1390  0.10000000000000001     
        1391   5.0000000000000001E-003
        1392   8.9999999999999997E-002
        1393   5.0000000000000001E-003
        1394   1.4999999999999999E-002
        1395   4.4999999999999998E-002
        1396   6.5000000000000002E-002
        1397  0.20999999999999999     
        1398  0.16000000000000000     
        1399   1.0000000000000000E-002
        1400  0.16500000000000001     
        1401   9.5000000000000001E-002
        1402   1.0000000000000000E-002
        1403   1.4999999999999999E-002
        1404   9.5000000000000001E-002
        1405  0.11500000000000000     
        1406   8.0000000000000002E-002
        1407   3.5000000000000003E-002
        1408   5.0000000000000001E-003
        1409   5.9999999999999998E-002
        1410  0.10500000000000000     
        1411   4.4999999999999998E-002
        1412   5.0000000000000001E-003
        1413   7.4999999999999997E-002
        1414   4.0000000000000001E-002
        1415   3.5000000000000003E-002
        1416   2.5000000000000001E-002
        1417   1.4999999999999999E-002
        1418  0.10500000000000000     
        1419   9.5000000000000001E-002
        1420  0.15500000000000000     
        1421   8.0000000000000002E-002
        1422   4.4999999999999998E-002
        1423  0.11500000000000000     
        1424   5.5000000000000000E-002
        1425   5.5000000000000000E-002
        1426  0.12000000000000000     
        1427   5.0000000000000001E-003
        1428  0.14499999999999999     
        1429   5.9999999999999998E-002
        1430   9.5000000000000001E-002
        1431   2.5000000000000001E-002
        1432   5.0000000000000001E-003
        1433   5.0000000000000003E-002
        1434   1.0000000000000000E-002
        1435  0.17499999999999999     
        1436   5.5000000000000000E-002
        1437   5.9999999999999998E-002
        1438   8.5000000000000006E-002
        1439   2.0000000000000000E-002
        1440   1.0000000000000000E-002
        1441   9.5000000000000001E-002
        1442   1.0000000000000000E-002
        1443   5.5000000000000000E-002
        1444   8.9999999999999997E-002
        1445   5.0000000000000001E-003
        1446  0.12500000000000000     
        1447   1.4999999999999999E-002
        1448   7.4999999999999997E-002
        1449  0.11000000000000000     
        1450   5.0000000000000003E-002
        1451   3.5000000000000003E-002
        1452  0.10000000000000001     
        1453   5.5000000000000000E-002
        1454  0.14999999999999999     
        1455   0.0000000000000000     
        1456   4.0000000000000001E-002
        1457   5.5000000000000000E-002
        1458  0.14999999999999999     
        1459   8.5000000000000006E-002
        1460   5.0000000000000003E-002
        1461   6.5000000000000002E-002
        1462   4.4999999999999998E-002
        1463   2.5000000000000001E-002
        1464  0.15500000000000000     
        1465  0.11000000000000000     
        1466  0.11000000000000000     
        1467   5.0000000000000001E-003
        1468  0.12000000000000000     
        1469  0.14499999999999999     
        1470  0.10500000000000000     
        1471  0.19500000000000001     
        1472   1.0000000000000000E-002
        1473   1.0000000000000000E-002
        1474  0.13500000000000001     
        1475   4.4999999999999998E-002
        1476  0.15500000000000000     
        1477   2.9999999999999999E-002
        1478   5.5000000000000000E-002
        1479  0.13000000000000000     
        1480  0.10500000000000000     
        1481   2.9999999999999999E-002
        1482   9.5000000000000001E-002
        1483  0.17999999999999999     
        1484   5.0000000000000001E-003
        1485  0.10000000000000001     
        1486   7.4999999999999997E-002
        1487  0.11500000000000000     
        1488   7.4999999999999997E-002
        1489   1.0000000000000000E-002
        1490   5.0000000000000001E-003
        1491   5.9999999999999998E-002
        1492   1.0000000000000000E-002
        1493   2.5000000000000001E-002
        1494   2.5000000000000001E-002
        1495  0.12000000000000000     
        1496  0.14999999999999999     
        1497  0.11000000000000000     
        1498   7.4999999999999997E-002
        1499   4.4999999999999998E-002
        1500   4.0000000000000001E-002
        1501   9.5000000000000001E-002
        1502  0.10000000000000001     
        1503  0.11000000000000000     
        1504  0.20999999999999999     
        1505  0.10500000000000000     
        1506  0.12500000000000000     
        1507   2.0000000000000000E-002
        1508   5.5000000000000000E-002
        1509  0.11000000000000000     
        1510   1.0000000000000000E-002
        1511   4.4999999999999998E-002
        1512   7.0000000000000007E-002
        1513   2.5000000000000001E-002
        1514   2.5000000000000001E-002
        1515   5.5000000000000000E-002
        1516  0.13000000000000000     
        1517   5.9999999999999998E-002
        1518   2.9999999999999999E-002
        1519   2.0000000000000000E-002
        1520   5.0000000000000001E-003
        1521   2.5000000000000001E-002
        1522   5.9999999999999998E-002
        1523   5.5000000000000000E-002
        1524  0.11000000000000000     
        1525  0.10000000000000001     
        1526  0.14000000000000001     
        1527   9.5000000000000001E-002
        1528   9.5000000000000001E-002
        1529  0.17999999999999999     
        1530  0.13500000000000001     
        1531  0.11500000000000000     
        1532   7.0000000000000007E-002
        1533   5.5000000000000000E-002
        1534  0.10000000000000001     
        1535   7.0000000000000007E-002
        1536  0.26000000000000001     
        1537  0.31000000000000000     
        1538   1.4999999999999999E-002
        1539   5.0000000000000001E-003
        1540   8.9999999999999997E-002
        1541  0.12000000000000000     
        1542   2.9999999999999999E-002
        1543   4.0000000000000001E-002
        1544   8.0000000000000002E-002
        1545   6.5000000000000002E-002
        1546   3.5000000000000003E-002
        1547   0.0000000000000000     
        1548   8.9999999999999997E-002
        1549   1.0000000000000000E-002
        1550   1.4999999999999999E-002
        1551   3.5000000000000003E-002
        1552   1.4999999999999999E-002
        1553   1.0000000000000000E-002
        1554   2.9999999999999999E-002
        1555   3.5000000000000003E-002
        1556  0.11000000000000000     
        1557  0.20000000000000001     
        1558  0.16000000000000000     
        1559  0.11000000000000000     
        1560   4.4999999999999998E-002
        1561   2.5000000000000001E-002
        1562   5.9999999999999998E-002
        1563   1.4999999999999999E-002
        1564  0.13000000000000000     
        1565  0.15500000000000000     
        1566  0.19500000000000001     
        1567   5.9999999999999998E-002
        1568   1.4999999999999999E-002
        1569  0.16000000000000000     
        1570   4.0000000000000001E-002
        1571  0.14499999999999999     
        1572   1.4999999999999999E-002
        1573   5.0000000000000003E-002
        1574  0.16000000000000000     
        1575  0.11500000000000000     
        1576   5.9999999999999998E-002
        1577   3.5000000000000003E-002
        1578   6.5000000000000002E-002
        1579  0.14999999999999999     
        1580  0.14999999999999999     
        1581  0.14999999999999999     
        1582   8.0000000000000002E-002
        1583   2.9999999999999999E-002
        1584  0.12500000000000000     
        1585   5.5000000000000000E-002
        1586   2.9999999999999999E-002
        1587   1.0000000000000000E-002
        1588   1.4999999999999999E-002
        1589   6.5000000000000002E-002
        1590  0.29999999999999999     
        1591   2.0000000000000000E-002
        1592   2.9999999999999999E-002
        1593   0.0000000000000000     
        1594   4.4999999999999998E-002
        1595  0.16500000000000001     
        1596   1.0000000000000000E-002
        1597  0.11500000000000000     
        1598   5.0000000000000001E-003
        1599   2.0000000000000000E-002
        1600   5.0000000000000001E-003
        1601   2.0000000000000000E-002
        1602   7.0000000000000007E-002
        1603   2.9999999999999999E-002
        1604   2.5000000000000001E-002
        1605   6.5000000000000002E-002
        1606  0.13000000000000000     
        1607   7.0000000000000007E-002
        1608   6.5000000000000002E-002
        1609  0.16500000000000001     
        1610   8.9999999999999997E-002
        1611  0.10500000000000000     
        1612   6.5000000000000002E-002
        1613  0.17499999999999999     
        1614   0.0000000000000000     
        1615   2.0000000000000000E-002
        1616   6.5000000000000002E-002
        1617   5.5000000000000000E-002
        1618   1.4999999999999999E-002
        1619  0.11500000000000000     
        1620  0.14999999999999999     
        1621  0.25500000000000000     
        1622  0.12500000000000000     
        1623   1.4999999999999999E-002
        1624   4.4999999999999998E-002
        1625   2.9999999999999999E-002
        1626   4.0000000000000001E-002
        1627   3.5000000000000003E-002
        1628  0.14000000000000001     
        1629  0.17499999999999999     
        1630  0.14000000000000001     
        1631  0.23000000000000001     
        1632  0.14499999999999999     
        1633   3.5000000000000003E-002
        1634   5.5000000000000000E-002
        1635  0.13500000000000001     
        1636   2.9999999999999999E-002
        1637   8.0000000000000002E-002
        1638   1.0000000000000000E-002
        1639   4.0000000000000001E-002
        1640   5.9999999999999998E-002
        1641   6.5000000000000002E-002
        1642   5.0000000000000001E-003
        1643   5.0000000000000003E-002
        1644   2.5000000000000001E-002
        1645   3.5000000000000003E-002
        1646   5.0000000000000003E-002
        1647   2.0000000000000000E-002
        1648   5.0000000000000001E-003
        1649  0.12500000000000000     
        1650   2.9999999999999999E-002
        1651  0.13500000000000001     
        1652  0.12000000000000000     
        1653  0.12000000000000000     
        1654   6.5000000000000002E-002
        1655   5.0000000000000003E-002
        1656   5.0000000000000001E-003
        1657   4.4999999999999998E-002
        1658  0.11000000000000000     
        1659   2.9999999999999999E-002
        1660  0.11500000000000000     
        1661  0.12000000000000000     
        1662  0.14999999999999999     
        1663   4.0000000000000001E-002
        1664   6.5000000000000002E-002
        1665   1.0000000000000000E-002
        1666  0.17499999999999999     
        1667   7.0000000000000007E-002
        1668   1.4999999999999999E-002
        1669  0.10000000000000001     
        1670   8.5000000000000006E-002
        1671   0.0000000000000000     
        1672   3.5000000000000003E-002
        1673   1.4999999999999999E-002
        1674   8.0000000000000002E-002
        1675  0.27000000000000002     
        1676   8.9999999999999997E-002
        1677   4.0000000000000001E-002
        1678   7.4999999999999997E-002
        1679   2.9999999999999999E-002
        1680  0.12000000000000000     
        1681   8.9999999999999997E-002
        1682   5.0000000000000001E-003
        1683  0.20000000000000001     
        1684   2.0000000000000000E-002
        1685   7.0000000000000007E-002
        1686  0.14000000000000001     
        1687   5.0000000000000003E-002
        1688  0.24500000000000000     
        1689  0.14999999999999999     
        1690   2.9999999999999999E-002
        1691   4.4999999999999998E-002
        1692  0.11000000000000000     
        1693  0.11500000000000000     
        1694   1.4999999999999999E-002
        1695   8.0000000000000002E-002
        1696   6.5000000000000002E-002
        1697   9.5000000000000001E-002
        1698   1.0000000000000000E-002
        1699  0.14499999999999999     
        1700  0.17000000000000001     
        1701   5.0000000000000001E-003
        1702  0.11000000000000000     
        1703   2.5000000000000001E-002
        1704   7.4999999999999997E-002
        1705   6.5000000000000002E-002
        1706   2.0000000000000000E-002
        1707   2.5000000000000001E-002
        1708   3.5000000000000003E-002
        1709  0.11500000000000000     
        1710   5.5000000000000000E-002
        1711   1.0000000000000000E-002
        1712   2.5000000000000001E-002
        1713   7.0000000000000007E-002
        1714   4.4999999999999998E-002
        1715  0.14000000000000001     
        1716   1.4999999999999999E-002
        1717   8.0000000000000002E-002
        1718   5.9999999999999998E-002
        1719   5.5000000000000000E-002
        1720   3.5000000000000003E-002
        1721  0.11000000000000000     
        1722   1.4999999999999999E-002
        1723   9.5000000000000001E-002
        1724  0.22000000000000000     
        1725  0.14999999999999999     
        1726  0.13500000000000001     
        1727   5.0000000000000003E-002
        1728   1.0000000000000000E-002
        1729   2.5000000000000001E-002
        1730   6.5000000000000002E-002
        1731   3.5000000000000003E-002
        1732  0.10000000000000001     
        1733  0.22000000000000000     
        1734   0.0000000000000000     
        1735  0.24500000000000000     
        1736  0.14999999999999999     
        1737   5.0000000000000001E-003
        1738   5.9999999999999998E-002
        1739   7.4999999999999997E-002
        1740   1.0000000000000000E-002
        1741   2.0000000000000000E-002
        1742   8.0000000000000002E-002
        1743   5.9999999999999998E-002
        1744   2.0000000000000000E-002
        1745   1.0000000000000000E-002
        1746   5.5000000000000000E-002
        1747   4.0000000000000001E-002
        1748   5.0000000000000001E-003
        1749   1.0000000000000000E-002
        1750   4.0000000000000001E-002
        1751  0.16000000000000000     
        1752  0.20999999999999999     
        1753  0.15500000000000000     
        1754  0.16000000000000000     
        1755  0.10500000000000000     
        1756   5.9999999999999998E-002
        1757   2.5000000000000001E-002
        1758   1.0000000000000000E-002
        1759  0.15500000000000000     
        1760   4.4999999999999998E-002
        1761  0.13500000000000001     
        1762   1.0000000000000000E-002
        1763   8.0000000000000002E-002
        1764  0.14999999999999999     
        1765   5.0000000000000001E-003
        1766   9.5000000000000001E-002
        1767   6.5000000000000002E-002
        1768   8.5000000000000006E-002
        1769   3.5000000000000003E-002
        1770   1.0000000000000000E-002
        1771   6.5000000000000002E-002
        1772   6.5000000000000002E-002
        1773   8.9999999999999997E-002
        1774   7.4999999999999997E-002
        1775  0.10000000000000001     
        1776   7.0000000000000007E-002
        1777  0.10000000000000001     
        1778  0.14000000000000001     
        1779   6.5000000000000002E-002
        1780  0.24500000000000000     
        1781  0.13000000000000000     
        1782   2.0000000000000000E-002
        1783   1.4999999999999999E-002
        1784  0.18500000000000000     
        1785   2.9999999999999999E-002
        1786   7.0000000000000007E-002
        1787  0.10000000000000001     
        1788  0.12500000000000000     
        1789   7.0000000000000007E-002
        1790   1.0000000000000000E-002
        1791   2.9999999999999999E-002
        1792   8.5000000000000006E-002
        1793   5.9999999999999998E-002
        1794   7.4999999999999997E-002
        1795  0.10500000000000000     
        1796   1.0000000000000000E-002
        1797  0.10500000000000000     
        1798  0.14499999999999999     
        1799  0.10000000000000001     
        1800   7.0000000000000007E-002
        1801   4.4999999999999998E-002
        1802   7.0000000000000007E-002
        1803   1.4999999999999999E-002
        1804   1.0000000000000000E-002
        1805   2.0000000000000000E-002
        1806   8.9999999999999997E-002
        1807  0.14999999999999999     
        1808   4.0000000000000001E-002
        1809   8.9999999999999997E-002
        1810   5.9999999999999998E-002
        1811   5.5000000000000000E-002
        1812   5.5000000000000000E-002
        1813  0.10500000000000000     
        1814   1.0000000000000000E-002
        1815   5.5000000000000000E-002
        1816  0.12000000000000000     
        1817   8.0000000000000002E-002
        1818   8.0000000000000002E-002
        1819   2.0000000000000000E-002
        1820  0.25000000000000000     
        1821   8.5000000000000006E-002
        1822  0.10500000000000000     
        1823   3.5000000000000003E-002
        1824  0.20000000000000001     
        1825  0.14999999999999999     
        1826   4.0000000000000001E-002
        1827   2.5000000000000001E-002
        1828  0.13000000000000000     
        1829   6.5000000000000002E-002
        1830  0.10500000000000000     
        1831  0.15500000000000000     
        1832   7.0000000000000007E-002
        1833   5.9999999999999998E-002
        1834  0.14999999999999999     
        1835   1.4999999999999999E-002
        1836   1.4999999999999999E-002
        1837   1.0000000000000000E-002
        1838  0.12500000000000000     
        1839   9.5000000000000001E-002
        1840   2.9999999999999999E-002
        1841   0.0000000000000000     
        1842   2.5000000000000001E-002
        1843  0.11000000000000000     
        1844  0.10500000000000000     
        1845   1.0000000000000000E-002
        1846   7.4999999999999997E-002
        1847  0.10500000000000000     
        1848   8.0000000000000002E-002
        1849  0.18500000000000000     
        1850  0.19500000000000001     
        1851   5.9999999999999998E-002
        1852   1.4999999999999999E-002
        1853   2.5000000000000001E-002
        1854   2.5000000000000001E-002
        1855   3.5000000000000003E-002
        1856   1.4999999999999999E-002
        1857  0.13500000000000001     
        1858  0.19500000000000001     
        1859   9.5000000000000001E-002
        1860   3.5000000000000003E-002
        1861   3.5000000000000003E-002
        1862   4.4999999999999998E-002
        1863  0.11500000000000000     
        1864  0.15500000000000000     
        1865  0.17999999999999999     
        1866   9.5000000000000001E-002
        1867   6.5000000000000002E-002
        1868   2.0000000000000000E-002
        1869   3.5000000000000003E-002
        1870  0.13500000000000001     
        1871   0.0000000000000000     
        1872   2.9999999999999999E-002
        1873   4.4999999999999998E-002
        1874  0.23000000000000001     
        1875  0.22000000000000000     
        1876   0.0000000000000000     
        1877  0.10000000000000001     
        1878   3.5000000000000003E-002
        1879  0.15500000000000000     
        1880   3.5000000000000003E-002
        1881  0.14000000000000001     
        1882   5.9999999999999998E-002
        1883  0.17499999999999999     
        1884   8.5000000000000006E-002
        1885  0.15500000000000000     
        1886   4.4999999999999998E-002
        1887  0.17000000000000001     
        1888  0.16000000000000000     
        1889  0.14499999999999999     
        1890   2.9999999999999999E-002
        1891  0.10000000000000001     
        1892   7.4999999999999997E-002
        1893   5.9999999999999998E-002
        1894   7.4999999999999997E-002
        1895   1.0000000000000000E-002
        1896   4.4999999999999998E-002
        1897  0.12000000000000000     
        1898   1.4999999999999999E-002
        1899   5.0000000000000001E-003
        1900   0.0000000000000000     
        1901   2.5000000000000001E-002
        1902   3.5000000000000003E-002
        1903  0.15500000000000000     
        1904  0.11500000000000000     
        1905   8.0000000000000002E-002
        1906   5.5000000000000000E-002
        1907   2.5000000000000001E-002
        1908   3.5000000000000003E-002
        1909  0.10500000000000000     
        1910   5.9999999999999998E-002
        1911   5.9999999999999998E-002
        1912  0.12000000000000000     
        1913   4.0000000000000001E-002
        1914   7.0000000000000007E-002
        1915   6.5000000000000002E-002
        1916   8.0000000000000002E-002
        1917   1.0000000000000000E-002
        1918  0.19500000000000001     
        1919   3.5000000000000003E-002
        1920   2.5000000000000001E-002
        1921   7.4999999999999997E-002
        1922  0.12000000000000000     
        1923  0.15500000000000000     
        1924  0.15500000000000000     
        1925   3.5000000000000003E-002
        1926   2.5000000000000001E-002
        1927   7.4999999999999997E-002
        1928  0.16500000000000001     
        1929  0.17999999999999999     
        1930   5.9999999999999998E-002
        1931   8.9999999999999997E-002
        1932   7.4999999999999997E-002
        1933   2.0000000000000000E-002
        1934   1.4999999999999999E-002
        1935  0.14499999999999999     
        1936   5.0000000000000001E-003
        1937   2.5000000000000001E-002
        1938  0.11500000000000000     
        1939   7.4999999999999997E-002
        1940  0.15500000000000000     
        1941   7.0000000000000007E-002
        1942   8.5000000000000006E-002
        1943   6.5000000000000002E-002
        1944   7.4999999999999997E-002
        1945  0.26000000000000001     
        1946  0.10500000000000000     
        1947   4.0000000000000001E-002
        1948  0.14999999999999999     
        1949   4.0000000000000001E-002
        1950   1.0000000000000000E-002
        1951  0.11000000000000000     
        1952   8.5000000000000006E-002
        1953  0.13000000000000000     
        1954   2.0000000000000000E-002
        1955   2.5000000000000001E-002
        1956   5.9999999999999998E-002
        1957  0.23499999999999999     
        1958   7.4999999999999997E-002
        1959  0.15500000000000000     
        1960  0.14499999999999999     
        1961  0.10000000000000001     
        1962   2.0000000000000000E-002
        1963   7.0000000000000007E-002
        1964   7.0000000000000007E-002
        1965   1.0000000000000000E-002
        1966  0.10000000000000001     
        1967  0.17499999999999999     
        1968   2.9999999999999999E-002
        1969   4.0000000000000001E-002
        1970   5.0000000000000001E-003
        1971  0.28499999999999998     
        1972   4.4999999999999998E-002
        1973   1.4999999999999999E-002
        1974   4.0000000000000001E-002
        1975   8.5000000000000006E-002
        1976   1.0000000000000000E-002
        1977  0.18500000000000000     
        1978  0.12000000000000000     
        1979  0.18500000000000000     
        1980   2.0000000000000000E-002
        1981   8.9999999999999997E-002
        1982   2.5000000000000001E-002
        1983  0.12500000000000000     
        1984   4.4999999999999998E-002
        1985   5.5000000000000000E-002
        1986   5.0000000000000003E-002
        1987   2.5000000000000001E-002
        1988  0.37000000000000000     
        1989  0.28499999999999998     
        1990   1.4999999999999999E-002
        1991  0.23999999999999999     
        1992  0.17000000000000001     
        1993   6.5000000000000002E-002
        1994   7.4999999999999997E-002
        1995   2.5000000000000001E-002
        1996   1.4999999999999999E-002
        1997   5.9999999999999998E-002
        1998   4.4999999999999998E-002
        1999  0.21500000000000000     
        2000  0.17499999999999999     
