           1  0.10000000000000001     
           2  0.19000000000000000     
           3   1.4999999999999999E-002
           4  0.33000000000000002     
           5   7.0000000000000007E-002
           6  0.28499999999999998     
           7  0.17499999999999999     
           8  0.13000000000000000     
           9   7.4999999999999997E-002
          10   9.5000000000000001E-002
          11  0.27500000000000002     
          12   8.9999999999999997E-002
          13  0.13500000000000001     
          14  0.33000000000000002     
          15  0.19000000000000000     
          16  0.13500000000000001     
          17  0.12000000000000000     
          18   2.9999999999999999E-002
          19  0.16000000000000000     
          20  0.30499999999999999     
          21   8.9999999999999997E-002
          22   2.5000000000000001E-002
          23   2.5000000000000001E-002
          24  0.21500000000000000     
          25   6.5000000000000002E-002
          26  0.19500000000000001     
          27  0.26000000000000001     
          28   6.5000000000000002E-002
          29   1.4999999999999999E-002
          30  0.22000000000000000     
          31  0.19500000000000001     
          32  0.26500000000000001     
          33   9.5000000000000001E-002
          34  0.23000000000000001     
          35   5.0000000000000001E-003
          36   1.4999999999999999E-002
          37  0.10000000000000001     
          38  0.14999999999999999     
          39  0.16000000000000000     
          40  0.11000000000000000     
          41  0.28499999999999998     
          42  0.35999999999999999     
          43  0.46000000000000002     
          44  0.35499999999999998     
          45  0.14499999999999999     
          46  0.42499999999999999     
          47   5.0000000000000003E-002
          48  0.19000000000000000     
          49  0.10000000000000001     
          50  0.12000000000000000     
          51  0.24500000000000000     
          52   8.9999999999999997E-002
          53  0.14000000000000001     
          54   6.5000000000000002E-002
          55   2.0000000000000000E-002
          56  0.29999999999999999     
          57   8.0000000000000002E-002
          58  0.16500000000000001     
          59  0.38000000000000000     
          60  0.32000000000000001     
          61   7.4999999999999997E-002
          62  0.46500000000000002     
          63  0.33000000000000002     
          64  0.46999999999999997     
          65  0.27000000000000002     
          66  0.16000000000000000     
          67  0.14999999999999999     
          68  0.35499999999999998     
          69  0.23999999999999999     
          70  0.10500000000000000     
          71  0.12500000000000000     
          72   2.5000000000000001E-002
          73   5.5000000000000000E-002
          74   5.5000000000000000E-002
          75   3.5000000000000003E-002
          76  0.12000000000000000     
          77  0.29499999999999998     
          78  0.16000000000000000     
          79  0.30499999999999999     
          80  0.52000000000000002     
          81  0.11500000000000000     
          82   5.0000000000000001E-003
          83  0.13500000000000001     
          84  0.18500000000000000     
          85   4.4999999999999998E-002
          86  0.34000000000000002     
          87  0.12500000000000000     
          88  0.17499999999999999     
          89   8.0000000000000002E-002
          90  0.14000000000000001     
          91  0.28499999999999998     
          92   4.0000000000000001E-002
          93   8.0000000000000002E-002
          94  0.27000000000000002     
          95  0.33500000000000002     
          96  0.26000000000000001     
          97  0.31000000000000000     
          98   5.0000000000000001E-003
          99   2.5000000000000001E-002
         100   2.9999999999999999E-002
         101  0.15500000000000000     
         102  0.33000000000000002     
         103   5.9999999999999998E-002
         104  0.16500000000000001     
         105   7.4999999999999997E-002
         106   5.9999999999999998E-002
         107  0.10500000000000000     
         108  0.10000000000000001     
         109  0.41999999999999998     
         110  0.17499999999999999     
         111   2.5000000000000001E-002
         112  0.20499999999999999     
         113   2.0000000000000000E-002
         114  0.37000000000000000     
         115  0.23499999999999999     
         116   2.5000000000000001E-002
         117  0.28499999999999998     
         118  0.32000000000000001     
         119   4.4999999999999998E-002
         120  0.17999999999999999     
         121  0.14499999999999999     
         122   8.5000000000000006E-002
         123  0.26500000000000001     
         124  0.34999999999999998     
         125   5.0000000000000003E-002
         126   1.0000000000000000E-002
         127  0.21500000000000000     
         128  0.32500000000000001     
         129  0.23000000000000001     
         130  0.16500000000000001     
         131  0.23499999999999999     
         132  0.14499999999999999     
         133   2.0000000000000000E-002
         134  0.16500000000000001     
         135   8.9999999999999997E-002
         136  0.42999999999999999     
         137  0.32000000000000001     
         138   1.0000000000000000E-002
         139  0.19000000000000000     
         140   5.0000000000000001E-003
         141  0.18500000000000000     
         142  0.34999999999999998     
         143  0.28000000000000003     
         144   2.5000000000000001E-002
         145   5.0000000000000001E-003
         146  0.13000000000000000     
         147  0.41499999999999998     
         148  0.13000000000000000     
         149  0.19000000000000000     
         150  0.50500000000000000     
         151   9.5000000000000001E-002
         152  0.27500000000000002     
         153   2.5000000000000001E-002
         154  0.16000000000000000     
         155  0.34000000000000002     
         156  0.32500000000000001     
         157  0.10500000000000000     
         158  0.11000000000000000     
         159  0.23499999999999999     
         160   2.5000000000000001E-002
         161   2.5000000000000001E-002
         162  0.12500000000000000     
         163   4.0000000000000001E-002
         164   8.0000000000000002E-002
         165   3.5000000000000003E-002
         166  0.17000000000000001     
         167   5.0000000000000001E-003
         168  0.29499999999999998     
         169  0.35499999999999998     
         170  0.29999999999999999     
         171  0.24500000000000000     
         172   5.9999999999999998E-002
         173   8.0000000000000002E-002
         174   5.5000000000000000E-002
         175   8.5000000000000006E-002
         176   3.5000000000000003E-002
         177  0.25500000000000000     
         178  0.25000000000000000     
         179   8.0000000000000002E-002
         180   9.5000000000000001E-002
         181  0.12000000000000000     
         182   2.0000000000000000E-002
         183  0.14499999999999999     
         184  0.23999999999999999     
         185  0.35999999999999999     
         186  0.54500000000000004     
         187  0.40000000000000002     
         188  0.14499999999999999     
         189  0.29499999999999998     
         190   2.5000000000000001E-002
         191  0.12000000000000000     
         192  0.18500000000000000     
         193  0.18500000000000000     
         194   5.5000000000000000E-002
         195   4.4999999999999998E-002
         196   8.0000000000000002E-002
         197   9.5000000000000001E-002
         198   7.0000000000000007E-002
         199   1.0000000000000000E-002
         200  0.44500000000000001     
         201  0.41999999999999998     
         202  0.30499999999999999     
         203  0.25000000000000000     
         204   7.4999999999999997E-002
         205   7.0000000000000007E-002
         206   3.5000000000000003E-002
         207   9.5000000000000001E-002
         208  0.25000000000000000     
         209  0.44500000000000001     
         210  0.22000000000000000     
         211  0.15500000000000000     
         212   5.0000000000000001E-003
         213  0.19000000000000000     
         214  0.14499999999999999     
         215  0.20000000000000001     
         216  0.11500000000000000     
         217   9.5000000000000001E-002
         218  0.50500000000000000     
         219   3.5000000000000003E-002
         220   2.5000000000000001E-002
         221   5.5000000000000000E-002
         222   8.5000000000000006E-002
         223   2.9999999999999999E-002
         224  0.21500000000000000     
         225  0.24500000000000000     
         226  0.17999999999999999     
         227  0.25500000000000000     
         228  0.24500000000000000     
         229  0.20999999999999999     
         230  0.33500000000000002     
         231  0.25000000000000000     
         232   7.4999999999999997E-002
         233  0.15500000000000000     
         234  0.32000000000000001     
         235  0.40000000000000002     
         236   2.0000000000000000E-002
         237  0.26000000000000001     
         238  0.20499999999999999     
         239  0.17499999999999999     
         240  0.28499999999999998     
         241   5.0000000000000003E-002
         242  0.52500000000000002     
         243   8.5000000000000006E-002
         244   0.0000000000000000     
         245   1.0000000000000000E-002
         246  0.28499999999999998     
         247  0.22500000000000001     
         248  0.14000000000000001     
         249  0.40999999999999998     
         250  0.14499999999999999     
         251  0.16500000000000001     
         252  0.13000000000000000     
         253  0.14499999999999999     
         254  0.20000000000000001     
         255  0.21500000000000000     
         256  0.20000000000000001     
         257  0.13000000000000000     
         258   1.4999999999999999E-002
         259  0.29999999999999999     
         260  0.14999999999999999     
         261  0.12000000000000000     
         262   0.0000000000000000     
         263   8.9999999999999997E-002
         264   8.0000000000000002E-002
         265   2.5000000000000001E-002
         266  0.23000000000000001     
         267  0.21500000000000000     
         268  0.12000000000000000     
         269  0.28000000000000003     
         270   9.5000000000000001E-002
         271  0.30499999999999999     
         272   5.9999999999999998E-002
         273  0.60499999999999998     
         274  0.35999999999999999     
         275  0.28000000000000003     
         276  0.20499999999999999     
         277   4.4999999999999998E-002
         278   1.0000000000000000E-002
         279  0.11500000000000000     
         280  0.13500000000000001     
         281  0.12000000000000000     
         282  0.14499999999999999     
         283  0.19000000000000000     
         284  0.42999999999999999     
         285  0.21500000000000000     
         286  0.14499999999999999     
         287   9.5000000000000001E-002
         288   5.0000000000000003E-002
         289  0.36499999999999999     
         290   2.9999999999999999E-002
         291   1.4999999999999999E-002
         292  0.22000000000000000     
         293  0.16500000000000001     
         294  0.14499999999999999     
         295   5.0000000000000001E-003
         296  0.29499999999999998     
         297  0.33500000000000002     
         298  0.28999999999999998     
         299  0.10500000000000000     
         300  0.18500000000000000     
         301   4.0000000000000001E-002
         302   9.5000000000000001E-002
         303  0.38500000000000001     
         304  0.46000000000000002     
         305   8.9999999999999997E-002
         306  0.28999999999999998     
         307  0.20499999999999999     
         308  0.22500000000000001     
         309   4.4999999999999998E-002
         310  0.27000000000000002     
         311   5.0000000000000003E-002
         312  0.23000000000000001     
         313   7.0000000000000007E-002
         314   2.5000000000000001E-002
         315  0.20999999999999999     
         316  0.40000000000000002     
         317  0.15500000000000000     
         318   7.0000000000000007E-002
         319   7.4999999999999997E-002
         320   5.5000000000000000E-002
         321  0.39500000000000002     
         322   2.5000000000000001E-002
         323  0.10500000000000000     
         324  0.12000000000000000     
         325   8.9999999999999997E-002
         326  0.35499999999999998     
         327  0.12500000000000000     
         328  0.23499999999999999     
         329  0.30499999999999999     
         330   9.5000000000000001E-002
         331  0.28000000000000003     
         332  0.26500000000000001     
         333  0.20999999999999999     
         334   9.5000000000000001E-002
         335   2.5000000000000001E-002
         336  0.19500000000000001     
         337   4.4999999999999998E-002
         338  0.16000000000000000     
         339   3.5000000000000003E-002
         340  0.27000000000000002     
         341  0.21500000000000000     
         342  0.22000000000000000     
         343   2.5000000000000001E-002
         344   8.5000000000000006E-002
         345  0.25500000000000000     
         346  0.27500000000000002     
         347  0.11000000000000000     
         348  0.11500000000000000     
         349  0.28999999999999998     
         350  0.24500000000000000     
         351  0.13000000000000000     
         352  0.10500000000000000     
         353  0.17499999999999999     
         354  0.23999999999999999     
         355  0.17999999999999999     
         356   0.0000000000000000     
         357   5.5000000000000000E-002
         358  0.22000000000000000     
         359  0.20000000000000001     
         360   2.5000000000000001E-002
         361  0.11000000000000000     
         362  0.16500000000000001     
         363   4.4999999999999998E-002
         364   2.5000000000000001E-002
         365   5.9999999999999998E-002
         366  0.16500000000000001     
         367  0.10000000000000001     
         368   2.0000000000000000E-002
         369  0.27000000000000002     
         370  0.15500000000000000     
         371  0.17999999999999999     
         372   8.0000000000000002E-002
         373  0.12000000000000000     
         374   1.4999999999999999E-002
         375   0.0000000000000000     
         376  0.16500000000000001     
         377  0.15500000000000000     
         378  0.10500000000000000     
         379  0.14000000000000001     
         380  0.11000000000000000     
         381  0.21500000000000000     
         382  0.13000000000000000     
         383  0.17000000000000001     
         384  0.17999999999999999     
         385  0.23000000000000001     
         386   8.0000000000000002E-002
         387  0.33000000000000002     
         388  0.42499999999999999     
         389  0.20000000000000001     
         390  0.14999999999999999     
         391   8.5000000000000006E-002
         392  0.22500000000000001     
         393  0.17499999999999999     
         394  0.33000000000000002     
         395   4.4999999999999998E-002
         396  0.12500000000000000     
         397   1.4999999999999999E-002
         398   1.4999999999999999E-002
         399  0.16000000000000000     
         400  0.37500000000000000     
         401  0.16500000000000001     
         402  0.45500000000000002     
         403  0.20999999999999999     
         404   0.0000000000000000     
         405  0.22000000000000000     
         406  0.32500000000000001     
         407  0.10500000000000000     
         408   6.5000000000000002E-002
         409   2.0000000000000000E-002
         410  0.16500000000000001     
         411  0.27000000000000002     
         412   3.5000000000000003E-002
         413   2.9999999999999999E-002
         414   3.5000000000000003E-002
         415  0.19500000000000001     
         416  0.40000000000000002     
         417  0.24500000000000000     
         418   6.5000000000000002E-002
         419  0.23499999999999999     
         420   2.5000000000000001E-002
         421  0.38000000000000000     
         422  0.25000000000000000     
         423   6.5000000000000002E-002
         424  0.34999999999999998     
         425  0.45500000000000002     
         426  0.41999999999999998     
         427  0.25500000000000000     
         428  0.12000000000000000     
         429   7.4999999999999997E-002
         430  0.42999999999999999     
         431   5.5000000000000000E-002
         432  0.14000000000000001     
         433  0.16500000000000001     
         434  0.16000000000000000     
         435  0.23499999999999999     
         436  0.46500000000000002     
         437  0.31500000000000000     
         438  0.17499999999999999     
         439   5.0000000000000001E-003
         440  0.49500000000000000     
         441  0.29999999999999999     
         442   5.5000000000000000E-002
         443  0.13500000000000001     
         444  0.11000000000000000     
         445   1.0000000000000000E-002
         446  0.28499999999999998     
         447  0.13500000000000001     
         448  0.34000000000000002     
         449  0.23499999999999999     
         450  0.42499999999999999     
         451  0.53000000000000003     
         452  0.18500000000000000     
         453  0.20000000000000001     
         454  0.34999999999999998     
         455   8.0000000000000002E-002
         456  0.35999999999999999     
         457   3.5000000000000003E-002
         458   3.5000000000000003E-002
         459  0.11500000000000000     
         460  0.31500000000000000     
         461   7.4999999999999997E-002
         462  0.42999999999999999     
         463   5.0000000000000003E-002
         464  0.19000000000000000     
         465  0.36499999999999999     
         466   1.0000000000000000E-002
         467  0.28499999999999998     
         468  0.37000000000000000     
         469   5.9999999999999998E-002
         470  0.35499999999999998     
         471  0.39000000000000001     
         472  0.27000000000000002     
         473  0.37500000000000000     
         474  0.12000000000000000     
         475  0.23000000000000001     
         476  0.20000000000000001     
         477   5.0000000000000001E-003
         478  0.14000000000000001     
         479  0.27500000000000002     
         480  0.19000000000000000     
         481   2.5000000000000001E-002
         482   9.5000000000000001E-002
         483  0.30499999999999999     
         484  0.18500000000000000     
         485  0.17499999999999999     
         486  0.39500000000000002     
         487  0.14000000000000001     
         488   3.5000000000000003E-002
         489   3.5000000000000003E-002
         490  0.27500000000000002     
         491   2.9999999999999999E-002
         492   7.0000000000000007E-002
         493  0.29499999999999998     
         494  0.19500000000000001     
         495  0.11000000000000000     
         496  0.10000000000000001     
         497   8.5000000000000006E-002
         498   2.0000000000000000E-002
         499  0.27500000000000002     
         500   1.4999999999999999E-002
         501  0.27000000000000002     
         502  0.22000000000000000     
         503  0.17999999999999999     
         504   2.9999999999999999E-002
         505  0.30499999999999999     
         506  0.34499999999999997     
         507  0.27500000000000002     
         508  0.34000000000000002     
         509   4.4999999999999998E-002
         510  0.12500000000000000     
         511   6.5000000000000002E-002
         512  0.16000000000000000     
         513  0.31500000000000000     
         514   2.0000000000000000E-002
         515  0.20999999999999999     
         516  0.36499999999999999     
         517  0.17000000000000001     
         518  0.20000000000000001     
         519   1.0000000000000000E-002
         520  0.45000000000000001     
         521   5.9999999999999998E-002
         522  0.27000000000000002     
         523   5.0000000000000001E-003
         524   4.0000000000000001E-002
         525  0.10500000000000000     
         526  0.20499999999999999     
         527  0.21500000000000000     
         528   2.5000000000000001E-002
         529  0.23499999999999999     
         530   6.5000000000000002E-002
         531   8.5000000000000006E-002
         532  0.13500000000000001     
         533  0.20499999999999999     
         534   2.9999999999999999E-002
         535  0.24500000000000000     
         536   7.4999999999999997E-002
         537  0.23999999999999999     
         538   8.5000000000000006E-002
         539   2.0000000000000000E-002
         540  0.31000000000000000     
         541   8.5000000000000006E-002
         542   1.0000000000000000E-002
         543  0.24500000000000000     
         544   5.0000000000000003E-002
         545  0.40999999999999998     
         546  0.23000000000000001     
         547   1.4999999999999999E-002
         548  0.13000000000000000     
         549   3.5000000000000003E-002
         550  0.20000000000000001     
         551   4.0000000000000001E-002
         552   7.0000000000000007E-002
         553   9.5000000000000001E-002
         554  0.29499999999999998     
         555  0.19500000000000001     
         556  0.16500000000000001     
         557   2.9999999999999999E-002
         558  0.15500000000000000     
         559  0.32000000000000001     
         560  0.11000000000000000     
         561  0.33000000000000002     
         562  0.33500000000000002     
         563  0.10500000000000000     
         564  0.35499999999999998     
         565  0.22000000000000000     
         566  0.24500000000000000     
         567   8.5000000000000006E-002
         568  0.29999999999999999     
         569  0.29499999999999998     
         570  0.12500000000000000     
         571  0.36499999999999999     
         572  0.34000000000000002     
         573  0.22000000000000000     
         574  0.20499999999999999     
         575  0.26000000000000001     
         576  0.10500000000000000     
         577  0.14999999999999999     
         578   1.0000000000000000E-002
         579   0.0000000000000000     
         580  0.27000000000000002     
         581  0.10000000000000001     
         582  0.22000000000000000     
         583   7.4999999999999997E-002
         584  0.28499999999999998     
         585  0.14999999999999999     
         586  0.33000000000000002     
         587  0.37000000000000000     
         588   0.0000000000000000     
         589  0.27000000000000002     
         590  0.23499999999999999     
         591   5.5000000000000000E-002
         592  0.36499999999999999     
         593  0.40000000000000002     
         594  0.29999999999999999     
         595  0.23999999999999999     
         596  0.26000000000000001     
         597  0.38000000000000000     
         598  0.32500000000000001     
         599  0.29999999999999999     
         600  0.25500000000000000     
         601  0.40999999999999998     
         602  0.28000000000000003     
         603  0.11500000000000000     
         604   5.0000000000000001E-003
         605  0.28999999999999998     
         606   8.0000000000000002E-002
         607   5.0000000000000001E-003
         608   0.0000000000000000     
         609  0.14999999999999999     
         610  0.28499999999999998     
         611  0.31000000000000000     
         612  0.13500000000000001     
         613   1.4999999999999999E-002
         614   4.0000000000000001E-002
         615   8.0000000000000002E-002
         616   1.4999999999999999E-002
         617  0.42999999999999999     
         618  0.16000000000000000     
         619   2.9999999999999999E-002
         620  0.13000000000000000     
         621  0.16000000000000000     
         622  0.23999999999999999     
         623   4.4999999999999998E-002
         624  0.34499999999999997     
         625  0.26000000000000001     
         626  0.11500000000000000     
         627  0.45000000000000001     
         628  0.13500000000000001     
         629  0.16500000000000001     
         630   8.9999999999999997E-002
         631  0.16500000000000001     
         632  0.11000000000000000     
         633  0.25000000000000000     
         634   5.9999999999999998E-002
         635  0.21500000000000000     
         636  0.34000000000000002     
         637   5.0000000000000003E-002
         638  0.25500000000000000     
         639  0.13000000000000000     
         640   1.0000000000000000E-002
         641  0.23000000000000001     
         642  0.16500000000000001     
         643  0.10500000000000000     
         644  0.10000000000000001     
         645  0.13000000000000000     
         646  0.17999999999999999     
         647  0.36499999999999999     
         648  0.28499999999999998     
         649  0.25000000000000000     
         650  0.20499999999999999     
         651  0.50500000000000000     
         652  0.26000000000000001     
         653  0.28499999999999998     
         654  0.14999999999999999     
         655  0.31000000000000000     
         656   5.0000000000000003E-002
         657   4.0000000000000001E-002
         658  0.27000000000000002     
         659  0.29499999999999998     
         660  0.37500000000000000     
         661  0.28999999999999998     
         662  0.16000000000000000     
         663  0.24500000000000000     
         664  0.17499999999999999     
         665   6.5000000000000002E-002
         666   9.5000000000000001E-002
         667   2.0000000000000000E-002
         668   4.4999999999999998E-002
         669   2.0000000000000000E-002
         670  0.28000000000000003     
         671  0.25000000000000000     
         672  0.24500000000000000     
         673  0.16000000000000000     
         674   7.4999999999999997E-002
         675  0.23999999999999999     
         676  0.32500000000000001     
         677  0.26500000000000001     
         678  0.19000000000000000     
         679  0.45000000000000001     
         680  0.12500000000000000     
         681   0.0000000000000000     
         682   4.4999999999999998E-002
         683  0.33000000000000002     
         684  0.14499999999999999     
         685  0.17499999999999999     
         686  0.14499999999999999     
         687  0.42499999999999999     
         688  0.37000000000000000     
         689  0.18500000000000000     
         690   9.5000000000000001E-002
         691   7.0000000000000007E-002
         692  0.11000000000000000     
         693  0.23499999999999999     
         694  0.10000000000000001     
         695  0.15500000000000000     
         696  0.16000000000000000     
         697  0.28000000000000003     
         698   5.5000000000000000E-002
         699   4.0000000000000001E-002
         700  0.11000000000000000     
         701  0.14000000000000001     
         702  0.17499999999999999     
         703   1.4999999999999999E-002
         704  0.11500000000000000     
         705  0.32000000000000001     
         706   5.9999999999999998E-002
         707   5.9999999999999998E-002
         708  0.19500000000000001     
         709  0.12500000000000000     
         710  0.28000000000000003     
         711  0.33000000000000002     
         712   5.9999999999999998E-002
         713  0.13500000000000001     
         714  0.13000000000000000     
         715  0.35999999999999999     
         716   6.5000000000000002E-002
         717  0.17499999999999999     
         718  0.14499999999999999     
         719  0.22500000000000001     
         720  0.12000000000000000     
         721   5.9999999999999998E-002
         722  0.19500000000000001     
         723   6.5000000000000002E-002
         724  0.11500000000000000     
         725  0.18500000000000000     
         726  0.46999999999999997     
         727   5.9999999999999998E-002
         728   1.0000000000000000E-002
         729  0.17499999999999999     
         730  0.21500000000000000     
         731   4.0000000000000001E-002
         732  0.33000000000000002     
         733  0.28000000000000003     
         734  0.31000000000000000     
         735  0.20000000000000001     
         736   5.5000000000000000E-002
         737  0.34499999999999997     
         738   2.0000000000000000E-002
         739  0.46999999999999997     
         740   4.0000000000000001E-002
         741  0.36499999999999999     
         742   6.5000000000000002E-002
         743  0.20000000000000001     
         744   8.5000000000000006E-002
         745   2.9999999999999999E-002
         746  0.29499999999999998     
         747   5.5000000000000000E-002
         748  0.12500000000000000     
         749  0.20999999999999999     
         750  0.41499999999999998     
         751  0.31000000000000000     
         752   5.9999999999999998E-002
         753   2.9999999999999999E-002
         754  0.11000000000000000     
         755  0.32000000000000001     
         756   0.0000000000000000     
         757   4.0000000000000001E-002
         758  0.14999999999999999     
         759   8.5000000000000006E-002
         760  0.28499999999999998     
         761  0.17999999999999999     
         762  0.22500000000000001     
         763   2.9999999999999999E-002
         764  0.17499999999999999     
         765  0.42499999999999999     
         766  0.23999999999999999     
         767  0.11000000000000000     
         768  0.13500000000000001     
         769  0.16000000000000000     
         770   8.0000000000000002E-002
         771   7.0000000000000007E-002
         772  0.40000000000000002     
         773  0.37500000000000000     
         774  0.18500000000000000     
         775  0.12000000000000000     
         776  0.19500000000000001     
         777   5.0000000000000003E-002
         778   3.5000000000000003E-002
         779  0.28999999999999998     
         780  0.23499999999999999     
         781  0.13000000000000000     
         782  0.14999999999999999     
         783  0.34499999999999997     
         784   5.9999999999999998E-002
         785   2.9999999999999999E-002
         786   9.5000000000000001E-002
         787  0.48499999999999999     
         788  0.10000000000000001     
         789  0.19500000000000001     
         790   4.0000000000000001E-002
         791  0.29999999999999999     
         792  0.43500000000000000     
         793  0.28000000000000003     
         794  0.17499999999999999     
         795   6.5000000000000002E-002
         796  0.13000000000000000     
         797  0.21500000000000000     
         798  0.48999999999999999     
         799  0.34999999999999998     
         800  0.16000000000000000     
         801   1.4999999999999999E-002
         802   8.5000000000000006E-002
         803  0.14499999999999999     
         804  0.46500000000000002     
         805   4.0000000000000001E-002
         806  0.15500000000000000     
         807  0.14499999999999999     
         808  0.23000000000000001     
         809   9.5000000000000001E-002
         810  0.53500000000000003     
         811  0.34000000000000002     
         812  0.12500000000000000     
         813  0.19000000000000000     
         814  0.35499999999999998     
         815   3.5000000000000003E-002
         816  0.17499999999999999     
         817  0.27000000000000002     
         818  0.16000000000000000     
         819  0.17499999999999999     
         820  0.20000000000000001     
         821  0.17000000000000001     
         822   2.9999999999999999E-002
         823  0.10500000000000000     
         824  0.12500000000000000     
         825   4.0000000000000001E-002
         826  0.44500000000000001     
         827  0.19500000000000001     
         828   2.5000000000000001E-002
         829   7.0000000000000007E-002
         830  0.20000000000000001     
         831  0.10000000000000001     
         832   7.0000000000000007E-002
         833   7.0000000000000007E-002
         834  0.10000000000000001     
         835  0.23999999999999999     
         836  0.14999999999999999     
         837   5.0000000000000001E-003
         838  0.11000000000000000     
         839  0.55000000000000004     
         840  0.12000000000000000     
         841  0.27000000000000002     
         842  0.41999999999999998     
         843  0.27500000000000002     
         844   2.9999999999999999E-002
         845  0.29499999999999998     
         846  0.13000000000000000     
         847  0.27500000000000002     
         848   7.0000000000000007E-002
         849   4.4999999999999998E-002
         850   0.0000000000000000     
         851   7.4999999999999997E-002
         852   5.0000000000000001E-003
         853  0.55500000000000005     
         854  0.27000000000000002     
         855  0.25000000000000000     
         856  0.20000000000000001     
         857  0.44000000000000000     
         858  0.20999999999999999     
         859   5.9999999999999998E-002
         860  0.32000000000000001     
         861  0.13500000000000001     
         862   8.5000000000000006E-002
         863  0.19000000000000000     
         864  0.40999999999999998     
         865  0.12500000000000000     
         866  0.34499999999999997     
         867  0.13000000000000000     
         868  0.10000000000000001     
         869  0.34999999999999998     
         870  0.38000000000000000     
         871  0.32000000000000001     
         872  0.12500000000000000     
         873   7.0000000000000007E-002
         874   1.0000000000000000E-002
         875   8.9999999999999997E-002
         876   8.0000000000000002E-002
         877   1.4999999999999999E-002
         878  0.19500000000000001     
         879  0.11000000000000000     
         880  0.33500000000000002     
         881  0.46500000000000002     
         882  0.11000000000000000     
         883   5.0000000000000003E-002
         884  0.14499999999999999     
         885  0.23499999999999999     
         886  0.34499999999999997     
         887   2.0000000000000000E-002
         888   2.0000000000000000E-002
         889  0.17999999999999999     
         890   4.4999999999999998E-002
         891  0.10500000000000000     
         892  0.26000000000000001     
         893  0.19500000000000001     
         894   7.0000000000000007E-002
         895  0.25000000000000000     
         896  0.11500000000000000     
         897   4.4999999999999998E-002
         898   5.0000000000000001E-003
         899  0.11000000000000000     
         900   4.0000000000000001E-002
         901   8.0000000000000002E-002
         902  0.17000000000000001     
         903  0.46500000000000002     
         904  0.61499999999999999     
         905   2.0000000000000000E-002
         906  0.38000000000000000     
         907   7.4999999999999997E-002
         908  0.40000000000000002     
         909  0.20999999999999999     
         910  0.34999999999999998     
         911  0.16500000000000001     
         912  0.15500000000000000     
         913  0.31500000000000000     
         914  0.20499999999999999     
         915  0.20499999999999999     
         916   5.5000000000000000E-002
         917  0.21500000000000000     
         918  0.12500000000000000     
         919   7.4999999999999997E-002
         920  0.26000000000000001     
         921  0.33000000000000002     
         922  0.54000000000000004     
         923  0.39500000000000002     
         924   5.0000000000000001E-003
         925  0.49500000000000000     
         926  0.33500000000000002     
         927  0.53500000000000003     
         928  0.26500000000000001     
         929  0.27500000000000002     
         930   5.0000000000000001E-003
         931  0.33500000000000002     
         932   0.0000000000000000     
         933   7.0000000000000007E-002
         934   8.5000000000000006E-002
         935  0.32000000000000001     
         936   5.0000000000000003E-002
         937  0.23000000000000001     
         938  0.30499999999999999     
         939  0.38000000000000000     
         940   6.5000000000000002E-002
         941   3.5000000000000003E-002
         942  0.23999999999999999     
         943  0.19500000000000001     
         944  0.25000000000000000     
         945   1.4999999999999999E-002
         946  0.22500000000000001     
         947   5.5000000000000000E-002
         948   1.4999999999999999E-002
         949  0.14499999999999999     
         950  0.15500000000000000     
         951  0.20999999999999999     
         952   7.4999999999999997E-002
         953   8.0000000000000002E-002
         954  0.20999999999999999     
         955  0.26500000000000001     
         956  0.30499999999999999     
         957  0.24500000000000000     
         958   4.0000000000000001E-002
         959   8.9999999999999997E-002
         960   2.9999999999999999E-002
         961  0.22500000000000001     
         962   1.4999999999999999E-002
         963  0.31500000000000000     
         964   1.0000000000000000E-002
         965  0.25500000000000000     
         966  0.40000000000000002     
         967   7.4999999999999997E-002
         968  0.13000000000000000     
         969   4.4999999999999998E-002
         970  0.25000000000000000     
         971  0.28000000000000003     
         972   7.0000000000000007E-002
         973   1.0000000000000000E-002
         974   7.0000000000000007E-002
         975   0.0000000000000000     
         976  0.12000000000000000     
         977  0.31000000000000000     
         978   5.0000000000000001E-003
         979  0.14000000000000001     
         980   3.5000000000000003E-002
         981  0.31500000000000000     
         982   3.5000000000000003E-002
         983   2.0000000000000000E-002
         984   9.5000000000000001E-002
         985  0.40000000000000002     
         986   1.0000000000000000E-002
         987  0.25500000000000000     
         988  0.12000000000000000     
         989   2.5000000000000001E-002
         990  0.11500000000000000     
         991  0.14000000000000001     
         992   5.0000000000000001E-003
         993  0.13500000000000001     
         994   1.4999999999999999E-002
         995  0.13500000000000001     
         996  0.20000000000000001     
         997   5.5000000000000000E-002
         998  0.37500000000000000     
         999   6.5000000000000002E-002
        1000   2.5000000000000001E-002
        1001  0.20000000000000001     
        1002  0.12500000000000000     
        1003  0.12500000000000000     
        1004   5.0000000000000003E-002
        1005  0.19000000000000000     
        1006  0.16000000000000000     
        1007  0.24500000000000000     
        1008  0.25000000000000000     
        1009  0.28499999999999998     
        1010   8.9999999999999997E-002
        1011  0.23000000000000001     
        1012  0.53000000000000003     
        1013   8.9999999999999997E-002
        1014   8.5000000000000006E-002
        1015   8.9999999999999997E-002
        1016  0.28000000000000003     
        1017  0.32000000000000001     
        1018  0.23000000000000001     
        1019  0.23000000000000001     
        1020   3.5000000000000003E-002
        1021  0.14499999999999999     
        1022  0.20499999999999999     
        1023  0.19000000000000000     
        1024  0.23999999999999999     
        1025  0.28999999999999998     
        1026   8.9999999999999997E-002
        1027  0.23000000000000001     
        1028   4.4999999999999998E-002
        1029  0.29999999999999999     
        1030  0.12000000000000000     
        1031   2.0000000000000000E-002
        1032   8.5000000000000006E-002
        1033   1.0000000000000000E-002
        1034  0.10000000000000001     
        1035  0.16500000000000001     
        1036   2.0000000000000000E-002
        1037  0.22000000000000000     
        1038   0.0000000000000000     
        1039  0.52000000000000002     
        1040  0.10500000000000000     
        1041  0.31000000000000000     
        1042  0.13000000000000000     
        1043   1.4999999999999999E-002
        1044  0.43500000000000000     
        1045  0.10500000000000000     
        1046  0.18500000000000000     
        1047   7.0000000000000007E-002
        1048  0.33500000000000002     
        1049  0.23499999999999999     
        1050  0.11500000000000000     
        1051  0.14999999999999999     
        1052  0.29499999999999998     
        1053  0.19000000000000000     
        1054  0.14000000000000001     
        1055  0.16500000000000001     
        1056  0.12000000000000000     
        1057  0.19000000000000000     
        1058   5.0000000000000001E-003
        1059  0.29999999999999999     
        1060   7.0000000000000007E-002
        1061  0.14000000000000001     
        1062  0.19500000000000001     
        1063  0.22500000000000001     
        1064  0.18500000000000000     
        1065  0.31500000000000000     
        1066   5.9999999999999998E-002
        1067  0.56499999999999995     
        1068   8.5000000000000006E-002
        1069   5.0000000000000003E-002
        1070   1.0000000000000000E-002
        1071  0.18500000000000000     
        1072   5.0000000000000003E-002
        1073  0.51500000000000001     
        1074   8.5000000000000006E-002
        1075   5.0000000000000003E-002
        1076  0.19000000000000000     
        1077   8.9999999999999997E-002
        1078   5.0000000000000001E-003
        1079  0.12000000000000000     
        1080   7.0000000000000007E-002
        1081  0.28999999999999998     
        1082   9.5000000000000001E-002
        1083  0.24500000000000000     
        1084  0.17000000000000001     
        1085   2.9999999999999999E-002
        1086  0.22000000000000000     
        1087  0.23499999999999999     
        1088   4.0000000000000001E-002
        1089  0.34499999999999997     
        1090  0.34499999999999997     
        1091  0.12000000000000000     
        1092   5.0000000000000001E-003
        1093  0.29499999999999998     
        1094  0.53500000000000003     
        1095  0.28000000000000003     
        1096  0.24500000000000000     
        1097   2.9999999999999999E-002
        1098   1.4999999999999999E-002
        1099   2.0000000000000000E-002
        1100  0.28000000000000003     
        1101   2.9999999999999999E-002
        1102  0.28000000000000003     
        1103  0.40500000000000003     
        1104  0.23000000000000001     
        1105  0.13500000000000001     
        1106  0.19500000000000001     
        1107  0.38500000000000001     
        1108   2.5000000000000001E-002
        1109   2.5000000000000001E-002
        1110   5.0000000000000003E-002
        1111  0.19500000000000001     
        1112   4.0000000000000001E-002
        1113  0.14000000000000001     
        1114   8.9999999999999997E-002
        1115  0.39500000000000002     
        1116  0.13500000000000001     
        1117   3.5000000000000003E-002
        1118  0.19500000000000001     
        1119   8.0000000000000002E-002
        1120  0.42999999999999999     
        1121   1.0000000000000000E-002
        1122  0.21500000000000000     
        1123  0.12500000000000000     
        1124  0.28499999999999998     
        1125  0.20000000000000001     
        1126  0.19000000000000000     
        1127  0.41999999999999998     
        1128  0.13000000000000000     
        1129   9.5000000000000001E-002
        1130   7.0000000000000007E-002
        1131   8.5000000000000006E-002
        1132   5.5000000000000000E-002
        1133  0.16500000000000001     
        1134   1.0000000000000000E-002
        1135   8.9999999999999997E-002
        1136  0.29999999999999999     
        1137  0.48499999999999999     
        1138  0.20000000000000001     
        1139   2.0000000000000000E-002
        1140  0.12000000000000000     
        1141  0.34000000000000002     
        1142  0.34000000000000002     
        1143  0.16000000000000000     
        1144  0.64500000000000002     
        1145   8.5000000000000006E-002
        1146   6.5000000000000002E-002
        1147   2.5000000000000001E-002
        1148  0.19000000000000000     
        1149  0.39000000000000001     
        1150   6.5000000000000002E-002
        1151  0.13000000000000000     
        1152  0.14000000000000001     
        1153   5.0000000000000003E-002
        1154  0.34999999999999998     
        1155  0.19000000000000000     
        1156  0.10000000000000001     
        1157  0.11500000000000000     
        1158  0.23999999999999999     
        1159  0.29999999999999999     
        1160  0.18500000000000000     
        1161  0.19000000000000000     
        1162   7.0000000000000007E-002
        1163  0.10500000000000000     
        1164  0.39500000000000002     
        1165   1.0000000000000000E-002
        1166  0.10000000000000001     
        1167   8.9999999999999997E-002
        1168   2.5000000000000001E-002
        1169   3.5000000000000003E-002
        1170   1.4999999999999999E-002
        1171  0.14499999999999999     
        1172  0.17499999999999999     
        1173  0.11500000000000000     
        1174  0.20000000000000001     
        1175   5.0000000000000001E-003
        1176   3.5000000000000003E-002
        1177  0.24500000000000000     
        1178  0.27000000000000002     
        1179  0.23499999999999999     
        1180   9.5000000000000001E-002
        1181   5.0000000000000003E-002
        1182   4.4999999999999998E-002
        1183  0.22000000000000000     
        1184  0.30499999999999999     
        1185   9.5000000000000001E-002
        1186   6.5000000000000002E-002
        1187  0.28999999999999998     
        1188  0.18500000000000000     
        1189  0.17499999999999999     
        1190  0.10500000000000000     
        1191  0.13000000000000000     
        1192  0.35499999999999998     
        1193  0.15500000000000000     
        1194  0.29999999999999999     
        1195  0.40500000000000003     
        1196  0.28499999999999998     
        1197  0.40000000000000002     
        1198  0.23000000000000001     
        1199  0.20999999999999999     
        1200   7.4999999999999997E-002
        1201  0.23000000000000001     
        1202  0.23499999999999999     
        1203  0.37500000000000000     
        1204   2.0000000000000000E-002
        1205  0.26000000000000001     
        1206   5.0000000000000001E-003
        1207  0.17000000000000001     
        1208   5.5000000000000000E-002
        1209  0.20499999999999999     
        1210  0.29999999999999999     
        1211  0.51500000000000001     
        1212  0.25500000000000000     
        1213   5.9999999999999998E-002
        1214   1.0000000000000000E-002
        1215  0.16000000000000000     
        1216  0.35999999999999999     
        1217  0.22500000000000001     
        1218   2.5000000000000001E-002
        1219   4.4999999999999998E-002
        1220  0.23999999999999999     
        1221   2.5000000000000001E-002
        1222  0.34000000000000002     
        1223   8.5000000000000006E-002
        1224  0.12000000000000000     
        1225   8.5000000000000006E-002
        1226  0.20499999999999999     
        1227   2.5000000000000001E-002
        1228  0.62500000000000000     
        1229  0.14999999999999999     
        1230   7.4999999999999997E-002
        1231  0.28000000000000003     
        1232   8.9999999999999997E-002
        1233  0.19500000000000001     
        1234  0.41999999999999998     
        1235  0.34999999999999998     
        1236   5.9999999999999998E-002
        1237  0.14000000000000001     
        1238  0.22500000000000001     
        1239  0.27500000000000002     
        1240  0.12000000000000000     
        1241   2.0000000000000000E-002
        1242  0.29999999999999999     
        1243   6.5000000000000002E-002
        1244  0.18500000000000000     
        1245   1.4999999999999999E-002
        1246  0.39500000000000002     
        1247  0.16000000000000000     
        1248   7.4999999999999997E-002
        1249  0.23999999999999999     
        1250   7.4999999999999997E-002
        1251  0.37000000000000000     
        1252  0.12500000000000000     
        1253  0.10000000000000001     
        1254   7.4999999999999997E-002
        1255   9.5000000000000001E-002
        1256  0.11000000000000000     
        1257   8.9999999999999997E-002
        1258   5.0000000000000001E-003
        1259  0.19500000000000001     
        1260  0.23499999999999999     
        1261  0.19000000000000000     
        1262   6.5000000000000002E-002
        1263   1.0000000000000000E-002
        1264   0.0000000000000000     
        1265  0.38000000000000000     
        1266  0.56999999999999995     
        1267  0.17000000000000001     
        1268   7.4999999999999997E-002
        1269  0.16500000000000001     
        1270  0.57499999999999996     
        1271   6.5000000000000002E-002
        1272  0.30499999999999999     
        1273   8.0000000000000002E-002
        1274   7.0000000000000007E-002
        1275  0.40000000000000002     
        1276  0.29499999999999998     
        1277  0.10000000000000001     
        1278  0.22000000000000000     
        1279   5.5000000000000000E-002
        1280  0.17499999999999999     
        1281   1.4999999999999999E-002
        1282  0.14000000000000001     
        1283  0.13000000000000000     
        1284  0.19000000000000000     
        1285   2.9999999999999999E-002
        1286  0.12000000000000000     
        1287  0.28499999999999998     
        1288  0.17000000000000001     
        1289   2.0000000000000000E-002
        1290   4.0000000000000001E-002
        1291  0.17000000000000001     
        1292  0.28000000000000003     
        1293  0.23000000000000001     
        1294  0.13000000000000000     
        1295  0.27000000000000002     
        1296   8.0000000000000002E-002
        1297  0.21500000000000000     
        1298   9.5000000000000001E-002
        1299   1.4999999999999999E-002
        1300  0.32500000000000001     
        1301  0.35999999999999999     
        1302   4.0000000000000001E-002
        1303   1.4999999999999999E-002
        1304  0.28499999999999998     
        1305  0.29999999999999999     
        1306  0.22500000000000001     
        1307  0.23999999999999999     
        1308  0.11000000000000000     
        1309   8.5000000000000006E-002
        1310   5.9999999999999998E-002
        1311  0.28999999999999998     
        1312  0.25500000000000000     
        1313  0.29499999999999998     
        1314   3.5000000000000003E-002
        1315  0.17499999999999999     
        1316  0.20499999999999999     
        1317   1.4999999999999999E-002
        1318  0.32000000000000001     
        1319  0.29999999999999999     
        1320   8.9999999999999997E-002
        1321  0.23000000000000001     
        1322  0.12000000000000000     
        1323  0.31000000000000000     
        1324  0.27000000000000002     
        1325   2.5000000000000001E-002
        1326  0.26000000000000001     
        1327  0.14999999999999999     
        1328  0.31500000000000000     
        1329  0.46999999999999997     
        1330  0.33500000000000002     
        1331   2.9999999999999999E-002
        1332   7.0000000000000007E-002
        1333  0.17499999999999999     
        1334  0.16000000000000000     
        1335  0.33000000000000002     
        1336  0.10000000000000001     
        1337  0.17999999999999999     
        1338  0.33500000000000002     
        1339  0.32500000000000001     
        1340   1.0000000000000000E-002
        1341  0.10000000000000001     
        1342  0.12500000000000000     
        1343   7.4999999999999997E-002
        1344  0.19000000000000000     
        1345   4.4999999999999998E-002
        1346  0.15500000000000000     
        1347  0.28499999999999998     
        1348   2.0000000000000000E-002
        1349   7.4999999999999997E-002
        1350   3.5000000000000003E-002
        1351  0.34999999999999998     
        1352  0.41499999999999998     
        1353   1.0000000000000000E-002
        1354   1.0000000000000000E-002
        1355  0.23999999999999999     
        1356  0.41499999999999998     
        1357   5.0000000000000003E-002
        1358   5.9999999999999998E-002
        1359  0.18500000000000000     
        1360  0.16500000000000001     
        1361   1.4999999999999999E-002
        1362  0.17499999999999999     
        1363  0.14499999999999999     
        1364  0.20499999999999999     
        1365  0.15500000000000000     
        1366  0.18500000000000000     
        1367  0.12500000000000000     
        1368  0.13000000000000000     
        1369  0.55500000000000005     
        1370  0.18500000000000000     
        1371  0.44000000000000000     
        1372  0.26500000000000001     
        1373  0.26000000000000001     
        1374  0.10500000000000000     
        1375  0.38500000000000001     
        1376  0.10000000000000001     
        1377  0.31500000000000000     
        1378  0.50000000000000000     
        1379  0.13000000000000000     
        1380  0.13500000000000001     
        1381   8.0000000000000002E-002
        1382  0.35999999999999999     
        1383   8.0000000000000002E-002
        1384  0.18500000000000000     
        1385  0.38000000000000000     
        1386  0.18500000000000000     
        1387  0.35999999999999999     
        1388   2.9999999999999999E-002
        1389   3.5000000000000003E-002
        1390   5.0000000000000003E-002
        1391  0.12000000000000000     
        1392   8.9999999999999997E-002
        1393  0.38500000000000001     
        1394  0.32500000000000001     
        1395   4.0000000000000001E-002
        1396  0.29999999999999999     
        1397   6.5000000000000002E-002
        1398  0.29499999999999998     
        1399  0.23499999999999999     
        1400  0.37000000000000000     
        1401  0.14999999999999999     
        1402  0.13500000000000001     
        1403  0.33000000000000002     
        1404  0.38000000000000000     
        1405  0.29999999999999999     
        1406  0.17999999999999999     
        1407  0.20000000000000001     
        1408  0.13500000000000001     
        1409  0.22000000000000000     
        1410   4.4999999999999998E-002
        1411  0.27500000000000002     
        1412  0.34999999999999998     
        1413   2.0000000000000000E-002
        1414   4.4999999999999998E-002
        1415   4.4999999999999998E-002
        1416  0.12500000000000000     
        1417  0.10500000000000000     
        1418   5.9999999999999998E-002
        1419  0.15500000000000000     
        1420  0.42999999999999999     
        1421  0.25000000000000000     
        1422  0.20000000000000001     
        1423  0.38500000000000001     
        1424  0.35499999999999998     
        1425  0.44000000000000000     
        1426   2.9999999999999999E-002
        1427  0.47999999999999998     
        1428   4.4999999999999998E-002
        1429  0.20000000000000001     
        1430  0.38500000000000001     
        1431  0.14999999999999999     
        1432   3.5000000000000003E-002
        1433   5.5000000000000000E-002
        1434  0.38000000000000000     
        1435  0.14999999999999999     
        1436  0.30499999999999999     
        1437  0.28999999999999998     
        1438   8.5000000000000006E-002
        1439  0.12000000000000000     
        1440  0.20999999999999999     
        1441  0.20000000000000001     
        1442   8.9999999999999997E-002
        1443  0.14499999999999999     
        1444  0.25500000000000000     
        1445  0.19500000000000001     
        1446  0.14999999999999999     
        1447  0.20999999999999999     
        1448  0.10000000000000001     
        1449  0.21500000000000000     
        1450  0.14499999999999999     
        1451  0.22500000000000001     
        1452  0.14499999999999999     
        1453   2.9999999999999999E-002
        1454   8.9999999999999997E-002
        1455  0.32000000000000001     
        1456  0.11500000000000000     
        1457   1.0000000000000000E-002
        1458  0.23000000000000001     
        1459   2.5000000000000001E-002
        1460  0.35499999999999998     
        1461  0.18500000000000000     
        1462   8.5000000000000006E-002
        1463  0.16000000000000000     
        1464   2.5000000000000001E-002
        1465   2.0000000000000000E-002
        1466   5.9999999999999998E-002
        1467  0.16000000000000000     
        1468   5.0000000000000003E-002
        1469  0.22500000000000001     
        1470   5.0000000000000003E-002
        1471  0.16500000000000001     
        1472  0.22000000000000000     
        1473  0.16000000000000000     
        1474  0.18500000000000000     
        1475  0.14999999999999999     
        1476   8.5000000000000006E-002
        1477  0.17999999999999999     
        1478  0.12500000000000000     
        1479  0.10500000000000000     
        1480  0.13000000000000000     
        1481   2.9999999999999999E-002
        1482   2.0000000000000000E-002
        1483  0.24500000000000000     
        1484  0.37000000000000000     
        1485   5.5000000000000000E-002
        1486   1.4999999999999999E-002
        1487  0.19500000000000001     
        1488   6.5000000000000002E-002
        1489  0.39500000000000002     
        1490  0.22500000000000001     
        1491  0.10500000000000000     
        1492   8.9999999999999997E-002
        1493  0.16500000000000001     
        1494  0.20999999999999999     
        1495   3.5000000000000003E-002
        1496  0.27500000000000002     
        1497   1.0000000000000000E-002
        1498   7.4999999999999997E-002
        1499   8.0000000000000002E-002
        1500  0.10000000000000001     
        1501   3.5000000000000003E-002
        1502   8.5000000000000006E-002
        1503   5.5000000000000000E-002
        1504  0.28999999999999998     
        1505  0.26000000000000001     
        1506  0.10500000000000000     
        1507  0.27000000000000002     
        1508  0.10500000000000000     
        1509  0.31000000000000000     
        1510   1.4999999999999999E-002
        1511  0.42499999999999999     
        1512  0.24500000000000000     
        1513  0.23999999999999999     
        1514  0.12000000000000000     
        1515  0.34999999999999998     
        1516   5.0000000000000001E-003
        1517  0.15500000000000000     
        1518   5.5000000000000000E-002
        1519  0.63000000000000000     
        1520   5.0000000000000001E-003
        1521  0.33500000000000002     
        1522  0.34499999999999997     
        1523   3.5000000000000003E-002
        1524  0.46000000000000002     
        1525   8.9999999999999997E-002
        1526   7.0000000000000007E-002
        1527  0.23000000000000001     
        1528  0.14000000000000001     
        1529   2.0000000000000000E-002
        1530  0.22500000000000001     
        1531   2.9999999999999999E-002
        1532   8.9999999999999997E-002
        1533   1.0000000000000000E-002
        1534   1.0000000000000000E-002
        1535   4.0000000000000001E-002
        1536  0.12500000000000000     
        1537  0.40000000000000002     
        1538  0.19500000000000001     
        1539  0.28499999999999998     
        1540  0.35999999999999999     
        1541  0.29999999999999999     
        1542  0.17000000000000001     
        1543  0.22500000000000001     
        1544  0.22000000000000000     
        1545  0.12000000000000000     
        1546  0.15500000000000000     
        1547  0.14499999999999999     
        1548   1.4999999999999999E-002
        1549  0.17000000000000001     
        1550  0.19500000000000001     
        1551   5.0000000000000001E-003
        1552  0.37000000000000000     
        1553  0.26000000000000001     
        1554  0.12000000000000000     
        1555   2.0000000000000000E-002
        1556  0.39000000000000001     
        1557   5.0000000000000003E-002
        1558  0.35999999999999999     
        1559  0.25000000000000000     
        1560  0.19500000000000001     
        1561  0.34499999999999997     
        1562  0.28000000000000003     
        1563  0.24500000000000000     
        1564  0.20000000000000001     
        1565  0.20499999999999999     
        1566  0.10500000000000000     
        1567   4.0000000000000001E-002
        1568  0.28000000000000003     
        1569  0.12500000000000000     
        1570   5.9999999999999998E-002
        1571   1.4999999999999999E-002
        1572  0.16000000000000000     
        1573  0.50000000000000000     
        1574   8.5000000000000006E-002
        1575  0.37500000000000000     
        1576   5.9999999999999998E-002
        1577  0.14000000000000001     
        1578  0.13500000000000001     
        1579   8.5000000000000006E-002
        1580  0.36499999999999999     
        1581  0.20000000000000001     
        1582   8.5000000000000006E-002
        1583   8.0000000000000002E-002
        1584  0.25500000000000000     
        1585   2.5000000000000001E-002
        1586  0.38500000000000001     
        1587   7.0000000000000007E-002
        1588  0.20000000000000001     
        1589  0.17999999999999999     
        1590  0.44000000000000000     
        1591  0.23999999999999999     
        1592   6.5000000000000002E-002
        1593  0.52000000000000002     
        1594  0.23000000000000001     
        1595  0.41499999999999998     
        1596  0.26000000000000001     
        1597  0.21500000000000000     
        1598  0.37000000000000000     
        1599  0.43500000000000000     
        1600   6.5000000000000002E-002
        1601  0.16500000000000001     
        1602  0.15500000000000000     
        1603  0.41499999999999998     
        1604  0.16000000000000000     
        1605   5.0000000000000003E-002
        1606   5.9999999999999998E-002
        1607  0.17999999999999999     
        1608   5.0000000000000001E-003
        1609  0.23499999999999999     
        1610  0.44000000000000000     
        1611  0.31500000000000000     
        1612  0.41999999999999998     
        1613  0.27000000000000002     
        1614   7.0000000000000007E-002
        1615  0.26000000000000001     
        1616  0.25500000000000000     
        1617   7.4999999999999997E-002
        1618  0.26000000000000001     
        1619  0.40000000000000002     
        1620   0.0000000000000000     
        1621  0.50500000000000000     
        1622  0.13500000000000001     
        1623  0.14999999999999999     
        1624  0.29999999999999999     
        1625  0.18500000000000000     
        1626   6.5000000000000002E-002
        1627  0.40000000000000002     
        1628   8.9999999999999997E-002
        1629  0.29499999999999998     
        1630  0.23499999999999999     
        1631  0.23499999999999999     
        1632  0.11000000000000000     
        1633   2.5000000000000001E-002
        1634  0.44000000000000000     
        1635   2.9999999999999999E-002
        1636  0.28499999999999998     
        1637  0.31500000000000000     
        1638   5.0000000000000003E-002
        1639  0.10500000000000000     
        1640  0.13000000000000000     
        1641  0.23499999999999999     
        1642  0.34999999999999998     
        1643  0.20000000000000001     
        1644  0.23999999999999999     
        1645  0.11500000000000000     
        1646  0.28000000000000003     
        1647  0.28000000000000003     
        1648  0.15500000000000000     
        1649   8.0000000000000002E-002
        1650  0.23999999999999999     
        1651   0.0000000000000000     
        1652  0.17000000000000001     
        1653  0.17499999999999999     
        1654  0.14499999999999999     
        1655  0.29499999999999998     
        1656   1.0000000000000000E-002
        1657  0.22000000000000000     
        1658  0.11500000000000000     
        1659   0.0000000000000000     
        1660   3.5000000000000003E-002
        1661  0.13000000000000000     
        1662   9.5000000000000001E-002
        1663   2.0000000000000000E-002
        1664  0.13000000000000000     
        1665   2.5000000000000001E-002
        1666   7.4999999999999997E-002
        1667  0.32500000000000001     
        1668  0.26500000000000001     
        1669  0.15500000000000000     
        1670  0.11000000000000000     
        1671  0.70999999999999996     
        1672  0.12000000000000000     
        1673  0.38500000000000001     
        1674  0.25500000000000000     
        1675   7.0000000000000007E-002
        1676  0.13000000000000000     
        1677  0.39000000000000001     
        1678  0.45500000000000002     
        1679   3.5000000000000003E-002
        1680  0.28000000000000003     
        1681  0.69499999999999995     
        1682   5.9999999999999998E-002
        1683  0.25000000000000000     
        1684   8.5000000000000006E-002
        1685  0.35999999999999999     
        1686   4.0000000000000001E-002
        1687  0.29499999999999998     
        1688  0.46500000000000002     
        1689  0.48499999999999999     
        1690   5.0000000000000003E-002
        1691  0.33000000000000002     
        1692  0.18500000000000000     
        1693  0.22000000000000000     
        1694   1.0000000000000000E-002
        1695  0.28499999999999998     
        1696  0.33000000000000002     
        1697   1.0000000000000000E-002
        1698  0.12000000000000000     
        1699  0.20000000000000001     
        1700  0.11000000000000000     
        1701   4.4999999999999998E-002
        1702  0.35999999999999999     
        1703  0.21500000000000000     
        1704  0.15500000000000000     
        1705  0.22000000000000000     
        1706  0.14499999999999999     
        1707   7.4999999999999997E-002
        1708   4.0000000000000001E-002
        1709  0.23999999999999999     
        1710  0.37000000000000000     
        1711  0.33500000000000002     
        1712  0.22500000000000001     
        1713   1.4999999999999999E-002
        1714  0.15500000000000000     
        1715   2.0000000000000000E-002
        1716  0.25500000000000000     
        1717  0.17499999999999999     
        1718  0.17999999999999999     
        1719  0.26500000000000001     
        1720  0.13000000000000000     
        1721  0.17999999999999999     
        1722  0.31500000000000000     
        1723   0.0000000000000000     
        1724   9.5000000000000001E-002
        1725   1.0000000000000000E-002
        1726   5.9999999999999998E-002
        1727  0.17499999999999999     
        1728   2.5000000000000001E-002
        1729  0.31000000000000000     
        1730  0.17999999999999999     
        1731  0.26000000000000001     
        1732  0.33000000000000002     
        1733  0.16500000000000001     
        1734   9.5000000000000001E-002
        1735  0.17999999999999999     
        1736  0.34999999999999998     
        1737  0.29499999999999998     
        1738  0.10000000000000001     
        1739  0.33000000000000002     
        1740  0.18500000000000000     
        1741   6.5000000000000002E-002
        1742  0.46000000000000002     
        1743  0.17999999999999999     
        1744   6.5000000000000002E-002
        1745   7.0000000000000007E-002
        1746  0.28999999999999998     
        1747   2.9999999999999999E-002
        1748   7.4999999999999997E-002
        1749  0.23000000000000001     
        1750  0.26000000000000001     
        1751  0.14999999999999999     
        1752   9.5000000000000001E-002
        1753  0.23499999999999999     
        1754   4.0000000000000001E-002
        1755   2.0000000000000000E-002
        1756   5.5000000000000000E-002
        1757   8.5000000000000006E-002
        1758   1.4999999999999999E-002
        1759  0.20499999999999999     
        1760  0.41499999999999998     
        1761  0.17000000000000001     
        1762  0.15500000000000000     
        1763  0.41999999999999998     
        1764  0.14999999999999999     
        1765  0.34999999999999998     
        1766   2.9999999999999999E-002
        1767   8.5000000000000006E-002
        1768   6.5000000000000002E-002
        1769  0.20499999999999999     
        1770   2.5000000000000001E-002
        1771  0.16500000000000001     
        1772  0.29999999999999999     
        1773  0.10500000000000000     
        1774  0.23000000000000001     
        1775   0.0000000000000000     
        1776   5.5000000000000000E-002
        1777  0.12500000000000000     
        1778   0.0000000000000000     
        1779  0.20999999999999999     
        1780   2.9999999999999999E-002
        1781  0.20000000000000001     
        1782   2.0000000000000000E-002
        1783   8.9999999999999997E-002
        1784  0.22000000000000000     
        1785  0.24500000000000000     
        1786  0.14499999999999999     
        1787  0.13000000000000000     
        1788  0.25000000000000000     
        1789   5.9999999999999998E-002
        1790   7.0000000000000007E-002
        1791  0.41999999999999998     
        1792  0.17499999999999999     
        1793  0.23499999999999999     
        1794  0.14499999999999999     
        1795   5.5000000000000000E-002
        1796   8.5000000000000006E-002
        1797  0.28499999999999998     
        1798  0.37500000000000000     
        1799   8.5000000000000006E-002
        1800  0.31000000000000000     
        1801   5.0000000000000003E-002
        1802   4.4999999999999998E-002
        1803  0.37000000000000000     
        1804  0.25000000000000000     
        1805  0.35499999999999998     
        1806  0.40500000000000003     
        1807  0.20000000000000001     
        1808   5.9999999999999998E-002
        1809  0.10000000000000001     
        1810  0.10500000000000000     
        1811  0.22000000000000000     
        1812  0.21500000000000000     
        1813   4.0000000000000001E-002
        1814  0.10000000000000001     
        1815  0.13500000000000001     
        1816  0.15500000000000000     
        1817   8.9999999999999997E-002
        1818   2.0000000000000000E-002
        1819  0.28999999999999998     
        1820   1.4999999999999999E-002
        1821   5.0000000000000001E-003
        1822  0.19000000000000000     
        1823  0.28000000000000003     
        1824  0.13500000000000001     
        1825  0.27000000000000002     
        1826   8.0000000000000002E-002
        1827  0.12500000000000000     
        1828  0.17999999999999999     
        1829  0.20499999999999999     
        1830  0.50000000000000000     
        1831  0.32000000000000001     
        1832  0.17000000000000001     
        1833  0.25000000000000000     
        1834   9.5000000000000001E-002
        1835  0.47499999999999998     
        1836  0.50000000000000000     
        1837   5.9999999999999998E-002
        1838  0.17000000000000001     
        1839  0.14000000000000001     
        1840  0.19500000000000001     
        1841  0.11500000000000000     
        1842   9.5000000000000001E-002
        1843  0.17499999999999999     
        1844  0.17499999999999999     
        1845  0.42499999999999999     
        1846  0.20499999999999999     
        1847  0.43500000000000000     
        1848  0.14000000000000001     
        1849  0.30499999999999999     
        1850   3.5000000000000003E-002
        1851  0.27500000000000002     
        1852  0.19000000000000000     
        1853   8.5000000000000006E-002
        1854   1.4999999999999999E-002
        1855  0.17499999999999999     
        1856   6.5000000000000002E-002
        1857  0.40000000000000002     
        1858   1.4999999999999999E-002
        1859  0.31500000000000000     
        1860  0.11500000000000000     
        1861  0.23000000000000001     
        1862   1.4999999999999999E-002
        1863  0.23000000000000001     
        1864   4.0000000000000001E-002
        1865  0.11000000000000000     
        1866   0.0000000000000000     
        1867  0.19000000000000000     
        1868   5.5000000000000000E-002
        1869  0.11000000000000000     
        1870   4.4999999999999998E-002
        1871  0.25000000000000000     
        1872  0.17999999999999999     
        1873  0.17499999999999999     
        1874  0.31500000000000000     
        1875  0.21500000000000000     
        1876  0.10500000000000000     
        1877  0.22500000000000001     
        1878  0.29999999999999999     
        1879  0.20499999999999999     
        1880   9.5000000000000001E-002
        1881  0.40500000000000003     
        1882  0.18500000000000000     
        1883   4.0000000000000001E-002
        1884   5.0000000000000003E-002
        1885   1.0000000000000000E-002
        1886  0.14000000000000001     
        1887   8.9999999999999997E-002
        1888  0.28999999999999998     
        1889  0.23999999999999999     
        1890   5.9999999999999998E-002
        1891   8.9999999999999997E-002
        1892  0.49500000000000000     
        1893   2.5000000000000001E-002
        1894  0.14000000000000001     
        1895   7.4999999999999997E-002
        1896  0.20000000000000001     
        1897  0.23999999999999999     
        1898  0.17000000000000001     
        1899   2.5000000000000001E-002
        1900  0.46500000000000002     
        1901  0.17499999999999999     
        1902  0.20999999999999999     
        1903  0.19000000000000000     
        1904  0.13000000000000000     
        1905   2.9999999999999999E-002
        1906   4.0000000000000001E-002
        1907   3.5000000000000003E-002
        1908   2.9999999999999999E-002
        1909  0.17999999999999999     
        1910  0.12000000000000000     
        1911  0.11000000000000000     
        1912  0.11000000000000000     
        1913  0.11000000000000000     
        1914   5.0000000000000003E-002
        1915  0.11000000000000000     
        1916   5.9999999999999998E-002
        1917  0.28999999999999998     
        1918   8.0000000000000002E-002
        1919   5.9999999999999998E-002
        1920  0.15500000000000000     
        1921  0.14999999999999999     
        1922  0.14499999999999999     
        1923  0.20999999999999999     
        1924  0.13500000000000001     
        1925   5.0000000000000003E-002
        1926  0.25500000000000000     
        1927  0.25000000000000000     
        1928   2.9999999999999999E-002
        1929   8.0000000000000002E-002
        1930   5.5000000000000000E-002
        1931   9.5000000000000001E-002
        1932   7.4999999999999997E-002
        1933  0.19000000000000000     
        1934  0.44000000000000000     
        1935  0.29999999999999999     
        1936   4.4999999999999998E-002
        1937  0.14499999999999999     
        1938  0.15500000000000000     
        1939   4.0000000000000001E-002
        1940  0.28499999999999998     
        1941  0.50500000000000000     
        1942  0.23000000000000001     
        1943  0.10500000000000000     
        1944  0.23000000000000001     
        1945   5.0000000000000001E-003
        1946   8.0000000000000002E-002
        1947  0.20000000000000001     
        1948  0.19000000000000000     
        1949  0.34499999999999997     
        1950   3.5000000000000003E-002
        1951  0.30499999999999999     
        1952  0.47499999999999998     
        1953  0.17999999999999999     
        1954  0.29999999999999999     
        1955   0.0000000000000000     
        1956   1.0000000000000000E-002
        1957  0.11500000000000000     
        1958  0.14999999999999999     
        1959  0.13500000000000001     
        1960  0.28499999999999998     
        1961  0.27000000000000002     
        1962  0.35999999999999999     
        1963   9.5000000000000001E-002
        1964   1.4999999999999999E-002
        1965  0.44000000000000000     
        1966  0.46500000000000002     
        1967   8.5000000000000006E-002
        1968  0.20000000000000001     
        1969   2.9999999999999999E-002
        1970   4.4999999999999998E-002
        1971   2.5000000000000001E-002
        1972   2.5000000000000001E-002
        1973   4.0000000000000001E-002
        1974   7.0000000000000007E-002
        1975  0.12500000000000000     
        1976  0.21500000000000000     
        1977   8.9999999999999997E-002
        1978  0.20999999999999999     
        1979   1.0000000000000000E-002
        1980  0.17999999999999999     
        1981  0.17499999999999999     
        1982  0.11000000000000000     
        1983   5.5000000000000000E-002
        1984  0.11000000000000000     
        1985   2.0000000000000000E-002
        1986   7.0000000000000007E-002
        1987  0.45000000000000001     
        1988   1.0000000000000000E-002
        1989  0.11500000000000000     
        1990  0.35999999999999999     
        1991   5.0000000000000003E-002
        1992  0.16500000000000001     
        1993   5.5000000000000000E-002
        1994  0.47499999999999998     
        1995  0.29499999999999998     
        1996  0.12500000000000000     
        1997  0.41499999999999998     
        1998   8.5000000000000006E-002
        1999  0.12000000000000000     
        2000   9.5000000000000001E-002
