           1  0.11000000000000000     
           2   5.0000000000000003E-002
           3  0.13000000000000000     
           4   8.9999999999999997E-002
           5   8.9999999999999997E-002
           6   8.9999999999999997E-002
           7  0.23999999999999999     
           8   6.5000000000000002E-002
           9  0.10000000000000001     
          10   7.0000000000000007E-002
          11  0.21500000000000000     
          12  0.12000000000000000     
          13  0.19500000000000001     
          14  0.17000000000000001     
          15  0.32500000000000001     
          16  0.16500000000000001     
          17  0.22500000000000001     
          18   2.9999999999999999E-002
          19   7.4999999999999997E-002
          20  0.16500000000000001     
          21   5.5000000000000000E-002
          22   2.9999999999999999E-002
          23  0.12500000000000000     
          24  0.14999999999999999     
          25   1.0000000000000000E-002
          26   2.9999999999999999E-002
          27   5.5000000000000000E-002
          28   4.4999999999999998E-002
          29   8.9999999999999997E-002
          30   8.5000000000000006E-002
          31  0.11000000000000000     
          32   5.0000000000000001E-003
          33   8.9999999999999997E-002
          34   1.0000000000000000E-002
          35   8.0000000000000002E-002
          36   7.0000000000000007E-002
          37  0.14000000000000001     
          38   1.0000000000000000E-002
          39   7.0000000000000007E-002
          40  0.14999999999999999     
          41  0.23999999999999999     
          42   2.5000000000000001E-002
          43   5.9999999999999998E-002
          44   7.4999999999999997E-002
          45  0.15500000000000000     
          46  0.18500000000000000     
          47  0.21500000000000000     
          48  0.24500000000000000     
          49  0.11000000000000000     
          50  0.16500000000000001     
          51  0.26000000000000001     
          52  0.17499999999999999     
          53   9.5000000000000001E-002
          54   8.9999999999999997E-002
          55  0.18500000000000000     
          56  0.10500000000000000     
          57  0.18500000000000000     
          58  0.12500000000000000     
          59  0.12000000000000000     
          60   5.0000000000000003E-002
          61   9.5000000000000001E-002
          62   5.9999999999999998E-002
          63   2.0000000000000000E-002
          64  0.17000000000000001     
          65   4.0000000000000001E-002
          66  0.17499999999999999     
          67  0.10000000000000001     
          68   1.4999999999999999E-002
          69  0.25500000000000000     
          70  0.10000000000000001     
          71  0.13000000000000000     
          72  0.12500000000000000     
          73  0.12500000000000000     
          74   8.5000000000000006E-002
          75  0.11000000000000000     
          76  0.17999999999999999     
          77   8.5000000000000006E-002
          78  0.11500000000000000     
          79  0.13500000000000001     
          80  0.11500000000000000     
          81   2.5000000000000001E-002
          82   5.0000000000000001E-003
          83   6.5000000000000002E-002
          84   8.9999999999999997E-002
          85   7.4999999999999997E-002
          86  0.17499999999999999     
          87   2.9999999999999999E-002
          88   9.5000000000000001E-002
          89   5.0000000000000003E-002
          90  0.16500000000000001     
          91  0.20000000000000001     
          92  0.14999999999999999     
          93  0.20499999999999999     
          94   1.0000000000000000E-002
          95  0.17499999999999999     
          96   5.9999999999999998E-002
          97  0.17999999999999999     
          98   6.5000000000000002E-002
          99   0.0000000000000000     
         100  0.13500000000000001     
         101  0.15500000000000000     
         102  0.10000000000000001     
         103  0.12500000000000000     
         104   5.0000000000000003E-002
         105   8.5000000000000006E-002
         106  0.23000000000000001     
         107  0.11500000000000000     
         108  0.17000000000000001     
         109  0.11500000000000000     
         110   4.4999999999999998E-002
         111   4.4999999999999998E-002
         112   1.0000000000000000E-002
         113   2.0000000000000000E-002
         114  0.11000000000000000     
         115  0.11500000000000000     
         116   5.9999999999999998E-002
         117  0.26500000000000001     
         118  0.14499999999999999     
         119   8.0000000000000002E-002
         120  0.10000000000000001     
         121  0.10500000000000000     
         122   7.4999999999999997E-002
         123   5.5000000000000000E-002
         124   5.9999999999999998E-002
         125  0.14000000000000001     
         126   8.5000000000000006E-002
         127   5.5000000000000000E-002
         128   2.0000000000000000E-002
         129   4.4999999999999998E-002
         130   2.0000000000000000E-002
         131  0.10000000000000001     
         132  0.14999999999999999     
         133  0.14000000000000001     
         134  0.22000000000000000     
         135   2.9999999999999999E-002
         136   4.4999999999999998E-002
         137   2.9999999999999999E-002
         138   7.0000000000000007E-002
         139  0.10000000000000001     
         140  0.11000000000000000     
         141   9.5000000000000001E-002
         142   6.5000000000000002E-002
         143  0.12000000000000000     
         144  0.24500000000000000     
         145  0.10000000000000001     
         146   3.5000000000000003E-002
         147   5.0000000000000001E-003
         148  0.12000000000000000     
         149  0.13000000000000000     
         150   7.0000000000000007E-002
         151  0.23499999999999999     
         152   1.0000000000000000E-002
         153   6.5000000000000002E-002
         154   4.4999999999999998E-002
         155   7.0000000000000007E-002
         156   8.0000000000000002E-002
         157   2.5000000000000001E-002
         158  0.11500000000000000     
         159  0.13500000000000001     
         160   4.0000000000000001E-002
         161   5.5000000000000000E-002
         162   2.9999999999999999E-002
         163  0.10500000000000000     
         164  0.17000000000000001     
         165   6.5000000000000002E-002
         166   1.0000000000000000E-002
         167   2.9999999999999999E-002
         168   6.5000000000000002E-002
         169  0.12500000000000000     
         170  0.13000000000000000     
         171   9.5000000000000001E-002
         172   2.5000000000000001E-002
         173   8.9999999999999997E-002
         174  0.15500000000000000     
         175  0.20999999999999999     
         176   5.9999999999999998E-002
         177   2.5000000000000001E-002
         178   0.0000000000000000     
         179   6.5000000000000002E-002
         180   1.4999999999999999E-002
         181  0.14999999999999999     
         182   5.0000000000000001E-003
         183   8.0000000000000002E-002
         184  0.14499999999999999     
         185  0.11000000000000000     
         186   6.5000000000000002E-002
         187  0.12000000000000000     
         188   8.9999999999999997E-002
         189   5.0000000000000001E-003
         190   2.9999999999999999E-002
         191   0.0000000000000000     
         192   4.0000000000000001E-002
         193   6.5000000000000002E-002
         194  0.13500000000000001     
         195   8.0000000000000002E-002
         196  0.10000000000000001     
         197   9.5000000000000001E-002
         198  0.17499999999999999     
         199   8.9999999999999997E-002
         200  0.21500000000000000     
         201   7.0000000000000007E-002
         202   1.0000000000000000E-002
         203   2.9999999999999999E-002
         204   7.0000000000000007E-002
         205  0.17000000000000001     
         206  0.11500000000000000     
         207  0.11000000000000000     
         208   7.4999999999999997E-002
         209  0.17499999999999999     
         210   2.0000000000000000E-002
         211   1.4999999999999999E-002
         212  0.11000000000000000     
         213  0.11500000000000000     
         214   9.5000000000000001E-002
         215   5.0000000000000003E-002
         216   5.0000000000000001E-003
         217  0.13500000000000001     
         218   2.9999999999999999E-002
         219   8.9999999999999997E-002
         220   2.0000000000000000E-002
         221  0.12000000000000000     
         222   8.5000000000000006E-002
         223   1.0000000000000000E-002
         224   1.0000000000000000E-002
         225   1.0000000000000000E-002
         226   4.0000000000000001E-002
         227  0.15500000000000000     
         228   5.9999999999999998E-002
         229   4.0000000000000001E-002
         230   5.0000000000000001E-003
         231   3.5000000000000003E-002
         232  0.14000000000000001     
         233  0.13000000000000000     
         234   2.5000000000000001E-002
         235   8.5000000000000006E-002
         236  0.11500000000000000     
         237   4.4999999999999998E-002
         238   5.0000000000000001E-003
         239  0.17000000000000001     
         240  0.11000000000000000     
         241  0.22000000000000000     
         242   6.5000000000000002E-002
         243  0.29999999999999999     
         244  0.13500000000000001     
         245   5.0000000000000001E-003
         246   5.0000000000000003E-002
         247   2.0000000000000000E-002
         248   2.0000000000000000E-002
         249   5.9999999999999998E-002
         250   1.0000000000000000E-002
         251   5.0000000000000003E-002
         252   3.5000000000000003E-002
         253   8.9999999999999997E-002
         254  0.12000000000000000     
         255   4.0000000000000001E-002
         256  0.10500000000000000     
         257   5.0000000000000001E-003
         258  0.21500000000000000     
         259   7.4999999999999997E-002
         260  0.21500000000000000     
         261  0.10500000000000000     
         262   5.5000000000000000E-002
         263   2.9999999999999999E-002
         264  0.11000000000000000     
         265  0.16000000000000000     
         266   2.9999999999999999E-002
         267  0.10500000000000000     
         268   5.0000000000000003E-002
         269  0.16000000000000000     
         270   5.5000000000000000E-002
         271  0.16000000000000000     
         272   0.0000000000000000     
         273   5.0000000000000001E-003
         274   8.0000000000000002E-002
         275  0.23000000000000001     
         276   2.5000000000000001E-002
         277  0.11500000000000000     
         278   1.0000000000000000E-002
         279   2.9999999999999999E-002
         280   4.0000000000000001E-002
         281   1.4999999999999999E-002
         282   4.0000000000000001E-002
         283  0.22500000000000001     
         284  0.11000000000000000     
         285  0.17499999999999999     
         286   8.9999999999999997E-002
         287  0.37000000000000000     
         288  0.16000000000000000     
         289  0.13000000000000000     
         290   8.0000000000000002E-002
         291   5.5000000000000000E-002
         292  0.13500000000000001     
         293   1.4999999999999999E-002
         294   8.5000000000000006E-002
         295  0.10500000000000000     
         296   2.5000000000000001E-002
         297   2.5000000000000001E-002
         298   0.0000000000000000     
         299   5.0000000000000001E-003
         300   8.0000000000000002E-002
         301  0.12000000000000000     
         302   3.5000000000000003E-002
         303  0.12000000000000000     
         304   5.9999999999999998E-002
         305  0.13000000000000000     
         306   4.4999999999999998E-002
         307   8.9999999999999997E-002
         308   3.5000000000000003E-002
         309  0.10500000000000000     
         310   8.5000000000000006E-002
         311   1.0000000000000000E-002
         312  0.16000000000000000     
         313   1.0000000000000000E-002
         314   1.4999999999999999E-002
         315  0.13500000000000001     
         316  0.14499999999999999     
         317  0.20499999999999999     
         318  0.11000000000000000     
         319   8.0000000000000002E-002
         320   3.5000000000000003E-002
         321   3.5000000000000003E-002
         322   8.0000000000000002E-002
         323   5.5000000000000000E-002
         324  0.13500000000000001     
         325   1.4999999999999999E-002
         326   2.9999999999999999E-002
         327   1.4999999999999999E-002
         328   5.0000000000000003E-002
         329   4.4999999999999998E-002
         330  0.17499999999999999     
         331  0.12000000000000000     
         332  0.17499999999999999     
         333   5.5000000000000000E-002
         334   1.0000000000000000E-002
         335   2.5000000000000001E-002
         336  0.10500000000000000     
         337   5.5000000000000000E-002
         338  0.34000000000000002     
         339  0.21500000000000000     
         340  0.20000000000000001     
         341  0.22000000000000000     
         342   1.0000000000000000E-002
         343  0.13000000000000000     
         344   2.5000000000000001E-002
         345   3.5000000000000003E-002
         346  0.18500000000000000     
         347  0.11500000000000000     
         348  0.17000000000000001     
         349  0.15500000000000000     
         350   5.0000000000000001E-003
         351  0.17999999999999999     
         352   4.4999999999999998E-002
         353  0.10500000000000000     
         354  0.10500000000000000     
         355   8.9999999999999997E-002
         356   7.0000000000000007E-002
         357  0.12000000000000000     
         358   8.9999999999999997E-002
         359   5.5000000000000000E-002
         360  0.14999999999999999     
         361  0.12500000000000000     
         362   7.0000000000000007E-002
         363   5.9999999999999998E-002
         364   7.0000000000000007E-002
         365   4.0000000000000001E-002
         366  0.13000000000000000     
         367  0.13500000000000001     
         368  0.11000000000000000     
         369  0.13500000000000001     
         370  0.21500000000000000     
         371   2.0000000000000000E-002
         372   5.5000000000000000E-002
         373  0.15500000000000000     
         374   5.9999999999999998E-002
         375  0.15500000000000000     
         376   2.9999999999999999E-002
         377   1.4999999999999999E-002
         378   5.0000000000000001E-003
         379   4.0000000000000001E-002
         380   7.0000000000000007E-002
         381   6.5000000000000002E-002
         382   5.0000000000000001E-003
         383   2.0000000000000000E-002
         384   8.9999999999999997E-002
         385   1.0000000000000000E-002
         386   4.0000000000000001E-002
         387  0.10500000000000000     
         388  0.12500000000000000     
         389   1.0000000000000000E-002
         390  0.11500000000000000     
         391  0.19000000000000000     
         392   9.5000000000000001E-002
         393  0.25000000000000000     
         394   5.9999999999999998E-002
         395  0.11000000000000000     
         396  0.34499999999999997     
         397  0.14000000000000001     
         398  0.10500000000000000     
         399   7.4999999999999997E-002
         400   7.0000000000000007E-002
         401  0.20499999999999999     
         402  0.13500000000000001     
         403  0.22000000000000000     
         404  0.23000000000000001     
         405   3.5000000000000003E-002
         406  0.19500000000000001     
         407  0.23000000000000001     
         408  0.11000000000000000     
         409  0.13000000000000000     
         410  0.11000000000000000     
         411   9.5000000000000001E-002
         412  0.14999999999999999     
         413  0.19000000000000000     
         414  0.17499999999999999     
         415   8.0000000000000002E-002
         416   2.0000000000000000E-002
         417   4.0000000000000001E-002
         418  0.10000000000000001     
         419  0.11500000000000000     
         420   6.5000000000000002E-002
         421   8.5000000000000006E-002
         422  0.11500000000000000     
         423   5.0000000000000003E-002
         424   7.4999999999999997E-002
         425   8.0000000000000002E-002
         426   7.0000000000000007E-002
         427   4.4999999999999998E-002
         428   7.0000000000000007E-002
         429   8.5000000000000006E-002
         430   2.9999999999999999E-002
         431  0.11500000000000000     
         432   5.0000000000000001E-003
         433  0.17999999999999999     
         434  0.12500000000000000     
         435  0.16000000000000000     
         436   4.0000000000000001E-002
         437  0.21500000000000000     
         438  0.13000000000000000     
         439   5.0000000000000001E-003
         440   3.5000000000000003E-002
         441   3.5000000000000003E-002
         442  0.12000000000000000     
         443   8.5000000000000006E-002
         444  0.10000000000000001     
         445  0.12500000000000000     
         446   8.9999999999999997E-002
         447  0.10000000000000001     
         448   2.0000000000000000E-002
         449   1.4999999999999999E-002
         450   4.0000000000000001E-002
         451  0.17999999999999999     
         452   5.0000000000000001E-003
         453  0.15500000000000000     
         454  0.23499999999999999     
         455   5.0000000000000003E-002
         456  0.12500000000000000     
         457   2.9999999999999999E-002
         458   1.4999999999999999E-002
         459  0.13500000000000001     
         460   7.4999999999999997E-002
         461   0.0000000000000000     
         462  0.11000000000000000     
         463   1.0000000000000000E-002
         464   8.0000000000000002E-002
         465   2.9999999999999999E-002
         466   4.0000000000000001E-002
         467  0.16000000000000000     
         468   5.0000000000000001E-003
         469   5.0000000000000001E-003
         470  0.17999999999999999     
         471  0.10500000000000000     
         472   5.9999999999999998E-002
         473   9.5000000000000001E-002
         474  0.18500000000000000     
         475   4.4999999999999998E-002
         476   9.5000000000000001E-002
         477   5.0000000000000003E-002
         478  0.18500000000000000     
         479   4.4999999999999998E-002
         480   2.9999999999999999E-002
         481  0.12500000000000000     
         482  0.19000000000000000     
         483   7.0000000000000007E-002
         484   9.5000000000000001E-002
         485   2.5000000000000001E-002
         486  0.17499999999999999     
         487   0.0000000000000000     
         488  0.10000000000000001     
         489   1.4999999999999999E-002
         490   2.0000000000000000E-002
         491   0.0000000000000000     
         492   1.4999999999999999E-002
         493   2.0000000000000000E-002
         494   5.9999999999999998E-002
         495   5.0000000000000003E-002
         496  0.18500000000000000     
         497  0.12000000000000000     
         498   2.0000000000000000E-002
         499   2.5000000000000001E-002
         500   2.5000000000000001E-002
         501  0.12000000000000000     
         502  0.14999999999999999     
         503   5.0000000000000003E-002
         504  0.10500000000000000     
         505   9.5000000000000001E-002
         506   3.5000000000000003E-002
         507   7.0000000000000007E-002
         508   2.9999999999999999E-002
         509   1.0000000000000000E-002
         510   4.4999999999999998E-002
         511   5.9999999999999998E-002
         512   6.5000000000000002E-002
         513   2.0000000000000000E-002
         514   1.4999999999999999E-002
         515   0.0000000000000000     
         516   5.0000000000000001E-003
         517   4.4999999999999998E-002
         518  0.21500000000000000     
         519  0.12500000000000000     
         520  0.13000000000000000     
         521   5.5000000000000000E-002
         522  0.31000000000000000     
         523   4.0000000000000001E-002
         524   7.0000000000000007E-002
         525  0.14000000000000001     
         526  0.14999999999999999     
         527   1.0000000000000000E-002
         528   9.5000000000000001E-002
         529   0.0000000000000000     
         530   4.0000000000000001E-002
         531  0.13500000000000001     
         532   9.5000000000000001E-002
         533  0.14499999999999999     
         534   7.4999999999999997E-002
         535  0.12000000000000000     
         536  0.12000000000000000     
         537   2.0000000000000000E-002
         538  0.12000000000000000     
         539   0.0000000000000000     
         540   6.5000000000000002E-002
         541   2.0000000000000000E-002
         542  0.11500000000000000     
         543   9.5000000000000001E-002
         544   4.4999999999999998E-002
         545  0.10000000000000001     
         546   2.0000000000000000E-002
         547  0.12000000000000000     
         548  0.21500000000000000     
         549   0.0000000000000000     
         550   8.5000000000000006E-002
         551   2.9999999999999999E-002
         552   0.0000000000000000     
         553   8.0000000000000002E-002
         554  0.25000000000000000     
         555  0.13000000000000000     
         556   5.0000000000000003E-002
         557   5.5000000000000000E-002
         558   8.0000000000000002E-002
         559  0.16000000000000000     
         560   5.5000000000000000E-002
         561  0.19000000000000000     
         562   2.9999999999999999E-002
         563   7.4999999999999997E-002
         564  0.10000000000000001     
         565  0.31500000000000000     
         566   8.5000000000000006E-002
         567   3.5000000000000003E-002
         568   3.5000000000000003E-002
         569  0.14999999999999999     
         570  0.10500000000000000     
         571   5.5000000000000000E-002
         572  0.20000000000000001     
         573   8.5000000000000006E-002
         574   7.0000000000000007E-002
         575   5.5000000000000000E-002
         576   5.0000000000000003E-002
         577  0.17000000000000001     
         578   2.5000000000000001E-002
         579   9.5000000000000001E-002
         580  0.23000000000000001     
         581  0.12000000000000000     
         582   4.0000000000000001E-002
         583   1.4999999999999999E-002
         584   5.9999999999999998E-002
         585   8.9999999999999997E-002
         586   4.0000000000000001E-002
         587  0.11500000000000000     
         588  0.13000000000000000     
         589   6.5000000000000002E-002
         590  0.17999999999999999     
         591  0.10500000000000000     
         592  0.41499999999999998     
         593  0.12500000000000000     
         594  0.11500000000000000     
         595   3.5000000000000003E-002
         596  0.10000000000000001     
         597   1.0000000000000000E-002
         598   5.9999999999999998E-002
         599   2.5000000000000001E-002
         600   2.9999999999999999E-002
         601   8.0000000000000002E-002
         602   1.0000000000000000E-002
         603  0.20999999999999999     
         604   8.5000000000000006E-002
         605   5.9999999999999998E-002
         606   4.0000000000000001E-002
         607  0.14999999999999999     
         608  0.10500000000000000     
         609   2.5000000000000001E-002
         610  0.14000000000000001     
         611   2.9999999999999999E-002
         612  0.15500000000000000     
         613  0.17499999999999999     
         614   0.0000000000000000     
         615  0.11500000000000000     
         616   5.0000000000000001E-003
         617   2.0000000000000000E-002
         618   2.5000000000000001E-002
         619   2.9999999999999999E-002
         620  0.25500000000000000     
         621  0.22000000000000000     
         622  0.19500000000000001     
         623  0.16500000000000001     
         624   1.0000000000000000E-002
         625   8.5000000000000006E-002
         626   5.5000000000000000E-002
         627   8.5000000000000006E-002
         628   9.5000000000000001E-002
         629  0.16000000000000000     
         630   5.0000000000000001E-003
         631   4.4999999999999998E-002
         632   7.0000000000000007E-002
         633   7.0000000000000007E-002
         634   9.5000000000000001E-002
         635  0.11000000000000000     
         636   9.5000000000000001E-002
         637  0.10000000000000001     
         638  0.25000000000000000     
         639  0.14000000000000001     
         640   2.5000000000000001E-002
         641   1.4999999999999999E-002
         642  0.10000000000000001     
         643  0.20999999999999999     
         644  0.37500000000000000     
         645   7.4999999999999997E-002
         646   3.5000000000000003E-002
         647  0.18500000000000000     
         648   0.0000000000000000     
         649   4.4999999999999998E-002
         650  0.12500000000000000     
         651   2.5000000000000001E-002
         652   4.4999999999999998E-002
         653   5.5000000000000000E-002
         654   5.9999999999999998E-002
         655  0.10500000000000000     
         656   2.0000000000000000E-002
         657   8.9999999999999997E-002
         658  0.16500000000000001     
         659   2.0000000000000000E-002
         660   5.0000000000000001E-003
         661   2.5000000000000001E-002
         662   4.0000000000000001E-002
         663   4.4999999999999998E-002
         664   1.0000000000000000E-002
         665   8.9999999999999997E-002
         666   4.0000000000000001E-002
         667  0.15500000000000000     
         668   4.0000000000000001E-002
         669  0.10000000000000001     
         670  0.19500000000000001     
         671  0.36499999999999999     
         672  0.16000000000000000     
         673  0.14999999999999999     
         674  0.12500000000000000     
         675   2.5000000000000001E-002
         676   2.0000000000000000E-002
         677   3.5000000000000003E-002
         678   5.0000000000000003E-002
         679   7.4999999999999997E-002
         680  0.16000000000000000     
         681  0.15500000000000000     
         682   8.9999999999999997E-002
         683   3.5000000000000003E-002
         684   4.0000000000000001E-002
         685   2.0000000000000000E-002
         686  0.11000000000000000     
         687  0.23000000000000001     
         688  0.15500000000000000     
         689  0.13000000000000000     
         690  0.13000000000000000     
         691  0.29499999999999998     
         692   2.5000000000000001E-002
         693  0.14000000000000001     
         694   1.4999999999999999E-002
         695  0.32000000000000001     
         696   5.0000000000000003E-002
         697   1.0000000000000000E-002
         698  0.10000000000000001     
         699   2.9999999999999999E-002
         700   4.0000000000000001E-002
         701   8.5000000000000006E-002
         702   4.0000000000000001E-002
         703   7.4999999999999997E-002
         704   2.0000000000000000E-002
         705   2.5000000000000001E-002
         706  0.20499999999999999     
         707   0.0000000000000000     
         708  0.12500000000000000     
         709   4.0000000000000001E-002
         710   5.0000000000000003E-002
         711  0.14999999999999999     
         712  0.12000000000000000     
         713  0.12000000000000000     
         714   6.5000000000000002E-002
         715   5.0000000000000003E-002
         716  0.22500000000000001     
         717  0.12000000000000000     
         718   1.4999999999999999E-002
         719   8.5000000000000006E-002
         720  0.14000000000000001     
         721   5.5000000000000000E-002
         722   2.0000000000000000E-002
         723  0.17999999999999999     
         724  0.25500000000000000     
         725   4.0000000000000001E-002
         726  0.12000000000000000     
         727   2.9999999999999999E-002
         728   1.4999999999999999E-002
         729  0.20000000000000001     
         730   8.9999999999999997E-002
         731  0.10000000000000001     
         732   5.0000000000000003E-002
         733   2.0000000000000000E-002
         734  0.11500000000000000     
         735   2.0000000000000000E-002
         736  0.11000000000000000     
         737  0.12500000000000000     
         738   5.0000000000000001E-003
         739  0.13500000000000001     
         740   2.0000000000000000E-002
         741   5.0000000000000001E-003
         742   9.5000000000000001E-002
         743  0.16000000000000000     
         744   7.0000000000000007E-002
         745  0.26000000000000001     
         746   2.9999999999999999E-002
         747   7.4999999999999997E-002
         748   7.0000000000000007E-002
         749   1.0000000000000000E-002
         750   5.0000000000000003E-002
         751  0.12000000000000000     
         752  0.25000000000000000     
         753  0.16500000000000001     
         754  0.29499999999999998     
         755   1.4999999999999999E-002
         756   9.5000000000000001E-002
         757   1.4999999999999999E-002
         758  0.28999999999999998     
         759  0.12500000000000000     
         760  0.11000000000000000     
         761   7.0000000000000007E-002
         762   2.5000000000000001E-002
         763   7.4999999999999997E-002
         764   5.0000000000000003E-002
         765   6.5000000000000002E-002
         766  0.12000000000000000     
         767   5.5000000000000000E-002
         768  0.10500000000000000     
         769  0.10500000000000000     
         770  0.23999999999999999     
         771   2.9999999999999999E-002
         772   8.0000000000000002E-002
         773   5.5000000000000000E-002
         774   3.5000000000000003E-002
         775  0.16000000000000000     
         776   4.4999999999999998E-002
         777  0.23000000000000001     
         778  0.12500000000000000     
         779  0.28000000000000003     
         780   5.0000000000000003E-002
         781   7.0000000000000007E-002
         782   1.0000000000000000E-002
         783   9.5000000000000001E-002
         784  0.16500000000000001     
         785   5.0000000000000003E-002
         786  0.22000000000000000     
         787  0.19500000000000001     
         788  0.18500000000000000     
         789   2.5000000000000001E-002
         790   1.0000000000000000E-002
         791  0.10000000000000001     
         792   8.0000000000000002E-002
         793  0.17000000000000001     
         794  0.14000000000000001     
         795  0.15500000000000000     
         796   5.9999999999999998E-002
         797   5.0000000000000001E-003
         798   9.5000000000000001E-002
         799   1.4999999999999999E-002
         800  0.10500000000000000     
         801   7.0000000000000007E-002
         802  0.14000000000000001     
         803  0.22000000000000000     
         804  0.20999999999999999     
         805   7.4999999999999997E-002
         806   8.9999999999999997E-002
         807   3.5000000000000003E-002
         808   9.5000000000000001E-002
         809  0.16000000000000000     
         810   1.0000000000000000E-002
         811  0.28000000000000003     
         812  0.26500000000000001     
         813   3.5000000000000003E-002
         814  0.21500000000000000     
         815  0.17499999999999999     
         816   9.5000000000000001E-002
         817   4.4999999999999998E-002
         818   2.0000000000000000E-002
         819   2.9999999999999999E-002
         820  0.14999999999999999     
         821   9.5000000000000001E-002
         822   5.0000000000000001E-003
         823  0.16000000000000000     
         824   6.5000000000000002E-002
         825  0.17499999999999999     
         826  0.28499999999999998     
         827  0.14000000000000001     
         828   3.5000000000000003E-002
         829   1.4999999999999999E-002
         830  0.12000000000000000     
         831  0.19500000000000001     
         832  0.11000000000000000     
         833   2.9999999999999999E-002
         834   1.4999999999999999E-002
         835   7.4999999999999997E-002
         836   6.5000000000000002E-002
         837  0.11000000000000000     
         838  0.16500000000000001     
         839   5.9999999999999998E-002
         840   8.5000000000000006E-002
         841  0.14499999999999999     
         842  0.30499999999999999     
         843   8.0000000000000002E-002
         844  0.17499999999999999     
         845   5.0000000000000001E-003
         846   8.9999999999999997E-002
         847  0.13000000000000000     
         848   5.0000000000000001E-003
         849   5.9999999999999998E-002
         850   5.5000000000000000E-002
         851  0.12000000000000000     
         852   8.0000000000000002E-002
         853   5.5000000000000000E-002
         854   2.9999999999999999E-002
         855  0.11000000000000000     
         856  0.10500000000000000     
         857   2.9999999999999999E-002
         858  0.11500000000000000     
         859   5.0000000000000001E-003
         860   2.5000000000000001E-002
         861  0.14000000000000001     
         862  0.22500000000000001     
         863   5.0000000000000001E-003
         864   8.5000000000000006E-002
         865   7.4999999999999997E-002
         866   7.4999999999999997E-002
         867   5.9999999999999998E-002
         868  0.16000000000000000     
         869  0.14499999999999999     
         870  0.11500000000000000     
         871   5.5000000000000000E-002
         872   7.0000000000000007E-002
         873  0.12500000000000000     
         874   5.9999999999999998E-002
         875  0.18500000000000000     
         876   5.9999999999999998E-002
         877   7.4999999999999997E-002
         878   4.4999999999999998E-002
         879   1.0000000000000000E-002
         880   1.4999999999999999E-002
         881  0.12500000000000000     
         882   2.5000000000000001E-002
         883   8.5000000000000006E-002
         884  0.18500000000000000     
         885  0.23999999999999999     
         886   8.9999999999999997E-002
         887  0.26500000000000001     
         888   9.5000000000000001E-002
         889   5.0000000000000001E-003
         890  0.17999999999999999     
         891  0.22500000000000001     
         892  0.16000000000000000     
         893  0.10000000000000001     
         894   6.5000000000000002E-002
         895   8.9999999999999997E-002
         896   1.0000000000000000E-002
         897  0.19000000000000000     
         898  0.15500000000000000     
         899   3.5000000000000003E-002
         900  0.14999999999999999     
         901  0.27000000000000002     
         902  0.23000000000000001     
         903  0.10000000000000001     
         904   5.0000000000000001E-003
         905   9.5000000000000001E-002
         906   8.5000000000000006E-002
         907   2.5000000000000001E-002
         908   1.0000000000000000E-002
         909  0.11000000000000000     
         910   3.5000000000000003E-002
         911   8.9999999999999997E-002
         912   1.0000000000000000E-002
         913  0.16500000000000001     
         914  0.27500000000000002     
         915   3.5000000000000003E-002
         916   6.5000000000000002E-002
         917   4.0000000000000001E-002
         918   9.5000000000000001E-002
         919   5.0000000000000003E-002
         920  0.15500000000000000     
         921  0.13500000000000001     
         922   5.9999999999999998E-002
         923  0.12000000000000000     
         924   1.4999999999999999E-002
         925  0.14499999999999999     
         926  0.14999999999999999     
         927  0.10000000000000001     
         928  0.27000000000000002     
         929  0.17000000000000001     
         930   9.5000000000000001E-002
         931   8.0000000000000002E-002
         932   8.5000000000000006E-002
         933   8.0000000000000002E-002
         934   4.0000000000000001E-002
         935   1.4999999999999999E-002
         936   2.0000000000000000E-002
         937   4.4999999999999998E-002
         938  0.13000000000000000     
         939   4.4999999999999998E-002
         940   9.5000000000000001E-002
         941  0.19000000000000000     
         942   4.4999999999999998E-002
         943   5.0000000000000003E-002
         944   5.5000000000000000E-002
         945   5.0000000000000001E-003
         946  0.10500000000000000     
         947   5.0000000000000001E-003
         948   5.0000000000000001E-003
         949  0.13000000000000000     
         950   7.0000000000000007E-002
         951  0.19000000000000000     
         952  0.13000000000000000     
         953   2.5000000000000001E-002
         954   5.0000000000000003E-002
         955   2.0000000000000000E-002
         956  0.14499999999999999     
         957   7.4999999999999997E-002
         958   5.9999999999999998E-002
         959   6.5000000000000002E-002
         960   5.0000000000000003E-002
         961   2.9999999999999999E-002
         962   8.5000000000000006E-002
         963  0.15500000000000000     
         964  0.14499999999999999     
         965   4.0000000000000001E-002
         966   6.5000000000000002E-002
         967   5.9999999999999998E-002
         968   5.0000000000000003E-002
         969   9.5000000000000001E-002
         970   5.0000000000000003E-002
         971   6.5000000000000002E-002
         972   5.0000000000000001E-003
         973  0.10500000000000000     
         974  0.20000000000000001     
         975   5.5000000000000000E-002
         976  0.20499999999999999     
         977  0.17499999999999999     
         978   8.9999999999999997E-002
         979  0.14999999999999999     
         980  0.10000000000000001     
         981  0.29999999999999999     
         982  0.29499999999999998     
         983   5.0000000000000003E-002
         984   8.5000000000000006E-002
         985  0.10500000000000000     
         986   3.5000000000000003E-002
         987  0.10000000000000001     
         988  0.11500000000000000     
         989  0.10000000000000001     
         990   5.0000000000000001E-003
         991   9.5000000000000001E-002
         992  0.17000000000000001     
         993  0.16500000000000001     
         994  0.22000000000000000     
         995  0.23499999999999999     
         996  0.16500000000000001     
         997   8.5000000000000006E-002
         998   5.9999999999999998E-002
         999   8.9999999999999997E-002
        1000  0.26000000000000001     
        1001  0.28499999999999998     
        1002   3.5000000000000003E-002
        1003  0.17999999999999999     
        1004   5.5000000000000000E-002
        1005   7.0000000000000007E-002
        1006   9.5000000000000001E-002
        1007   7.0000000000000007E-002
        1008   1.0000000000000000E-002
        1009   5.9999999999999998E-002
        1010   1.0000000000000000E-002
        1011   1.0000000000000000E-002
        1012   8.9999999999999997E-002
        1013  0.23000000000000001     
        1014   8.0000000000000002E-002
        1015  0.14999999999999999     
        1016   2.0000000000000000E-002
        1017  0.11500000000000000     
        1018  0.10500000000000000     
        1019   0.0000000000000000     
        1020   4.0000000000000001E-002
        1021   8.5000000000000006E-002
        1022  0.13500000000000001     
        1023   6.5000000000000002E-002
        1024  0.13000000000000000     
        1025   2.9999999999999999E-002
        1026  0.11500000000000000     
        1027   4.0000000000000001E-002
        1028   2.9999999999999999E-002
        1029  0.11500000000000000     
        1030  0.13500000000000001     
        1031  0.19000000000000000     
        1032   4.0000000000000001E-002
        1033  0.15500000000000000     
        1034   1.0000000000000000E-002
        1035   2.0000000000000000E-002
        1036   8.5000000000000006E-002
        1037   4.4999999999999998E-002
        1038   7.4999999999999997E-002
        1039   5.0000000000000003E-002
        1040   5.0000000000000003E-002
        1041   8.0000000000000002E-002
        1042  0.14499999999999999     
        1043   0.0000000000000000     
        1044   4.0000000000000001E-002
        1045   8.0000000000000002E-002
        1046   4.4999999999999998E-002
        1047  0.14999999999999999     
        1048  0.27500000000000002     
        1049  0.19500000000000001     
        1050  0.11000000000000000     
        1051  0.16000000000000000     
        1052  0.10000000000000001     
        1053   5.0000000000000001E-003
        1054   7.0000000000000007E-002
        1055  0.14499999999999999     
        1056   2.5000000000000001E-002
        1057   7.0000000000000007E-002
        1058   1.4999999999999999E-002
        1059   5.0000000000000001E-003
        1060   7.0000000000000007E-002
        1061  0.10000000000000001     
        1062  0.11000000000000000     
        1063   2.0000000000000000E-002
        1064   1.4999999999999999E-002
        1065   0.0000000000000000     
        1066   7.4999999999999997E-002
        1067   3.5000000000000003E-002
        1068  0.14000000000000001     
        1069   1.0000000000000000E-002
        1070  0.15500000000000000     
        1071  0.14499999999999999     
        1072   1.4999999999999999E-002
        1073   1.0000000000000000E-002
        1074  0.16500000000000001     
        1075   8.5000000000000006E-002
        1076   5.5000000000000000E-002
        1077   1.4999999999999999E-002
        1078   3.5000000000000003E-002
        1079  0.26000000000000001     
        1080   8.9999999999999997E-002
        1081   9.5000000000000001E-002
        1082  0.17000000000000001     
        1083  0.21500000000000000     
        1084  0.17499999999999999     
        1085   5.0000000000000003E-002
        1086  0.11000000000000000     
        1087  0.19500000000000001     
        1088  0.14499999999999999     
        1089  0.17499999999999999     
        1090   5.5000000000000000E-002
        1091   5.0000000000000003E-002
        1092  0.13000000000000000     
        1093  0.12500000000000000     
        1094  0.11500000000000000     
        1095  0.12500000000000000     
        1096   2.9999999999999999E-002
        1097  0.19000000000000000     
        1098  0.14499999999999999     
        1099   1.4999999999999999E-002
        1100   7.4999999999999997E-002
        1101  0.15500000000000000     
        1102  0.14499999999999999     
        1103   7.0000000000000007E-002
        1104   9.5000000000000001E-002
        1105   7.0000000000000007E-002
        1106  0.20000000000000001     
        1107   6.5000000000000002E-002
        1108  0.27500000000000002     
        1109  0.20000000000000001     
        1110   8.5000000000000006E-002
        1111  0.11500000000000000     
        1112   4.4999999999999998E-002
        1113   8.9999999999999997E-002
        1114  0.14999999999999999     
        1115  0.11000000000000000     
        1116  0.18500000000000000     
        1117   2.5000000000000001E-002
        1118   2.9999999999999999E-002
        1119  0.19000000000000000     
        1120  0.15500000000000000     
        1121   0.0000000000000000     
        1122   5.5000000000000000E-002
        1123   5.5000000000000000E-002
        1124  0.13500000000000001     
        1125   7.4999999999999997E-002
        1126   1.4999999999999999E-002
        1127  0.10500000000000000     
        1128  0.10500000000000000     
        1129   3.5000000000000003E-002
        1130   4.4999999999999998E-002
        1131   7.4999999999999997E-002
        1132   0.0000000000000000     
        1133   5.0000000000000003E-002
        1134   6.5000000000000002E-002
        1135   2.9999999999999999E-002
        1136   2.0000000000000000E-002
        1137  0.14000000000000001     
        1138  0.12500000000000000     
        1139  0.10500000000000000     
        1140  0.25500000000000000     
        1141  0.13000000000000000     
        1142  0.14999999999999999     
        1143   8.5000000000000006E-002
        1144  0.25000000000000000     
        1145   5.0000000000000003E-002
        1146  0.14499999999999999     
        1147   4.4999999999999998E-002
        1148   1.0000000000000000E-002
        1149   5.0000000000000003E-002
        1150   7.4999999999999997E-002
        1151   5.0000000000000001E-003
        1152   3.5000000000000003E-002
        1153   2.9999999999999999E-002
        1154  0.15500000000000000     
        1155  0.12500000000000000     
        1156   5.0000000000000003E-002
        1157  0.17000000000000001     
        1158   2.9999999999999999E-002
        1159   7.0000000000000007E-002
        1160   5.9999999999999998E-002
        1161  0.15500000000000000     
        1162   2.5000000000000001E-002
        1163  0.11500000000000000     
        1164  0.23000000000000001     
        1165   1.4999999999999999E-002
        1166   8.5000000000000006E-002
        1167  0.12000000000000000     
        1168   5.5000000000000000E-002
        1169   4.0000000000000001E-002
        1170   5.5000000000000000E-002
        1171   4.4999999999999998E-002
        1172  0.25000000000000000     
        1173  0.11000000000000000     
        1174   1.0000000000000000E-002
        1175  0.13000000000000000     
        1176  0.11500000000000000     
        1177  0.28999999999999998     
        1178   1.4999999999999999E-002
        1179   5.9999999999999998E-002
        1180   8.9999999999999997E-002
        1181  0.11500000000000000     
        1182   2.5000000000000001E-002
        1183  0.12000000000000000     
        1184   1.4999999999999999E-002
        1185   5.0000000000000003E-002
        1186  0.24500000000000000     
        1187   1.4999999999999999E-002
        1188   7.0000000000000007E-002
        1189  0.20000000000000001     
        1190  0.12000000000000000     
        1191   5.5000000000000000E-002
        1192  0.10500000000000000     
        1193   2.5000000000000001E-002
        1194   5.9999999999999998E-002
        1195   5.9999999999999998E-002
        1196   4.4999999999999998E-002
        1197   5.5000000000000000E-002
        1198   7.4999999999999997E-002
        1199   7.4999999999999997E-002
        1200   8.0000000000000002E-002
        1201   9.5000000000000001E-002
        1202  0.23000000000000001     
        1203   7.4999999999999997E-002
        1204   4.4999999999999998E-002
        1205  0.10500000000000000     
        1206  0.23000000000000001     
        1207   8.0000000000000002E-002
        1208  0.13500000000000001     
        1209  0.28000000000000003     
        1210  0.23499999999999999     
        1211   2.9999999999999999E-002
        1212  0.12500000000000000     
        1213  0.20000000000000001     
        1214   9.5000000000000001E-002
        1215  0.17499999999999999     
        1216   8.0000000000000002E-002
        1217   8.9999999999999997E-002
        1218   1.0000000000000000E-002
        1219   5.0000000000000001E-003
        1220   1.4999999999999999E-002
        1221   4.0000000000000001E-002
        1222   5.0000000000000001E-003
        1223   6.5000000000000002E-002
        1224  0.15500000000000000     
        1225  0.13500000000000001     
        1226   4.0000000000000001E-002
        1227  0.14000000000000001     
        1228   7.0000000000000007E-002
        1229   4.0000000000000001E-002
        1230  0.21500000000000000     
        1231   9.5000000000000001E-002
        1232  0.13000000000000000     
        1233   5.0000000000000003E-002
        1234   8.5000000000000006E-002
        1235   2.9999999999999999E-002
        1236  0.28000000000000003     
        1237   8.5000000000000006E-002
        1238  0.10500000000000000     
        1239  0.15500000000000000     
        1240  0.17999999999999999     
        1241   8.0000000000000002E-002
        1242  0.33500000000000002     
        1243   8.5000000000000006E-002
        1244  0.10000000000000001     
        1245  0.10500000000000000     
        1246  0.11000000000000000     
        1247  0.28000000000000003     
        1248  0.20999999999999999     
        1249  0.20000000000000001     
        1250   6.5000000000000002E-002
        1251   4.4999999999999998E-002
        1252   4.4999999999999998E-002
        1253  0.16500000000000001     
        1254   7.0000000000000007E-002
        1255  0.17499999999999999     
        1256   1.0000000000000000E-002
        1257  0.12500000000000000     
        1258   2.0000000000000000E-002
        1259   5.0000000000000003E-002
        1260  0.20499999999999999     
        1261   2.9999999999999999E-002
        1262   7.4999999999999997E-002
        1263  0.11000000000000000     
        1264   3.5000000000000003E-002
        1265  0.16000000000000000     
        1266   3.5000000000000003E-002
        1267  0.22500000000000001     
        1268  0.19000000000000000     
        1269  0.14000000000000001     
        1270  0.12000000000000000     
        1271   2.5000000000000001E-002
        1272   2.0000000000000000E-002
        1273   2.5000000000000001E-002
        1274  0.15500000000000000     
        1275  0.21500000000000000     
        1276  0.14999999999999999     
        1277  0.17499999999999999     
        1278  0.17499999999999999     
        1279   2.5000000000000001E-002
        1280  0.14999999999999999     
        1281  0.20499999999999999     
        1282  0.14499999999999999     
        1283   8.5000000000000006E-002
        1284  0.14000000000000001     
        1285  0.11500000000000000     
        1286   8.5000000000000006E-002
        1287  0.12000000000000000     
        1288   1.4999999999999999E-002
        1289   5.9999999999999998E-002
        1290   9.5000000000000001E-002
        1291  0.12500000000000000     
        1292   1.4999999999999999E-002
        1293   5.9999999999999998E-002
        1294   8.9999999999999997E-002
        1295   5.5000000000000000E-002
        1296   8.0000000000000002E-002
        1297  0.14499999999999999     
        1298   4.4999999999999998E-002
        1299  0.12500000000000000     
        1300  0.14499999999999999     
        1301   5.5000000000000000E-002
        1302   8.0000000000000002E-002
        1303  0.22000000000000000     
        1304   0.0000000000000000     
        1305   4.0000000000000001E-002
        1306  0.20000000000000001     
        1307  0.13000000000000000     
        1308  0.16000000000000000     
        1309   8.9999999999999997E-002
        1310   1.4999999999999999E-002
        1311   4.0000000000000001E-002
        1312  0.23499999999999999     
        1313   7.4999999999999997E-002
        1314  0.28499999999999998     
        1315  0.26000000000000001     
        1316  0.17999999999999999     
        1317   5.0000000000000003E-002
        1318  0.22000000000000000     
        1319  0.14000000000000001     
        1320  0.10500000000000000     
        1321   8.0000000000000002E-002
        1322   3.5000000000000003E-002
        1323  0.10000000000000001     
        1324   5.0000000000000001E-003
        1325  0.16000000000000000     
        1326   4.4999999999999998E-002
        1327   7.4999999999999997E-002
        1328  0.23000000000000001     
        1329   7.4999999999999997E-002
        1330   8.9999999999999997E-002
        1331   7.4999999999999997E-002
        1332  0.22000000000000000     
        1333  0.17999999999999999     
        1334  0.13000000000000000     
        1335  0.10500000000000000     
        1336   6.5000000000000002E-002
        1337  0.14000000000000001     
        1338   5.5000000000000000E-002
        1339   7.4999999999999997E-002
        1340   2.0000000000000000E-002
        1341  0.17000000000000001     
        1342   2.9999999999999999E-002
        1343   6.5000000000000002E-002
        1344   2.0000000000000000E-002
        1345   7.0000000000000007E-002
        1346   9.5000000000000001E-002
        1347  0.15500000000000000     
        1348  0.21500000000000000     
        1349   2.9999999999999999E-002
        1350   4.0000000000000001E-002
        1351   2.9999999999999999E-002
        1352  0.22500000000000001     
        1353   5.0000000000000003E-002
        1354  0.14999999999999999     
        1355   8.5000000000000006E-002
        1356   5.9999999999999998E-002
        1357   1.0000000000000000E-002
        1358  0.20000000000000001     
        1359  0.23000000000000001     
        1360  0.15500000000000000     
        1361  0.18500000000000000     
        1362   5.5000000000000000E-002
        1363  0.14999999999999999     
        1364   5.5000000000000000E-002
        1365  0.12000000000000000     
        1366   5.0000000000000001E-003
        1367  0.15500000000000000     
        1368   3.5000000000000003E-002
        1369   8.9999999999999997E-002
        1370   8.0000000000000002E-002
        1371   6.5000000000000002E-002
        1372  0.12500000000000000     
        1373  0.14999999999999999     
        1374  0.20499999999999999     
        1375  0.13500000000000001     
        1376  0.17499999999999999     
        1377   5.9999999999999998E-002
        1378   9.5000000000000001E-002
        1379  0.11000000000000000     
        1380   8.0000000000000002E-002
        1381   7.4999999999999997E-002
        1382   2.0000000000000000E-002
        1383   3.5000000000000003E-002
        1384   1.0000000000000000E-002
        1385   1.0000000000000000E-002
        1386   1.0000000000000000E-002
        1387  0.12500000000000000     
        1388  0.12500000000000000     
        1389   2.5000000000000001E-002
        1390   0.0000000000000000     
        1391   5.0000000000000001E-003
        1392   6.5000000000000002E-002
        1393   7.0000000000000007E-002
        1394   2.5000000000000001E-002
        1395  0.11000000000000000     
        1396  0.19000000000000000     
        1397   5.5000000000000000E-002
        1398   5.0000000000000001E-003
        1399  0.14999999999999999     
        1400   2.9999999999999999E-002
        1401  0.16500000000000001     
        1402  0.12500000000000000     
        1403  0.12500000000000000     
        1404   8.0000000000000002E-002
        1405   2.5000000000000001E-002
        1406   1.4999999999999999E-002
        1407  0.23499999999999999     
        1408   9.5000000000000001E-002
        1409   5.0000000000000003E-002
        1410   5.5000000000000000E-002
        1411  0.10500000000000000     
        1412   8.9999999999999997E-002
        1413  0.19500000000000001     
        1414   0.0000000000000000     
        1415   5.5000000000000000E-002
        1416   7.0000000000000007E-002
        1417   4.4999999999999998E-002
        1418   2.5000000000000001E-002
        1419   2.9999999999999999E-002
        1420   2.0000000000000000E-002
        1421  0.11000000000000000     
        1422   3.5000000000000003E-002
        1423  0.23000000000000001     
        1424   5.0000000000000003E-002
        1425   2.5000000000000001E-002
        1426  0.11000000000000000     
        1427  0.11000000000000000     
        1428   1.4999999999999999E-002
        1429  0.15500000000000000     
        1430   1.0000000000000000E-002
        1431   8.9999999999999997E-002
        1432   1.4999999999999999E-002
        1433   5.9999999999999998E-002
        1434   5.0000000000000003E-002
        1435  0.15500000000000000     
        1436   8.0000000000000002E-002
        1437  0.16000000000000000     
        1438   1.4999999999999999E-002
        1439  0.12000000000000000     
        1440  0.16500000000000001     
        1441   5.0000000000000003E-002
        1442   1.4999999999999999E-002
        1443  0.13000000000000000     
        1444   2.5000000000000001E-002
        1445   2.9999999999999999E-002
        1446  0.20999999999999999     
        1447   5.9999999999999998E-002
        1448  0.17499999999999999     
        1449  0.13500000000000001     
        1450  0.17000000000000001     
        1451  0.12000000000000000     
        1452  0.12500000000000000     
        1453   4.0000000000000001E-002
        1454   7.4999999999999997E-002
        1455  0.16000000000000000     
        1456  0.17999999999999999     
        1457   7.4999999999999997E-002
        1458   3.5000000000000003E-002
        1459   8.0000000000000002E-002
        1460   7.0000000000000007E-002
        1461   1.4999999999999999E-002
        1462   3.5000000000000003E-002
        1463  0.10000000000000001     
        1464  0.16500000000000001     
        1465  0.25500000000000000     
        1466  0.12000000000000000     
        1467  0.12500000000000000     
        1468  0.17000000000000001     
        1469   7.0000000000000007E-002
        1470   3.5000000000000003E-002
        1471  0.16500000000000001     
        1472  0.29499999999999998     
        1473  0.22000000000000000     
        1474   5.5000000000000000E-002
        1475  0.32000000000000001     
        1476  0.16000000000000000     
        1477  0.13000000000000000     
        1478  0.20999999999999999     
        1479  0.16500000000000001     
        1480   2.5000000000000001E-002
        1481   2.9999999999999999E-002
        1482   2.0000000000000000E-002
        1483  0.26500000000000001     
        1484   1.4999999999999999E-002
        1485  0.25500000000000000     
        1486   7.0000000000000007E-002
        1487  0.13000000000000000     
        1488  0.10500000000000000     
        1489   1.0000000000000000E-002
        1490   5.0000000000000003E-002
        1491   5.5000000000000000E-002
        1492   8.9999999999999997E-002
        1493   4.4999999999999998E-002
        1494  0.13000000000000000     
        1495   2.0000000000000000E-002
        1496   8.5000000000000006E-002
        1497   8.5000000000000006E-002
        1498  0.10000000000000001     
        1499   2.0000000000000000E-002
        1500  0.32000000000000001     
        1501   4.0000000000000001E-002
        1502  0.25000000000000000     
        1503   2.0000000000000000E-002
        1504  0.15500000000000000     
        1505   4.4999999999999998E-002
        1506   1.4999999999999999E-002
        1507   8.9999999999999997E-002
        1508   2.0000000000000000E-002
        1509   8.9999999999999997E-002
        1510   5.9999999999999998E-002
        1511  0.14000000000000001     
        1512  0.14000000000000001     
        1513   5.9999999999999998E-002
        1514   2.5000000000000001E-002
        1515  0.11000000000000000     
        1516  0.11500000000000000     
        1517  0.10000000000000001     
        1518   5.5000000000000000E-002
        1519   2.9999999999999999E-002
        1520   2.9999999999999999E-002
        1521  0.10500000000000000     
        1522   8.9999999999999997E-002
        1523   5.9999999999999998E-002
        1524   2.5000000000000001E-002
        1525  0.11000000000000000     
        1526  0.13500000000000001     
        1527   5.5000000000000000E-002
        1528  0.10000000000000001     
        1529   6.5000000000000002E-002
        1530  0.12500000000000000     
        1531  0.20999999999999999     
        1532  0.17000000000000001     
        1533   2.5000000000000001E-002
        1534   3.5000000000000003E-002
        1535   1.0000000000000000E-002
        1536   5.5000000000000000E-002
        1537  0.18500000000000000     
        1538  0.17999999999999999     
        1539   7.4999999999999997E-002
        1540  0.11500000000000000     
        1541  0.12000000000000000     
        1542  0.29999999999999999     
        1543  0.14499999999999999     
        1544  0.13500000000000001     
        1545   2.5000000000000001E-002
        1546  0.13500000000000001     
        1547  0.14499999999999999     
        1548   1.0000000000000000E-002
        1549   6.5000000000000002E-002
        1550   9.5000000000000001E-002
        1551   1.4999999999999999E-002
        1552   1.4999999999999999E-002
        1553   4.4999999999999998E-002
        1554  0.19000000000000000     
        1555   2.9999999999999999E-002
        1556   6.5000000000000002E-002
        1557   2.0000000000000000E-002
        1558   6.5000000000000002E-002
        1559   5.0000000000000001E-003
        1560  0.34000000000000002     
        1561  0.17999999999999999     
        1562   2.0000000000000000E-002
        1563   5.0000000000000001E-003
        1564   6.5000000000000002E-002
        1565  0.15500000000000000     
        1566   5.5000000000000000E-002
        1567  0.20000000000000001     
        1568  0.27500000000000002     
        1569   9.5000000000000001E-002
        1570  0.14499999999999999     
        1571  0.11000000000000000     
        1572   5.0000000000000003E-002
        1573   8.0000000000000002E-002
        1574  0.13000000000000000     
        1575   5.9999999999999998E-002
        1576   5.5000000000000000E-002
        1577   1.0000000000000000E-002
        1578   5.9999999999999998E-002
        1579   2.5000000000000001E-002
        1580   2.5000000000000001E-002
        1581  0.16000000000000000     
        1582   9.5000000000000001E-002
        1583  0.13500000000000001     
        1584   8.0000000000000002E-002
        1585  0.25500000000000000     
        1586  0.16000000000000000     
        1587   8.9999999999999997E-002
        1588  0.16000000000000000     
        1589  0.29999999999999999     
        1590   5.0000000000000003E-002
        1591   4.4999999999999998E-002
        1592  0.10000000000000001     
        1593   5.0000000000000003E-002
        1594  0.12500000000000000     
        1595   8.9999999999999997E-002
        1596  0.13500000000000001     
        1597  0.15500000000000000     
        1598  0.21500000000000000     
        1599   7.4999999999999997E-002
        1600   8.9999999999999997E-002
        1601   5.9999999999999998E-002
        1602   5.9999999999999998E-002
        1603   8.9999999999999997E-002
        1604   1.0000000000000000E-002
        1605   9.5000000000000001E-002
        1606  0.10500000000000000     
        1607   5.5000000000000000E-002
        1608  0.13000000000000000     
        1609  0.24500000000000000     
        1610   9.5000000000000001E-002
        1611   7.4999999999999997E-002
        1612  0.10500000000000000     
        1613   5.0000000000000001E-003
        1614  0.27000000000000002     
        1615  0.12000000000000000     
        1616  0.12500000000000000     
        1617  0.14999999999999999     
        1618  0.15500000000000000     
        1619   5.9999999999999998E-002
        1620   8.5000000000000006E-002
        1621  0.33000000000000002     
        1622   9.5000000000000001E-002
        1623  0.10500000000000000     
        1624  0.27000000000000002     
        1625   5.9999999999999998E-002
        1626   7.4999999999999997E-002
        1627   1.0000000000000000E-002
        1628   5.0000000000000001E-003
        1629   8.9999999999999997E-002
        1630   5.0000000000000001E-003
        1631  0.11000000000000000     
        1632   5.9999999999999998E-002
        1633   9.5000000000000001E-002
        1634  0.11500000000000000     
        1635   0.0000000000000000     
        1636  0.11500000000000000     
        1637   6.5000000000000002E-002
        1638   9.5000000000000001E-002
        1639   7.4999999999999997E-002
        1640   8.5000000000000006E-002
        1641   5.0000000000000003E-002
        1642  0.17499999999999999     
        1643  0.14499999999999999     
        1644   7.0000000000000007E-002
        1645   8.0000000000000002E-002
        1646   7.4999999999999997E-002
        1647   5.0000000000000001E-003
        1648  0.13500000000000001     
        1649   6.5000000000000002E-002
        1650  0.16500000000000001     
        1651  0.10500000000000000     
        1652   8.5000000000000006E-002
        1653   3.5000000000000003E-002
        1654   2.0000000000000000E-002
        1655  0.14999999999999999     
        1656   5.0000000000000001E-003
        1657   3.5000000000000003E-002
        1658   3.5000000000000003E-002
        1659  0.24500000000000000     
        1660   7.4999999999999997E-002
        1661  0.14000000000000001     
        1662  0.14000000000000001     
        1663   2.9999999999999999E-002
        1664   7.0000000000000007E-002
        1665  0.12500000000000000     
        1666   5.0000000000000003E-002
        1667  0.11500000000000000     
        1668  0.21500000000000000     
        1669  0.16500000000000001     
        1670  0.13000000000000000     
        1671  0.17499999999999999     
        1672   6.5000000000000002E-002
        1673   4.0000000000000001E-002
        1674   1.4999999999999999E-002
        1675   7.0000000000000007E-002
        1676   4.4999999999999998E-002
        1677   2.5000000000000001E-002
        1678  0.11500000000000000     
        1679   5.0000000000000001E-003
        1680  0.25500000000000000     
        1681  0.34999999999999998     
        1682   5.0000000000000001E-003
        1683  0.16500000000000001     
        1684  0.21500000000000000     
        1685   4.0000000000000001E-002
        1686   5.5000000000000000E-002
        1687   2.0000000000000000E-002
        1688   2.5000000000000001E-002
        1689  0.14999999999999999     
        1690  0.19500000000000001     
        1691   5.9999999999999998E-002
        1692   1.0000000000000000E-002
        1693  0.22000000000000000     
        1694  0.12000000000000000     
        1695  0.33500000000000002     
        1696  0.16000000000000000     
        1697   8.0000000000000002E-002
        1698  0.10500000000000000     
        1699  0.11500000000000000     
        1700  0.16500000000000001     
        1701  0.10500000000000000     
        1702   5.5000000000000000E-002
        1703  0.11000000000000000     
        1704  0.12000000000000000     
        1705   3.5000000000000003E-002
        1706   2.0000000000000000E-002
        1707   2.9999999999999999E-002
        1708  0.28000000000000003     
        1709  0.14999999999999999     
        1710  0.13500000000000001     
        1711   8.9999999999999997E-002
        1712   5.0000000000000003E-002
        1713   7.0000000000000007E-002
        1714  0.19500000000000001     
        1715   1.0000000000000000E-002
        1716  0.10000000000000001     
        1717   7.0000000000000007E-002
        1718  0.21500000000000000     
        1719  0.12500000000000000     
        1720  0.16000000000000000     
        1721   7.0000000000000007E-002
        1722   4.4999999999999998E-002
        1723  0.13000000000000000     
        1724  0.23999999999999999     
        1725  0.14000000000000001     
        1726  0.14000000000000001     
        1727  0.10000000000000001     
        1728   1.0000000000000000E-002
        1729   5.9999999999999998E-002
        1730  0.14000000000000001     
        1731   2.0000000000000000E-002
        1732  0.22500000000000001     
        1733   7.0000000000000007E-002
        1734   1.0000000000000000E-002
        1735  0.10000000000000001     
        1736  0.10500000000000000     
        1737  0.11000000000000000     
        1738  0.12000000000000000     
        1739   5.0000000000000001E-003
        1740  0.11000000000000000     
        1741   7.4999999999999997E-002
        1742  0.19000000000000000     
        1743  0.13500000000000001     
        1744   5.9999999999999998E-002
        1745  0.16000000000000000     
        1746   7.4999999999999997E-002
        1747  0.10000000000000001     
        1748  0.11500000000000000     
        1749  0.14000000000000001     
        1750   5.0000000000000001E-003
        1751   2.9999999999999999E-002
        1752  0.14999999999999999     
        1753   5.5000000000000000E-002
        1754   4.0000000000000001E-002
        1755   5.5000000000000000E-002
        1756   2.9999999999999999E-002
        1757  0.21500000000000000     
        1758   7.0000000000000007E-002
        1759   5.5000000000000000E-002
        1760  0.22000000000000000     
        1761   5.9999999999999998E-002
        1762   8.9999999999999997E-002
        1763  0.20000000000000001     
        1764   5.0000000000000003E-002
        1765   8.5000000000000006E-002
        1766   2.0000000000000000E-002
        1767   7.0000000000000007E-002
        1768   1.4999999999999999E-002
        1769  0.16500000000000001     
        1770  0.11000000000000000     
        1771   5.9999999999999998E-002
        1772  0.14499999999999999     
        1773  0.17499999999999999     
        1774   4.4999999999999998E-002
        1775  0.14999999999999999     
        1776  0.20499999999999999     
        1777  0.11500000000000000     
        1778   4.0000000000000001E-002
        1779  0.27500000000000002     
        1780  0.16000000000000000     
        1781   9.5000000000000001E-002
        1782  0.11500000000000000     
        1783  0.10000000000000001     
        1784   1.4999999999999999E-002
        1785  0.20499999999999999     
        1786   5.0000000000000003E-002
        1787   2.5000000000000001E-002
        1788   5.9999999999999998E-002
        1789  0.17999999999999999     
        1790  0.10500000000000000     
        1791   2.0000000000000000E-002
        1792   9.5000000000000001E-002
        1793   6.5000000000000002E-002
        1794   2.0000000000000000E-002
        1795  0.12500000000000000     
        1796   5.0000000000000003E-002
        1797   3.5000000000000003E-002
        1798  0.16000000000000000     
        1799   5.0000000000000003E-002
        1800  0.12500000000000000     
        1801  0.18500000000000000     
        1802  0.14000000000000001     
        1803   1.4999999999999999E-002
        1804   5.0000000000000001E-003
        1805   4.0000000000000001E-002
        1806  0.17999999999999999     
        1807  0.10500000000000000     
        1808  0.15500000000000000     
        1809  0.20999999999999999     
        1810   2.0000000000000000E-002
        1811   6.5000000000000002E-002
        1812   2.0000000000000000E-002
        1813  0.25500000000000000     
        1814  0.14000000000000001     
        1815   1.0000000000000000E-002
        1816  0.10500000000000000     
        1817  0.17499999999999999     
        1818   6.5000000000000002E-002
        1819   5.5000000000000000E-002
        1820   5.5000000000000000E-002
        1821  0.16500000000000001     
        1822   5.0000000000000001E-003
        1823  0.17499999999999999     
        1824   8.0000000000000002E-002
        1825   6.5000000000000002E-002
        1826  0.12000000000000000     
        1827  0.14000000000000001     
        1828   1.0000000000000000E-002
        1829   5.0000000000000003E-002
        1830  0.22000000000000000     
        1831  0.27000000000000002     
        1832  0.17499999999999999     
        1833   7.4999999999999997E-002
        1834  0.10500000000000000     
        1835   2.5000000000000001E-002
        1836   1.0000000000000000E-002
        1837  0.14000000000000001     
        1838  0.17000000000000001     
        1839   5.5000000000000000E-002
        1840   1.0000000000000000E-002
        1841   5.0000000000000001E-003
        1842  0.23000000000000001     
        1843   8.5000000000000006E-002
        1844   4.4999999999999998E-002
        1845   1.4999999999999999E-002
        1846  0.14499999999999999     
        1847  0.19500000000000001     
        1848   7.0000000000000007E-002
        1849  0.11500000000000000     
        1850  0.11500000000000000     
        1851  0.22500000000000001     
        1852   8.0000000000000002E-002
        1853   1.0000000000000000E-002
        1854   5.0000000000000003E-002
        1855   2.5000000000000001E-002
        1856   1.4999999999999999E-002
        1857  0.15500000000000000     
        1858   8.0000000000000002E-002
        1859  0.12000000000000000     
        1860  0.27000000000000002     
        1861  0.23000000000000001     
        1862   4.4999999999999998E-002
        1863  0.14499999999999999     
        1864   7.4999999999999997E-002
        1865   0.0000000000000000     
        1866   3.5000000000000003E-002
        1867   5.9999999999999998E-002
        1868   8.9999999999999997E-002
        1869  0.20999999999999999     
        1870   8.5000000000000006E-002
        1871   5.9999999999999998E-002
        1872  0.10500000000000000     
        1873   7.0000000000000007E-002
        1874   5.0000000000000001E-003
        1875   1.0000000000000000E-002
        1876   2.0000000000000000E-002
        1877   4.0000000000000001E-002
        1878   2.9999999999999999E-002
        1879   3.5000000000000003E-002
        1880   7.4999999999999997E-002
        1881  0.11500000000000000     
        1882   1.4999999999999999E-002
        1883   5.0000000000000001E-003
        1884   4.0000000000000001E-002
        1885   5.9999999999999998E-002
        1886   8.9999999999999997E-002
        1887   8.5000000000000006E-002
        1888   5.0000000000000003E-002
        1889  0.10000000000000001     
        1890   7.4999999999999997E-002
        1891   6.5000000000000002E-002
        1892   8.5000000000000006E-002
        1893  0.15500000000000000     
        1894   1.0000000000000000E-002
        1895  0.10000000000000001     
        1896   7.0000000000000007E-002
        1897   4.0000000000000001E-002
        1898   8.0000000000000002E-002
        1899  0.26500000000000001     
        1900   8.0000000000000002E-002
        1901   5.5000000000000000E-002
        1902   3.5000000000000003E-002
        1903   5.9999999999999998E-002
        1904   3.5000000000000003E-002
        1905   1.4999999999999999E-002
        1906   2.9999999999999999E-002
        1907   2.9999999999999999E-002
        1908   1.0000000000000000E-002
        1909   5.0000000000000001E-003
        1910   5.0000000000000001E-003
        1911   2.0000000000000000E-002
        1912  0.13500000000000001     
        1913  0.16000000000000000     
        1914  0.10500000000000000     
        1915   2.9999999999999999E-002
        1916   5.0000000000000003E-002
        1917   1.0000000000000000E-002
        1918   9.5000000000000001E-002
        1919  0.20000000000000001     
        1920  0.14999999999999999     
        1921   1.0000000000000000E-002
        1922   8.9999999999999997E-002
        1923   2.9999999999999999E-002
        1924   7.0000000000000007E-002
        1925   8.0000000000000002E-002
        1926   8.5000000000000006E-002
        1927   5.0000000000000001E-003
        1928   5.9999999999999998E-002
        1929   2.5000000000000001E-002
        1930  0.17000000000000001     
        1931   6.5000000000000002E-002
        1932   2.0000000000000000E-002
        1933  0.19500000000000001     
        1934  0.12000000000000000     
        1935  0.14000000000000001     
        1936  0.27000000000000002     
        1937   7.0000000000000007E-002
        1938  0.13000000000000000     
        1939   8.9999999999999997E-002
        1940   2.5000000000000001E-002
        1941  0.23499999999999999     
        1942  0.21500000000000000     
        1943   2.5000000000000001E-002
        1944  0.27500000000000002     
        1945  0.14499999999999999     
        1946  0.11500000000000000     
        1947   9.5000000000000001E-002
        1948   5.0000000000000001E-003
        1949  0.17499999999999999     
        1950  0.17999999999999999     
        1951  0.33500000000000002     
        1952   5.5000000000000000E-002
        1953   9.5000000000000001E-002
        1954   3.5000000000000003E-002
        1955  0.12500000000000000     
        1956   8.5000000000000006E-002
        1957   4.0000000000000001E-002
        1958  0.15500000000000000     
        1959   6.5000000000000002E-002
        1960  0.15500000000000000     
        1961  0.10500000000000000     
        1962   8.9999999999999997E-002
        1963  0.26500000000000001     
        1964   1.0000000000000000E-002
        1965  0.16500000000000001     
        1966   5.0000000000000003E-002
        1967  0.14499999999999999     
        1968  0.16000000000000000     
        1969  0.13500000000000001     
        1970  0.26000000000000001     
        1971  0.18500000000000000     
        1972  0.14499999999999999     
        1973  0.12000000000000000     
        1974  0.11000000000000000     
        1975  0.12500000000000000     
        1976   8.9999999999999997E-002
        1977   7.0000000000000007E-002
        1978  0.14000000000000001     
        1979   8.0000000000000002E-002
        1980  0.14499999999999999     
        1981   7.0000000000000007E-002
        1982   5.9999999999999998E-002
        1983   5.5000000000000000E-002
        1984   2.9999999999999999E-002
        1985   7.4999999999999997E-002
        1986  0.17000000000000001     
        1987   4.4999999999999998E-002
        1988  0.12500000000000000     
        1989   8.0000000000000002E-002
        1990  0.23000000000000001     
        1991   4.0000000000000001E-002
        1992  0.10000000000000001     
        1993   1.4999999999999999E-002
        1994   6.5000000000000002E-002
        1995   4.4999999999999998E-002
        1996   5.5000000000000000E-002
        1997   8.9999999999999997E-002
        1998   2.5000000000000001E-002
        1999  0.12500000000000000     
        2000   9.5000000000000001E-002
