           1  0.99979999999999991     
           2  0.99979999999999991     
           3  0.99985000000000013     
           4  0.99965000000000015     
           5  0.99970000000000014     
           6  0.99985000000000002     
           7  0.99990000000000012     
           8   1.0000000000000000     
           9  0.99985000000000002     
          10  0.99950000000000006     
          11  0.99995000000000001     
          12  0.99985000000000002     
          13  0.99980000000000002     
          14  0.99974999999999992     
          15  0.99989999999999990     
          16  0.99990000000000012     
          17  0.99980000000000013     
          18  0.99990000000000012     
          19  0.99979999999999991     
          20  0.99959999999999993     
          21  0.99995000000000001     
          22  0.99984999999999991     
          23  0.99975000000000025     
          24  0.99985000000000002     
          25  0.99979999999999991     
          26  0.99985000000000013     
          27  0.99960000000000004     
          28  0.99965000000000015     
          29  0.99990000000000012     
          30  0.99990000000000012     
          31  0.99974999999999992     
          32  0.99985000000000013     
          33  0.99995000000000001     
          34  0.99990000000000012     
          35  0.99985000000000002     
          36  0.99980000000000013     
          37  0.99990000000000012     
          38  0.99965000000000015     
          39  0.99990000000000012     
          40  0.99970000000000003     
          41  0.99985000000000013     
          42  0.99975000000000025     
          43  0.99985000000000013     
          44  0.99980000000000002     
          45  0.99980000000000002     
          46  0.99985000000000013     
          47  0.99985000000000013     
          48  0.99974999999999992     
          49  0.99985000000000002     
          50  0.99975000000000014     
          51  0.99980000000000013     
          52  0.99970000000000014     
          53  0.99995000000000001     
          54  0.99970000000000014     
          55  0.99985000000000002     
          56  0.99990000000000012     
          57  0.99974999999999992     
          58  0.99960000000000004     
          59  0.99980000000000002     
          60  0.99989999999999990     
          61  0.99965000000000004     
          62  0.99980000000000002     
          63   1.0000000000000000     
          64  0.99990000000000012     
          65  0.99985000000000002     
          66  0.99965000000000015     
          67  0.99965000000000004     
          68   1.0000000000000000     
          69  0.99970000000000014     
          70  0.99989999999999990     
          71  0.99985000000000013     
          72  0.99995000000000001     
          73  0.99985000000000013     
          74  0.99960000000000004     
          75  0.99980000000000013     
          76  0.99989999999999990     
          77  0.99989999999999990     
          78  0.99979999999999991     
          79  0.99985000000000002     
          80  0.99985000000000002     
          81  0.99985000000000002     
          82  0.99970000000000003     
          83  0.99975000000000025     
          84  0.99995000000000001     
          85  0.99975000000000014     
          86  0.99990000000000012     
          87  0.99960000000000004     
          88  0.99980000000000002     
          89  0.99985000000000013     
          90  0.99980000000000013     
          91  0.99990000000000012     
          92  0.99990000000000012     
          93  0.99990000000000012     
          94  0.99985000000000002     
          95  0.99975000000000014     
          96  0.99965000000000004     
          97  0.99985000000000013     
          98  0.99989999999999990     
          99  0.99990000000000012     
         100  0.99995000000000001     
