           1   6.6000000000000003E-002
           2   6.9199999999999998E-002
           3   7.3399999999999979E-002
           4   7.2949999999999987E-002
           5   7.2350000000000039E-002
           6   6.2449999999999936E-002
           7   5.5299999999999967E-002
           8   8.0449999999999994E-002
           9   7.2499999999999995E-002
          10   6.9599999999999967E-002
          11   8.1999999999999934E-002
          12   8.2850000000000021E-002
          13   7.1199999999999972E-002
          14   8.3899999999999975E-002
          15   7.9199999999999993E-002
          16   6.3849999999999990E-002
          17   7.0150000000000018E-002
          18   5.5399999999999991E-002
          19   6.5499999999999961E-002
          20   7.4449999999999988E-002
          21   6.5550000000000011E-002
          22   6.1599999999999981E-002
          23   7.2200000000000000E-002
          24   7.2999999999999995E-002
          25   7.0849999999999941E-002
          26   6.9300000000000014E-002
          27   6.1549999999999966E-002
          28   7.9000000000000001E-002
          29   6.4850000000000005E-002
          30   7.7299999999999980E-002
          31   7.8299999999999995E-002
          32   7.9149999999999957E-002
          33   6.5149999999999958E-002
          34   5.6049999999999989E-002
          35   7.3499999999999968E-002
          36   6.7199999999999982E-002
          37   6.4299999999999982E-002
          38   8.2049999999999998E-002
          39   7.6999999999999999E-002
          40   7.2249999999999995E-002
          41   6.8649999999999947E-002
          42   6.7949999999999969E-002
          43   7.1650000000000005E-002
          44   5.5949999999999986E-002
          45   6.7099999999999993E-002
          46   7.3350000000000040E-002
          47   8.7049999999999988E-002
          48   8.8150000000000034E-002
          49   7.7750000000000000E-002
          50   7.1350000000000025E-002
          51   7.2449999999999987E-002
          52   6.4500000000000002E-002
          53   6.4250000000000002E-002
          54   6.0549999999999965E-002
          55   7.4299999999999991E-002
          56   7.1149999999999977E-002
          57   6.7100000000000007E-002
          58   6.5049999999999983E-002
          59   6.4149999999999985E-002
          60   7.0350000000000010E-002
          61   7.3199999999999973E-002
          62   7.8800000000000023E-002
          63   7.5549999999999964E-002
          64   7.6249999999999971E-002
          65   5.5149999999999977E-002
          66   7.3100000000000012E-002
          67   8.6000000000000021E-002
          68   7.3699999999999974E-002
          69   8.1150000000000014E-002
          70   6.4199999999999979E-002
          71   7.1549999999999989E-002
          72   7.3449999999999960E-002
          73   7.0300000000000029E-002
          74   7.1650000000000005E-002
          75   7.0049999999999960E-002
          76   7.3800000000000004E-002
          77   6.2600000000000003E-002
          78   6.3450000000000006E-002
          79   6.1899999999999983E-002
          80   5.8800000000000019E-002
          81   6.7849999999999980E-002
          82   7.1350000000000011E-002
          83   6.4600000000000005E-002
          84   6.4999999999999988E-002
          85   7.4299999999999991E-002
          86   7.6149999999999982E-002
          87   8.0149999999999971E-002
          88   6.8799999999999972E-002
          89   6.8649999999999975E-002
          90   6.9749999999999979E-002
          91   5.7999999999999954E-002
          92   7.2400000000000006E-002
          93   6.6599999999999979E-002
          94   8.1799999999999998E-002
          95   7.0900000000000005E-002
          96   6.8049999999999972E-002
          97   6.2050000000000001E-002
          98   6.1699999999999970E-002
          99   6.7999999999999991E-002
         100   6.4149999999999985E-002
