           1  0.73999999999999999     
           2  0.23000000000000001     
           3   8.9999999999999997E-002
           4   6.5000000000000002E-002
           5  0.54500000000000004     
           6   6.5000000000000002E-002
           7  0.40000000000000002     
           8  0.17000000000000001     
           9  0.68999999999999995     
          10  0.34999999999999998     
          11  0.63000000000000000     
          12  0.18500000000000000     
          13  0.86499999999999999     
          14  0.15500000000000000     
          15  0.66500000000000004     
          16  0.21500000000000000     
          17   1.0000000000000000E-002
          18  0.12000000000000000     
          19  0.45000000000000001     
          20  0.17000000000000001     
          21  0.53500000000000003     
          22  0.56000000000000005     
          23  0.37500000000000000     
          24  0.13500000000000001     
          25  0.39000000000000001     
          26  0.56999999999999995     
          27   7.4999999999999997E-002
          28  0.32000000000000001     
          29  0.10000000000000001     
          30  0.12500000000000000     
          31  0.20000000000000001     
          32   1.0000000000000000E-002
          33  0.46500000000000002     
          34   4.4999999999999998E-002
          35  0.28000000000000003     
          36  0.54000000000000004     
          37  0.19500000000000001     
          38  0.15500000000000000     
          39   2.0000000000000000E-002
          40  0.59999999999999998     
          41   5.0000000000000003E-002
          42  0.23999999999999999     
          43  0.51000000000000001     
          44  0.14999999999999999     
          45  0.54500000000000004     
          46   2.0000000000000000E-002
          47  0.12000000000000000     
          48  0.71499999999999997     
          49  0.12000000000000000     
          50   2.0000000000000000E-002
          51  0.21500000000000000     
          52  0.17999999999999999     
          53  0.12500000000000000     
          54  0.32000000000000001     
          55  0.42999999999999999     
          56  0.41499999999999998     
          57  0.22500000000000001     
          58  0.69999999999999996     
          59  0.71499999999999997     
          60  0.31000000000000000     
          61  0.28499999999999998     
          62  0.48999999999999999     
          63  0.37500000000000000     
          64  0.57999999999999996     
          65  0.15500000000000000     
          66  0.59999999999999998     
          67  0.17000000000000001     
          68  0.16500000000000001     
          69  0.39500000000000002     
          70  0.33000000000000002     
          71  0.31500000000000000     
          72  0.26500000000000001     
          73  0.56999999999999995     
          74  0.41499999999999998     
          75  0.11000000000000000     
          76  0.56999999999999995     
          77  0.10500000000000000     
          78  0.76500000000000001     
          79   5.5000000000000000E-002
          80  0.16500000000000001     
          81  0.23499999999999999     
          82  0.33000000000000002     
          83  0.60499999999999998     
          84  0.19000000000000000     
          85  0.77000000000000002     
          86  0.69999999999999996     
          87  0.43500000000000000     
          88  0.24500000000000000     
          89  0.38500000000000001     
          90  0.53500000000000003     
          91  0.46000000000000002     
          92  0.59999999999999998     
          93  0.60499999999999998     
          94  0.50000000000000000     
          95  0.47999999999999998     
          96  0.41999999999999998     
          97  0.37500000000000000     
          98  0.20000000000000001     
          99  0.70499999999999996     
         100  0.47499999999999998     
         101  0.14999999999999999     
         102  0.17000000000000001     
         103   8.0000000000000002E-002
         104  0.41999999999999998     
         105  0.47499999999999998     
         106  0.37500000000000000     
         107  0.31500000000000000     
         108   7.4999999999999997E-002
         109  0.68500000000000005     
         110   3.5000000000000003E-002
         111  0.85499999999999998     
         112  0.25000000000000000     
         113  0.53500000000000003     
         114  0.57999999999999996     
         115  0.67500000000000004     
         116  0.12500000000000000     
         117  0.35499999999999998     
         118  0.55500000000000005     
         119  0.14499999999999999     
         120  0.52000000000000002     
         121  0.15500000000000000     
         122  0.37000000000000000     
         123   3.5000000000000003E-002
         124  0.11000000000000000     
         125  0.16500000000000001     
         126  0.25000000000000000     
         127  0.14000000000000001     
         128   2.0000000000000000E-002
         129  0.29999999999999999     
         130  0.36499999999999999     
         131   2.9999999999999999E-002
         132  0.31000000000000000     
         133  0.34000000000000002     
         134  0.44500000000000001     
         135  0.62500000000000000     
         136   2.5000000000000001E-002
         137  0.17999999999999999     
         138   8.9999999999999997E-002
         139  0.29999999999999999     
         140  0.65000000000000002     
         141  0.42499999999999999     
         142  0.60499999999999998     
         143  0.34000000000000002     
         144  0.10500000000000000     
         145  0.48999999999999999     
         146  0.16500000000000001     
         147   5.5000000000000000E-002
         148  0.30499999999999999     
         149  0.12500000000000000     
         150  0.34999999999999998     
         151  0.37000000000000000     
         152  0.31000000000000000     
         153  0.48999999999999999     
         154  0.34000000000000002     
         155   1.0000000000000000E-002
         156   8.5000000000000006E-002
         157   3.5000000000000003E-002
         158  0.17999999999999999     
         159  0.26500000000000001     
         160  0.14499999999999999     
         161  0.60999999999999999     
         162  0.41499999999999998     
         163  0.52000000000000002     
         164  0.11500000000000000     
         165  0.42999999999999999     
         166   1.4999999999999999E-002
         167  0.24500000000000000     
         168  0.33500000000000002     
         169  0.24500000000000000     
         170  0.64500000000000002     
         171  0.51500000000000001     
         172  0.69499999999999995     
         173   6.5000000000000002E-002
         174  0.13000000000000000     
         175  0.41999999999999998     
         176  0.10000000000000001     
         177  0.65000000000000002     
         178   2.9999999999999999E-002
         179  0.22000000000000000     
         180  0.20000000000000001     
         181  0.55000000000000004     
         182  0.13500000000000001     
         183  0.52500000000000002     
         184  0.25000000000000000     
         185  0.10500000000000000     
         186  0.68500000000000005     
         187  0.20000000000000001     
         188  0.14999999999999999     
         189  0.20499999999999999     
         190  0.23000000000000001     
         191   5.0000000000000001E-003
         192  0.19000000000000000     
         193   7.4999999999999997E-002
         194  0.41499999999999998     
         195  0.68000000000000005     
         196  0.39000000000000001     
         197  0.34999999999999998     
         198  0.33500000000000002     
         199  0.35999999999999999     
         200  0.34999999999999998     
         201  0.63000000000000000     
         202  0.35999999999999999     
         203   8.9999999999999997E-002
         204  0.67000000000000004     
         205   8.5000000000000006E-002
         206   6.5000000000000002E-002
         207  0.32000000000000001     
         208  0.27500000000000002     
         209  0.69999999999999996     
         210   7.0000000000000007E-002
         211  0.54000000000000004     
         212  0.39000000000000001     
         213   5.0000000000000001E-003
         214   8.0000000000000002E-002
         215   1.0000000000000000E-002
         216  0.68000000000000005     
         217  0.12000000000000000     
         218   5.5000000000000000E-002
         219  0.47499999999999998     
         220   8.9999999999999997E-002
         221  0.31500000000000000     
         222  0.70999999999999996     
         223  0.28999999999999998     
         224  0.20499999999999999     
         225  0.60999999999999999     
         226  0.53000000000000003     
         227   3.5000000000000003E-002
         228  0.24500000000000000     
         229  0.19000000000000000     
         230  0.64000000000000001     
         231  0.32500000000000001     
         232  0.21500000000000000     
         233  0.55500000000000005     
         234  0.28000000000000003     
         235  0.44500000000000001     
         236  0.25000000000000000     
         237  0.14000000000000001     
         238  0.29499999999999998     
         239  0.10000000000000001     
         240  0.22000000000000000     
         241  0.27000000000000002     
         242   2.9999999999999999E-002
         243  0.40500000000000003     
         244  0.46000000000000002     
         245  0.47999999999999998     
         246  0.23999999999999999     
         247  0.28999999999999998     
         248   2.0000000000000000E-002
         249  0.20000000000000001     
         250  0.17999999999999999     
         251  0.23999999999999999     
         252  0.19000000000000000     
         253   2.5000000000000001E-002
         254  0.33500000000000002     
         255  0.58499999999999996     
         256   2.9999999999999999E-002
         257  0.47499999999999998     
         258  0.18500000000000000     
         259   5.0000000000000003E-002
         260   1.4999999999999999E-002
         261  0.39500000000000002     
         262  0.69499999999999995     
         263  0.16500000000000001     
         264  0.37500000000000000     
         265  0.22500000000000001     
         266  0.19500000000000001     
         267  0.42999999999999999     
         268  0.20999999999999999     
         269  0.60499999999999998     
         270  0.25500000000000000     
         271  0.48499999999999999     
         272  0.14499999999999999     
         273  0.61499999999999999     
         274   6.5000000000000002E-002
         275  0.32000000000000001     
         276  0.43500000000000000     
         277  0.41999999999999998     
         278   2.0000000000000000E-002
         279  0.35999999999999999     
         280  0.25000000000000000     
         281  0.40000000000000002     
         282  0.27500000000000002     
         283  0.25500000000000000     
         284  0.21500000000000000     
         285  0.26000000000000001     
         286  0.34000000000000002     
         287  0.16000000000000000     
         288  0.19500000000000001     
         289   7.4999999999999997E-002
         290   2.0000000000000000E-002
         291  0.43500000000000000     
         292  0.38000000000000000     
         293  0.50000000000000000     
         294  0.55000000000000004     
         295   4.0000000000000001E-002
         296  0.14999999999999999     
         297  0.31500000000000000     
         298  0.27000000000000002     
         299   8.9999999999999997E-002
         300  0.68000000000000005     
         301  0.28000000000000003     
         302  0.33500000000000002     
         303  0.39000000000000001     
         304  0.13000000000000000     
         305  0.11000000000000000     
         306  0.32500000000000001     
         307  0.25000000000000000     
         308  0.67500000000000004     
         309  0.31500000000000000     
         310  0.11500000000000000     
         311  0.84499999999999997     
         312  0.20000000000000001     
         313  0.70499999999999996     
         314   5.0000000000000003E-002
         315  0.45500000000000002     
         316  0.20499999999999999     
         317  0.64000000000000001     
         318  0.35999999999999999     
         319  0.16000000000000000     
         320  0.12500000000000000     
         321  0.56999999999999995     
         322  0.35999999999999999     
         323  0.32500000000000001     
         324  0.23999999999999999     
         325  0.19500000000000001     
         326  0.59499999999999997     
         327  0.14499999999999999     
         328  0.57499999999999996     
         329  0.16000000000000000     
         330  0.12500000000000000     
         331  0.59499999999999997     
         332  0.11000000000000000     
         333   7.0000000000000007E-002
         334  0.25500000000000000     
         335  0.11000000000000000     
         336  0.20000000000000001     
         337  0.21500000000000000     
         338  0.34999999999999998     
         339   1.4999999999999999E-002
         340  0.71499999999999997     
         341   2.5000000000000001E-002
         342  0.40500000000000003     
         343  0.10500000000000000     
         344  0.49500000000000000     
         345  0.33500000000000002     
         346  0.52000000000000002     
         347  0.55000000000000004     
         348  0.13000000000000000     
         349  0.58499999999999996     
         350  0.55000000000000004     
         351  0.23000000000000001     
         352  0.23499999999999999     
         353  0.24500000000000000     
         354  0.55500000000000005     
         355   5.0000000000000003E-002
         356  0.25000000000000000     
         357  0.14499999999999999     
         358  0.33500000000000002     
         359  0.10000000000000001     
         360  0.12500000000000000     
         361  0.48499999999999999     
         362  0.70999999999999996     
         363  0.31000000000000000     
         364   6.5000000000000002E-002
         365  0.17499999999999999     
         366  0.23000000000000001     
         367  0.37500000000000000     
         368  0.58999999999999997     
         369  0.15500000000000000     
         370  0.33000000000000002     
         371  0.35499999999999998     
         372  0.32500000000000001     
         373   5.0000000000000003E-002
         374  0.65500000000000003     
         375  0.38500000000000001     
         376   6.5000000000000002E-002
         377  0.56499999999999995     
         378  0.12500000000000000     
         379  0.17999999999999999     
         380  0.26000000000000001     
         381  0.75000000000000000     
         382  0.41999999999999998     
         383  0.70499999999999996     
         384  0.50500000000000000     
         385  0.64000000000000001     
         386  0.25000000000000000     
         387  0.78000000000000003     
         388  0.59999999999999998     
         389  0.14499999999999999     
         390   1.4999999999999999E-002
         391  0.59999999999999998     
         392  0.28999999999999998     
         393  0.25000000000000000     
         394  0.39000000000000001     
         395  0.80000000000000004     
         396  0.19000000000000000     
         397   9.5000000000000001E-002
         398  0.58999999999999997     
         399  0.65500000000000003     
         400  0.34499999999999997     
         401  0.56000000000000005     
         402  0.33500000000000002     
         403  0.42499999999999999     
         404  0.41999999999999998     
         405  0.59999999999999998     
         406  0.61499999999999999     
         407   5.5000000000000000E-002
         408  0.71499999999999997     
         409  0.42999999999999999     
         410  0.20000000000000001     
         411  0.13000000000000000     
         412  0.31000000000000000     
         413  0.35999999999999999     
         414  0.17999999999999999     
         415  0.64500000000000002     
         416  0.54000000000000004     
         417  0.17000000000000001     
         418  0.31000000000000000     
         419  0.43500000000000000     
         420  0.37500000000000000     
         421  0.19000000000000000     
         422  0.11000000000000000     
         423  0.14000000000000001     
         424   8.5000000000000006E-002
         425  0.20999999999999999     
         426  0.21500000000000000     
         427  0.64000000000000001     
         428  0.41999999999999998     
         429  0.46000000000000002     
         430  0.55500000000000005     
         431  0.65500000000000003     
         432  0.60499999999999998     
         433  0.11500000000000000     
         434  0.12000000000000000     
         435  0.31000000000000000     
         436   2.5000000000000001E-002
         437  0.62500000000000000     
         438  0.31000000000000000     
         439  0.29499999999999998     
         440  0.37000000000000000     
         441  0.56499999999999995     
         442  0.17000000000000001     
         443  0.20499999999999999     
         444  0.11500000000000000     
         445  0.39500000000000002     
         446  0.57499999999999996     
         447  0.70499999999999996     
         448  0.60999999999999999     
         449  0.19500000000000001     
         450  0.58999999999999997     
         451  0.19500000000000001     
         452  0.33500000000000002     
         453  0.40999999999999998     
         454  0.85499999999999998     
         455  0.38000000000000000     
         456   2.0000000000000000E-002
         457  0.54000000000000004     
         458  0.73999999999999999     
         459  0.26500000000000001     
         460  0.67000000000000004     
         461  0.46000000000000002     
         462  0.44000000000000000     
         463  0.22000000000000000     
         464   2.9999999999999999E-002
         465  0.47999999999999998     
         466  0.22000000000000000     
         467   4.4999999999999998E-002
         468   9.5000000000000001E-002
         469   8.9999999999999997E-002
         470  0.16000000000000000     
         471  0.14499999999999999     
         472   4.0000000000000001E-002
         473  0.12500000000000000     
         474  0.58499999999999996     
         475  0.29999999999999999     
         476  0.41999999999999998     
         477  0.40999999999999998     
         478  0.10500000000000000     
         479  0.25500000000000000     
         480  0.51500000000000001     
         481  0.11000000000000000     
         482   6.5000000000000002E-002
         483   1.4999999999999999E-002
         484  0.34999999999999998     
         485  0.19500000000000001     
         486  0.17000000000000001     
         487   5.9999999999999998E-002
         488  0.38500000000000001     
         489   5.0000000000000003E-002
         490  0.14999999999999999     
         491  0.16500000000000001     
         492  0.48999999999999999     
         493  0.53500000000000003     
         494  0.70499999999999996     
         495  0.56000000000000005     
         496  0.19500000000000001     
         497  0.73499999999999999     
         498  0.54500000000000004     
         499  0.36499999999999999     
         500  0.17000000000000001     
         501  0.47999999999999998     
         502  0.35999999999999999     
         503  0.28999999999999998     
         504   5.0000000000000001E-003
         505  0.31500000000000000     
         506  0.35499999999999998     
         507  0.54500000000000004     
         508  0.20999999999999999     
         509   2.9999999999999999E-002
         510  0.55000000000000004     
         511  0.44000000000000000     
         512   0.0000000000000000     
         513  0.27500000000000002     
         514   4.4999999999999998E-002
         515  0.22000000000000000     
         516   4.0000000000000001E-002
         517  0.33500000000000002     
         518   8.9999999999999997E-002
         519  0.23999999999999999     
         520  0.39500000000000002     
         521   8.0000000000000002E-002
         522  0.51000000000000001     
         523  0.78000000000000003     
         524   5.5000000000000000E-002
         525  0.28499999999999998     
         526  0.13000000000000000     
         527  0.45500000000000002     
         528  0.11500000000000000     
         529  0.60499999999999998     
         530  0.41999999999999998     
         531   1.4999999999999999E-002
         532  0.46500000000000002     
         533  0.32000000000000001     
         534  0.59999999999999998     
         535   7.0000000000000007E-002
         536  0.15500000000000000     
         537  0.12500000000000000     
         538  0.79500000000000004     
         539   8.5000000000000006E-002
         540  0.45500000000000002     
         541  0.42499999999999999     
         542  0.28499999999999998     
         543   5.5000000000000000E-002
         544  0.51000000000000001     
         545  0.27000000000000002     
         546  0.57499999999999996     
         547   1.4999999999999999E-002
         548  0.25000000000000000     
         549  0.11500000000000000     
         550  0.48499999999999999     
         551  0.44500000000000001     
         552  0.32000000000000001     
         553   5.0000000000000001E-003
         554   3.5000000000000003E-002
         555  0.46500000000000002     
         556  0.23000000000000001     
         557   6.5000000000000002E-002
         558  0.22500000000000001     
         559  0.46000000000000002     
         560  0.41999999999999998     
         561  0.40999999999999998     
         562  0.42999999999999999     
         563  0.54500000000000004     
         564  0.60999999999999999     
         565  0.41499999999999998     
         566  0.44500000000000001     
         567   0.0000000000000000     
         568  0.26000000000000001     
         569  0.69499999999999995     
         570  0.78000000000000003     
         571  0.17499999999999999     
         572  0.29499999999999998     
         573  0.13500000000000001     
         574  0.13500000000000001     
         575  0.24500000000000000     
         576  0.51500000000000001     
         577  0.12000000000000000     
         578  0.40999999999999998     
         579  0.33000000000000002     
         580  0.14000000000000001     
         581  0.18500000000000000     
         582  0.17999999999999999     
         583   8.0000000000000002E-002
         584  0.17000000000000001     
         585  0.63000000000000000     
         586  0.62500000000000000     
         587  0.48999999999999999     
         588   0.0000000000000000     
         589   5.0000000000000001E-003
         590  0.57999999999999996     
         591  0.23000000000000001     
         592  0.83999999999999997     
         593  0.10000000000000001     
         594  0.47499999999999998     
         595  0.37500000000000000     
         596  0.17999999999999999     
         597  0.12500000000000000     
         598  0.48999999999999999     
         599  0.25500000000000000     
         600  0.60999999999999999     
         601  0.15500000000000000     
         602  0.57499999999999996     
         603  0.16000000000000000     
         604  0.10500000000000000     
         605  0.17999999999999999     
         606  0.40500000000000003     
         607  0.66000000000000003     
         608   7.4999999999999997E-002
         609  0.28499999999999998     
         610  0.25500000000000000     
         611   5.0000000000000003E-002
         612  0.41999999999999998     
         613   8.5000000000000006E-002
         614  0.23999999999999999     
         615  0.69999999999999996     
         616  0.27000000000000002     
         617  0.50500000000000000     
         618  0.11500000000000000     
         619  0.13000000000000000     
         620  0.46000000000000002     
         621   5.0000000000000003E-002
         622  0.37500000000000000     
         623  0.40500000000000003     
         624  0.59999999999999998     
         625  0.22500000000000001     
         626   8.0000000000000002E-002
         627  0.21500000000000000     
         628  0.32000000000000001     
         629  0.41499999999999998     
         630  0.20499999999999999     
         631  0.56999999999999995     
         632  0.44000000000000000     
         633  0.15500000000000000     
         634  0.17000000000000001     
         635  0.33500000000000002     
         636   2.9999999999999999E-002
         637  0.44500000000000001     
         638  0.20999999999999999     
         639  0.18500000000000000     
         640  0.23999999999999999     
         641  0.28499999999999998     
         642  0.31000000000000000     
         643   3.5000000000000003E-002
         644  0.59499999999999997     
         645   0.0000000000000000     
         646  0.26000000000000001     
         647  0.59499999999999997     
         648  0.47999999999999998     
         649  0.48999999999999999     
         650   3.5000000000000003E-002
         651  0.66500000000000004     
         652   9.5000000000000001E-002
         653  0.59499999999999997     
         654  0.74500000000000000     
         655  0.46500000000000002     
         656  0.14499999999999999     
         657  0.49500000000000000     
         658   3.5000000000000003E-002
         659   4.4999999999999998E-002
         660  0.20499999999999999     
         661  0.46000000000000002     
         662  0.27000000000000002     
         663  0.44000000000000000     
         664   7.0000000000000007E-002
         665  0.65500000000000003     
         666   1.0000000000000000E-002
         667  0.39000000000000001     
         668  0.37500000000000000     
         669  0.63500000000000001     
         670  0.77500000000000002     
         671   6.5000000000000002E-002
         672  0.65500000000000003     
         673  0.21500000000000000     
         674  0.14000000000000001     
         675  0.69999999999999996     
         676  0.74500000000000000     
         677  0.10500000000000000     
         678  0.17999999999999999     
         679  0.48999999999999999     
         680  0.41499999999999998     
         681   4.4999999999999998E-002
         682  0.29999999999999999     
         683   7.0000000000000007E-002
         684   2.5000000000000001E-002
         685  0.69999999999999996     
         686  0.20000000000000001     
         687  0.63000000000000000     
         688   4.0000000000000001E-002
         689  0.39500000000000002     
         690   8.9999999999999997E-002
         691  0.23499999999999999     
         692   1.0000000000000000E-002
         693  0.34000000000000002     
         694  0.55500000000000005     
         695  0.79500000000000004     
         696   2.9999999999999999E-002
         697  0.41999999999999998     
         698  0.28000000000000003     
         699  0.50500000000000000     
         700   9.5000000000000001E-002
         701  0.41999999999999998     
         702  0.11500000000000000     
         703  0.56000000000000005     
         704   8.5000000000000006E-002
         705  0.19000000000000000     
         706   2.5000000000000001E-002
         707  0.22500000000000001     
         708  0.25500000000000000     
         709  0.37500000000000000     
         710  0.44500000000000001     
         711  0.13500000000000001     
         712  0.11500000000000000     
         713  0.47499999999999998     
         714  0.27000000000000002     
         715  0.56999999999999995     
         716  0.76000000000000001     
         717  0.51500000000000001     
         718  0.13500000000000001     
         719  0.43500000000000000     
         720  0.39500000000000002     
         721   8.9999999999999997E-002
         722  0.23499999999999999     
         723  0.39000000000000001     
         724  0.33500000000000002     
         725  0.67500000000000004     
         726  0.65000000000000002     
         727  0.41999999999999998     
         728  0.53000000000000003     
         729  0.63000000000000000     
         730  0.16500000000000001     
         731   5.9999999999999998E-002
         732  0.14000000000000001     
         733  0.67000000000000004     
         734  0.21500000000000000     
         735  0.34000000000000002     
         736  0.23999999999999999     
         737   2.0000000000000000E-002
         738   8.9999999999999997E-002
         739  0.22000000000000000     
         740  0.62500000000000000     
         741  0.41499999999999998     
         742  0.22500000000000001     
         743  0.21500000000000000     
         744  0.26500000000000001     
         745  0.34999999999999998     
         746  0.79500000000000004     
         747  0.68999999999999995     
         748   5.0000000000000003E-002
         749  0.53500000000000003     
         750   5.0000000000000003E-002
         751  0.60999999999999999     
         752  0.51000000000000001     
         753  0.24500000000000000     
         754  0.62500000000000000     
         755  0.42499999999999999     
         756  0.12000000000000000     
         757   8.9999999999999997E-002
         758  0.41999999999999998     
         759  0.16000000000000000     
         760  0.20000000000000001     
         761  0.20000000000000001     
         762  0.29999999999999999     
         763  0.12000000000000000     
         764  0.58499999999999996     
         765  0.23499999999999999     
         766   5.0000000000000001E-003
         767  0.60999999999999999     
         768   1.4999999999999999E-002
         769  0.48499999999999999     
         770  0.23999999999999999     
         771  0.62500000000000000     
         772  0.51500000000000001     
         773  0.23999999999999999     
         774   3.5000000000000003E-002
         775  0.70999999999999996     
         776  0.25000000000000000     
         777  0.56999999999999995     
         778  0.38500000000000001     
         779  0.72499999999999998     
         780  0.21500000000000000     
         781  0.34999999999999998     
         782  0.78500000000000003     
         783  0.28000000000000003     
         784  0.32000000000000001     
         785  0.58499999999999996     
         786   3.5000000000000003E-002
         787  0.51500000000000001     
         788  0.48999999999999999     
         789  0.25500000000000000     
         790  0.77500000000000002     
         791  0.18500000000000000     
         792  0.67000000000000004     
         793  0.23000000000000001     
         794   5.0000000000000003E-002
         795  0.68500000000000005     
         796  0.32500000000000001     
         797  0.69999999999999996     
         798  0.40999999999999998     
         799  0.21500000000000000     
         800   2.9999999999999999E-002
         801  0.19500000000000001     
         802   8.9999999999999997E-002
         803  0.27500000000000002     
         804  0.42499999999999999     
         805  0.13500000000000001     
         806  0.13500000000000001     
         807  0.38500000000000001     
         808  0.19000000000000000     
         809   6.5000000000000002E-002
         810  0.46500000000000002     
         811  0.67000000000000004     
         812  0.26500000000000001     
         813  0.21500000000000000     
         814  0.23000000000000001     
         815  0.40000000000000002     
         816  0.29499999999999998     
         817  0.12000000000000000     
         818  0.46000000000000002     
         819  0.36499999999999999     
         820  0.46000000000000002     
         821  0.75000000000000000     
         822  0.25000000000000000     
         823  0.19000000000000000     
         824  0.10000000000000001     
         825   7.4999999999999997E-002
         826   0.0000000000000000     
         827  0.60499999999999998     
         828  0.32000000000000001     
         829  0.11000000000000000     
         830  0.39000000000000001     
         831  0.68999999999999995     
         832   2.9999999999999999E-002
         833  0.60999999999999999     
         834  0.64000000000000001     
         835  0.31500000000000000     
         836  0.60499999999999998     
         837  0.73499999999999999     
         838  0.34000000000000002     
         839  0.35499999999999998     
         840  0.30499999999999999     
         841   8.0000000000000002E-002
         842  0.20999999999999999     
         843  0.37000000000000000     
         844  0.36499999999999999     
         845  0.65000000000000002     
         846  0.29999999999999999     
         847   5.5000000000000000E-002
         848  0.56499999999999995     
         849  0.39500000000000002     
         850  0.37500000000000000     
         851  0.70999999999999996     
         852  0.34999999999999998     
         853  0.77000000000000002     
         854  0.37500000000000000     
         855   4.4999999999999998E-002
         856  0.44500000000000001     
         857  0.41499999999999998     
         858  0.46000000000000002     
         859  0.66000000000000003     
         860  0.13500000000000001     
         861  0.57999999999999996     
         862   2.0000000000000000E-002
         863  0.36499999999999999     
         864  0.27500000000000002     
         865  0.16000000000000000     
         866  0.54500000000000004     
         867  0.39500000000000002     
         868  0.68500000000000005     
         869  0.55000000000000004     
         870  0.60499999999999998     
         871  0.43500000000000000     
         872  0.59999999999999998     
         873  0.63500000000000001     
         874  0.15500000000000000     
         875  0.51000000000000001     
         876  0.55000000000000004     
         877  0.59999999999999998     
         878  0.11500000000000000     
         879  0.16000000000000000     
         880  0.19500000000000001     
         881  0.10500000000000000     
         882   1.4999999999999999E-002
         883  0.17000000000000001     
         884  0.23000000000000001     
         885  0.40500000000000003     
         886  0.64000000000000001     
         887  0.47499999999999998     
         888  0.24500000000000000     
         889  0.58499999999999996     
         890  0.51000000000000001     
         891  0.67000000000000004     
         892  0.18500000000000000     
         893  0.46999999999999997     
         894  0.34000000000000002     
         895  0.53500000000000003     
         896  0.21500000000000000     
         897  0.72499999999999998     
         898  0.22500000000000001     
         899  0.49500000000000000     
         900   6.5000000000000002E-002
         901   3.5000000000000003E-002
         902  0.39000000000000001     
         903   7.0000000000000007E-002
         904  0.45500000000000002     
         905  0.37000000000000000     
         906  0.12500000000000000     
         907  0.36499999999999999     
         908  0.65000000000000002     
         909  0.13500000000000001     
         910  0.35999999999999999     
         911  0.12000000000000000     
         912  0.35999999999999999     
         913  0.27000000000000002     
         914  0.57499999999999996     
         915  0.70499999999999996     
         916   4.4999999999999998E-002
         917  0.20000000000000001     
         918  0.40000000000000002     
         919  0.21500000000000000     
         920  0.24500000000000000     
         921  0.20000000000000001     
         922  0.66500000000000004     
         923  0.17000000000000001     
         924   2.0000000000000000E-002
         925  0.24500000000000000     
         926   8.9999999999999997E-002
         927   8.5000000000000006E-002
         928  0.45000000000000001     
         929  0.19500000000000001     
         930  0.34999999999999998     
         931  0.25000000000000000     
         932  0.77000000000000002     
         933  0.53500000000000003     
         934  0.78000000000000003     
         935  0.55500000000000005     
         936  0.33500000000000002     
         937  0.29499999999999998     
         938  0.12000000000000000     
         939  0.40500000000000003     
         940  0.20000000000000001     
         941  0.49500000000000000     
         942   4.4999999999999998E-002
         943  0.52500000000000002     
         944  0.30499999999999999     
         945   5.0000000000000003E-002
         946  0.52500000000000002     
         947  0.37000000000000000     
         948   8.5000000000000006E-002
         949  0.27000000000000002     
         950  0.23499999999999999     
         951  0.17999999999999999     
         952   9.5000000000000001E-002
         953  0.34499999999999997     
         954  0.33000000000000002     
         955  0.14999999999999999     
         956  0.43500000000000000     
         957  0.26000000000000001     
         958   8.9999999999999997E-002
         959  0.56999999999999995     
         960  0.30499999999999999     
         961  0.34499999999999997     
         962  0.33000000000000002     
         963  0.34999999999999998     
         964   4.0000000000000001E-002
         965  0.58499999999999996     
         966  0.55500000000000005     
         967  0.54500000000000004     
         968  0.20999999999999999     
         969  0.25500000000000000     
         970  0.51500000000000001     
         971  0.22000000000000000     
         972  0.33500000000000002     
         973  0.67000000000000004     
         974  0.49500000000000000     
         975  0.48999999999999999     
         976   9.5000000000000001E-002
         977  0.26000000000000001     
         978  0.72499999999999998     
         979  0.33500000000000002     
         980   1.0000000000000000E-002
         981  0.68000000000000005     
         982   4.0000000000000001E-002
         983  0.66000000000000003     
         984  0.41499999999999998     
         985  0.27500000000000002     
         986  0.45000000000000001     
         987  0.53500000000000003     
         988  0.73499999999999999     
         989   9.5000000000000001E-002
         990  0.32500000000000001     
         991  0.17499999999999999     
         992  0.43500000000000000     
         993  0.11500000000000000     
         994  0.42499999999999999     
         995  0.30499999999999999     
         996   2.5000000000000001E-002
         997  0.59999999999999998     
         998  0.53000000000000003     
         999  0.70499999999999996     
        1000  0.12000000000000000     
        1001  0.48999999999999999     
        1002  0.67000000000000004     
        1003  0.28000000000000003     
        1004  0.51500000000000001     
        1005  0.16000000000000000     
        1006   8.0000000000000002E-002
        1007  0.35999999999999999     
        1008  0.21500000000000000     
        1009  0.19000000000000000     
        1010  0.65000000000000002     
        1011  0.46500000000000002     
        1012  0.26000000000000001     
        1013  0.57499999999999996     
        1014  0.69999999999999996     
        1015  0.12000000000000000     
        1016  0.33000000000000002     
        1017  0.71999999999999997     
        1018  0.75500000000000000     
        1019  0.14999999999999999     
        1020  0.43500000000000000     
        1021  0.55000000000000004     
        1022  0.56499999999999995     
        1023  0.78500000000000003     
        1024  0.64000000000000001     
        1025  0.39000000000000001     
        1026   8.5000000000000006E-002
        1027  0.26500000000000001     
        1028   2.0000000000000000E-002
        1029   5.0000000000000003E-002
        1030   7.0000000000000007E-002
        1031  0.42499999999999999     
        1032  0.81499999999999995     
        1033  0.17999999999999999     
        1034  0.46999999999999997     
        1035  0.16500000000000001     
        1036  0.27500000000000002     
        1037  0.44500000000000001     
        1038   2.9999999999999999E-002
        1039  0.40999999999999998     
        1040   2.5000000000000001E-002
        1041  0.46999999999999997     
        1042  0.67500000000000004     
        1043  0.25500000000000000     
        1044   1.0000000000000000E-002
        1045  0.14000000000000001     
        1046  0.23000000000000001     
        1047   2.9999999999999999E-002
        1048  0.52500000000000002     
        1049   2.5000000000000001E-002
        1050   5.5000000000000000E-002
        1051   7.0000000000000007E-002
        1052  0.14000000000000001     
        1053  0.73999999999999999     
        1054  0.24500000000000000     
        1055  0.40000000000000002     
        1056   2.9999999999999999E-002
        1057  0.16000000000000000     
        1058  0.12500000000000000     
        1059  0.27500000000000002     
        1060  0.67500000000000004     
        1061  0.35499999999999998     
        1062  0.17999999999999999     
        1063  0.14000000000000001     
        1064  0.23499999999999999     
        1065  0.71999999999999997     
        1066  0.67000000000000004     
        1067  0.52500000000000002     
        1068  0.33000000000000002     
        1069  0.34000000000000002     
        1070  0.60999999999999999     
        1071  0.46500000000000002     
        1072  0.65500000000000003     
        1073  0.60999999999999999     
        1074  0.26500000000000001     
        1075  0.34499999999999997     
        1076  0.65500000000000003     
        1077   2.0000000000000000E-002
        1078  0.73999999999999999     
        1079  0.29999999999999999     
        1080  0.40500000000000003     
        1081  0.10500000000000000     
        1082  0.60499999999999998     
        1083  0.67000000000000004     
        1084  0.12500000000000000     
        1085  0.16500000000000001     
        1086  0.10500000000000000     
        1087  0.40500000000000003     
        1088   8.5000000000000006E-002
        1089  0.43500000000000000     
        1090   5.0000000000000001E-003
        1091  0.69999999999999996     
        1092  0.31500000000000000     
        1093  0.19500000000000001     
        1094  0.34999999999999998     
        1095  0.11000000000000000     
        1096  0.26000000000000001     
        1097  0.35999999999999999     
        1098  0.57499999999999996     
        1099  0.28999999999999998     
        1100  0.21500000000000000     
        1101  0.45000000000000001     
        1102   5.0000000000000001E-003
        1103  0.41999999999999998     
        1104  0.19000000000000000     
        1105  0.29999999999999999     
        1106  0.57499999999999996     
        1107  0.66000000000000003     
        1108  0.13500000000000001     
        1109  0.32500000000000001     
        1110  0.66000000000000003     
        1111  0.26000000000000001     
        1112  0.25000000000000000     
        1113   8.5000000000000006E-002
        1114  0.56000000000000005     
        1115  0.16500000000000001     
        1116  0.64500000000000002     
        1117  0.56499999999999995     
        1118  0.52000000000000002     
        1119   8.5000000000000006E-002
        1120  0.55000000000000004     
        1121  0.53000000000000003     
        1122  0.82999999999999996     
        1123  0.13500000000000001     
        1124  0.62000000000000000     
        1125  0.78000000000000003     
        1126  0.45000000000000001     
        1127  0.73499999999999999     
        1128  0.47499999999999998     
        1129  0.75000000000000000     
        1130   3.5000000000000003E-002
        1131   0.0000000000000000     
        1132  0.18500000000000000     
        1133   6.5000000000000002E-002
        1134  0.40500000000000003     
        1135  0.10000000000000001     
        1136  0.27000000000000002     
        1137  0.26000000000000001     
        1138  0.10500000000000000     
        1139  0.78500000000000003     
        1140   1.4999999999999999E-002
        1141  0.32500000000000001     
        1142  0.28499999999999998     
        1143  0.11000000000000000     
        1144  0.37000000000000000     
        1145   7.4999999999999997E-002
        1146   1.0000000000000000E-002
        1147  0.56000000000000005     
        1148  0.83499999999999996     
        1149  0.58499999999999996     
        1150  0.37000000000000000     
        1151  0.50500000000000000     
        1152  0.49500000000000000     
        1153   7.0000000000000007E-002
        1154  0.65500000000000003     
        1155  0.10500000000000000     
        1156   5.0000000000000003E-002
        1157   7.0000000000000007E-002
        1158  0.28999999999999998     
        1159  0.66000000000000003     
        1160  0.35999999999999999     
        1161  0.29499999999999998     
        1162  0.51000000000000001     
        1163  0.43500000000000000     
        1164   6.5000000000000002E-002
        1165  0.49500000000000000     
        1166  0.17999999999999999     
        1167  0.39000000000000001     
        1168  0.36499999999999999     
        1169  0.58499999999999996     
        1170  0.28000000000000003     
        1171  0.48999999999999999     
        1172  0.66500000000000004     
        1173  0.37500000000000000     
        1174  0.30499999999999999     
        1175  0.29999999999999999     
        1176  0.38500000000000001     
        1177  0.57499999999999996     
        1178  0.63000000000000000     
        1179  0.31500000000000000     
        1180  0.32000000000000001     
        1181  0.50500000000000000     
        1182  0.72499999999999998     
        1183  0.23000000000000001     
        1184  0.48499999999999999     
        1185  0.34499999999999997     
        1186  0.46500000000000002     
        1187   2.5000000000000001E-002
        1188  0.45500000000000002     
        1189  0.57499999999999996     
        1190  0.17999999999999999     
        1191  0.33500000000000002     
        1192  0.18500000000000000     
        1193   2.9999999999999999E-002
        1194  0.45500000000000002     
        1195  0.53500000000000003     
        1196  0.48499999999999999     
        1197  0.46500000000000002     
        1198  0.19000000000000000     
        1199  0.25500000000000000     
        1200   4.4999999999999998E-002
        1201  0.20999999999999999     
        1202  0.65500000000000003     
        1203  0.63000000000000000     
        1204  0.46999999999999997     
        1205  0.28000000000000003     
        1206  0.29999999999999999     
        1207  0.19500000000000001     
        1208  0.13000000000000000     
        1209  0.17999999999999999     
        1210  0.68999999999999995     
        1211  0.51500000000000001     
        1212  0.12000000000000000     
        1213  0.28499999999999998     
        1214  0.63000000000000000     
        1215  0.20499999999999999     
        1216  0.10000000000000001     
        1217  0.60999999999999999     
        1218  0.38000000000000000     
        1219  0.62000000000000000     
        1220   2.9999999999999999E-002
        1221  0.31000000000000000     
        1222  0.41999999999999998     
        1223  0.32000000000000001     
        1224  0.63500000000000001     
        1225  0.26000000000000001     
        1226  0.26000000000000001     
        1227  0.27500000000000002     
        1228   1.0000000000000000E-002
        1229  0.26500000000000001     
        1230  0.14000000000000001     
        1231  0.32000000000000001     
        1232  0.18500000000000000     
        1233   2.9999999999999999E-002
        1234  0.67000000000000004     
        1235  0.47499999999999998     
        1236   4.4999999999999998E-002
        1237  0.16000000000000000     
        1238   8.9999999999999997E-002
        1239  0.26000000000000001     
        1240  0.29999999999999999     
        1241  0.48999999999999999     
        1242  0.63500000000000001     
        1243  0.13000000000000000     
        1244  0.23499999999999999     
        1245   5.9999999999999998E-002
        1246  0.58499999999999996     
        1247  0.46500000000000002     
        1248   8.9999999999999997E-002
        1249  0.40500000000000003     
        1250  0.57499999999999996     
        1251  0.75500000000000000     
        1252  0.25000000000000000     
        1253   8.5000000000000006E-002
        1254  0.38000000000000000     
        1255  0.42999999999999999     
        1256  0.11500000000000000     
        1257  0.38000000000000000     
        1258  0.50500000000000000     
        1259  0.35999999999999999     
        1260  0.11000000000000000     
        1261  0.28000000000000003     
        1262  0.35499999999999998     
        1263  0.16000000000000000     
        1264  0.68500000000000005     
        1265  0.10000000000000001     
        1266  0.19500000000000001     
        1267   7.4999999999999997E-002
        1268  0.17000000000000001     
        1269  0.17499999999999999     
        1270  0.71999999999999997     
        1271   7.0000000000000007E-002
        1272  0.14499999999999999     
        1273  0.70999999999999996     
        1274  0.54000000000000004     
        1275  0.10000000000000001     
        1276  0.29499999999999998     
        1277  0.32500000000000001     
        1278  0.28000000000000003     
        1279  0.35999999999999999     
        1280  0.34999999999999998     
        1281  0.48999999999999999     
        1282   4.4999999999999998E-002
        1283   7.4999999999999997E-002
        1284  0.17999999999999999     
        1285  0.63000000000000000     
        1286  0.68000000000000005     
        1287  0.34000000000000002     
        1288  0.59499999999999997     
        1289  0.48999999999999999     
        1290  0.19500000000000001     
        1291  0.64500000000000002     
        1292   6.5000000000000002E-002
        1293  0.34499999999999997     
        1294  0.44000000000000000     
        1295  0.18500000000000000     
        1296  0.77000000000000002     
        1297  0.45000000000000001     
        1298  0.28000000000000003     
        1299  0.44000000000000000     
        1300  0.34000000000000002     
        1301  0.10500000000000000     
        1302  0.41999999999999998     
        1303  0.45000000000000001     
        1304  0.37000000000000000     
        1305  0.77500000000000002     
        1306  0.54500000000000004     
        1307   5.5000000000000000E-002
        1308  0.56000000000000005     
        1309  0.58499999999999996     
        1310  0.33500000000000002     
        1311  0.26500000000000001     
        1312  0.41999999999999998     
        1313  0.72499999999999998     
        1314  0.40999999999999998     
        1315  0.46000000000000002     
        1316  0.55000000000000004     
        1317  0.17999999999999999     
        1318  0.44000000000000000     
        1319  0.29499999999999998     
        1320  0.56999999999999995     
        1321  0.46500000000000002     
        1322  0.45000000000000001     
        1323  0.11500000000000000     
        1324  0.29499999999999998     
        1325  0.22000000000000000     
        1326  0.36499999999999999     
        1327  0.24500000000000000     
        1328  0.27500000000000002     
        1329  0.20000000000000001     
        1330  0.12000000000000000     
        1331  0.12000000000000000     
        1332  0.17000000000000001     
        1333  0.50500000000000000     
        1334   1.0000000000000000E-002
        1335  0.52000000000000002     
        1336  0.52000000000000002     
        1337  0.54000000000000004     
        1338   1.4999999999999999E-002
        1339   5.5000000000000000E-002
        1340  0.29499999999999998     
        1341  0.70499999999999996     
        1342   2.0000000000000000E-002
        1343  0.46000000000000002     
        1344  0.52000000000000002     
        1345  0.20999999999999999     
        1346  0.37500000000000000     
        1347  0.33500000000000002     
        1348  0.19000000000000000     
        1349  0.10000000000000001     
        1350  0.23000000000000001     
        1351  0.55000000000000004     
        1352  0.45500000000000002     
        1353  0.31000000000000000     
        1354  0.31000000000000000     
        1355  0.40500000000000003     
        1356  0.14999999999999999     
        1357  0.25000000000000000     
        1358  0.27500000000000002     
        1359  0.17499999999999999     
        1360  0.46999999999999997     
        1361   7.4999999999999997E-002
        1362  0.36499999999999999     
        1363   3.5000000000000003E-002
        1364  0.77500000000000002     
        1365  0.40500000000000003     
        1366  0.29999999999999999     
        1367  0.40999999999999998     
        1368  0.45000000000000001     
        1369  0.70499999999999996     
        1370  0.12500000000000000     
        1371   8.0000000000000002E-002
        1372  0.69999999999999996     
        1373  0.18500000000000000     
        1374  0.78000000000000003     
        1375  0.57499999999999996     
        1376  0.40500000000000003     
        1377  0.20999999999999999     
        1378   1.4999999999999999E-002
        1379  0.50500000000000000     
        1380  0.78500000000000003     
        1381  0.42499999999999999     
        1382  0.46999999999999997     
        1383  0.59999999999999998     
        1384  0.23999999999999999     
        1385  0.60499999999999998     
        1386  0.35999999999999999     
        1387  0.17999999999999999     
        1388  0.23999999999999999     
        1389  0.52000000000000002     
        1390  0.72499999999999998     
        1391  0.69499999999999995     
        1392  0.11500000000000000     
        1393  0.56000000000000005     
        1394  0.32000000000000001     
        1395  0.63500000000000001     
        1396  0.57499999999999996     
        1397  0.35499999999999998     
        1398  0.14000000000000001     
        1399  0.64500000000000002     
        1400  0.65500000000000003     
        1401  0.38500000000000001     
        1402  0.54500000000000004     
        1403  0.58999999999999997     
        1404   8.9999999999999997E-002
        1405   4.4999999999999998E-002
        1406  0.42999999999999999     
        1407  0.14999999999999999     
        1408  0.20999999999999999     
        1409   4.4999999999999998E-002
        1410  0.23000000000000001     
        1411  0.38500000000000001     
        1412  0.22000000000000000     
        1413  0.57499999999999996     
        1414  0.42499999999999999     
        1415  0.23000000000000001     
        1416  0.55000000000000004     
        1417  0.13000000000000000     
        1418  0.34000000000000002     
        1419  0.14499999999999999     
        1420  0.41999999999999998     
        1421   7.4999999999999997E-002
        1422  0.20999999999999999     
        1423  0.31500000000000000     
        1424  0.28000000000000003     
        1425  0.16500000000000001     
        1426  0.39500000000000002     
        1427  0.29999999999999999     
        1428  0.46999999999999997     
        1429  0.45500000000000002     
        1430  0.54500000000000004     
        1431  0.25000000000000000     
        1432  0.37000000000000000     
        1433   8.0000000000000002E-002
        1434  0.30499999999999999     
        1435  0.34999999999999998     
        1436  0.58499999999999996     
        1437  0.36499999999999999     
        1438  0.16000000000000000     
        1439  0.59999999999999998     
        1440  0.52500000000000002     
        1441  0.51500000000000001     
        1442  0.10500000000000000     
        1443  0.68500000000000005     
        1444  0.34999999999999998     
        1445  0.35999999999999999     
        1446  0.63500000000000001     
        1447  0.19000000000000000     
        1448   2.5000000000000001E-002
        1449   1.0000000000000000E-002
        1450  0.66500000000000004     
        1451   4.4999999999999998E-002
        1452  0.12000000000000000     
        1453  0.11500000000000000     
        1454  0.72499999999999998     
        1455  0.21500000000000000     
        1456  0.33000000000000002     
        1457  0.32500000000000001     
        1458  0.23499999999999999     
        1459  0.41999999999999998     
        1460  0.57499999999999996     
        1461  0.46999999999999997     
        1462  0.57999999999999996     
        1463  0.46500000000000002     
        1464  0.41999999999999998     
        1465  0.52000000000000002     
        1466  0.48499999999999999     
        1467  0.76500000000000001     
        1468   8.0000000000000002E-002
        1469  0.57999999999999996     
        1470  0.53500000000000003     
        1471  0.42499999999999999     
        1472  0.58499999999999996     
        1473   4.4999999999999998E-002
        1474  0.12000000000000000     
        1475  0.53500000000000003     
        1476  0.30499999999999999     
        1477  0.43500000000000000     
        1478  0.29499999999999998     
        1479  0.26000000000000001     
        1480  0.11500000000000000     
        1481  0.43500000000000000     
        1482  0.17000000000000001     
        1483  0.14999999999999999     
        1484  0.44500000000000001     
        1485  0.42499999999999999     
        1486  0.56000000000000005     
        1487  0.17499999999999999     
        1488   5.5000000000000000E-002
        1489  0.19500000000000001     
        1490  0.59499999999999997     
        1491  0.13000000000000000     
        1492   8.0000000000000002E-002
        1493   2.5000000000000001E-002
        1494   8.5000000000000006E-002
        1495  0.76000000000000001     
        1496  0.21500000000000000     
        1497   4.0000000000000001E-002
        1498  0.59499999999999997     
        1499  0.39000000000000001     
        1500   1.0000000000000000E-002
        1501  0.16000000000000000     
        1502  0.66500000000000004     
        1503  0.24500000000000000     
        1504  0.58999999999999997     
        1505  0.44500000000000001     
        1506   3.5000000000000003E-002
        1507  0.43500000000000000     
        1508  0.36499999999999999     
        1509  0.30499999999999999     
        1510   7.4999999999999997E-002
        1511  0.60499999999999998     
        1512  0.18500000000000000     
        1513  0.23999999999999999     
        1514  0.54000000000000004     
        1515  0.19000000000000000     
        1516  0.62500000000000000     
        1517  0.17499999999999999     
        1518  0.57499999999999996     
        1519  0.39000000000000001     
        1520  0.19500000000000001     
        1521  0.62000000000000000     
        1522  0.53000000000000003     
        1523  0.14999999999999999     
        1524   4.0000000000000001E-002
        1525  0.48499999999999999     
        1526  0.20499999999999999     
        1527   4.0000000000000001E-002
        1528  0.53000000000000003     
        1529  0.57499999999999996     
        1530  0.40000000000000002     
        1531  0.56000000000000005     
        1532  0.45000000000000001     
        1533  0.67500000000000004     
        1534   5.0000000000000001E-003
        1535  0.50000000000000000     
        1536  0.28999999999999998     
        1537  0.12500000000000000     
        1538   6.5000000000000002E-002
        1539  0.20999999999999999     
        1540  0.37500000000000000     
        1541  0.19500000000000001     
        1542   6.5000000000000002E-002
        1543  0.49500000000000000     
        1544  0.60999999999999999     
        1545  0.49500000000000000     
        1546  0.15500000000000000     
        1547  0.30499999999999999     
        1548  0.62000000000000000     
        1549  0.51000000000000001     
        1550  0.46500000000000002     
        1551  0.14000000000000001     
        1552  0.72999999999999998     
        1553  0.46999999999999997     
        1554  0.65000000000000002     
        1555  0.28999999999999998     
        1556  0.24500000000000000     
        1557  0.51500000000000001     
        1558  0.69499999999999995     
        1559  0.32500000000000001     
        1560  0.34000000000000002     
        1561  0.15500000000000000     
        1562  0.66000000000000003     
        1563  0.68999999999999995     
        1564  0.34000000000000002     
        1565  0.12000000000000000     
        1566  0.38500000000000001     
        1567  0.31000000000000000     
        1568   5.9999999999999998E-002
        1569  0.22000000000000000     
        1570  0.33500000000000002     
        1571   9.5000000000000001E-002
        1572  0.24500000000000000     
        1573  0.20999999999999999     
        1574  0.48499999999999999     
        1575  0.52000000000000002     
        1576   6.5000000000000002E-002
        1577  0.58999999999999997     
        1578  0.47499999999999998     
        1579   1.4999999999999999E-002
        1580  0.40500000000000003     
        1581   2.9999999999999999E-002
        1582  0.34499999999999997     
        1583  0.39000000000000001     
        1584  0.28499999999999998     
        1585  0.26500000000000001     
        1586  0.50000000000000000     
        1587   8.0000000000000002E-002
        1588  0.50500000000000000     
        1589  0.18500000000000000     
        1590  0.59499999999999997     
        1591  0.12000000000000000     
        1592  0.23499999999999999     
        1593  0.13000000000000000     
        1594   1.0000000000000000E-002
        1595  0.34000000000000002     
        1596  0.79500000000000004     
        1597  0.23000000000000001     
        1598  0.27000000000000002     
        1599   3.5000000000000003E-002
        1600   3.5000000000000003E-002
        1601  0.39500000000000002     
        1602  0.28000000000000003     
        1603  0.46999999999999997     
        1604  0.40999999999999998     
        1605  0.27500000000000002     
        1606  0.12000000000000000     
        1607   5.0000000000000001E-003
        1608  0.31000000000000000     
        1609  0.44000000000000000     
        1610  0.46999999999999997     
        1611  0.12000000000000000     
        1612  0.52000000000000002     
        1613  0.13500000000000001     
        1614  0.34499999999999997     
        1615  0.66000000000000003     
        1616  0.18500000000000000     
        1617  0.17499999999999999     
        1618  0.50500000000000000     
        1619   5.5000000000000000E-002
        1620  0.11500000000000000     
        1621  0.25000000000000000     
        1622  0.23999999999999999     
        1623  0.54000000000000004     
        1624   2.5000000000000001E-002
        1625  0.10500000000000000     
        1626  0.68000000000000005     
        1627  0.45000000000000001     
        1628  0.45500000000000002     
        1629  0.35999999999999999     
        1630  0.67500000000000004     
        1631  0.33500000000000002     
        1632  0.31000000000000000     
        1633  0.34499999999999997     
        1634  0.22500000000000001     
        1635  0.28999999999999998     
        1636   2.9999999999999999E-002
        1637  0.25500000000000000     
        1638  0.20499999999999999     
        1639  0.20000000000000001     
        1640   9.5000000000000001E-002
        1641  0.57999999999999996     
        1642  0.29499999999999998     
        1643  0.15500000000000000     
        1644  0.28499999999999998     
        1645  0.47499999999999998     
        1646  0.46999999999999997     
        1647   1.4999999999999999E-002
        1648  0.17999999999999999     
        1649  0.70999999999999996     
        1650  0.41499999999999998     
        1651  0.40000000000000002     
        1652  0.51000000000000001     
        1653   5.5000000000000000E-002
        1654  0.28999999999999998     
        1655   7.4999999999999997E-002
        1656  0.34499999999999997     
        1657  0.22000000000000000     
        1658  0.77000000000000002     
        1659  0.44500000000000001     
        1660  0.32000000000000001     
        1661  0.47499999999999998     
        1662  0.19000000000000000     
        1663  0.36499999999999999     
        1664  0.34000000000000002     
        1665  0.23499999999999999     
        1666  0.11000000000000000     
        1667   6.5000000000000002E-002
        1668  0.32500000000000001     
        1669  0.29999999999999999     
        1670  0.24500000000000000     
        1671  0.23499999999999999     
        1672  0.28499999999999998     
        1673  0.14999999999999999     
        1674   9.5000000000000001E-002
        1675  0.51500000000000001     
        1676  0.70999999999999996     
        1677  0.38000000000000000     
        1678  0.23000000000000001     
        1679  0.34499999999999997     
        1680  0.36499999999999999     
        1681  0.60499999999999998     
        1682  0.41999999999999998     
        1683  0.28499999999999998     
        1684  0.41499999999999998     
        1685  0.29999999999999999     
        1686  0.34000000000000002     
        1687  0.13500000000000001     
        1688  0.28499999999999998     
        1689  0.24500000000000000     
        1690  0.64500000000000002     
        1691  0.66000000000000003     
        1692  0.25500000000000000     
        1693  0.19000000000000000     
        1694  0.27000000000000002     
        1695  0.48499999999999999     
        1696  0.42499999999999999     
        1697  0.22500000000000001     
        1698  0.74500000000000000     
        1699  0.66000000000000003     
        1700   0.0000000000000000     
        1701   2.5000000000000001E-002
        1702  0.15500000000000000     
        1703  0.60999999999999999     
        1704   2.0000000000000000E-002
        1705  0.57999999999999996     
        1706  0.51500000000000001     
        1707  0.14499999999999999     
        1708  0.53500000000000003     
        1709  0.59999999999999998     
        1710  0.35999999999999999     
        1711  0.63500000000000001     
        1712  0.54000000000000004     
        1713  0.54000000000000004     
        1714  0.60499999999999998     
        1715  0.56499999999999995     
        1716  0.35999999999999999     
        1717  0.60499999999999998     
        1718  0.63000000000000000     
        1719  0.63500000000000001     
        1720  0.52500000000000002     
        1721  0.17499999999999999     
        1722   8.9999999999999997E-002
        1723  0.68000000000000005     
        1724  0.67000000000000004     
        1725  0.59999999999999998     
        1726  0.72999999999999998     
        1727  0.26500000000000001     
        1728  0.10500000000000000     
        1729  0.27500000000000002     
        1730  0.55000000000000004     
        1731  0.25000000000000000     
        1732  0.41999999999999998     
        1733  0.62500000000000000     
        1734  0.36499999999999999     
        1735  0.29999999999999999     
        1736  0.55000000000000004     
        1737  0.45000000000000001     
        1738  0.48999999999999999     
        1739   5.5000000000000000E-002
        1740  0.81499999999999995     
        1741  0.22000000000000000     
        1742  0.14000000000000001     
        1743  0.60999999999999999     
        1744  0.57999999999999996     
        1745  0.66000000000000003     
        1746   0.0000000000000000     
        1747  0.19500000000000001     
        1748  0.54000000000000004     
        1749  0.73499999999999999     
        1750  0.60499999999999998     
        1751  0.56000000000000005     
        1752  0.51500000000000001     
        1753  0.33000000000000002     
        1754  0.80500000000000005     
        1755  0.14499999999999999     
        1756  0.60999999999999999     
        1757  0.59499999999999997     
        1758  0.25000000000000000     
        1759  0.14499999999999999     
        1760  0.60999999999999999     
        1761  0.35999999999999999     
        1762  0.40500000000000003     
        1763  0.54500000000000004     
        1764  0.60499999999999998     
        1765  0.14000000000000001     
        1766  0.16500000000000001     
        1767  0.24500000000000000     
        1768  0.18500000000000000     
        1769  0.40000000000000002     
        1770  0.43500000000000000     
        1771   2.0000000000000000E-002
        1772  0.23000000000000001     
        1773   4.0000000000000001E-002
        1774  0.51500000000000001     
        1775  0.22000000000000000     
        1776  0.13000000000000000     
        1777  0.14000000000000001     
        1778  0.40000000000000002     
        1779   2.9999999999999999E-002
        1780  0.41499999999999998     
        1781  0.40999999999999998     
        1782  0.34000000000000002     
        1783   0.0000000000000000     
        1784   3.5000000000000003E-002
        1785  0.48499999999999999     
        1786  0.29999999999999999     
        1787  0.23999999999999999     
        1788  0.73499999999999999     
        1789  0.48999999999999999     
        1790  0.55500000000000005     
        1791   7.0000000000000007E-002
        1792  0.19500000000000001     
        1793  0.41499999999999998     
        1794  0.40000000000000002     
        1795  0.44000000000000000     
        1796   9.5000000000000001E-002
        1797  0.74500000000000000     
        1798   2.5000000000000001E-002
        1799  0.41499999999999998     
        1800  0.71999999999999997     
        1801   2.9999999999999999E-002
        1802  0.58499999999999996     
        1803  0.20499999999999999     
        1804  0.14499999999999999     
        1805  0.69499999999999995     
        1806  0.54500000000000004     
        1807   2.9999999999999999E-002
        1808  0.17999999999999999     
        1809  0.27500000000000002     
        1810  0.32000000000000001     
        1811  0.70499999999999996     
        1812   9.5000000000000001E-002
        1813   3.5000000000000003E-002
        1814  0.28499999999999998     
        1815  0.57999999999999996     
        1816  0.31500000000000000     
        1817  0.45000000000000001     
        1818   2.9999999999999999E-002
        1819   8.5000000000000006E-002
        1820  0.55500000000000005     
        1821  0.56499999999999995     
        1822  0.40000000000000002     
        1823  0.43500000000000000     
        1824  0.14499999999999999     
        1825  0.28499999999999998     
        1826  0.20499999999999999     
        1827  0.52500000000000002     
        1828   9.5000000000000001E-002
        1829  0.32500000000000001     
        1830  0.44000000000000000     
        1831  0.53000000000000003     
        1832  0.37000000000000000     
        1833  0.66500000000000004     
        1834  0.42499999999999999     
        1835  0.23000000000000001     
        1836  0.50500000000000000     
        1837  0.41999999999999998     
        1838   6.5000000000000002E-002
        1839  0.40000000000000002     
        1840  0.46999999999999997     
        1841  0.28499999999999998     
        1842  0.76000000000000001     
        1843  0.39500000000000002     
        1844  0.37500000000000000     
        1845  0.19000000000000000     
        1846  0.17999999999999999     
        1847  0.51500000000000001     
        1848  0.27000000000000002     
        1849  0.53500000000000003     
        1850  0.68500000000000005     
        1851  0.14000000000000001     
        1852  0.29499999999999998     
        1853  0.41499999999999998     
        1854  0.58499999999999996     
        1855  0.56499999999999995     
        1856  0.11500000000000000     
        1857  0.68999999999999995     
        1858  0.23000000000000001     
        1859  0.35499999999999998     
        1860   2.9999999999999999E-002
        1861  0.27000000000000002     
        1862  0.33500000000000002     
        1863  0.57499999999999996     
        1864  0.72499999999999998     
        1865  0.17000000000000001     
        1866   1.4999999999999999E-002
        1867  0.23000000000000001     
        1868  0.36499999999999999     
        1869  0.35999999999999999     
        1870  0.76500000000000001     
        1871  0.46999999999999997     
        1872  0.39000000000000001     
        1873  0.20499999999999999     
        1874  0.58999999999999997     
        1875  0.23000000000000001     
        1876   8.5000000000000006E-002
        1877  0.35499999999999998     
        1878  0.67000000000000004     
        1879  0.30499999999999999     
        1880  0.50500000000000000     
        1881  0.20499999999999999     
        1882  0.10500000000000000     
        1883  0.27500000000000002     
        1884  0.28000000000000003     
        1885  0.63000000000000000     
        1886  0.38500000000000001     
        1887  0.25500000000000000     
        1888  0.27500000000000002     
        1889  0.22000000000000000     
        1890  0.13500000000000001     
        1891  0.16500000000000001     
        1892  0.45500000000000002     
        1893  0.40999999999999998     
        1894   8.9999999999999997E-002
        1895  0.34499999999999997     
        1896  0.53500000000000003     
        1897  0.80000000000000004     
        1898  0.50500000000000000     
        1899  0.52500000000000002     
        1900  0.17000000000000001     
        1901  0.17999999999999999     
        1902  0.37500000000000000     
        1903  0.17499999999999999     
        1904  0.58499999999999996     
        1905  0.41499999999999998     
        1906  0.68999999999999995     
        1907  0.26500000000000001     
        1908   4.4999999999999998E-002
        1909  0.16500000000000001     
        1910  0.70499999999999996     
        1911  0.32500000000000001     
        1912  0.19500000000000001     
        1913  0.54000000000000004     
        1914   6.5000000000000002E-002
        1915  0.21500000000000000     
        1916  0.29499999999999998     
        1917  0.38000000000000000     
        1918  0.28499999999999998     
        1919  0.17499999999999999     
        1920  0.51500000000000001     
        1921  0.59499999999999997     
        1922  0.40500000000000003     
        1923  0.32000000000000001     
        1924  0.65500000000000003     
        1925   6.5000000000000002E-002
        1926  0.59499999999999997     
        1927  0.29499999999999998     
        1928  0.53500000000000003     
        1929  0.44000000000000000     
        1930  0.47499999999999998     
        1931  0.77500000000000002     
        1932  0.33000000000000002     
        1933  0.29499999999999998     
        1934  0.47999999999999998     
        1935  0.40500000000000003     
        1936  0.31000000000000000     
        1937  0.42999999999999999     
        1938  0.38000000000000000     
        1939  0.20000000000000001     
        1940  0.39000000000000001     
        1941  0.27000000000000002     
        1942  0.57999999999999996     
        1943  0.31500000000000000     
        1944  0.38500000000000001     
        1945  0.45500000000000002     
        1946  0.28999999999999998     
        1947  0.22000000000000000     
        1948  0.12500000000000000     
        1949  0.62000000000000000     
        1950  0.29499999999999998     
        1951  0.34499999999999997     
        1952  0.60999999999999999     
        1953  0.39000000000000001     
        1954  0.52500000000000002     
        1955  0.68000000000000005     
        1956  0.72499999999999998     
        1957  0.28999999999999998     
        1958  0.61499999999999999     
        1959   8.0000000000000002E-002
        1960  0.32000000000000001     
        1961  0.10500000000000000     
        1962  0.39000000000000001     
        1963  0.20499999999999999     
        1964  0.36499999999999999     
        1965   7.4999999999999997E-002
        1966  0.37500000000000000     
        1967  0.47999999999999998     
        1968  0.51000000000000001     
        1969   5.0000000000000001E-003
        1970  0.21500000000000000     
        1971  0.41499999999999998     
        1972  0.48999999999999999     
        1973   5.5000000000000000E-002
        1974  0.12500000000000000     
        1975  0.33000000000000002     
        1976  0.26500000000000001     
        1977  0.45000000000000001     
        1978  0.56999999999999995     
        1979  0.15500000000000000     
        1980  0.20000000000000001     
        1981  0.57999999999999996     
        1982  0.50000000000000000     
        1983  0.62500000000000000     
        1984  0.52000000000000002     
        1985  0.39000000000000001     
        1986  0.29499999999999998     
        1987   1.4999999999999999E-002
        1988  0.56499999999999995     
        1989   5.0000000000000003E-002
        1990  0.24500000000000000     
        1991  0.72499999999999998     
        1992  0.20499999999999999     
        1993  0.14000000000000001     
        1994  0.40500000000000003     
        1995  0.19500000000000001     
        1996  0.45000000000000001     
        1997  0.32500000000000001     
        1998  0.10500000000000000     
        1999   5.5000000000000000E-002
        2000  0.37000000000000000     
