           1  0.26000000000000001     
           2  0.18500000000000000     
           3  0.23000000000000001     
           4  0.27500000000000002     
           5  0.17499999999999999     
           6  0.23499999999999999     
           7  0.10000000000000001     
           8  0.11000000000000000     
           9   0.0000000000000000     
          10   8.0000000000000002E-002
          11   4.4999999999999998E-002
          12   1.4999999999999999E-002
          13   2.9999999999999999E-002
          14  0.12000000000000000     
          15   0.0000000000000000     
          16   2.5000000000000001E-002
          17   5.5000000000000000E-002
          18  0.32500000000000001     
          19   8.9999999999999997E-002
          20   8.5000000000000006E-002
          21   8.9999999999999997E-002
          22  0.27000000000000002     
          23  0.29499999999999998     
          24  0.19500000000000001     
          25   2.0000000000000000E-002
          26   0.0000000000000000     
          27  0.12000000000000000     
          28  0.11500000000000000     
          29   7.0000000000000007E-002
          30  0.26000000000000001     
          31   5.9999999999999998E-002
          32   2.0000000000000000E-002
          33   1.4999999999999999E-002
          34   2.5000000000000001E-002
          35  0.23499999999999999     
          36  0.34000000000000002     
          37  0.20000000000000001     
          38  0.14000000000000001     
          39  0.16000000000000000     
          40  0.12500000000000000     
          41  0.22500000000000001     
          42  0.26000000000000001     
          43  0.19500000000000001     
          44  0.12000000000000000     
          45   1.0000000000000000E-002
          46  0.14999999999999999     
          47   1.0000000000000000E-002
          48   5.0000000000000003E-002
          49   3.5000000000000003E-002
          50  0.22000000000000000     
          51  0.13000000000000000     
          52  0.19500000000000001     
          53   2.0000000000000000E-002
          54   3.5000000000000003E-002
          55   8.0000000000000002E-002
          56  0.16000000000000000     
          57   2.0000000000000000E-002
          58  0.26500000000000001     
          59   8.5000000000000006E-002
          60   5.0000000000000001E-003
          61   4.0000000000000001E-002
          62   8.0000000000000002E-002
          63  0.28000000000000003     
          64  0.10500000000000000     
          65   7.4999999999999997E-002
          66  0.14999999999999999     
          67  0.43500000000000000     
          68  0.11000000000000000     
          69   3.5000000000000003E-002
          70  0.25000000000000000     
          71  0.29499999999999998     
          72  0.14000000000000001     
          73  0.17000000000000001     
          74  0.11500000000000000     
          75  0.11500000000000000     
          76  0.10000000000000001     
          77   6.5000000000000002E-002
          78   2.5000000000000001E-002
          79   5.0000000000000001E-003
          80   7.4999999999999997E-002
          81  0.32500000000000001     
          82   2.0000000000000000E-002
          83  0.25000000000000000     
          84   0.0000000000000000     
          85  0.32500000000000001     
          86  0.18500000000000000     
          87  0.22500000000000001     
          88  0.15500000000000000     
          89   8.9999999999999997E-002
          90  0.11500000000000000     
          91   5.0000000000000001E-003
          92  0.14499999999999999     
          93  0.22500000000000001     
          94  0.10500000000000000     
          95  0.15500000000000000     
          96  0.17499999999999999     
          97   0.0000000000000000     
          98  0.13000000000000000     
          99   5.9999999999999998E-002
         100   4.4999999999999998E-002
         101  0.28000000000000003     
         102   8.5000000000000006E-002
         103   7.4999999999999997E-002
         104   8.0000000000000002E-002
         105   2.0000000000000000E-002
         106   2.0000000000000000E-002
         107   5.9999999999999998E-002
         108   2.9999999999999999E-002
         109  0.24500000000000000     
         110  0.10000000000000001     
         111  0.14499999999999999     
         112  0.20499999999999999     
         113  0.11500000000000000     
         114  0.10500000000000000     
         115   3.5000000000000003E-002
         116   5.9999999999999998E-002
         117   2.9999999999999999E-002
         118  0.20999999999999999     
         119   5.0000000000000003E-002
         120  0.13000000000000000     
         121   8.0000000000000002E-002
         122  0.12000000000000000     
         123  0.12500000000000000     
         124   7.0000000000000007E-002
         125  0.14499999999999999     
         126  0.34499999999999997     
         127   1.4999999999999999E-002
         128   7.4999999999999997E-002
         129  0.21500000000000000     
         130   8.9999999999999997E-002
         131  0.15500000000000000     
         132  0.20000000000000001     
         133   5.0000000000000003E-002
         134  0.26500000000000001     
         135   3.5000000000000003E-002
         136   5.9999999999999998E-002
         137  0.13000000000000000     
         138   1.0000000000000000E-002
         139  0.24500000000000000     
         140  0.28000000000000003     
         141  0.10000000000000001     
         142  0.14000000000000001     
         143   1.4999999999999999E-002
         144  0.16000000000000000     
         145  0.20499999999999999     
         146   7.0000000000000007E-002
         147  0.38000000000000000     
         148  0.28000000000000003     
         149  0.16000000000000000     
         150   4.0000000000000001E-002
         151   8.0000000000000002E-002
         152   4.0000000000000001E-002
         153   2.0000000000000000E-002
         154   8.5000000000000006E-002
         155   2.5000000000000001E-002
         156   2.0000000000000000E-002
         157  0.23000000000000001     
         158  0.17999999999999999     
         159   5.5000000000000000E-002
         160   4.0000000000000001E-002
         161   5.0000000000000003E-002
         162   7.0000000000000007E-002
         163   1.4999999999999999E-002
         164  0.40000000000000002     
         165  0.29999999999999999     
         166  0.14499999999999999     
         167  0.25500000000000000     
         168   5.0000000000000003E-002
         169   5.0000000000000003E-002
         170   6.5000000000000002E-002
         171  0.16000000000000000     
         172   7.0000000000000007E-002
         173  0.11500000000000000     
         174   8.0000000000000002E-002
         175   8.5000000000000006E-002
         176  0.40000000000000002     
         177  0.17499999999999999     
         178   2.5000000000000001E-002
         179  0.19000000000000000     
         180  0.14000000000000001     
         181   7.4999999999999997E-002
         182   5.0000000000000001E-003
         183  0.20499999999999999     
         184   1.0000000000000000E-002
         185   5.9999999999999998E-002
         186   8.0000000000000002E-002
         187  0.13500000000000001     
         188   7.4999999999999997E-002
         189  0.16000000000000000     
         190   7.0000000000000007E-002
         191   5.5000000000000000E-002
         192  0.20499999999999999     
         193   8.9999999999999997E-002
         194  0.12500000000000000     
         195  0.20000000000000001     
         196   8.0000000000000002E-002
         197  0.14000000000000001     
         198  0.10000000000000001     
         199  0.19500000000000001     
         200  0.11500000000000000     
         201  0.14499999999999999     
         202  0.20499999999999999     
         203  0.11500000000000000     
         204  0.11500000000000000     
         205  0.24500000000000000     
         206  0.26000000000000001     
         207  0.19000000000000000     
         208   2.5000000000000001E-002
         209   2.0000000000000000E-002
         210  0.10000000000000001     
         211  0.17999999999999999     
         212  0.20000000000000001     
         213  0.10000000000000001     
         214   9.5000000000000001E-002
         215   9.5000000000000001E-002
         216  0.23499999999999999     
         217  0.26000000000000001     
         218  0.10500000000000000     
         219  0.29499999999999998     
         220   1.4999999999999999E-002
         221   8.9999999999999997E-002
         222  0.16500000000000001     
         223  0.37500000000000000     
         224  0.20999999999999999     
         225  0.13000000000000000     
         226   8.0000000000000002E-002
         227  0.31500000000000000     
         228   2.9999999999999999E-002
         229   2.5000000000000001E-002
         230  0.17499999999999999     
         231   4.4999999999999998E-002
         232  0.14499999999999999     
         233  0.27500000000000002     
         234  0.17999999999999999     
         235   2.0000000000000000E-002
         236  0.10500000000000000     
         237  0.32500000000000001     
         238   2.9999999999999999E-002
         239  0.17499999999999999     
         240   1.4999999999999999E-002
         241  0.17999999999999999     
         242   9.5000000000000001E-002
         243   2.9999999999999999E-002
         244   8.0000000000000002E-002
         245  0.23999999999999999     
         246  0.20000000000000001     
         247  0.23000000000000001     
         248   6.5000000000000002E-002
         249  0.10000000000000001     
         250  0.12500000000000000     
         251  0.26500000000000001     
         252  0.21500000000000000     
         253  0.17499999999999999     
         254  0.12000000000000000     
         255  0.20000000000000001     
         256   4.0000000000000001E-002
         257   5.5000000000000000E-002
         258  0.35999999999999999     
         259   4.0000000000000001E-002
         260  0.10500000000000000     
         261  0.16000000000000000     
         262  0.16500000000000001     
         263   7.4999999999999997E-002
         264   5.9999999999999998E-002
         265  0.25500000000000000     
         266  0.17000000000000001     
         267  0.14000000000000001     
         268  0.10000000000000001     
         269  0.14499999999999999     
         270  0.52000000000000002     
         271   2.9999999999999999E-002
         272   7.0000000000000007E-002
         273  0.17499999999999999     
         274   1.0000000000000000E-002
         275  0.16000000000000000     
         276  0.18500000000000000     
         277  0.13500000000000001     
         278  0.11000000000000000     
         279   2.5000000000000001E-002
         280   0.0000000000000000     
         281   5.0000000000000001E-003
         282   9.5000000000000001E-002
         283  0.19500000000000001     
         284   8.0000000000000002E-002
         285  0.32500000000000001     
         286  0.33000000000000002     
         287  0.50500000000000000     
         288  0.14000000000000001     
         289  0.17499999999999999     
         290   7.4999999999999997E-002
         291   6.5000000000000002E-002
         292  0.14999999999999999     
         293   2.5000000000000001E-002
         294   5.9999999999999998E-002
         295   1.4999999999999999E-002
         296  0.15500000000000000     
         297   2.0000000000000000E-002
         298  0.14000000000000001     
         299  0.12500000000000000     
         300   2.0000000000000000E-002
         301   8.9999999999999997E-002
         302   2.0000000000000000E-002
         303   8.0000000000000002E-002
         304   5.5000000000000000E-002
         305  0.16000000000000000     
         306   5.0000000000000003E-002
         307  0.28000000000000003     
         308  0.16500000000000001     
         309  0.33000000000000002     
         310  0.13000000000000000     
         311   5.0000000000000003E-002
         312  0.20000000000000001     
         313  0.11500000000000000     
         314  0.10500000000000000     
         315   1.4999999999999999E-002
         316  0.23999999999999999     
         317   1.4999999999999999E-002
         318  0.16500000000000001     
         319   5.0000000000000001E-003
         320   2.5000000000000001E-002
         321  0.38000000000000000     
         322  0.20999999999999999     
         323  0.19500000000000001     
         324  0.10500000000000000     
         325  0.17999999999999999     
         326  0.20000000000000001     
         327  0.14499999999999999     
         328   5.0000000000000003E-002
         329  0.19500000000000001     
         330  0.14000000000000001     
         331  0.18500000000000000     
         332  0.17999999999999999     
         333   3.5000000000000003E-002
         334   8.5000000000000006E-002
         335   1.0000000000000000E-002
         336   9.5000000000000001E-002
         337  0.11500000000000000     
         338  0.18500000000000000     
         339   7.0000000000000007E-002
         340   7.0000000000000007E-002
         341   2.9999999999999999E-002
         342   5.0000000000000003E-002
         343   3.5000000000000003E-002
         344  0.19000000000000000     
         345  0.27000000000000002     
         346  0.23000000000000001     
         347  0.26000000000000001     
         348  0.20499999999999999     
         349   7.0000000000000007E-002
         350  0.20000000000000001     
         351  0.34999999999999998     
         352  0.33500000000000002     
         353  0.31000000000000000     
         354   6.5000000000000002E-002
         355   5.0000000000000003E-002
         356   1.4999999999999999E-002
         357   2.9999999999999999E-002
         358  0.14999999999999999     
         359  0.33500000000000002     
         360   8.5000000000000006E-002
         361  0.12500000000000000     
         362  0.11500000000000000     
         363  0.14000000000000001     
         364  0.34000000000000002     
         365   2.5000000000000001E-002
         366   8.0000000000000002E-002
         367  0.16500000000000001     
         368   7.4999999999999997E-002
         369  0.21500000000000000     
         370  0.23999999999999999     
         371  0.12500000000000000     
         372   7.4999999999999997E-002
         373  0.13000000000000000     
         374  0.19500000000000001     
         375   8.5000000000000006E-002
         376   6.5000000000000002E-002
         377   3.5000000000000003E-002
         378  0.33000000000000002     
         379  0.21500000000000000     
         380  0.16000000000000000     
         381  0.22000000000000000     
         382  0.13000000000000000     
         383  0.13500000000000001     
         384   1.0000000000000000E-002
         385   9.5000000000000001E-002
         386   7.4999999999999997E-002
         387  0.27500000000000002     
         388   5.0000000000000001E-003
         389   2.5000000000000001E-002
         390  0.11500000000000000     
         391   7.4999999999999997E-002
         392   8.5000000000000006E-002
         393  0.30499999999999999     
         394   8.9999999999999997E-002
         395  0.14000000000000001     
         396   4.4999999999999998E-002
         397   8.5000000000000006E-002
         398  0.15500000000000000     
         399  0.18500000000000000     
         400  0.14999999999999999     
         401  0.31500000000000000     
         402  0.23999999999999999     
         403  0.25000000000000000     
         404   6.5000000000000002E-002
         405  0.10500000000000000     
         406  0.11000000000000000     
         407   8.0000000000000002E-002
         408   4.0000000000000001E-002
         409   8.9999999999999997E-002
         410   2.0000000000000000E-002
         411  0.19000000000000000     
         412  0.21500000000000000     
         413   2.5000000000000001E-002
         414  0.10000000000000001     
         415  0.30499999999999999     
         416  0.16500000000000001     
         417  0.25500000000000000     
         418  0.21500000000000000     
         419   8.5000000000000006E-002
         420  0.23499999999999999     
         421  0.21500000000000000     
         422   6.5000000000000002E-002
         423   4.4999999999999998E-002
         424   8.5000000000000006E-002
         425   2.5000000000000001E-002
         426   3.5000000000000003E-002
         427   3.5000000000000003E-002
         428  0.25000000000000000     
         429  0.14499999999999999     
         430  0.17999999999999999     
         431  0.12000000000000000     
         432  0.11000000000000000     
         433   7.4999999999999997E-002
         434  0.14000000000000001     
         435   8.9999999999999997E-002
         436  0.11000000000000000     
         437  0.17499999999999999     
         438  0.12500000000000000     
         439  0.14499999999999999     
         440  0.18500000000000000     
         441   8.0000000000000002E-002
         442   4.0000000000000001E-002
         443  0.13500000000000001     
         444   1.4999999999999999E-002
         445  0.23000000000000001     
         446   2.0000000000000000E-002
         447  0.25500000000000000     
         448  0.28000000000000003     
         449   2.0000000000000000E-002
         450   3.5000000000000003E-002
         451  0.21500000000000000     
         452  0.16000000000000000     
         453  0.20499999999999999     
         454  0.22000000000000000     
         455  0.16500000000000001     
         456   1.4999999999999999E-002
         457   1.4999999999999999E-002
         458   8.9999999999999997E-002
         459   8.5000000000000006E-002
         460   5.9999999999999998E-002
         461  0.13500000000000001     
         462   4.0000000000000001E-002
         463   1.0000000000000000E-002
         464  0.20000000000000001     
         465  0.19000000000000000     
         466  0.14499999999999999     
         467  0.14000000000000001     
         468  0.34000000000000002     
         469  0.19500000000000001     
         470  0.13000000000000000     
         471  0.10000000000000001     
         472  0.33500000000000002     
         473   5.0000000000000003E-002
         474   5.5000000000000000E-002
         475   1.0000000000000000E-002
         476   5.9999999999999998E-002
         477  0.20499999999999999     
         478  0.11500000000000000     
         479   5.9999999999999998E-002
         480   4.0000000000000001E-002
         481   7.0000000000000007E-002
         482  0.11500000000000000     
         483   2.5000000000000001E-002
         484  0.12000000000000000     
         485  0.13500000000000001     
         486  0.12500000000000000     
         487   5.5000000000000000E-002
         488  0.14999999999999999     
         489  0.12500000000000000     
         490  0.42499999999999999     
         491  0.27000000000000002     
         492  0.17000000000000001     
         493   7.4999999999999997E-002
         494   8.9999999999999997E-002
         495  0.40000000000000002     
         496   2.0000000000000000E-002
         497  0.38000000000000000     
         498   1.0000000000000000E-002
         499   2.5000000000000001E-002
         500  0.11000000000000000     
         501   8.5000000000000006E-002
         502  0.17999999999999999     
         503   8.5000000000000006E-002
         504  0.14999999999999999     
         505  0.11500000000000000     
         506   8.9999999999999997E-002
         507  0.12500000000000000     
         508  0.12000000000000000     
         509  0.17499999999999999     
         510   2.9999999999999999E-002
         511   4.4999999999999998E-002
         512  0.16500000000000001     
         513  0.22000000000000000     
         514   1.4999999999999999E-002
         515  0.20999999999999999     
         516  0.36499999999999999     
         517   3.5000000000000003E-002
         518   1.0000000000000000E-002
         519  0.11000000000000000     
         520   8.5000000000000006E-002
         521   2.5000000000000001E-002
         522  0.10000000000000001     
         523   5.0000000000000003E-002
         524  0.14000000000000001     
         525  0.23499999999999999     
         526   7.0000000000000007E-002
         527   2.0000000000000000E-002
         528  0.15500000000000000     
         529   5.5000000000000000E-002
         530  0.30499999999999999     
         531  0.16500000000000001     
         532   1.0000000000000000E-002
         533  0.26000000000000001     
         534   8.5000000000000006E-002
         535  0.14999999999999999     
         536   4.4999999999999998E-002
         537  0.14000000000000001     
         538  0.14000000000000001     
         539   4.0000000000000001E-002
         540  0.14499999999999999     
         541   9.5000000000000001E-002
         542  0.26000000000000001     
         543   8.9999999999999997E-002
         544  0.14499999999999999     
         545  0.27000000000000002     
         546   5.9999999999999998E-002
         547  0.31500000000000000     
         548  0.17999999999999999     
         549  0.17000000000000001     
         550  0.11500000000000000     
         551  0.25000000000000000     
         552  0.11000000000000000     
         553   2.9999999999999999E-002
         554  0.11500000000000000     
         555   7.4999999999999997E-002
         556   2.9999999999999999E-002
         557   2.0000000000000000E-002
         558  0.10000000000000001     
         559  0.23999999999999999     
         560  0.14999999999999999     
         561   8.0000000000000002E-002
         562   4.0000000000000001E-002
         563  0.25500000000000000     
         564  0.39000000000000001     
         565   5.0000000000000001E-003
         566  0.25000000000000000     
         567  0.12500000000000000     
         568   2.5000000000000001E-002
         569   5.0000000000000003E-002
         570   4.4999999999999998E-002
         571  0.11500000000000000     
         572   5.9999999999999998E-002
         573  0.13000000000000000     
         574  0.27500000000000002     
         575   2.0000000000000000E-002
         576  0.14000000000000001     
         577  0.10500000000000000     
         578   7.4999999999999997E-002
         579   4.4999999999999998E-002
         580  0.13000000000000000     
         581  0.20999999999999999     
         582   8.9999999999999997E-002
         583  0.22500000000000001     
         584  0.19000000000000000     
         585  0.22000000000000000     
         586  0.16000000000000000     
         587  0.19500000000000001     
         588   4.4999999999999998E-002
         589   9.5000000000000001E-002
         590   4.4999999999999998E-002
         591   5.0000000000000003E-002
         592  0.16000000000000000     
         593  0.10000000000000001     
         594  0.14000000000000001     
         595  0.10500000000000000     
         596  0.21500000000000000     
         597  0.19000000000000000     
         598   2.0000000000000000E-002
         599   2.9999999999999999E-002
         600  0.35499999999999998     
         601  0.20999999999999999     
         602  0.31500000000000000     
         603  0.32000000000000001     
         604   8.5000000000000006E-002
         605   2.5000000000000001E-002
         606  0.27000000000000002     
         607  0.11000000000000000     
         608   5.0000000000000001E-003
         609  0.23499999999999999     
         610  0.16000000000000000     
         611   2.9999999999999999E-002
         612  0.13500000000000001     
         613  0.27000000000000002     
         614  0.12000000000000000     
         615   5.0000000000000003E-002
         616   5.9999999999999998E-002
         617   4.0000000000000001E-002
         618  0.34499999999999997     
         619  0.15500000000000000     
         620  0.16500000000000001     
         621  0.14499999999999999     
         622  0.28000000000000003     
         623  0.40000000000000002     
         624  0.22500000000000001     
         625   1.0000000000000000E-002
         626   9.5000000000000001E-002
         627   4.4999999999999998E-002
         628   9.5000000000000001E-002
         629   5.5000000000000000E-002
         630  0.20499999999999999     
         631   4.4999999999999998E-002
         632  0.10000000000000001     
         633  0.16500000000000001     
         634   5.5000000000000000E-002
         635   6.5000000000000002E-002
         636  0.14999999999999999     
         637  0.14000000000000001     
         638  0.20999999999999999     
         639  0.11000000000000000     
         640  0.21500000000000000     
         641   5.9999999999999998E-002
         642  0.12000000000000000     
         643   8.5000000000000006E-002
         644  0.23499999999999999     
         645  0.14999999999999999     
         646   4.0000000000000001E-002
         647   8.9999999999999997E-002
         648  0.25500000000000000     
         649  0.25000000000000000     
         650   5.5000000000000000E-002
         651   2.5000000000000001E-002
         652   5.5000000000000000E-002
         653  0.17999999999999999     
         654   5.0000000000000001E-003
         655  0.17999999999999999     
         656  0.23000000000000001     
         657  0.28499999999999998     
         658   1.0000000000000000E-002
         659  0.17499999999999999     
         660  0.11500000000000000     
         661   4.0000000000000001E-002
         662  0.11500000000000000     
         663  0.14000000000000001     
         664   3.5000000000000003E-002
         665   8.5000000000000006E-002
         666  0.20000000000000001     
         667   1.0000000000000000E-002
         668  0.29499999999999998     
         669  0.26500000000000001     
         670  0.17999999999999999     
         671   3.5000000000000003E-002
         672  0.16000000000000000     
         673  0.26000000000000001     
         674  0.16000000000000000     
         675  0.26500000000000001     
         676  0.11000000000000000     
         677   5.0000000000000001E-003
         678   1.0000000000000000E-002
         679  0.12500000000000000     
         680   8.5000000000000006E-002
         681  0.11000000000000000     
         682   5.0000000000000001E-003
         683   2.5000000000000001E-002
         684   0.0000000000000000     
         685   8.9999999999999997E-002
         686  0.17999999999999999     
         687   4.0000000000000001E-002
         688  0.20999999999999999     
         689  0.13000000000000000     
         690   5.9999999999999998E-002
         691  0.28000000000000003     
         692   5.5000000000000000E-002
         693  0.20499999999999999     
         694   7.0000000000000007E-002
         695  0.29999999999999999     
         696  0.26000000000000001     
         697  0.26000000000000001     
         698  0.24500000000000000     
         699  0.12000000000000000     
         700  0.18500000000000000     
         701  0.13000000000000000     
         702  0.20999999999999999     
         703  0.23499999999999999     
         704   4.0000000000000001E-002
         705   5.0000000000000001E-003
         706   3.5000000000000003E-002
         707   0.0000000000000000     
         708  0.12500000000000000     
         709   2.9999999999999999E-002
         710   4.4999999999999998E-002
         711  0.10000000000000001     
         712   8.5000000000000006E-002
         713  0.14999999999999999     
         714  0.19500000000000001     
         715   7.0000000000000007E-002
         716  0.11000000000000000     
         717  0.13000000000000000     
         718   4.0000000000000001E-002
         719  0.11500000000000000     
         720  0.28000000000000003     
         721   7.0000000000000007E-002
         722  0.14999999999999999     
         723  0.12500000000000000     
         724  0.14999999999999999     
         725   2.5000000000000001E-002
         726   5.5000000000000000E-002
         727   4.0000000000000001E-002
         728   5.9999999999999998E-002
         729   2.0000000000000000E-002
         730  0.22500000000000001     
         731  0.14000000000000001     
         732   5.9999999999999998E-002
         733  0.11000000000000000     
         734  0.16500000000000001     
         735  0.10000000000000001     
         736   2.9999999999999999E-002
         737  0.14000000000000001     
         738  0.17000000000000001     
         739  0.31500000000000000     
         740  0.16000000000000000     
         741  0.26000000000000001     
         742  0.21500000000000000     
         743  0.10000000000000001     
         744   1.0000000000000000E-002
         745   2.0000000000000000E-002
         746  0.22500000000000001     
         747   5.0000000000000001E-003
         748   1.4999999999999999E-002
         749   5.0000000000000001E-003
         750  0.24500000000000000     
         751   3.5000000000000003E-002
         752  0.21500000000000000     
         753   0.0000000000000000     
         754   5.0000000000000003E-002
         755  0.22500000000000001     
         756   4.0000000000000001E-002
         757   1.0000000000000000E-002
         758   2.9999999999999999E-002
         759   1.4999999999999999E-002
         760  0.14999999999999999     
         761  0.10000000000000001     
         762  0.17000000000000001     
         763  0.13000000000000000     
         764   8.0000000000000002E-002
         765  0.50500000000000000     
         766   3.5000000000000003E-002
         767   1.0000000000000000E-002
         768  0.13000000000000000     
         769  0.10000000000000001     
         770   7.0000000000000007E-002
         771  0.12500000000000000     
         772   1.4999999999999999E-002
         773  0.14999999999999999     
         774  0.19000000000000000     
         775  0.18500000000000000     
         776  0.20499999999999999     
         777  0.29499999999999998     
         778  0.16000000000000000     
         779  0.10000000000000001     
         780   7.4999999999999997E-002
         781   5.0000000000000003E-002
         782   8.9999999999999997E-002
         783  0.23000000000000001     
         784  0.17000000000000001     
         785   2.5000000000000001E-002
         786   2.0000000000000000E-002
         787   8.5000000000000006E-002
         788  0.18500000000000000     
         789  0.34999999999999998     
         790  0.34000000000000002     
         791  0.40500000000000003     
         792   2.9999999999999999E-002
         793   5.5000000000000000E-002
         794  0.25000000000000000     
         795  0.20000000000000001     
         796  0.16000000000000000     
         797  0.20999999999999999     
         798  0.10500000000000000     
         799  0.22000000000000000     
         800   5.5000000000000000E-002
         801  0.22000000000000000     
         802  0.14999999999999999     
         803   9.5000000000000001E-002
         804  0.22000000000000000     
         805  0.10000000000000001     
         806   1.4999999999999999E-002
         807   8.0000000000000002E-002
         808   7.0000000000000007E-002
         809  0.22500000000000001     
         810  0.22000000000000000     
         811  0.17000000000000001     
         812  0.31500000000000000     
         813   1.4999999999999999E-002
         814   7.0000000000000007E-002
         815  0.14000000000000001     
         816   1.4999999999999999E-002
         817   1.4999999999999999E-002
         818   8.0000000000000002E-002
         819   5.0000000000000003E-002
         820  0.11500000000000000     
         821  0.34000000000000002     
         822   8.0000000000000002E-002
         823   8.9999999999999997E-002
         824  0.12500000000000000     
         825  0.13000000000000000     
         826   8.0000000000000002E-002
         827  0.13000000000000000     
         828  0.15500000000000000     
         829  0.10000000000000001     
         830   1.0000000000000000E-002
         831  0.19000000000000000     
         832  0.20499999999999999     
         833  0.20999999999999999     
         834   8.9999999999999997E-002
         835   4.0000000000000001E-002
         836   5.0000000000000001E-003
         837  0.28000000000000003     
         838   5.9999999999999998E-002
         839  0.17999999999999999     
         840  0.11500000000000000     
         841   6.5000000000000002E-002
         842  0.27000000000000002     
         843  0.12000000000000000     
         844   1.0000000000000000E-002
         845  0.15500000000000000     
         846   3.5000000000000003E-002
         847  0.16500000000000001     
         848  0.19000000000000000     
         849   3.5000000000000003E-002
         850  0.17000000000000001     
         851  0.22500000000000001     
         852   7.4999999999999997E-002
         853  0.15500000000000000     
         854   5.9999999999999998E-002
         855   7.4999999999999997E-002
         856   5.5000000000000000E-002
         857   3.5000000000000003E-002
         858   6.5000000000000002E-002
         859   8.5000000000000006E-002
         860   1.4999999999999999E-002
         861   7.4999999999999997E-002
         862  0.22500000000000001     
         863   8.5000000000000006E-002
         864   8.9999999999999997E-002
         865   3.5000000000000003E-002
         866  0.13500000000000001     
         867   1.0000000000000000E-002
         868  0.14000000000000001     
         869  0.16000000000000000     
         870   6.5000000000000002E-002
         871  0.15500000000000000     
         872  0.14499999999999999     
         873  0.11500000000000000     
         874   5.5000000000000000E-002
         875  0.19000000000000000     
         876   8.9999999999999997E-002
         877   1.4999999999999999E-002
         878  0.15500000000000000     
         879  0.12000000000000000     
         880   5.0000000000000003E-002
         881   6.5000000000000002E-002
         882   2.5000000000000001E-002
         883  0.14999999999999999     
         884   8.9999999999999997E-002
         885  0.15500000000000000     
         886  0.19500000000000001     
         887   8.9999999999999997E-002
         888  0.12500000000000000     
         889  0.19500000000000001     
         890   4.4999999999999998E-002
         891   7.0000000000000007E-002
         892  0.14499999999999999     
         893  0.23000000000000001     
         894  0.12500000000000000     
         895  0.11500000000000000     
         896   2.5000000000000001E-002
         897  0.28000000000000003     
         898   2.5000000000000001E-002
         899   5.5000000000000000E-002
         900  0.34499999999999997     
         901  0.37500000000000000     
         902  0.12500000000000000     
         903  0.28999999999999998     
         904   2.9999999999999999E-002
         905  0.18500000000000000     
         906   6.5000000000000002E-002
         907  0.33000000000000002     
         908  0.29999999999999999     
         909   5.0000000000000003E-002
         910   5.0000000000000001E-003
         911   5.9999999999999998E-002
         912   8.9999999999999997E-002
         913   2.5000000000000001E-002
         914  0.25000000000000000     
         915   4.0000000000000001E-002
         916  0.10000000000000001     
         917  0.13500000000000001     
         918  0.11500000000000000     
         919   1.0000000000000000E-002
         920  0.13000000000000000     
         921  0.16500000000000001     
         922  0.10000000000000001     
         923  0.20999999999999999     
         924  0.27500000000000002     
         925   7.0000000000000007E-002
         926  0.34000000000000002     
         927  0.17499999999999999     
         928  0.34999999999999998     
         929  0.35999999999999999     
         930   9.5000000000000001E-002
         931   3.5000000000000003E-002
         932   1.0000000000000000E-002
         933   5.9999999999999998E-002
         934  0.18500000000000000     
         935  0.10000000000000001     
         936   7.0000000000000007E-002
         937  0.12500000000000000     
         938  0.27000000000000002     
         939  0.25000000000000000     
         940  0.28499999999999998     
         941   2.0000000000000000E-002
         942  0.19000000000000000     
         943   5.0000000000000001E-003
         944  0.15500000000000000     
         945  0.17999999999999999     
         946   9.5000000000000001E-002
         947   2.9999999999999999E-002
         948  0.14499999999999999     
         949   8.5000000000000006E-002
         950   0.0000000000000000     
         951   8.5000000000000006E-002
         952   7.0000000000000007E-002
         953  0.16500000000000001     
         954  0.16500000000000001     
         955   8.0000000000000002E-002
         956   2.9999999999999999E-002
         957  0.13000000000000000     
         958   4.0000000000000001E-002
         959  0.12500000000000000     
         960   1.0000000000000000E-002
         961   5.0000000000000003E-002
         962   5.5000000000000000E-002
         963   5.0000000000000001E-003
         964   8.0000000000000002E-002
         965  0.26500000000000001     
         966  0.13500000000000001     
         967  0.20000000000000001     
         968   7.4999999999999997E-002
         969  0.16000000000000000     
         970   5.0000000000000003E-002
         971  0.20000000000000001     
         972   7.4999999999999997E-002
         973   1.4999999999999999E-002
         974  0.10500000000000000     
         975   4.0000000000000001E-002
         976   5.0000000000000001E-003
         977  0.22500000000000001     
         978   7.4999999999999997E-002
         979  0.14499999999999999     
         980   9.5000000000000001E-002
         981   8.9999999999999997E-002
         982   6.5000000000000002E-002
         983  0.20999999999999999     
         984  0.10000000000000001     
         985   5.0000000000000001E-003
         986  0.11000000000000000     
         987  0.31500000000000000     
         988   5.9999999999999998E-002
         989   8.5000000000000006E-002
         990  0.17000000000000001     
         991   7.0000000000000007E-002
         992  0.23499999999999999     
         993   2.5000000000000001E-002
         994   4.4999999999999998E-002
         995   2.0000000000000000E-002
         996  0.26500000000000001     
         997   7.0000000000000007E-002
         998  0.12500000000000000     
         999  0.25500000000000000     
        1000  0.27000000000000002     
        1001  0.55000000000000004     
        1002   5.0000000000000001E-003
        1003   2.5000000000000001E-002
        1004   5.5000000000000000E-002
        1005   5.0000000000000003E-002
        1006  0.34999999999999998     
        1007  0.33000000000000002     
        1008  0.27000000000000002     
        1009  0.27500000000000002     
        1010  0.18500000000000000     
        1011   8.5000000000000006E-002
        1012  0.31000000000000000     
        1013  0.17000000000000001     
        1014   4.0000000000000001E-002
        1015  0.18500000000000000     
        1016   5.0000000000000001E-003
        1017   7.4999999999999997E-002
        1018  0.17000000000000001     
        1019   2.9999999999999999E-002
        1020   5.0000000000000001E-003
        1021  0.10500000000000000     
        1022  0.16500000000000001     
        1023   5.9999999999999998E-002
        1024  0.20999999999999999     
        1025   2.0000000000000000E-002
        1026  0.19000000000000000     
        1027   8.9999999999999997E-002
        1028   8.5000000000000006E-002
        1029  0.16000000000000000     
        1030  0.13000000000000000     
        1031   6.5000000000000002E-002
        1032   1.0000000000000000E-002
        1033   9.5000000000000001E-002
        1034   5.5000000000000000E-002
        1035  0.13000000000000000     
        1036  0.17499999999999999     
        1037   1.4999999999999999E-002
        1038  0.11500000000000000     
        1039   2.5000000000000001E-002
        1040   3.5000000000000003E-002
        1041  0.32000000000000001     
        1042  0.18500000000000000     
        1043   2.9999999999999999E-002
        1044  0.10500000000000000     
        1045  0.19500000000000001     
        1046  0.18500000000000000     
        1047   5.0000000000000001E-003
        1048   1.4999999999999999E-002
        1049   5.0000000000000001E-003
        1050   8.0000000000000002E-002
        1051   4.4999999999999998E-002
        1052  0.17999999999999999     
        1053  0.47499999999999998     
        1054  0.39500000000000002     
        1055  0.41499999999999998     
        1056  0.23999999999999999     
        1057  0.21500000000000000     
        1058   2.9999999999999999E-002
        1059  0.12000000000000000     
        1060  0.11500000000000000     
        1061   8.0000000000000002E-002
        1062   5.9999999999999998E-002
        1063   1.0000000000000000E-002
        1064  0.27500000000000002     
        1065  0.20999999999999999     
        1066   2.9999999999999999E-002
        1067  0.15500000000000000     
        1068   7.0000000000000007E-002
        1069  0.36499999999999999     
        1070   5.0000000000000001E-003
        1071   8.5000000000000006E-002
        1072  0.10500000000000000     
        1073  0.28499999999999998     
        1074   5.0000000000000003E-002
        1075  0.17499999999999999     
        1076   4.4999999999999998E-002
        1077  0.10000000000000001     
        1078   7.4999999999999997E-002
        1079  0.14499999999999999     
        1080  0.31000000000000000     
        1081  0.13500000000000001     
        1082   8.5000000000000006E-002
        1083   2.9999999999999999E-002
        1084  0.37000000000000000     
        1085  0.22000000000000000     
        1086   4.4999999999999998E-002
        1087   3.5000000000000003E-002
        1088  0.11000000000000000     
        1089   4.0000000000000001E-002
        1090   9.5000000000000001E-002
        1091  0.14999999999999999     
        1092   5.0000000000000001E-003
        1093  0.10000000000000001     
        1094  0.17499999999999999     
        1095   8.0000000000000002E-002
        1096  0.16500000000000001     
        1097   9.5000000000000001E-002
        1098  0.12500000000000000     
        1099  0.20000000000000001     
        1100  0.11500000000000000     
        1101  0.12500000000000000     
        1102  0.14999999999999999     
        1103  0.21500000000000000     
        1104  0.24500000000000000     
        1105  0.39500000000000002     
        1106   1.4999999999999999E-002
        1107  0.13500000000000001     
        1108   8.0000000000000002E-002
        1109   4.0000000000000001E-002
        1110   2.5000000000000001E-002
        1111  0.11500000000000000     
        1112   5.0000000000000001E-003
        1113  0.20999999999999999     
        1114  0.29999999999999999     
        1115  0.13500000000000001     
        1116   3.5000000000000003E-002
        1117   7.4999999999999997E-002
        1118  0.39500000000000002     
        1119  0.24500000000000000     
        1120  0.28999999999999998     
        1121   9.5000000000000001E-002
        1122   9.5000000000000001E-002
        1123  0.10500000000000000     
        1124  0.41999999999999998     
        1125  0.14499999999999999     
        1126   7.0000000000000007E-002
        1127  0.18500000000000000     
        1128   6.5000000000000002E-002
        1129   2.9999999999999999E-002
        1130  0.19000000000000000     
        1131   7.4999999999999997E-002
        1132   7.0000000000000007E-002
        1133  0.10000000000000001     
        1134  0.10500000000000000     
        1135   2.9999999999999999E-002
        1136   4.4999999999999998E-002
        1137  0.22000000000000000     
        1138   1.4999999999999999E-002
        1139   8.5000000000000006E-002
        1140  0.33500000000000002     
        1141   2.0000000000000000E-002
        1142   5.0000000000000003E-002
        1143  0.17999999999999999     
        1144   2.0000000000000000E-002
        1145   2.5000000000000001E-002
        1146  0.13000000000000000     
        1147   3.5000000000000003E-002
        1148  0.25000000000000000     
        1149   8.5000000000000006E-002
        1150   5.9999999999999998E-002
        1151   5.9999999999999998E-002
        1152  0.12500000000000000     
        1153  0.12000000000000000     
        1154   0.0000000000000000     
        1155   5.0000000000000003E-002
        1156   5.5000000000000000E-002
        1157  0.20999999999999999     
        1158   4.4999999999999998E-002
        1159  0.12000000000000000     
        1160  0.27000000000000002     
        1161  0.46000000000000002     
        1162  0.28000000000000003     
        1163   5.0000000000000001E-003
        1164   2.9999999999999999E-002
        1165   5.9999999999999998E-002
        1166   5.0000000000000003E-002
        1167  0.16500000000000001     
        1168  0.11500000000000000     
        1169   2.0000000000000000E-002
        1170   5.9999999999999998E-002
        1171  0.17000000000000001     
        1172  0.25000000000000000     
        1173  0.43500000000000000     
        1174  0.15500000000000000     
        1175   5.0000000000000003E-002
        1176  0.13000000000000000     
        1177  0.11500000000000000     
        1178  0.11000000000000000     
        1179   8.5000000000000006E-002
        1180  0.25500000000000000     
        1181   1.4999999999999999E-002
        1182   3.5000000000000003E-002
        1183   5.5000000000000000E-002
        1184  0.12000000000000000     
        1185   5.9999999999999998E-002
        1186   5.9999999999999998E-002
        1187  0.23499999999999999     
        1188   2.5000000000000001E-002
        1189   1.4999999999999999E-002
        1190  0.15500000000000000     
        1191   4.0000000000000001E-002
        1192  0.14999999999999999     
        1193   7.4999999999999997E-002
        1194   2.0000000000000000E-002
        1195   4.4999999999999998E-002
        1196   4.4999999999999998E-002
        1197  0.34000000000000002     
        1198  0.16500000000000001     
        1199  0.15500000000000000     
        1200  0.11500000000000000     
        1201  0.25000000000000000     
        1202  0.12500000000000000     
        1203   8.9999999999999997E-002
        1204   5.9999999999999998E-002
        1205   7.4999999999999997E-002
        1206  0.12000000000000000     
        1207  0.12000000000000000     
        1208   7.4999999999999997E-002
        1209  0.15500000000000000     
        1210   5.5000000000000000E-002
        1211  0.25000000000000000     
        1212  0.23999999999999999     
        1213  0.23000000000000001     
        1214  0.17499999999999999     
        1215  0.12000000000000000     
        1216  0.41999999999999998     
        1217  0.40000000000000002     
        1218  0.35999999999999999     
        1219   2.9999999999999999E-002
        1220   9.5000000000000001E-002
        1221   4.0000000000000001E-002
        1222   2.9999999999999999E-002
        1223   5.5000000000000000E-002
        1224   2.9999999999999999E-002
        1225   4.4999999999999998E-002
        1226  0.20000000000000001     
        1227   2.9999999999999999E-002
        1228   7.0000000000000007E-002
        1229   2.5000000000000001E-002
        1230   5.0000000000000001E-003
        1231  0.17999999999999999     
        1232   5.0000000000000003E-002
        1233  0.17499999999999999     
        1234  0.23499999999999999     
        1235  0.17000000000000001     
        1236  0.25500000000000000     
        1237  0.18500000000000000     
        1238  0.35499999999999998     
        1239  0.22000000000000000     
        1240  0.11500000000000000     
        1241  0.23999999999999999     
        1242  0.11000000000000000     
        1243   4.4999999999999998E-002
        1244  0.17499999999999999     
        1245   7.0000000000000007E-002
        1246  0.12000000000000000     
        1247  0.19000000000000000     
        1248   5.0000000000000001E-003
        1249  0.17499999999999999     
        1250  0.28499999999999998     
        1251   5.0000000000000003E-002
        1252   5.0000000000000003E-002
        1253   8.0000000000000002E-002
        1254   5.0000000000000001E-003
        1255   5.0000000000000003E-002
        1256  0.33000000000000002     
        1257  0.29499999999999998     
        1258  0.41999999999999998     
        1259  0.12500000000000000     
        1260   7.4999999999999997E-002
        1261   2.9999999999999999E-002
        1262   5.0000000000000003E-002
        1263  0.20000000000000001     
        1264   2.5000000000000001E-002
        1265  0.19500000000000001     
        1266  0.14000000000000001     
        1267   7.4999999999999997E-002
        1268  0.14000000000000001     
        1269  0.13500000000000001     
        1270   4.0000000000000001E-002
        1271   8.5000000000000006E-002
        1272  0.12500000000000000     
        1273  0.26000000000000001     
        1274  0.17499999999999999     
        1275   8.9999999999999997E-002
        1276   2.0000000000000000E-002
        1277   5.5000000000000000E-002
        1278   8.0000000000000002E-002
        1279   1.0000000000000000E-002
        1280   5.0000000000000001E-003
        1281  0.14999999999999999     
        1282   8.9999999999999997E-002
        1283   8.5000000000000006E-002
        1284   4.4999999999999998E-002
        1285   5.0000000000000001E-003
        1286   5.5000000000000000E-002
        1287  0.26000000000000001     
        1288   2.0000000000000000E-002
        1289   9.5000000000000001E-002
        1290   2.0000000000000000E-002
        1291  0.11000000000000000     
        1292   1.0000000000000000E-002
        1293  0.30499999999999999     
        1294  0.13000000000000000     
        1295   5.5000000000000000E-002
        1296   1.0000000000000000E-002
        1297  0.10500000000000000     
        1298  0.23999999999999999     
        1299  0.17499999999999999     
        1300   2.9999999999999999E-002
        1301  0.17000000000000001     
        1302   2.5000000000000001E-002
        1303  0.19500000000000001     
        1304   0.0000000000000000     
        1305   5.9999999999999998E-002
        1306  0.37500000000000000     
        1307  0.20999999999999999     
        1308  0.11000000000000000     
        1309   3.5000000000000003E-002
        1310   8.9999999999999997E-002
        1311   8.5000000000000006E-002
        1312   5.0000000000000003E-002
        1313   3.5000000000000003E-002
        1314  0.13500000000000001     
        1315   8.0000000000000002E-002
        1316   7.0000000000000007E-002
        1317   6.5000000000000002E-002
        1318   5.0000000000000001E-003
        1319  0.18500000000000000     
        1320  0.11500000000000000     
        1321   2.5000000000000001E-002
        1322   5.5000000000000000E-002
        1323   7.4999999999999997E-002
        1324   5.9999999999999998E-002
        1325  0.20999999999999999     
        1326  0.26500000000000001     
        1327  0.12500000000000000     
        1328  0.14999999999999999     
        1329  0.12000000000000000     
        1330  0.27500000000000002     
        1331  0.18500000000000000     
        1332  0.11000000000000000     
        1333   5.9999999999999998E-002
        1334  0.13000000000000000     
        1335  0.16000000000000000     
        1336   9.5000000000000001E-002
        1337   5.9999999999999998E-002
        1338   5.0000000000000003E-002
        1339  0.14499999999999999     
        1340   2.5000000000000001E-002
        1341  0.12000000000000000     
        1342  0.28999999999999998     
        1343  0.25500000000000000     
        1344   8.5000000000000006E-002
        1345  0.20499999999999999     
        1346   5.0000000000000001E-003
        1347  0.15500000000000000     
        1348  0.22500000000000001     
        1349  0.17000000000000001     
        1350   2.0000000000000000E-002
        1351  0.20999999999999999     
        1352   3.5000000000000003E-002
        1353  0.23999999999999999     
        1354  0.13000000000000000     
        1355   5.0000000000000001E-003
        1356  0.17499999999999999     
        1357  0.31500000000000000     
        1358  0.19500000000000001     
        1359   9.5000000000000001E-002
        1360  0.27500000000000002     
        1361   1.4999999999999999E-002
        1362   8.0000000000000002E-002
        1363   8.9999999999999997E-002
        1364   4.4999999999999998E-002
        1365   4.0000000000000001E-002
        1366   5.0000000000000003E-002
        1367  0.12500000000000000     
        1368  0.33000000000000002     
        1369  0.17000000000000001     
        1370  0.17999999999999999     
        1371   3.5000000000000003E-002
        1372  0.12500000000000000     
        1373   9.5000000000000001E-002
        1374  0.11500000000000000     
        1375   2.5000000000000001E-002
        1376  0.16500000000000001     
        1377   1.0000000000000000E-002
        1378   8.9999999999999997E-002
        1379  0.17000000000000001     
        1380  0.17000000000000001     
        1381   2.9999999999999999E-002
        1382  0.11000000000000000     
        1383  0.15500000000000000     
        1384   0.0000000000000000     
        1385   4.4999999999999998E-002
        1386   7.0000000000000007E-002
        1387   7.0000000000000007E-002
        1388   1.4999999999999999E-002
        1389  0.16000000000000000     
        1390   2.0000000000000000E-002
        1391   5.5000000000000000E-002
        1392  0.16000000000000000     
        1393  0.17499999999999999     
        1394  0.11000000000000000     
        1395  0.11000000000000000     
        1396   8.0000000000000002E-002
        1397  0.17000000000000001     
        1398  0.24500000000000000     
        1399  0.34499999999999997     
        1400  0.14000000000000001     
        1401   2.9999999999999999E-002
        1402  0.16500000000000001     
        1403   6.5000000000000002E-002
        1404  0.11500000000000000     
        1405  0.19500000000000001     
        1406  0.20000000000000001     
        1407   5.5000000000000000E-002
        1408   5.0000000000000003E-002
        1409   2.9999999999999999E-002
        1410  0.21500000000000000     
        1411   8.9999999999999997E-002
        1412  0.10500000000000000     
        1413  0.11000000000000000     
        1414   4.4999999999999998E-002
        1415  0.14499999999999999     
        1416   5.9999999999999998E-002
        1417   4.4999999999999998E-002
        1418   5.9999999999999998E-002
        1419  0.17999999999999999     
        1420   7.0000000000000007E-002
        1421   8.0000000000000002E-002
        1422   6.5000000000000002E-002
        1423  0.11000000000000000     
        1424  0.14999999999999999     
        1425  0.26000000000000001     
        1426   5.0000000000000003E-002
        1427  0.22000000000000000     
        1428   1.0000000000000000E-002
        1429  0.13500000000000001     
        1430  0.19000000000000000     
        1431  0.30499999999999999     
        1432  0.20000000000000001     
        1433   6.5000000000000002E-002
        1434  0.27000000000000002     
        1435   5.0000000000000001E-003
        1436  0.22000000000000000     
        1437   2.9999999999999999E-002
        1438   5.0000000000000003E-002
        1439  0.17499999999999999     
        1440   8.9999999999999997E-002
        1441  0.10500000000000000     
        1442  0.10000000000000001     
        1443  0.18500000000000000     
        1444   5.0000000000000001E-003
        1445   1.4999999999999999E-002
        1446  0.17000000000000001     
        1447   6.5000000000000002E-002
        1448  0.14999999999999999     
        1449   0.0000000000000000     
        1450   5.0000000000000003E-002
        1451  0.27500000000000002     
        1452  0.29499999999999998     
        1453   1.0000000000000000E-002
        1454  0.22500000000000001     
        1455  0.12500000000000000     
        1456   2.0000000000000000E-002
        1457   1.4999999999999999E-002
        1458   8.0000000000000002E-002
        1459   1.4999999999999999E-002
        1460   5.5000000000000000E-002
        1461  0.13500000000000001     
        1462  0.31000000000000000     
        1463  0.31500000000000000     
        1464  0.31000000000000000     
        1465  0.31000000000000000     
        1466  0.19000000000000000     
        1467  0.27000000000000002     
        1468   8.9999999999999997E-002
        1469  0.11000000000000000     
        1470  0.16500000000000001     
        1471   8.5000000000000006E-002
        1472  0.10000000000000001     
        1473  0.37000000000000000     
        1474  0.32000000000000001     
        1475   5.5000000000000000E-002
        1476   5.0000000000000003E-002
        1477   2.9999999999999999E-002
        1478   9.5000000000000001E-002
        1479  0.15500000000000000     
        1480  0.23999999999999999     
        1481   5.9999999999999998E-002
        1482  0.23499999999999999     
        1483   8.0000000000000002E-002
        1484   4.0000000000000001E-002
        1485  0.11500000000000000     
        1486   3.5000000000000003E-002
        1487   3.5000000000000003E-002
        1488  0.16000000000000000     
        1489  0.15500000000000000     
        1490  0.31500000000000000     
        1491   2.5000000000000001E-002
        1492   9.5000000000000001E-002
        1493   5.9999999999999998E-002
        1494   8.5000000000000006E-002
        1495  0.42499999999999999     
        1496   3.5000000000000003E-002
        1497  0.17499999999999999     
        1498  0.16500000000000001     
        1499   2.9999999999999999E-002
        1500  0.22000000000000000     
        1501   1.0000000000000000E-002
        1502   8.5000000000000006E-002
        1503  0.13000000000000000     
        1504   5.5000000000000000E-002
        1505  0.14499999999999999     
        1506  0.25000000000000000     
        1507  0.25000000000000000     
        1508  0.18500000000000000     
        1509   4.0000000000000001E-002
        1510   0.0000000000000000     
        1511  0.14000000000000001     
        1512  0.10000000000000001     
        1513  0.15500000000000000     
        1514   2.5000000000000001E-002
        1515   2.0000000000000000E-002
        1516  0.23000000000000001     
        1517  0.45500000000000002     
        1518   7.4999999999999997E-002
        1519   5.9999999999999998E-002
        1520  0.14999999999999999     
        1521  0.20000000000000001     
        1522   4.0000000000000001E-002
        1523  0.32000000000000001     
        1524  0.38500000000000001     
        1525   0.0000000000000000     
        1526   4.0000000000000001E-002
        1527  0.15500000000000000     
        1528  0.33500000000000002     
        1529  0.27000000000000002     
        1530  0.27500000000000002     
        1531  0.20000000000000001     
        1532  0.28499999999999998     
        1533  0.10500000000000000     
        1534  0.20499999999999999     
        1535  0.22000000000000000     
        1536  0.33000000000000002     
        1537  0.10500000000000000     
        1538   5.5000000000000000E-002
        1539   3.5000000000000003E-002
        1540   5.0000000000000001E-003
        1541  0.14000000000000001     
        1542  0.31500000000000000     
        1543   4.0000000000000001E-002
        1544  0.26500000000000001     
        1545   2.0000000000000000E-002
        1546   5.0000000000000003E-002
        1547  0.39000000000000001     
        1548  0.18500000000000000     
        1549  0.23999999999999999     
        1550  0.17499999999999999     
        1551  0.24500000000000000     
        1552  0.14000000000000001     
        1553  0.12000000000000000     
        1554  0.17000000000000001     
        1555   2.5000000000000001E-002
        1556  0.13000000000000000     
        1557  0.29499999999999998     
        1558   0.0000000000000000     
        1559   5.9999999999999998E-002
        1560   7.0000000000000007E-002
        1561   5.9999999999999998E-002
        1562   9.5000000000000001E-002
        1563  0.14499999999999999     
        1564  0.10000000000000001     
        1565  0.16000000000000000     
        1566  0.14000000000000001     
        1567  0.11500000000000000     
        1568  0.22000000000000000     
        1569  0.14000000000000001     
        1570  0.10000000000000001     
        1571   5.9999999999999998E-002
        1572  0.10500000000000000     
        1573   5.0000000000000001E-003
        1574  0.22500000000000001     
        1575   2.9999999999999999E-002
        1576   9.5000000000000001E-002
        1577   5.0000000000000001E-003
        1578   5.0000000000000001E-003
        1579  0.16500000000000001     
        1580  0.35999999999999999     
        1581   1.0000000000000000E-002
        1582  0.14000000000000001     
        1583  0.11500000000000000     
        1584  0.16000000000000000     
        1585   9.5000000000000001E-002
        1586  0.22000000000000000     
        1587  0.11500000000000000     
        1588  0.16500000000000001     
        1589  0.10500000000000000     
        1590   5.0000000000000001E-003
        1591  0.20999999999999999     
        1592   5.9999999999999998E-002
        1593   4.4999999999999998E-002
        1594  0.16500000000000001     
        1595   8.9999999999999997E-002
        1596  0.14499999999999999     
        1597  0.13000000000000000     
        1598  0.23999999999999999     
        1599   4.0000000000000001E-002
        1600  0.14499999999999999     
        1601   8.9999999999999997E-002
        1602  0.11500000000000000     
        1603   1.4999999999999999E-002
        1604   6.5000000000000002E-002
        1605   0.0000000000000000     
        1606   4.0000000000000001E-002
        1607  0.12500000000000000     
        1608   1.4999999999999999E-002
        1609   8.0000000000000002E-002
        1610  0.39500000000000002     
        1611   5.0000000000000003E-002
        1612  0.27000000000000002     
        1613  0.31000000000000000     
        1614  0.12500000000000000     
        1615  0.11000000000000000     
        1616   5.5000000000000000E-002
        1617  0.13000000000000000     
        1618  0.20000000000000001     
        1619  0.19500000000000001     
        1620  0.14000000000000001     
        1621  0.21500000000000000     
        1622  0.20999999999999999     
        1623  0.25500000000000000     
        1624   3.5000000000000003E-002
        1625  0.12000000000000000     
        1626  0.27500000000000002     
        1627  0.11500000000000000     
        1628   8.0000000000000002E-002
        1629  0.40000000000000002     
        1630  0.22500000000000001     
        1631  0.46500000000000002     
        1632  0.20499999999999999     
        1633  0.11500000000000000     
        1634  0.24500000000000000     
        1635  0.32500000000000001     
        1636   2.5000000000000001E-002
        1637  0.21500000000000000     
        1638   2.9999999999999999E-002
        1639  0.13500000000000001     
        1640   2.0000000000000000E-002
        1641  0.20499999999999999     
        1642   7.0000000000000007E-002
        1643  0.32500000000000001     
        1644  0.21500000000000000     
        1645   8.9999999999999997E-002
        1646   8.5000000000000006E-002
        1647  0.13000000000000000     
        1648   7.4999999999999997E-002
        1649   2.5000000000000001E-002
        1650   7.0000000000000007E-002
        1651   7.0000000000000007E-002
        1652  0.34499999999999997     
        1653  0.42499999999999999     
        1654   2.0000000000000000E-002
        1655  0.11000000000000000     
        1656   5.0000000000000003E-002
        1657  0.10000000000000001     
        1658  0.33000000000000002     
        1659  0.23499999999999999     
        1660  0.10000000000000001     
        1661  0.18500000000000000     
        1662   5.0000000000000003E-002
        1663   2.5000000000000001E-002
        1664  0.16000000000000000     
        1665   5.5000000000000000E-002
        1666  0.12500000000000000     
        1667   1.0000000000000000E-002
        1668   5.0000000000000003E-002
        1669   8.9999999999999997E-002
        1670  0.32000000000000001     
        1671   1.4999999999999999E-002
        1672   8.0000000000000002E-002
        1673   8.0000000000000002E-002
        1674  0.32500000000000001     
        1675   9.5000000000000001E-002
        1676   4.4999999999999998E-002
        1677  0.38000000000000000     
        1678  0.13000000000000000     
        1679  0.12500000000000000     
        1680  0.11500000000000000     
        1681  0.27500000000000002     
        1682  0.17000000000000001     
        1683  0.26500000000000001     
        1684   2.5000000000000001E-002
        1685   1.0000000000000000E-002
        1686   4.0000000000000001E-002
        1687  0.13000000000000000     
        1688  0.18500000000000000     
        1689   7.0000000000000007E-002
        1690   8.5000000000000006E-002
        1691   5.0000000000000001E-003
        1692  0.13500000000000001     
        1693   7.0000000000000007E-002
        1694  0.32000000000000001     
        1695   3.5000000000000003E-002
        1696   8.5000000000000006E-002
        1697  0.12500000000000000     
        1698  0.32500000000000001     
        1699  0.14999999999999999     
        1700   1.4999999999999999E-002
        1701  0.14499999999999999     
        1702   5.0000000000000003E-002
        1703  0.26500000000000001     
        1704   2.5000000000000001E-002
        1705  0.30499999999999999     
        1706  0.16500000000000001     
        1707  0.15500000000000000     
        1708   8.0000000000000002E-002
        1709  0.15500000000000000     
        1710   2.9999999999999999E-002
        1711   7.4999999999999997E-002
        1712  0.23999999999999999     
        1713   5.5000000000000000E-002
        1714  0.13500000000000001     
        1715  0.33000000000000002     
        1716   6.5000000000000002E-002
        1717  0.28000000000000003     
        1718   7.4999999999999997E-002
        1719  0.11500000000000000     
        1720   7.0000000000000007E-002
        1721  0.17999999999999999     
        1722  0.20000000000000001     
        1723   6.5000000000000002E-002
        1724  0.12500000000000000     
        1725  0.13000000000000000     
        1726   6.5000000000000002E-002
        1727  0.17000000000000001     
        1728  0.51000000000000001     
        1729   4.0000000000000001E-002
        1730  0.22500000000000001     
        1731  0.11000000000000000     
        1732  0.23499999999999999     
        1733  0.23000000000000001     
        1734  0.20499999999999999     
        1735   6.5000000000000002E-002
        1736  0.14000000000000001     
        1737   2.9999999999999999E-002
        1738   2.0000000000000000E-002
        1739  0.14000000000000001     
        1740  0.10000000000000001     
        1741  0.17499999999999999     
        1742  0.19000000000000000     
        1743   5.0000000000000003E-002
        1744  0.11500000000000000     
        1745   2.0000000000000000E-002
        1746   1.0000000000000000E-002
        1747  0.21500000000000000     
        1748  0.17499999999999999     
        1749  0.12000000000000000     
        1750   8.0000000000000002E-002
        1751  0.41999999999999998     
        1752   2.9999999999999999E-002
        1753  0.25500000000000000     
        1754   7.4999999999999997E-002
        1755  0.16500000000000001     
        1756   4.0000000000000001E-002
        1757   8.9999999999999997E-002
        1758   8.9999999999999997E-002
        1759  0.29999999999999999     
        1760   5.9999999999999998E-002
        1761   5.0000000000000003E-002
        1762  0.32000000000000001     
        1763   3.5000000000000003E-002
        1764  0.11000000000000000     
        1765  0.13000000000000000     
        1766   3.5000000000000003E-002
        1767  0.17000000000000001     
        1768  0.31500000000000000     
        1769  0.12000000000000000     
        1770  0.23000000000000001     
        1771   8.0000000000000002E-002
        1772   2.5000000000000001E-002
        1773  0.17000000000000001     
        1774  0.21500000000000000     
        1775  0.10500000000000000     
        1776   2.5000000000000001E-002
        1777   4.4999999999999998E-002
        1778  0.27000000000000002     
        1779  0.17499999999999999     
        1780  0.19500000000000001     
        1781   7.0000000000000007E-002
        1782  0.22500000000000001     
        1783  0.26000000000000001     
        1784  0.18500000000000000     
        1785  0.10000000000000001     
        1786   6.5000000000000002E-002
        1787  0.14000000000000001     
        1788   2.5000000000000001E-002
        1789  0.15500000000000000     
        1790  0.32500000000000001     
        1791   9.5000000000000001E-002
        1792   8.0000000000000002E-002
        1793  0.24500000000000000     
        1794   5.5000000000000000E-002
        1795   4.4999999999999998E-002
        1796   4.0000000000000001E-002
        1797  0.17999999999999999     
        1798  0.19500000000000001     
        1799  0.34499999999999997     
        1800   5.9999999999999998E-002
        1801   3.5000000000000003E-002
        1802  0.12500000000000000     
        1803   7.4999999999999997E-002
        1804   5.0000000000000001E-003
        1805   5.0000000000000003E-002
        1806  0.21500000000000000     
        1807   2.0000000000000000E-002
        1808  0.20999999999999999     
        1809   4.0000000000000001E-002
        1810  0.12000000000000000     
        1811   4.0000000000000001E-002
        1812   1.0000000000000000E-002
        1813   5.9999999999999998E-002
        1814  0.19000000000000000     
        1815  0.27500000000000002     
        1816  0.28000000000000003     
        1817  0.37500000000000000     
        1818  0.15500000000000000     
        1819   2.5000000000000001E-002
        1820  0.12500000000000000     
        1821  0.17999999999999999     
        1822  0.14999999999999999     
        1823  0.14000000000000001     
        1824   1.0000000000000000E-002
        1825   5.0000000000000001E-003
        1826  0.20999999999999999     
        1827  0.13000000000000000     
        1828   6.5000000000000002E-002
        1829   8.5000000000000006E-002
        1830  0.16500000000000001     
        1831   2.5000000000000001E-002
        1832  0.14999999999999999     
        1833   2.9999999999999999E-002
        1834   2.9999999999999999E-002
        1835  0.14499999999999999     
        1836  0.27500000000000002     
        1837  0.10500000000000000     
        1838   2.5000000000000001E-002
        1839  0.23499999999999999     
        1840  0.14499999999999999     
        1841   3.5000000000000003E-002
        1842  0.15500000000000000     
        1843   2.0000000000000000E-002
        1844  0.16000000000000000     
        1845   3.5000000000000003E-002
        1846   8.9999999999999997E-002
        1847  0.16500000000000001     
        1848   7.0000000000000007E-002
        1849   8.0000000000000002E-002
        1850  0.17000000000000001     
        1851   7.0000000000000007E-002
        1852  0.10000000000000001     
        1853  0.22000000000000000     
        1854  0.37000000000000000     
        1855  0.25000000000000000     
        1856  0.27000000000000002     
        1857   5.9999999999999998E-002
        1858   1.0000000000000000E-002
        1859  0.10000000000000001     
        1860  0.38000000000000000     
        1861  0.12500000000000000     
        1862   5.0000000000000001E-003
        1863   5.0000000000000003E-002
        1864  0.40500000000000003     
        1865   2.5000000000000001E-002
        1866  0.29999999999999999     
        1867   6.5000000000000002E-002
        1868   4.0000000000000001E-002
        1869   5.0000000000000001E-003
        1870  0.11500000000000000     
        1871  0.20000000000000001     
        1872  0.10500000000000000     
        1873  0.12000000000000000     
        1874  0.10500000000000000     
        1875  0.20000000000000001     
        1876  0.14499999999999999     
        1877  0.12000000000000000     
        1878  0.10500000000000000     
        1879  0.11000000000000000     
        1880   2.0000000000000000E-002
        1881   8.5000000000000006E-002
        1882   1.0000000000000000E-002
        1883  0.24500000000000000     
        1884  0.27500000000000002     
        1885   9.5000000000000001E-002
        1886  0.13000000000000000     
        1887   5.5000000000000000E-002
        1888   2.0000000000000000E-002
        1889   7.4999999999999997E-002
        1890   0.0000000000000000     
        1891   5.0000000000000001E-003
        1892  0.11500000000000000     
        1893  0.33500000000000002     
        1894   2.0000000000000000E-002
        1895  0.22500000000000001     
        1896   1.0000000000000000E-002
        1897   0.0000000000000000     
        1898  0.20000000000000001     
        1899   4.4999999999999998E-002
        1900  0.18500000000000000     
        1901   9.5000000000000001E-002
        1902  0.18500000000000000     
        1903   5.9999999999999998E-002
        1904  0.29499999999999998     
        1905   4.0000000000000001E-002
        1906  0.13000000000000000     
        1907   5.9999999999999998E-002
        1908   4.4999999999999998E-002
        1909   3.5000000000000003E-002
        1910  0.12500000000000000     
        1911   2.9999999999999999E-002
        1912  0.16000000000000000     
        1913   5.9999999999999998E-002
        1914  0.14999999999999999     
        1915  0.23499999999999999     
        1916   3.5000000000000003E-002
        1917  0.28999999999999998     
        1918  0.16000000000000000     
        1919   9.5000000000000001E-002
        1920  0.19000000000000000     
        1921   9.5000000000000001E-002
        1922  0.12500000000000000     
        1923   2.9999999999999999E-002
        1924  0.25500000000000000     
        1925   2.9999999999999999E-002
        1926  0.10500000000000000     
        1927   3.5000000000000003E-002
        1928  0.15500000000000000     
        1929  0.17499999999999999     
        1930   4.0000000000000001E-002
        1931   8.9999999999999997E-002
        1932  0.14000000000000001     
        1933  0.10000000000000001     
        1934  0.25000000000000000     
        1935   5.9999999999999998E-002
        1936  0.13500000000000001     
        1937   2.9999999999999999E-002
        1938   8.9999999999999997E-002
        1939  0.11000000000000000     
        1940   2.9999999999999999E-002
        1941   4.0000000000000001E-002
        1942   2.9999999999999999E-002
        1943  0.19000000000000000     
        1944  0.41499999999999998     
        1945   8.5000000000000006E-002
        1946  0.38000000000000000     
        1947  0.20999999999999999     
        1948  0.25500000000000000     
        1949   5.0000000000000003E-002
        1950  0.25000000000000000     
        1951   1.0000000000000000E-002
        1952  0.14000000000000001     
        1953   5.0000000000000001E-003
        1954   1.4999999999999999E-002
        1955  0.26000000000000001     
        1956   2.0000000000000000E-002
        1957  0.12000000000000000     
        1958   1.0000000000000000E-002
        1959   5.0000000000000003E-002
        1960  0.11000000000000000     
        1961   8.5000000000000006E-002
        1962  0.10000000000000001     
        1963  0.23499999999999999     
        1964  0.16000000000000000     
        1965   2.5000000000000001E-002
        1966  0.28999999999999998     
        1967   5.5000000000000000E-002
        1968   5.9999999999999998E-002
        1969   2.5000000000000001E-002
        1970  0.10500000000000000     
        1971  0.22000000000000000     
        1972  0.11500000000000000     
        1973  0.31500000000000000     
        1974  0.13000000000000000     
        1975   6.5000000000000002E-002
        1976  0.25000000000000000     
        1977  0.14499999999999999     
        1978  0.14499999999999999     
        1979  0.12000000000000000     
        1980  0.14999999999999999     
        1981  0.15500000000000000     
        1982   3.5000000000000003E-002
        1983   2.0000000000000000E-002
        1984   4.4999999999999998E-002
        1985   6.5000000000000002E-002
        1986  0.11500000000000000     
        1987  0.45000000000000001     
        1988  0.11500000000000000     
        1989   2.9999999999999999E-002
        1990  0.14999999999999999     
        1991   4.4999999999999998E-002
        1992   6.5000000000000002E-002
        1993  0.11000000000000000     
        1994   5.5000000000000000E-002
        1995   2.0000000000000000E-002
        1996  0.20499999999999999     
        1997  0.21500000000000000     
        1998  0.20000000000000001     
        1999   8.0000000000000002E-002
        2000   2.0000000000000000E-002
