           1  0.98664999999999958     
           2  0.98564999999999958     
           3  0.98665000000000003     
           4  0.98614999999999997     
           5  0.98769999999999969     
           6  0.98834999999999951     
           7  0.98764999999999958     
           8  0.98644999999999972     
           9  0.98669999999999947     
          10  0.98680000000000012     
          11  0.98890000000000000     
          12  0.98804999999999976     
          13  0.98549999999999993     
          14  0.98709999999999942     
          15  0.98639999999999983     
          16  0.98684999999999989     
          17  0.98745000000000016     
          18  0.98715000000000008     
          19  0.98639999999999961     
          20  0.98659999999999970     
          21  0.98784999999999978     
          22  0.98799999999999943     
          23  0.98740000000000006     
          24  0.98709999999999976     
          25  0.98709999999999920     
          26  0.98519999999999985     
          27  0.98774999999999979     
          28  0.98559999999999937     
          29  0.98739999999999928     
          30  0.98529999999999929     
          31  0.98609999999999998     
          32  0.98785000000000001     
          33  0.98684999999999989     
          34  0.98929999999999974     
          35  0.98719999999999952     
          36  0.98769999999999936     
          37  0.98529999999999973     
          38  0.98624999999999929     
          39  0.98809999999999965     
          40  0.98760000000000037     
          41  0.98769999999999936     
          42  0.98614999999999919     
          43  0.98800000000000021     
          44  0.98469999999999969     
          45  0.98809999999999976     
          46  0.98459999999999970     
          47  0.98719999999999997     
          48  0.98604999999999976     
          49  0.98719999999999974     
          50  0.98744999999999994     
          51  0.98594999999999966     
          52  0.98779999999999990     
          53  0.98644999999999972     
          54  0.98729999999999951     
          55  0.98809999999999976     
          56  0.98604999999999943     
          57  0.98669999999999958     
          58  0.98794999999999977     
          59  0.98760000000000003     
          60  0.98504999999999965     
          61  0.98794999999999977     
          62  0.98634999999999995     
          63  0.98624999999999963     
          64  0.98664999999999936     
          65  0.98784999999999967     
          66  0.98804999999999954     
          67  0.98599999999999999     
          68  0.98780000000000001     
          69  0.98794999999999999     
          70  0.98809999999999942     
          71  0.98674999999999935     
          72  0.98614999999999953     
          73  0.98654999999999959     
          74  0.98604999999999987     
          75  0.98734999999999995     
          76  0.98479999999999956     
          77  0.98819999999999975     
          78  0.98709999999999998     
          79  0.98619999999999963     
          80  0.98664999999999947     
          81  0.98644999999999938     
          82  0.98704999999999943     
          83  0.98579999999999957     
          84  0.98594999999999944     
          85  0.98839999999999972     
          86  0.98789999999999989     
          87  0.98614999999999997     
          88  0.98744999999999972     
          89  0.98745000000000005     
          90  0.98639999999999983     
          91  0.98689999999999967     
          92  0.98689999999999989     
          93  0.98704999999999998     
          94  0.98589999999999978     
          95  0.98830000000000018     
          96  0.98669999999999969     
          97  0.98844999999999972     
          98  0.98764999999999969     
          99  0.98744999999999949     
         100  0.98729999999999929     
