           1   1.0000000000000000     
           2  0.94499999999999995     
           3  0.95499999999999996     
           4  0.99500000000000000     
           5  0.94999999999999996     
           6  0.97499999999999998     
           7  0.96999999999999997     
           8  0.94499999999999995     
           9  0.99500000000000000     
          10  0.97999999999999998     
          11  0.97999999999999998     
          12  0.92500000000000004     
          13  0.95999999999999996     
          14  0.97499999999999998     
          15  0.98499999999999999     
          16  0.95499999999999996     
          17  0.96999999999999997     
          18  0.93500000000000005     
          19  0.97499999999999998     
          20  0.94999999999999996     
          21  0.95499999999999996     
          22  0.95499999999999996     
          23  0.96999999999999997     
          24  0.96499999999999997     
          25  0.96499999999999997     
          26  0.97499999999999998     
          27  0.95499999999999996     
          28  0.97999999999999998     
          29  0.98999999999999999     
          30  0.95999999999999996     
          31  0.95499999999999996     
          32  0.95999999999999996     
          33  0.98499999999999999     
          34  0.96999999999999997     
          35  0.94999999999999996     
          36  0.98999999999999999     
          37  0.96999999999999997     
          38  0.95999999999999996     
          39  0.98499999999999999     
          40  0.98999999999999999     
          41  0.96999999999999997     
          42  0.97999999999999998     
          43  0.96499999999999997     
          44  0.95499999999999996     
          45  0.96999999999999997     
          46  0.95999999999999996     
          47  0.88000000000000000     
          48  0.96999999999999997     
          49  0.97999999999999998     
          50  0.93500000000000005     
          51  0.97499999999999998     
          52  0.94499999999999995     
          53  0.96499999999999997     
          54  0.94499999999999995     
          55  0.96499999999999997     
          56  0.97499999999999998     
          57  0.98499999999999999     
          58  0.96999999999999997     
          59  0.94999999999999996     
          60  0.95999999999999996     
          61  0.97499999999999998     
          62  0.97999999999999998     
          63  0.97999999999999998     
          64  0.95999999999999996     
          65  0.96499999999999997     
          66  0.98999999999999999     
          67  0.98499999999999999     
          68  0.97999999999999998     
          69  0.92000000000000004     
          70  0.98499999999999999     
          71  0.98499999999999999     
          72  0.98499999999999999     
          73  0.96499999999999997     
          74  0.97499999999999998     
          75  0.96999999999999997     
          76  0.97999999999999998     
          77  0.94999999999999996     
          78  0.98499999999999999     
          79  0.94999999999999996     
          80  0.94999999999999996     
          81  0.93999999999999995     
          82  0.93500000000000005     
          83  0.95499999999999996     
          84  0.95999999999999996     
          85  0.97499999999999998     
          86  0.95499999999999996     
          87  0.96999999999999997     
          88  0.98499999999999999     
          89  0.97499999999999998     
          90  0.96999999999999997     
          91  0.96499999999999997     
          92   1.0000000000000000     
          93  0.98499999999999999     
          94  0.96499999999999997     
          95  0.96999999999999997     
          96  0.96999999999999997     
          97  0.97499999999999998     
          98  0.98999999999999999     
          99  0.95499999999999996     
         100  0.97999999999999998     
         101  0.95999999999999996     
         102  0.98499999999999999     
         103  0.98499999999999999     
         104  0.98499999999999999     
         105  0.95999999999999996     
         106  0.96499999999999997     
         107  0.96499999999999997     
         108  0.91500000000000004     
         109  0.95499999999999996     
         110  0.95499999999999996     
         111  0.96499999999999997     
         112  0.96999999999999997     
         113  0.98499999999999999     
         114  0.96499999999999997     
         115  0.93999999999999995     
         116  0.97999999999999998     
         117  0.95999999999999996     
         118  0.96999999999999997     
         119  0.96999999999999997     
         120   1.0000000000000000     
         121  0.96499999999999997     
         122  0.96999999999999997     
         123  0.95999999999999996     
         124  0.96999999999999997     
         125  0.93999999999999995     
         126  0.96499999999999997     
         127  0.95499999999999996     
         128  0.94999999999999996     
         129  0.97999999999999998     
         130  0.97999999999999998     
         131  0.94999999999999996     
         132  0.96999999999999997     
         133  0.86499999999999999     
         134  0.98999999999999999     
         135  0.99500000000000000     
         136  0.99500000000000000     
         137  0.93500000000000005     
         138  0.94499999999999995     
         139  0.94999999999999996     
         140  0.95999999999999996     
         141  0.96999999999999997     
         142  0.97499999999999998     
         143  0.92000000000000004     
         144  0.94499999999999995     
         145  0.97499999999999998     
         146  0.96999999999999997     
         147  0.97499999999999998     
         148  0.96999999999999997     
         149  0.98499999999999999     
         150  0.94999999999999996     
         151  0.95499999999999996     
         152  0.97499999999999998     
         153  0.97499999999999998     
         154  0.98999999999999999     
         155  0.97999999999999998     
         156  0.94999999999999996     
         157  0.94999999999999996     
         158  0.95499999999999996     
         159  0.96999999999999997     
         160  0.94999999999999996     
         161  0.97499999999999998     
         162  0.92000000000000004     
         163  0.97999999999999998     
         164  0.98999999999999999     
         165  0.94999999999999996     
         166  0.96999999999999997     
         167  0.98999999999999999     
         168  0.94999999999999996     
         169  0.98499999999999999     
         170  0.97499999999999998     
         171  0.95999999999999996     
         172  0.98499999999999999     
         173  0.98499999999999999     
         174  0.97999999999999998     
         175  0.95999999999999996     
         176  0.94499999999999995     
         177  0.95499999999999996     
         178  0.92500000000000004     
         179  0.96999999999999997     
         180  0.97499999999999998     
         181  0.95999999999999996     
         182  0.93000000000000005     
         183  0.98499999999999999     
         184  0.97999999999999998     
         185  0.94999999999999996     
         186  0.94999999999999996     
         187  0.96999999999999997     
         188  0.97499999999999998     
         189  0.92000000000000004     
         190  0.97499999999999998     
         191  0.95499999999999996     
         192  0.99500000000000000     
         193  0.97999999999999998     
         194  0.96999999999999997     
         195  0.94499999999999995     
         196  0.91000000000000003     
         197  0.98499999999999999     
         198  0.94999999999999996     
         199  0.97999999999999998     
         200  0.93999999999999995     
         201  0.97999999999999998     
         202  0.95999999999999996     
         203  0.96499999999999997     
         204  0.96499999999999997     
         205  0.97999999999999998     
         206  0.95999999999999996     
         207  0.99500000000000000     
         208  0.95499999999999996     
         209  0.96499999999999997     
         210  0.94499999999999995     
         211  0.94499999999999995     
         212  0.99500000000000000     
         213  0.95499999999999996     
         214  0.97499999999999998     
         215  0.96499999999999997     
         216  0.95499999999999996     
         217  0.95999999999999996     
         218  0.96499999999999997     
         219  0.94999999999999996     
         220  0.98499999999999999     
         221  0.96499999999999997     
         222  0.98499999999999999     
         223  0.96999999999999997     
         224  0.96999999999999997     
         225  0.98499999999999999     
         226  0.93500000000000005     
         227  0.96999999999999997     
         228  0.96499999999999997     
         229  0.95999999999999996     
         230  0.98999999999999999     
         231  0.93999999999999995     
         232  0.96499999999999997     
         233  0.98499999999999999     
         234  0.97499999999999998     
         235  0.98499999999999999     
         236  0.93999999999999995     
         237  0.96999999999999997     
         238  0.97499999999999998     
         239  0.97499999999999998     
         240  0.97499999999999998     
         241  0.97999999999999998     
         242  0.97499999999999998     
         243  0.93000000000000005     
         244  0.90000000000000002     
         245  0.97999999999999998     
         246  0.96999999999999997     
         247  0.97999999999999998     
         248  0.94499999999999995     
         249  0.98499999999999999     
         250  0.94499999999999995     
         251  0.93999999999999995     
         252  0.98499999999999999     
         253  0.97999999999999998     
         254  0.98499999999999999     
         255  0.98499999999999999     
         256  0.98499999999999999     
         257  0.95999999999999996     
         258  0.93500000000000005     
         259  0.93999999999999995     
         260  0.95999999999999996     
         261  0.94499999999999995     
         262  0.98499999999999999     
         263  0.96499999999999997     
         264  0.96999999999999997     
         265  0.98499999999999999     
         266  0.96999999999999997     
         267  0.93000000000000005     
         268  0.94499999999999995     
         269  0.95999999999999996     
         270  0.96499999999999997     
         271  0.97499999999999998     
         272  0.95999999999999996     
         273  0.97499999999999998     
         274  0.97499999999999998     
         275  0.93000000000000005     
         276  0.97999999999999998     
         277  0.96499999999999997     
         278  0.93500000000000005     
         279  0.96499999999999997     
         280  0.94499999999999995     
         281  0.97499999999999998     
         282  0.98499999999999999     
         283  0.93999999999999995     
         284  0.94499999999999995     
         285  0.94499999999999995     
         286  0.95499999999999996     
         287  0.98999999999999999     
         288  0.95999999999999996     
         289  0.97999999999999998     
         290  0.94999999999999996     
         291  0.95499999999999996     
         292  0.97499999999999998     
         293  0.96499999999999997     
         294  0.94999999999999996     
         295  0.95499999999999996     
         296  0.97999999999999998     
         297  0.98499999999999999     
         298  0.95499999999999996     
         299  0.94999999999999996     
         300  0.96999999999999997     
         301  0.97499999999999998     
         302  0.97999999999999998     
         303  0.95999999999999996     
         304  0.96499999999999997     
         305  0.95499999999999996     
         306  0.97999999999999998     
         307  0.97499999999999998     
         308  0.95999999999999996     
         309  0.96499999999999997     
         310  0.94999999999999996     
         311  0.98499999999999999     
         312  0.97499999999999998     
         313  0.98999999999999999     
         314  0.96999999999999997     
         315  0.96999999999999997     
         316  0.95999999999999996     
         317  0.95499999999999996     
         318  0.96499999999999997     
         319  0.97499999999999998     
         320  0.96999999999999997     
         321  0.91500000000000004     
         322  0.97499999999999998     
         323  0.97999999999999998     
         324  0.98499999999999999     
         325  0.96499999999999997     
         326  0.94999999999999996     
         327  0.97499999999999998     
         328  0.94499999999999995     
         329  0.96999999999999997     
         330  0.94999999999999996     
         331  0.94999999999999996     
         332  0.94499999999999995     
         333  0.96999999999999997     
         334  0.95999999999999996     
         335  0.97999999999999998     
         336  0.96999999999999997     
         337  0.93999999999999995     
         338  0.95499999999999996     
         339  0.97499999999999998     
         340  0.97499999999999998     
         341  0.96499999999999997     
         342  0.98499999999999999     
         343  0.95999999999999996     
         344  0.94499999999999995     
         345  0.96499999999999997     
         346  0.97999999999999998     
         347  0.93000000000000005     
         348  0.93999999999999995     
         349  0.97999999999999998     
         350  0.97499999999999998     
         351  0.87500000000000000     
         352  0.97999999999999998     
         353  0.95999999999999996     
         354  0.97999999999999998     
         355  0.95499999999999996     
         356  0.96499999999999997     
         357  0.96499999999999997     
         358  0.97499999999999998     
         359  0.96499999999999997     
         360  0.93000000000000005     
         361  0.97499999999999998     
         362  0.96999999999999997     
         363  0.95999999999999996     
         364  0.97499999999999998     
         365  0.94499999999999995     
         366  0.93000000000000005     
         367  0.97499999999999998     
         368  0.98499999999999999     
         369  0.97999999999999998     
         370  0.93500000000000005     
         371  0.96499999999999997     
         372  0.91500000000000004     
         373  0.98999999999999999     
         374  0.93999999999999995     
         375   1.0000000000000000     
         376  0.94999999999999996     
         377  0.98999999999999999     
         378  0.93999999999999995     
         379  0.95499999999999996     
         380  0.96499999999999997     
         381  0.95499999999999996     
         382  0.96999999999999997     
         383  0.95999999999999996     
         384  0.95499999999999996     
         385  0.96499999999999997     
         386  0.97999999999999998     
         387  0.97499999999999998     
         388  0.96499999999999997     
         389  0.89500000000000002     
         390  0.97999999999999998     
         391  0.94499999999999995     
         392  0.96999999999999997     
         393  0.98999999999999999     
         394  0.94999999999999996     
         395  0.98499999999999999     
         396  0.98499999999999999     
         397  0.93500000000000005     
         398  0.97999999999999998     
         399  0.95499999999999996     
         400  0.97999999999999998     
         401  0.93000000000000005     
         402  0.97999999999999998     
         403  0.95999999999999996     
         404  0.98999999999999999     
         405  0.98999999999999999     
         406  0.99500000000000000     
         407  0.97999999999999998     
         408  0.98499999999999999     
         409  0.91000000000000003     
         410  0.95499999999999996     
         411  0.96499999999999997     
         412  0.96999999999999997     
         413  0.98499999999999999     
         414  0.95999999999999996     
         415  0.96499999999999997     
         416  0.94999999999999996     
         417  0.98499999999999999     
         418  0.94499999999999995     
         419  0.98999999999999999     
         420  0.96499999999999997     
         421  0.98499999999999999     
         422  0.96499999999999997     
         423  0.96499999999999997     
         424  0.96999999999999997     
         425  0.98499999999999999     
         426  0.93999999999999995     
         427  0.97499999999999998     
         428  0.93500000000000005     
         429  0.98499999999999999     
         430  0.95499999999999996     
         431  0.95499999999999996     
         432  0.96499999999999997     
         433  0.96499999999999997     
         434  0.98999999999999999     
         435  0.95999999999999996     
         436  0.95499999999999996     
         437  0.98999999999999999     
         438  0.96999999999999997     
         439  0.95999999999999996     
         440  0.95999999999999996     
         441  0.98499999999999999     
         442  0.97999999999999998     
         443  0.94999999999999996     
         444  0.93500000000000005     
         445  0.95499999999999996     
         446  0.95999999999999996     
         447  0.95999999999999996     
         448  0.96499999999999997     
         449  0.94999999999999996     
         450  0.95499999999999996     
         451  0.94999999999999996     
         452  0.95999999999999996     
         453  0.97499999999999998     
         454  0.95499999999999996     
         455  0.98499999999999999     
         456  0.96499999999999997     
         457  0.97999999999999998     
         458  0.94999999999999996     
         459  0.94499999999999995     
         460  0.93999999999999995     
         461  0.97499999999999998     
         462  0.96999999999999997     
         463  0.95499999999999996     
         464  0.85999999999999999     
         465  0.93500000000000005     
         466  0.96999999999999997     
         467  0.95499999999999996     
         468  0.95999999999999996     
         469  0.96999999999999997     
         470  0.96999999999999997     
         471  0.96499999999999997     
         472  0.98499999999999999     
         473  0.96999999999999997     
         474  0.96499999999999997     
         475  0.93999999999999995     
         476  0.96999999999999997     
         477  0.97499999999999998     
         478  0.99500000000000000     
         479  0.96499999999999997     
         480  0.96499999999999997     
         481  0.97999999999999998     
         482  0.97499999999999998     
         483  0.97499999999999998     
         484  0.98499999999999999     
         485  0.98999999999999999     
         486  0.96499999999999997     
         487  0.97999999999999998     
         488  0.95499999999999996     
         489  0.97499999999999998     
         490  0.97499999999999998     
         491  0.93999999999999995     
         492  0.96999999999999997     
         493  0.97999999999999998     
         494  0.96999999999999997     
         495  0.96999999999999997     
         496  0.94499999999999995     
         497  0.95999999999999996     
         498  0.96999999999999997     
         499  0.98499999999999999     
         500  0.96999999999999997     
         501  0.98499999999999999     
         502  0.97499999999999998     
         503  0.96499999999999997     
         504  0.95999999999999996     
         505  0.95999999999999996     
         506  0.97999999999999998     
         507  0.96999999999999997     
         508  0.95499999999999996     
         509  0.90000000000000002     
         510  0.95999999999999996     
         511  0.95499999999999996     
         512  0.96499999999999997     
         513  0.98999999999999999     
         514  0.96999999999999997     
         515  0.97499999999999998     
         516  0.95999999999999996     
         517  0.99500000000000000     
         518  0.98999999999999999     
         519  0.96499999999999997     
         520  0.97499999999999998     
         521  0.97999999999999998     
         522  0.95499999999999996     
         523  0.97999999999999998     
         524  0.96999999999999997     
         525  0.97999999999999998     
         526  0.99500000000000000     
         527  0.92000000000000004     
         528  0.98499999999999999     
         529  0.95999999999999996     
         530  0.97999999999999998     
         531  0.96499999999999997     
         532  0.96499999999999997     
         533  0.99500000000000000     
         534  0.97499999999999998     
         535  0.93999999999999995     
         536  0.94999999999999996     
         537  0.97999999999999998     
         538  0.98499999999999999     
         539  0.94999999999999996     
         540  0.95999999999999996     
         541  0.93000000000000005     
         542  0.96999999999999997     
         543  0.96999999999999997     
         544  0.97499999999999998     
         545  0.90000000000000002     
         546  0.95999999999999996     
         547  0.93000000000000005     
         548  0.96499999999999997     
         549  0.97499999999999998     
         550  0.93500000000000005     
         551  0.96999999999999997     
         552  0.97499999999999998     
         553  0.94499999999999995     
         554  0.97999999999999998     
         555  0.95999999999999996     
         556  0.95499999999999996     
         557  0.96999999999999997     
         558  0.97499999999999998     
         559  0.95999999999999996     
         560  0.95999999999999996     
         561  0.93500000000000005     
         562  0.93999999999999995     
         563  0.91000000000000003     
         564  0.97499999999999998     
         565  0.96999999999999997     
         566  0.96999999999999997     
         567  0.98499999999999999     
         568  0.92500000000000004     
         569  0.99500000000000000     
         570  0.98499999999999999     
         571  0.97999999999999998     
         572  0.96999999999999997     
         573  0.95999999999999996     
         574  0.98499999999999999     
         575  0.98999999999999999     
         576  0.95999999999999996     
         577  0.98999999999999999     
         578  0.94499999999999995     
         579  0.98999999999999999     
         580  0.91500000000000004     
         581  0.95499999999999996     
         582  0.95499999999999996     
         583  0.97999999999999998     
         584  0.95999999999999996     
         585  0.95499999999999996     
         586  0.97999999999999998     
         587  0.95499999999999996     
         588  0.97999999999999998     
         589  0.95999999999999996     
         590  0.97999999999999998     
         591  0.96499999999999997     
         592  0.97999999999999998     
         593  0.96999999999999997     
         594  0.95499999999999996     
         595  0.96999999999999997     
         596  0.97999999999999998     
         597  0.96999999999999997     
         598  0.97999999999999998     
         599  0.97499999999999998     
         600  0.96499999999999997     
         601  0.95999999999999996     
         602  0.99500000000000000     
         603  0.98999999999999999     
         604  0.96499999999999997     
         605  0.96499999999999997     
         606  0.96999999999999997     
         607  0.95999999999999996     
         608  0.96499999999999997     
         609  0.96999999999999997     
         610  0.97999999999999998     
         611  0.94499999999999995     
         612  0.97499999999999998     
         613  0.96499999999999997     
         614  0.97999999999999998     
         615  0.98499999999999999     
         616  0.97499999999999998     
         617  0.93500000000000005     
         618  0.95499999999999996     
         619  0.96999999999999997     
         620  0.95499999999999996     
         621  0.94499999999999995     
         622  0.97499999999999998     
         623  0.98499999999999999     
         624  0.96499999999999997     
         625  0.99500000000000000     
         626  0.96999999999999997     
         627  0.94499999999999995     
         628  0.96999999999999997     
         629  0.98499999999999999     
         630  0.98499999999999999     
         631  0.97999999999999998     
         632  0.98999999999999999     
         633  0.95999999999999996     
         634  0.97499999999999998     
         635  0.95499999999999996     
         636  0.98499999999999999     
         637  0.98499999999999999     
         638  0.95499999999999996     
         639  0.94999999999999996     
         640  0.98499999999999999     
         641  0.96499999999999997     
         642  0.95999999999999996     
         643  0.97999999999999998     
         644  0.96499999999999997     
         645  0.94999999999999996     
         646  0.99500000000000000     
         647  0.96999999999999997     
         648  0.95499999999999996     
         649  0.97999999999999998     
         650  0.98499999999999999     
         651  0.96999999999999997     
         652  0.97999999999999998     
         653  0.96999999999999997     
         654  0.99500000000000000     
         655  0.97499999999999998     
         656  0.96499999999999997     
         657  0.94999999999999996     
         658  0.94499999999999995     
         659  0.97499999999999998     
         660  0.97999999999999998     
         661  0.97499999999999998     
         662  0.95999999999999996     
         663  0.98999999999999999     
         664  0.99500000000000000     
         665  0.95999999999999996     
         666  0.93500000000000005     
         667  0.97499999999999998     
         668  0.96999999999999997     
         669  0.94499999999999995     
         670  0.95999999999999996     
         671  0.91000000000000003     
         672  0.93500000000000005     
         673  0.96499999999999997     
         674  0.93500000000000005     
         675  0.97999999999999998     
         676  0.97499999999999998     
         677  0.92000000000000004     
         678  0.97999999999999998     
         679  0.94999999999999996     
         680  0.95999999999999996     
         681  0.95999999999999996     
         682  0.99500000000000000     
         683  0.97999999999999998     
         684  0.96999999999999997     
         685  0.95499999999999996     
         686  0.96499999999999997     
         687  0.96999999999999997     
         688  0.96999999999999997     
         689  0.91000000000000003     
         690  0.94499999999999995     
         691  0.98499999999999999     
         692  0.98999999999999999     
         693  0.96999999999999997     
         694  0.95999999999999996     
         695  0.97499999999999998     
         696  0.93999999999999995     
         697  0.97999999999999998     
         698  0.93999999999999995     
         699  0.97999999999999998     
         700  0.97999999999999998     
         701  0.97499999999999998     
         702  0.91500000000000004     
         703  0.96999999999999997     
         704  0.94499999999999995     
         705  0.97499999999999998     
         706  0.92000000000000004     
         707  0.93999999999999995     
         708  0.95999999999999996     
         709  0.97499999999999998     
         710  0.95499999999999996     
         711  0.97999999999999998     
         712  0.95499999999999996     
         713  0.97499999999999998     
         714  0.96999999999999997     
         715  0.97999999999999998     
         716  0.95499999999999996     
         717  0.93999999999999995     
         718  0.93999999999999995     
         719  0.95499999999999996     
         720  0.97499999999999998     
         721  0.97999999999999998     
         722  0.96999999999999997     
         723  0.97999999999999998     
         724  0.95499999999999996     
         725  0.92500000000000004     
         726  0.98499999999999999     
         727  0.93500000000000005     
         728  0.96999999999999997     
         729  0.91500000000000004     
         730  0.97999999999999998     
         731  0.94499999999999995     
         732  0.96499999999999997     
         733  0.98499999999999999     
         734  0.96999999999999997     
         735  0.97499999999999998     
         736  0.97499999999999998     
         737  0.94499999999999995     
         738  0.97999999999999998     
         739  0.96499999999999997     
         740  0.93500000000000005     
         741  0.98499999999999999     
         742  0.96999999999999997     
         743  0.98499999999999999     
         744  0.94499999999999995     
         745  0.95499999999999996     
         746  0.97499999999999998     
         747  0.97499999999999998     
         748  0.96499999999999997     
         749  0.98499999999999999     
         750  0.98499999999999999     
         751  0.94999999999999996     
         752  0.97999999999999998     
         753  0.96999999999999997     
         754  0.97499999999999998     
         755  0.95999999999999996     
         756  0.96999999999999997     
         757  0.99500000000000000     
         758  0.97999999999999998     
         759  0.96999999999999997     
         760  0.96499999999999997     
         761  0.95999999999999996     
         762  0.96499999999999997     
         763  0.98499999999999999     
         764  0.97499999999999998     
         765  0.97499999999999998     
         766  0.94499999999999995     
         767  0.97499999999999998     
         768  0.98999999999999999     
         769  0.90500000000000003     
         770  0.94999999999999996     
         771  0.96499999999999997     
         772  0.96999999999999997     
         773  0.92500000000000004     
         774  0.95499999999999996     
         775  0.93999999999999995     
         776  0.97999999999999998     
         777  0.97999999999999998     
         778  0.96499999999999997     
         779  0.97999999999999998     
         780  0.96999999999999997     
         781  0.94499999999999995     
         782  0.95499999999999996     
         783  0.97999999999999998     
         784  0.94999999999999996     
         785  0.97499999999999998     
         786  0.93999999999999995     
         787  0.95499999999999996     
         788  0.97499999999999998     
         789  0.95499999999999996     
         790  0.95999999999999996     
         791  0.97999999999999998     
         792  0.95999999999999996     
         793  0.96999999999999997     
         794  0.96499999999999997     
         795  0.93000000000000005     
         796  0.94499999999999995     
         797  0.95999999999999996     
         798  0.97999999999999998     
         799  0.96999999999999997     
         800  0.92000000000000004     
         801  0.89500000000000002     
         802  0.96499999999999997     
         803  0.97999999999999998     
         804  0.97499999999999998     
         805  0.97499999999999998     
         806  0.97499999999999998     
         807  0.96999999999999997     
         808  0.99500000000000000     
         809  0.96499999999999997     
         810  0.96999999999999997     
         811  0.94999999999999996     
         812  0.93999999999999995     
         813  0.98499999999999999     
         814  0.98499999999999999     
         815  0.94999999999999996     
         816  0.98499999999999999     
         817  0.97999999999999998     
         818  0.98999999999999999     
         819  0.94499999999999995     
         820  0.98499999999999999     
         821  0.96999999999999997     
         822  0.98499999999999999     
         823  0.98499999999999999     
         824  0.93500000000000005     
         825  0.97499999999999998     
         826  0.98499999999999999     
         827  0.97499999999999998     
         828  0.97499999999999998     
         829  0.94999999999999996     
         830  0.98499999999999999     
         831  0.96999999999999997     
         832  0.95499999999999996     
         833  0.93500000000000005     
         834  0.93000000000000005     
         835  0.95499999999999996     
         836  0.97999999999999998     
         837  0.95499999999999996     
         838  0.98499999999999999     
         839  0.96999999999999997     
         840  0.95499999999999996     
         841  0.94999999999999996     
         842  0.98999999999999999     
         843  0.96499999999999997     
         844  0.96499999999999997     
         845  0.95499999999999996     
         846  0.98999999999999999     
         847  0.97499999999999998     
         848  0.95499999999999996     
         849  0.97999999999999998     
         850  0.97499999999999998     
         851  0.96499999999999997     
         852  0.98499999999999999     
         853  0.96499999999999997     
         854  0.92000000000000004     
         855  0.93500000000000005     
         856  0.96499999999999997     
         857  0.95999999999999996     
         858  0.95499999999999996     
         859  0.93000000000000005     
         860  0.97499999999999998     
         861  0.98499999999999999     
         862  0.93500000000000005     
         863  0.98499999999999999     
         864  0.95499999999999996     
         865  0.94999999999999996     
         866  0.91500000000000004     
         867  0.96999999999999997     
         868  0.96499999999999997     
         869  0.95999999999999996     
         870  0.97999999999999998     
         871  0.96499999999999997     
         872  0.94499999999999995     
         873  0.95499999999999996     
         874  0.96499999999999997     
         875  0.95999999999999996     
         876  0.98999999999999999     
         877  0.96499999999999997     
         878  0.94499999999999995     
         879  0.96499999999999997     
         880  0.94499999999999995     
         881  0.93999999999999995     
         882  0.97999999999999998     
         883  0.97999999999999998     
         884  0.95499999999999996     
         885  0.98999999999999999     
         886  0.98499999999999999     
         887  0.98499999999999999     
         888  0.97499999999999998     
         889  0.98999999999999999     
         890  0.98499999999999999     
         891  0.92000000000000004     
         892  0.96499999999999997     
         893  0.98499999999999999     
         894  0.96999999999999997     
         895  0.97499999999999998     
         896  0.97999999999999998     
         897  0.97999999999999998     
         898  0.96999999999999997     
         899  0.96499999999999997     
         900  0.98999999999999999     
         901  0.94999999999999996     
         902  0.94999999999999996     
         903  0.96999999999999997     
         904  0.95999999999999996     
         905  0.97499999999999998     
         906  0.95999999999999996     
         907  0.97999999999999998     
         908  0.96499999999999997     
         909  0.96499999999999997     
         910  0.98499999999999999     
         911  0.98499999999999999     
         912  0.97499999999999998     
         913  0.97999999999999998     
         914  0.94499999999999995     
         915  0.98499999999999999     
         916  0.94999999999999996     
         917  0.97999999999999998     
         918  0.97499999999999998     
         919  0.97999999999999998     
         920  0.98499999999999999     
         921  0.97999999999999998     
         922  0.95499999999999996     
         923  0.95999999999999996     
         924  0.96999999999999997     
         925  0.97999999999999998     
         926  0.94499999999999995     
         927  0.96999999999999997     
         928  0.97499999999999998     
         929  0.99500000000000000     
         930  0.96499999999999997     
         931  0.96999999999999997     
         932  0.94999999999999996     
         933  0.94999999999999996     
         934  0.96499999999999997     
         935  0.97999999999999998     
         936  0.94999999999999996     
         937  0.97499999999999998     
         938  0.98999999999999999     
         939  0.97999999999999998     
         940  0.97999999999999998     
         941  0.97499999999999998     
         942  0.98499999999999999     
         943  0.98999999999999999     
         944  0.96499999999999997     
         945  0.97999999999999998     
         946  0.97999999999999998     
         947  0.97499999999999998     
         948  0.97499999999999998     
         949  0.95499999999999996     
         950  0.94999999999999996     
         951  0.97999999999999998     
         952  0.94999999999999996     
         953  0.97999999999999998     
         954  0.96499999999999997     
         955  0.95499999999999996     
         956  0.97499999999999998     
         957  0.97499999999999998     
         958  0.97999999999999998     
         959  0.97999999999999998     
         960  0.96999999999999997     
         961  0.98499999999999999     
         962  0.86499999999999999     
         963  0.97499999999999998     
         964  0.94499999999999995     
         965  0.98999999999999999     
         966  0.96999999999999997     
         967  0.98499999999999999     
         968  0.98499999999999999     
         969  0.90500000000000003     
         970  0.96499999999999997     
         971  0.99500000000000000     
         972  0.98999999999999999     
         973  0.94999999999999996     
         974  0.98499999999999999     
         975  0.95499999999999996     
         976  0.93000000000000005     
         977  0.98499999999999999     
         978  0.97999999999999998     
         979  0.99500000000000000     
         980  0.97999999999999998     
         981  0.98999999999999999     
         982  0.98999999999999999     
         983  0.96499999999999997     
         984  0.93000000000000005     
         985  0.97999999999999998     
         986  0.97999999999999998     
         987  0.96999999999999997     
         988  0.98499999999999999     
         989  0.95499999999999996     
         990  0.96499999999999997     
         991  0.93500000000000005     
         992  0.98999999999999999     
         993  0.96999999999999997     
         994  0.98999999999999999     
         995  0.97499999999999998     
         996  0.95499999999999996     
         997  0.90500000000000003     
         998  0.97999999999999998     
         999  0.95499999999999996     
        1000  0.97999999999999998     
        1001  0.97999999999999998     
        1002  0.97999999999999998     
        1003  0.96999999999999997     
        1004  0.95999999999999996     
        1005  0.95999999999999996     
        1006  0.96999999999999997     
        1007  0.99500000000000000     
        1008  0.97499999999999998     
        1009  0.96499999999999997     
        1010  0.98499999999999999     
        1011  0.97499999999999998     
        1012  0.96499999999999997     
        1013  0.96499999999999997     
        1014  0.94999999999999996     
        1015  0.96499999999999997     
        1016  0.97499999999999998     
        1017  0.97499999999999998     
        1018  0.97999999999999998     
        1019  0.98499999999999999     
        1020  0.96999999999999997     
        1021  0.96499999999999997     
        1022  0.97999999999999998     
        1023  0.93999999999999995     
        1024  0.96999999999999997     
        1025  0.96499999999999997     
        1026  0.89000000000000001     
        1027  0.97999999999999998     
        1028  0.96499999999999997     
        1029  0.96999999999999997     
        1030  0.98499999999999999     
        1031  0.96999999999999997     
        1032  0.93000000000000005     
        1033  0.94499999999999995     
        1034  0.96999999999999997     
        1035  0.91500000000000004     
        1036  0.93500000000000005     
        1037  0.92000000000000004     
        1038  0.98999999999999999     
        1039  0.94999999999999996     
        1040  0.97999999999999998     
        1041  0.98499999999999999     
        1042  0.98499999999999999     
        1043  0.97499999999999998     
        1044  0.97999999999999998     
        1045  0.93000000000000005     
        1046  0.96999999999999997     
        1047  0.97999999999999998     
        1048  0.97999999999999998     
        1049  0.96999999999999997     
        1050  0.96999999999999997     
        1051  0.98499999999999999     
        1052  0.98999999999999999     
        1053  0.95999999999999996     
        1054  0.98999999999999999     
        1055  0.98499999999999999     
        1056  0.98999999999999999     
        1057  0.94999999999999996     
        1058  0.98499999999999999     
        1059  0.98999999999999999     
        1060  0.95499999999999996     
        1061  0.96499999999999997     
        1062  0.92000000000000004     
        1063  0.94999999999999996     
        1064  0.95999999999999996     
        1065  0.97999999999999998     
        1066  0.96999999999999997     
        1067  0.93999999999999995     
        1068  0.97499999999999998     
        1069  0.98499999999999999     
        1070  0.94999999999999996     
        1071  0.92500000000000004     
        1072  0.93999999999999995     
        1073  0.95499999999999996     
        1074  0.95499999999999996     
        1075  0.95999999999999996     
        1076  0.95999999999999996     
        1077  0.94499999999999995     
        1078  0.96999999999999997     
        1079  0.98499999999999999     
        1080  0.95499999999999996     
        1081  0.93000000000000005     
        1082  0.98499999999999999     
        1083  0.95999999999999996     
        1084  0.95999999999999996     
        1085  0.98499999999999999     
        1086  0.93999999999999995     
        1087  0.98499999999999999     
        1088  0.96999999999999997     
        1089  0.93500000000000005     
        1090  0.97499999999999998     
        1091  0.97499999999999998     
        1092  0.97999999999999998     
        1093  0.95999999999999996     
        1094  0.95999999999999996     
        1095  0.94499999999999995     
        1096  0.97499999999999998     
        1097  0.96999999999999997     
        1098  0.96999999999999997     
        1099  0.96499999999999997     
        1100  0.98499999999999999     
        1101  0.98499999999999999     
        1102  0.96999999999999997     
        1103  0.96499999999999997     
        1104  0.98499999999999999     
        1105  0.97499999999999998     
        1106  0.91500000000000004     
        1107  0.96499999999999997     
        1108  0.97999999999999998     
        1109  0.97999999999999998     
        1110  0.96999999999999997     
        1111  0.95999999999999996     
        1112  0.97999999999999998     
        1113  0.96999999999999997     
        1114  0.93500000000000005     
        1115  0.98999999999999999     
        1116  0.96499999999999997     
        1117  0.98999999999999999     
        1118  0.95999999999999996     
        1119  0.96999999999999997     
        1120  0.96499999999999997     
        1121  0.97499999999999998     
        1122  0.96999999999999997     
        1123  0.94999999999999996     
        1124  0.95499999999999996     
        1125  0.97499999999999998     
        1126  0.95999999999999996     
        1127  0.96499999999999997     
        1128  0.95499999999999996     
        1129  0.94999999999999996     
        1130  0.97999999999999998     
        1131  0.96999999999999997     
        1132   1.0000000000000000     
        1133  0.96999999999999997     
        1134  0.96499999999999997     
        1135  0.97999999999999998     
        1136  0.96499999999999997     
        1137  0.96999999999999997     
        1138  0.92500000000000004     
        1139  0.97499999999999998     
        1140   1.0000000000000000     
        1141  0.96999999999999997     
        1142  0.97499999999999998     
        1143  0.97499999999999998     
        1144  0.97999999999999998     
        1145  0.96999999999999997     
        1146  0.96999999999999997     
        1147  0.98499999999999999     
        1148  0.94999999999999996     
        1149  0.95499999999999996     
        1150  0.95999999999999996     
        1151  0.95999999999999996     
        1152  0.97499999999999998     
        1153  0.95999999999999996     
        1154  0.96999999999999997     
        1155  0.95499999999999996     
        1156  0.96999999999999997     
        1157  0.95499999999999996     
        1158  0.95499999999999996     
        1159  0.97999999999999998     
        1160   1.0000000000000000     
        1161  0.95999999999999996     
        1162  0.93999999999999995     
        1163  0.98499999999999999     
        1164  0.97499999999999998     
        1165  0.96999999999999997     
        1166  0.95999999999999996     
        1167  0.92000000000000004     
        1168  0.96999999999999997     
        1169  0.93500000000000005     
        1170  0.97499999999999998     
        1171  0.96499999999999997     
        1172  0.97499999999999998     
        1173  0.97499999999999998     
        1174  0.95999999999999996     
        1175  0.97499999999999998     
        1176  0.96999999999999997     
        1177  0.95999999999999996     
        1178  0.95999999999999996     
        1179  0.97499999999999998     
        1180  0.95999999999999996     
        1181  0.98499999999999999     
        1182  0.98499999999999999     
        1183  0.90500000000000003     
        1184  0.95999999999999996     
        1185  0.98999999999999999     
        1186  0.96999999999999997     
        1187  0.96499999999999997     
        1188  0.97499999999999998     
        1189  0.95999999999999996     
        1190  0.93999999999999995     
        1191  0.97499999999999998     
        1192  0.98499999999999999     
        1193  0.98499999999999999     
        1194  0.95499999999999996     
        1195  0.95499999999999996     
        1196  0.96499999999999997     
        1197  0.97499999999999998     
        1198  0.96499999999999997     
        1199  0.97499999999999998     
        1200  0.94499999999999995     
        1201  0.97999999999999998     
        1202  0.96999999999999997     
        1203  0.97499999999999998     
        1204  0.95999999999999996     
        1205  0.94499999999999995     
        1206  0.97499999999999998     
        1207  0.96999999999999997     
        1208  0.97999999999999998     
        1209  0.98499999999999999     
        1210  0.99500000000000000     
        1211  0.98999999999999999     
        1212  0.98499999999999999     
        1213  0.97999999999999998     
        1214  0.94499999999999995     
        1215  0.98999999999999999     
        1216  0.98999999999999999     
        1217  0.97999999999999998     
        1218  0.96999999999999997     
        1219  0.96499999999999997     
        1220  0.97999999999999998     
        1221  0.97499999999999998     
        1222  0.96499999999999997     
        1223  0.97999999999999998     
        1224  0.98499999999999999     
        1225  0.93500000000000005     
        1226  0.98499999999999999     
        1227  0.98999999999999999     
        1228  0.95999999999999996     
        1229  0.96999999999999997     
        1230  0.98499999999999999     
        1231  0.98499999999999999     
        1232  0.92500000000000004     
        1233  0.95499999999999996     
        1234  0.94499999999999995     
        1235  0.96999999999999997     
        1236  0.95999999999999996     
        1237  0.93500000000000005     
        1238  0.97499999999999998     
        1239  0.96499999999999997     
        1240  0.97499999999999998     
        1241  0.96499999999999997     
        1242  0.99500000000000000     
        1243  0.97999999999999998     
        1244  0.98499999999999999     
        1245  0.94499999999999995     
        1246  0.95999999999999996     
        1247  0.96999999999999997     
        1248  0.96499999999999997     
        1249  0.95499999999999996     
        1250  0.98499999999999999     
        1251  0.96499999999999997     
        1252  0.93500000000000005     
        1253  0.95999999999999996     
        1254  0.96999999999999997     
        1255  0.96999999999999997     
        1256  0.95499999999999996     
        1257  0.97999999999999998     
        1258  0.98499999999999999     
        1259  0.96499999999999997     
        1260  0.96499999999999997     
        1261  0.97499999999999998     
        1262  0.98499999999999999     
        1263  0.96999999999999997     
        1264  0.94499999999999995     
        1265  0.98999999999999999     
        1266  0.93500000000000005     
        1267  0.95499999999999996     
        1268  0.96999999999999997     
        1269  0.99500000000000000     
        1270  0.97499999999999998     
        1271  0.95499999999999996     
        1272  0.92500000000000004     
        1273  0.97999999999999998     
        1274  0.88000000000000000     
        1275  0.97999999999999998     
        1276  0.98499999999999999     
        1277  0.98999999999999999     
        1278  0.96999999999999997     
        1279  0.93500000000000005     
        1280  0.95999999999999996     
        1281  0.94999999999999996     
        1282  0.96499999999999997     
        1283   1.0000000000000000     
        1284  0.98999999999999999     
        1285  0.97499999999999998     
        1286  0.98499999999999999     
        1287  0.96999999999999997     
        1288   1.0000000000000000     
        1289  0.97499999999999998     
        1290  0.97499999999999998     
        1291  0.98499999999999999     
        1292  0.97999999999999998     
        1293  0.93999999999999995     
        1294  0.96499999999999997     
        1295  0.97499999999999998     
        1296  0.97999999999999998     
        1297  0.97999999999999998     
        1298  0.98499999999999999     
        1299  0.96999999999999997     
        1300  0.97999999999999998     
        1301  0.94999999999999996     
        1302  0.98999999999999999     
        1303  0.97999999999999998     
        1304  0.93000000000000005     
        1305  0.97999999999999998     
        1306  0.96999999999999997     
        1307  0.96499999999999997     
        1308  0.98499999999999999     
        1309  0.94499999999999995     
        1310  0.94999999999999996     
        1311  0.98499999999999999     
        1312  0.93999999999999995     
        1313  0.98499999999999999     
        1314  0.97499999999999998     
        1315  0.98999999999999999     
        1316  0.97499999999999998     
        1317  0.95999999999999996     
        1318  0.97999999999999998     
        1319  0.94999999999999996     
        1320  0.93500000000000005     
        1321  0.97999999999999998     
        1322  0.97999999999999998     
        1323  0.96999999999999997     
        1324  0.96999999999999997     
        1325  0.93500000000000005     
        1326  0.96999999999999997     
        1327  0.97999999999999998     
        1328  0.94499999999999995     
        1329  0.96999999999999997     
        1330  0.95499999999999996     
        1331  0.97499999999999998     
        1332  0.97999999999999998     
        1333  0.95999999999999996     
        1334  0.96999999999999997     
        1335  0.97499999999999998     
        1336  0.93500000000000005     
        1337  0.95499999999999996     
        1338  0.97499999999999998     
        1339  0.98999999999999999     
        1340  0.94999999999999996     
        1341  0.95999999999999996     
        1342  0.95999999999999996     
        1343   1.0000000000000000     
        1344  0.96499999999999997     
        1345  0.94999999999999996     
        1346   1.0000000000000000     
        1347  0.94499999999999995     
        1348  0.96999999999999997     
        1349  0.98499999999999999     
        1350  0.94499999999999995     
        1351  0.93500000000000005     
        1352  0.95999999999999996     
        1353  0.96499999999999997     
        1354  0.99500000000000000     
        1355  0.95499999999999996     
        1356  0.98499999999999999     
        1357  0.94999999999999996     
        1358  0.95999999999999996     
        1359  0.97499999999999998     
        1360  0.98999999999999999     
        1361  0.97499999999999998     
        1362  0.98499999999999999     
        1363  0.96999999999999997     
        1364  0.95499999999999996     
        1365  0.94999999999999996     
        1366  0.95999999999999996     
        1367  0.95999999999999996     
        1368  0.95499999999999996     
        1369  0.97499999999999998     
        1370  0.94499999999999995     
        1371  0.97999999999999998     
        1372  0.99500000000000000     
        1373  0.93000000000000005     
        1374  0.95499999999999996     
        1375  0.94499999999999995     
        1376  0.94499999999999995     
        1377  0.96999999999999997     
        1378  0.94999999999999996     
        1379  0.93999999999999995     
        1380  0.95999999999999996     
        1381  0.90500000000000003     
        1382  0.96499999999999997     
        1383  0.97999999999999998     
        1384  0.98499999999999999     
        1385  0.97499999999999998     
        1386  0.97999999999999998     
        1387  0.94499999999999995     
        1388  0.97999999999999998     
        1389  0.96999999999999997     
        1390  0.96999999999999997     
        1391  0.93999999999999995     
        1392  0.97499999999999998     
        1393  0.98499999999999999     
        1394  0.94499999999999995     
        1395  0.97999999999999998     
        1396  0.96499999999999997     
        1397  0.91000000000000003     
        1398  0.97999999999999998     
        1399  0.96999999999999997     
        1400  0.90500000000000003     
        1401  0.96999999999999997     
        1402  0.95999999999999996     
        1403  0.95999999999999996     
        1404  0.97999999999999998     
        1405  0.96499999999999997     
        1406  0.98499999999999999     
        1407  0.98499999999999999     
        1408  0.95499999999999996     
        1409  0.95499999999999996     
        1410  0.97499999999999998     
        1411  0.95999999999999996     
        1412  0.98999999999999999     
        1413  0.97999999999999998     
        1414  0.94499999999999995     
        1415  0.98999999999999999     
        1416  0.93500000000000005     
        1417  0.97499999999999998     
        1418  0.97999999999999998     
        1419  0.95999999999999996     
        1420  0.96999999999999997     
        1421  0.95999999999999996     
        1422  0.97499999999999998     
        1423  0.97499999999999998     
        1424  0.96999999999999997     
        1425  0.98499999999999999     
        1426  0.97499999999999998     
        1427  0.96999999999999997     
        1428  0.96999999999999997     
        1429  0.96999999999999997     
        1430  0.95499999999999996     
        1431  0.97999999999999998     
        1432  0.91500000000000004     
        1433  0.96999999999999997     
        1434  0.95499999999999996     
        1435  0.99500000000000000     
        1436  0.94499999999999995     
        1437  0.96999999999999997     
        1438  0.94499999999999995     
        1439  0.96999999999999997     
        1440  0.91500000000000004     
        1441  0.97999999999999998     
        1442   1.0000000000000000     
        1443  0.96499999999999997     
        1444  0.97999999999999998     
        1445  0.91500000000000004     
        1446  0.97999999999999998     
        1447  0.97999999999999998     
        1448  0.96999999999999997     
        1449  0.91000000000000003     
        1450  0.96499999999999997     
        1451  0.95999999999999996     
        1452  0.93999999999999995     
        1453  0.95499999999999996     
        1454  0.96499999999999997     
        1455  0.94499999999999995     
        1456  0.95499999999999996     
        1457  0.98999999999999999     
        1458  0.97999999999999998     
        1459  0.96999999999999997     
        1460  0.98999999999999999     
        1461  0.98999999999999999     
        1462  0.95499999999999996     
        1463  0.96999999999999997     
        1464  0.96499999999999997     
        1465  0.96499999999999997     
        1466  0.97499999999999998     
        1467  0.95499999999999996     
        1468  0.97499999999999998     
        1469  0.97999999999999998     
        1470  0.96499999999999997     
        1471  0.95999999999999996     
        1472  0.97999999999999998     
        1473  0.95999999999999996     
        1474  0.95999999999999996     
        1475  0.93999999999999995     
        1476  0.97999999999999998     
        1477  0.93999999999999995     
        1478  0.95499999999999996     
        1479  0.98499999999999999     
        1480  0.98999999999999999     
        1481  0.95999999999999996     
        1482  0.99500000000000000     
        1483  0.97999999999999998     
        1484  0.87000000000000000     
        1485  0.93000000000000005     
        1486  0.98499999999999999     
        1487  0.95999999999999996     
        1488  0.95999999999999996     
        1489  0.95999999999999996     
        1490  0.96999999999999997     
        1491  0.96499999999999997     
        1492  0.99500000000000000     
        1493  0.96999999999999997     
        1494  0.96499999999999997     
        1495  0.99500000000000000     
        1496  0.93999999999999995     
        1497  0.95499999999999996     
        1498  0.97499999999999998     
        1499  0.93999999999999995     
        1500  0.98499999999999999     
        1501  0.93500000000000005     
        1502  0.96499999999999997     
        1503  0.95499999999999996     
        1504  0.98499999999999999     
        1505  0.96999999999999997     
        1506  0.98499999999999999     
        1507  0.95999999999999996     
        1508  0.97499999999999998     
        1509  0.94999999999999996     
        1510  0.99500000000000000     
        1511  0.96999999999999997     
        1512  0.95499999999999996     
        1513  0.94999999999999996     
        1514  0.96499999999999997     
        1515  0.93999999999999995     
        1516  0.95999999999999996     
        1517  0.95499999999999996     
        1518  0.98499999999999999     
        1519  0.93999999999999995     
        1520  0.98499999999999999     
        1521  0.96999999999999997     
        1522  0.95499999999999996     
        1523  0.95999999999999996     
        1524  0.97499999999999998     
        1525  0.96499999999999997     
        1526  0.97999999999999998     
        1527  0.94499999999999995     
        1528  0.93000000000000005     
        1529  0.96499999999999997     
        1530  0.97499999999999998     
        1531  0.95999999999999996     
        1532  0.97499999999999998     
        1533  0.95499999999999996     
        1534  0.93999999999999995     
        1535  0.93999999999999995     
        1536  0.99500000000000000     
        1537  0.97999999999999998     
        1538  0.96999999999999997     
        1539  0.99500000000000000     
        1540  0.98999999999999999     
        1541  0.95999999999999996     
        1542  0.97499999999999998     
        1543  0.97499999999999998     
        1544  0.96499999999999997     
        1545  0.96499999999999997     
        1546  0.94999999999999996     
        1547  0.96499999999999997     
        1548  0.96499999999999997     
        1549  0.97999999999999998     
        1550  0.96999999999999997     
        1551  0.99500000000000000     
        1552  0.95999999999999996     
        1553  0.97999999999999998     
        1554  0.96499999999999997     
        1555  0.97999999999999998     
        1556  0.97499999999999998     
        1557  0.96499999999999997     
        1558  0.95499999999999996     
        1559  0.98499999999999999     
        1560  0.98499999999999999     
        1561  0.93500000000000005     
        1562  0.95999999999999996     
        1563  0.97499999999999998     
        1564  0.96999999999999997     
        1565  0.95999999999999996     
        1566  0.96999999999999997     
        1567  0.99500000000000000     
        1568  0.94999999999999996     
        1569  0.95999999999999996     
        1570  0.98499999999999999     
        1571  0.97999999999999998     
        1572  0.95999999999999996     
        1573  0.98499999999999999     
        1574  0.96999999999999997     
        1575  0.96499999999999997     
        1576  0.97999999999999998     
        1577  0.95999999999999996     
        1578  0.94499999999999995     
        1579  0.97499999999999998     
        1580  0.96999999999999997     
        1581  0.92000000000000004     
        1582  0.96999999999999997     
        1583  0.96999999999999997     
        1584  0.96499999999999997     
        1585  0.94999999999999996     
        1586  0.97999999999999998     
        1587  0.95999999999999996     
        1588  0.96499999999999997     
        1589  0.96499999999999997     
        1590  0.97999999999999998     
        1591  0.97999999999999998     
        1592  0.95999999999999996     
        1593  0.96499999999999997     
        1594  0.97499999999999998     
        1595  0.94499999999999995     
        1596  0.94999999999999996     
        1597  0.97499999999999998     
        1598  0.98999999999999999     
        1599  0.94499999999999995     
        1600  0.93999999999999995     
        1601  0.97499999999999998     
        1602  0.98499999999999999     
        1603  0.93000000000000005     
        1604  0.95499999999999996     
        1605  0.97999999999999998     
        1606  0.96999999999999997     
        1607  0.96499999999999997     
        1608  0.97999999999999998     
        1609  0.95499999999999996     
        1610  0.96499999999999997     
        1611  0.94999999999999996     
        1612  0.97999999999999998     
        1613  0.94999999999999996     
        1614  0.96499999999999997     
        1615  0.95499999999999996     
        1616  0.96999999999999997     
        1617  0.96499999999999997     
        1618  0.93000000000000005     
        1619  0.96999999999999997     
        1620  0.93999999999999995     
        1621  0.96999999999999997     
        1622  0.95999999999999996     
        1623  0.98499999999999999     
        1624  0.94499999999999995     
        1625  0.96999999999999997     
        1626  0.97499999999999998     
        1627  0.97999999999999998     
        1628  0.97499999999999998     
        1629  0.98499999999999999     
        1630  0.95999999999999996     
        1631  0.97999999999999998     
        1632  0.90500000000000003     
        1633  0.96499999999999997     
        1634  0.97999999999999998     
        1635  0.94499999999999995     
        1636  0.96499999999999997     
        1637  0.98499999999999999     
        1638  0.97999999999999998     
        1639  0.96499999999999997     
        1640  0.94999999999999996     
        1641  0.92000000000000004     
        1642  0.99500000000000000     
        1643  0.98999999999999999     
        1644  0.96499999999999997     
        1645  0.97499999999999998     
        1646  0.96499999999999997     
        1647  0.95999999999999996     
        1648  0.99500000000000000     
        1649  0.98999999999999999     
        1650  0.97499999999999998     
        1651   1.0000000000000000     
        1652  0.93000000000000005     
        1653  0.94999999999999996     
        1654  0.98999999999999999     
        1655  0.96499999999999997     
        1656  0.95999999999999996     
        1657  0.93999999999999995     
        1658  0.94499999999999995     
        1659  0.96999999999999997     
        1660  0.97999999999999998     
        1661  0.99500000000000000     
        1662  0.98499999999999999     
        1663  0.95999999999999996     
        1664  0.94499999999999995     
        1665  0.99500000000000000     
        1666  0.96999999999999997     
        1667  0.96999999999999997     
        1668  0.95999999999999996     
        1669  0.97499999999999998     
        1670  0.91500000000000004     
        1671  0.97499999999999998     
        1672  0.97499999999999998     
        1673  0.98999999999999999     
        1674  0.96499999999999997     
        1675  0.97499999999999998     
        1676  0.96499999999999997     
        1677  0.97499999999999998     
        1678  0.98499999999999999     
        1679  0.95999999999999996     
        1680  0.96499999999999997     
        1681  0.98499999999999999     
        1682  0.93999999999999995     
        1683  0.95999999999999996     
        1684  0.95499999999999996     
        1685  0.97999999999999998     
        1686  0.94999999999999996     
        1687  0.98999999999999999     
        1688  0.98999999999999999     
        1689  0.93999999999999995     
        1690  0.95499999999999996     
        1691  0.98999999999999999     
        1692  0.96499999999999997     
        1693  0.98999999999999999     
        1694  0.96499999999999997     
        1695  0.94499999999999995     
        1696  0.98999999999999999     
        1697  0.95499999999999996     
        1698  0.97499999999999998     
        1699  0.92000000000000004     
        1700  0.95999999999999996     
        1701  0.96999999999999997     
        1702  0.96999999999999997     
        1703  0.95999999999999996     
        1704  0.96999999999999997     
        1705  0.98999999999999999     
        1706  0.97499999999999998     
        1707  0.98499999999999999     
        1708  0.95499999999999996     
        1709  0.96499999999999997     
        1710  0.93000000000000005     
        1711  0.94999999999999996     
        1712  0.96499999999999997     
        1713  0.96999999999999997     
        1714  0.95999999999999996     
        1715  0.94999999999999996     
        1716  0.93000000000000005     
        1717  0.98999999999999999     
        1718  0.96999999999999997     
        1719  0.95499999999999996     
        1720  0.98999999999999999     
        1721  0.94999999999999996     
        1722  0.97999999999999998     
        1723  0.94499999999999995     
        1724  0.96999999999999997     
        1725  0.92000000000000004     
        1726  0.98499999999999999     
        1727  0.95999999999999996     
        1728  0.96499999999999997     
        1729  0.95499999999999996     
        1730  0.92500000000000004     
        1731  0.97499999999999998     
        1732  0.94499999999999995     
        1733  0.95499999999999996     
        1734  0.98999999999999999     
        1735  0.97499999999999998     
        1736  0.95499999999999996     
        1737  0.97499999999999998     
        1738  0.93999999999999995     
        1739  0.97499999999999998     
        1740  0.95999999999999996     
        1741  0.97999999999999998     
        1742  0.96499999999999997     
        1743  0.96499999999999997     
        1744  0.97499999999999998     
        1745  0.96499999999999997     
        1746  0.96499999999999997     
        1747  0.93999999999999995     
        1748  0.95499999999999996     
        1749  0.99500000000000000     
        1750  0.98499999999999999     
        1751  0.97999999999999998     
        1752  0.96499999999999997     
        1753  0.96999999999999997     
        1754  0.99500000000000000     
        1755  0.98999999999999999     
        1756  0.96999999999999997     
        1757  0.97999999999999998     
        1758  0.95499999999999996     
        1759  0.97999999999999998     
        1760  0.96999999999999997     
        1761  0.92000000000000004     
        1762  0.96499999999999997     
        1763  0.96499999999999997     
        1764  0.96499999999999997     
        1765  0.98999999999999999     
        1766  0.98499999999999999     
        1767  0.97499999999999998     
        1768   1.0000000000000000     
        1769  0.95499999999999996     
        1770  0.97999999999999998     
        1771  0.96999999999999997     
        1772  0.97499999999999998     
        1773  0.96499999999999997     
        1774  0.92000000000000004     
        1775  0.98499999999999999     
        1776  0.98499999999999999     
        1777  0.96999999999999997     
        1778  0.97499999999999998     
        1779  0.98499999999999999     
        1780  0.96499999999999997     
        1781  0.95999999999999996     
        1782  0.96999999999999997     
        1783  0.96999999999999997     
        1784  0.96999999999999997     
        1785  0.94999999999999996     
        1786  0.96999999999999997     
        1787  0.94499999999999995     
        1788  0.96499999999999997     
        1789  0.95999999999999996     
        1790  0.98499999999999999     
        1791  0.94999999999999996     
        1792  0.96999999999999997     
        1793  0.98499999999999999     
        1794  0.96499999999999997     
        1795  0.96499999999999997     
        1796  0.98499999999999999     
        1797  0.93999999999999995     
        1798  0.96999999999999997     
        1799  0.96499999999999997     
        1800  0.98499999999999999     
        1801  0.96999999999999997     
        1802  0.97499999999999998     
        1803  0.96999999999999997     
        1804  0.93000000000000005     
        1805  0.97999999999999998     
        1806  0.96499999999999997     
        1807  0.94499999999999995     
        1808  0.97999999999999998     
        1809  0.98999999999999999     
        1810  0.90500000000000003     
        1811  0.97999999999999998     
        1812  0.95999999999999996     
        1813  0.96499999999999997     
        1814  0.94999999999999996     
        1815  0.96999999999999997     
        1816  0.93500000000000005     
        1817  0.97499999999999998     
        1818  0.97499999999999998     
        1819  0.96499999999999997     
        1820  0.98499999999999999     
        1821  0.97999999999999998     
        1822  0.93500000000000005     
        1823  0.94499999999999995     
        1824  0.98499999999999999     
        1825  0.95499999999999996     
        1826  0.95499999999999996     
        1827  0.96499999999999997     
        1828  0.98999999999999999     
        1829  0.98499999999999999     
        1830  0.96999999999999997     
        1831  0.95999999999999996     
        1832  0.90000000000000002     
        1833  0.97999999999999998     
        1834  0.97499999999999998     
        1835  0.95999999999999996     
        1836  0.95999999999999996     
        1837  0.95999999999999996     
        1838  0.93500000000000005     
        1839  0.97499999999999998     
        1840  0.97499999999999998     
        1841  0.96499999999999997     
        1842  0.94499999999999995     
        1843  0.97999999999999998     
        1844  0.92000000000000004     
        1845  0.97499999999999998     
        1846  0.98499999999999999     
        1847  0.96999999999999997     
        1848  0.97499999999999998     
        1849  0.96999999999999997     
        1850  0.95999999999999996     
        1851  0.98999999999999999     
        1852  0.97999999999999998     
        1853  0.94999999999999996     
        1854  0.97999999999999998     
        1855  0.94499999999999995     
        1856  0.95499999999999996     
        1857  0.97499999999999998     
        1858  0.98499999999999999     
        1859  0.93000000000000005     
        1860  0.96499999999999997     
        1861  0.97999999999999998     
        1862  0.96999999999999997     
        1863  0.97999999999999998     
        1864  0.98499999999999999     
        1865  0.97999999999999998     
        1866  0.97499999999999998     
        1867  0.98999999999999999     
        1868  0.95499999999999996     
        1869  0.97999999999999998     
        1870  0.94999999999999996     
        1871  0.96999999999999997     
        1872  0.96999999999999997     
        1873  0.95999999999999996     
        1874  0.97999999999999998     
        1875  0.97499999999999998     
        1876  0.94999999999999996     
        1877  0.94999999999999996     
        1878  0.89000000000000001     
        1879  0.94499999999999995     
        1880  0.98999999999999999     
        1881  0.98999999999999999     
        1882  0.97499999999999998     
        1883  0.97999999999999998     
        1884  0.96499999999999997     
        1885  0.95499999999999996     
        1886  0.95999999999999996     
        1887  0.94999999999999996     
        1888  0.96999999999999997     
        1889  0.97499999999999998     
        1890  0.96499999999999997     
        1891  0.94499999999999995     
        1892  0.99500000000000000     
        1893  0.95499999999999996     
        1894  0.96999999999999997     
        1895  0.95499999999999996     
        1896  0.97999999999999998     
        1897  0.93000000000000005     
        1898  0.95999999999999996     
        1899  0.95999999999999996     
        1900  0.96999999999999997     
        1901  0.93999999999999995     
        1902  0.95999999999999996     
        1903  0.94999999999999996     
        1904  0.95999999999999996     
        1905  0.97999999999999998     
        1906  0.98499999999999999     
        1907  0.97499999999999998     
        1908  0.93000000000000005     
        1909  0.94499999999999995     
        1910  0.96499999999999997     
        1911  0.85999999999999999     
        1912  0.95499999999999996     
        1913  0.98499999999999999     
        1914  0.95499999999999996     
        1915  0.96499999999999997     
        1916  0.98499999999999999     
        1917  0.94499999999999995     
        1918  0.97999999999999998     
        1919  0.97499999999999998     
        1920  0.96499999999999997     
        1921  0.94499999999999995     
        1922  0.98499999999999999     
        1923  0.96999999999999997     
        1924  0.98499999999999999     
        1925  0.94999999999999996     
        1926  0.95999999999999996     
        1927  0.97999999999999998     
        1928  0.96999999999999997     
        1929  0.98999999999999999     
        1930  0.97499999999999998     
        1931  0.96999999999999997     
        1932  0.98499999999999999     
        1933  0.96499999999999997     
        1934  0.95999999999999996     
        1935  0.95499999999999996     
        1936  0.95499999999999996     
        1937  0.93999999999999995     
        1938  0.98499999999999999     
        1939  0.96999999999999997     
        1940  0.96499999999999997     
        1941  0.98999999999999999     
        1942  0.95999999999999996     
        1943  0.95499999999999996     
        1944  0.95999999999999996     
        1945  0.97499999999999998     
        1946  0.97999999999999998     
        1947  0.95499999999999996     
        1948  0.99500000000000000     
        1949  0.97499999999999998     
        1950  0.97499999999999998     
        1951  0.98999999999999999     
        1952  0.96499999999999997     
        1953  0.97499999999999998     
        1954  0.95999999999999996     
        1955  0.95999999999999996     
        1956  0.96499999999999997     
        1957  0.93500000000000005     
        1958  0.95999999999999996     
        1959  0.97999999999999998     
        1960  0.98499999999999999     
        1961  0.97999999999999998     
        1962  0.96499999999999997     
        1963  0.95499999999999996     
        1964  0.96999999999999997     
        1965  0.98499999999999999     
        1966  0.97499999999999998     
        1967  0.96499999999999997     
        1968  0.97999999999999998     
        1969  0.95999999999999996     
        1970  0.97499999999999998     
        1971  0.98999999999999999     
        1972  0.97999999999999998     
        1973  0.94999999999999996     
        1974  0.90000000000000002     
        1975  0.95499999999999996     
        1976  0.96999999999999997     
        1977  0.96999999999999997     
        1978  0.96999999999999997     
        1979  0.96999999999999997     
        1980  0.95999999999999996     
        1981  0.96499999999999997     
        1982  0.95999999999999996     
        1983  0.98499999999999999     
        1984  0.98499999999999999     
        1985  0.97499999999999998     
        1986  0.96499999999999997     
        1987  0.97499999999999998     
        1988  0.99500000000000000     
        1989  0.97999999999999998     
        1990  0.97499999999999998     
        1991  0.97999999999999998     
        1992  0.95999999999999996     
        1993  0.97999999999999998     
        1994  0.94999999999999996     
        1995  0.94499999999999995     
        1996   1.0000000000000000     
        1997  0.96999999999999997     
        1998  0.96499999999999997     
        1999  0.96499999999999997     
        2000  0.98499999999999999     
