           1  0.97918367346938773     
           2  0.97836734693877547     
           3  0.98163265306122449     
           4  0.98367346938775513     
           5  0.98204081632653062     
           6  0.97877551020408160     
           7  0.98653061224489791     
           8  0.98163265306122449     
           9  0.97673469387755107     
          10  0.98040816326530611     
          11  0.97591836734693882     
          12  0.97591836734693882     
          13  0.98122448979591836     
          14  0.97591836734693882     
          15  0.98163265306122449     
          16  0.97877551020408160     
          17  0.97755102040816322     
          18  0.97918367346938773     
          19  0.98448979591836738     
          20  0.97755102040816322     
          21  0.97346938775510206     
          22  0.97346938775510206     
          23  0.97877551020408160     
          24  0.98040816326530611     
          25  0.97346938775510206     
          26  0.97877551020408160     
          27  0.97714285714285709     
          28  0.98367346938775513     
          29  0.98163265306122449     
          30  0.97999999999999998     
          31  0.98285714285714287     
          32  0.97714285714285709     
          33  0.97183673469387755     
          34  0.97836734693877547     
          35  0.97510204081632657     
          36  0.97959183673469385     
          37  0.97551020408163269     
          38  0.97510204081632657     
          39  0.97877551020408160     
          40  0.97510204081632657     
          41  0.97387755102040818     
          42  0.97959183673469385     
          43  0.97469387755102044     
          44  0.97591836734693882     
          45  0.97469387755102044     
          46  0.98244897959183675     
          47  0.97918367346938773     
          48  0.97428571428571431     
          49  0.98081632653061224     
          50  0.97224489795918367     
          51  0.98530612244897964     
          52  0.97755102040816322     
          53  0.98040816326530611     
          54  0.97999999999999998     
          55  0.98204081632653062     
          56  0.97959183673469385     
          57  0.98285714285714287     
          58  0.97428571428571431     
          59  0.97877551020408160     
          60  0.97551020408163269     
          61  0.96979591836734691     
          62  0.98163265306122449     
          63  0.97755102040816322     
          64  0.97551020408163269     
          65  0.97387755102040818     
          66  0.97795918367346935     
          67  0.97428571428571431     
          68  0.98163265306122449     
          69  0.98326530612244900     
          70  0.97428571428571431     
          71  0.97918367346938773     
          72  0.98530612244897964     
          73  0.98081632653061224     
          74  0.98326530612244900     
          75  0.96857142857142853     
          76  0.97306122448979593     
          77  0.97306122448979593     
          78  0.98326530612244900     
          79  0.97142857142857142     
          80  0.98244897959183675     
          81  0.97142857142857142     
          82  0.97510204081632657     
          83  0.98367346938775513     
          84  0.97795918367346935     
          85  0.97551020408163269     
          86  0.97183673469387755     
          87  0.98653061224489791     
          88  0.96979591836734691     
          89  0.98040816326530611     
          90  0.98326530612244900     
          91  0.98285714285714287     
          92  0.98612244897959178     
          93  0.97428571428571431     
          94  0.97959183673469385     
          95  0.97755102040816322     
          96  0.98489795918367351     
          97  0.97632653061224495     
          98  0.97959183673469385     
          99  0.98204081632653062     
         100  0.97877551020408160     
         101  0.97265306122448980     
         102  0.97591836734693882     
         103  0.96448979591836737     
         104  0.98571428571428577     
         105  0.97265306122448980     
         106  0.97959183673469385     
         107  0.98530612244897964     
         108  0.97306122448979593     
         109  0.97877551020408160     
         110  0.97877551020408160     
         111  0.96530612244897962     
         112  0.97999999999999998     
         113  0.97551020408163269     
         114  0.97673469387755107     
         115  0.98081632653061224     
         116  0.97591836734693882     
         117  0.97959183673469385     
         118  0.97632653061224495     
         119  0.98122448979591836     
         120  0.97142857142857142     
         121  0.98040816326530611     
         122  0.97632653061224495     
         123  0.97795918367346935     
         124  0.97959183673469385     
         125  0.98040816326530611     
         126  0.97306122448979593     
         127  0.97551020408163269     
         128  0.97510204081632657     
         129  0.97877551020408160     
         130  0.97428571428571431     
         131  0.98204081632653062     
         132  0.96571428571428575     
         133  0.98530612244897964     
         134  0.97591836734693882     
         135  0.97795918367346935     
         136  0.98326530612244900     
         137  0.98326530612244900     
         138  0.97510204081632657     
         139  0.96816326530612240     
         140  0.98408163265306126     
         141  0.98040816326530611     
         142  0.97918367346938773     
         143  0.97959183673469385     
         144  0.97428571428571431     
         145  0.97265306122448980     
         146  0.97795918367346935     
         147  0.97510204081632657     
         148  0.98040816326530611     
         149  0.97632653061224495     
         150  0.97999999999999998     
         151  0.97959183673469385     
         152  0.97591836734693882     
         153  0.97714285714285709     
         154  0.98408163265306126     
         155  0.97265306122448980     
         156  0.97999999999999998     
         157  0.97836734693877547     
         158  0.97755102040816322     
         159  0.97387755102040818     
         160  0.97714285714285709     
         161  0.97428571428571431     
         162  0.97387755102040818     
         163  0.97591836734693882     
         164  0.98122448979591836     
         165  0.97142857142857142     
         166  0.97795918367346935     
         167  0.97673469387755107     
         168  0.97836734693877547     
         169  0.97959183673469385     
         170  0.98122448979591836     
         171  0.98163265306122449     
         172  0.97102040816326529     
         173  0.98163265306122449     
         174  0.97591836734693882     
         175  0.98244897959183675     
         176  0.97673469387755107     
         177  0.97714285714285709     
         178  0.98244897959183675     
         179  0.98530612244897964     
         180  0.97551020408163269     
         181  0.97755102040816322     
         182  0.97591836734693882     
         183  0.97469387755102044     
         184  0.98040816326530611     
         185  0.97795918367346935     
         186  0.97020408163265304     
         187  0.97836734693877547     
         188  0.97755102040816322     
         189  0.97959183673469385     
         190  0.98367346938775513     
         191  0.97836734693877547     
         192  0.97714285714285709     
         193  0.97999999999999998     
         194  0.97551020408163269     
         195  0.97346938775510206     
         196  0.97469387755102044     
         197  0.98040816326530611     
         198  0.97877551020408160     
         199  0.98081632653061224     
         200  0.97265306122448980     
         201  0.97673469387755107     
         202  0.98408163265306126     
         203  0.97265306122448980     
         204  0.97877551020408160     
         205  0.98285714285714287     
         206  0.97918367346938773     
         207  0.97918367346938773     
         208  0.97755102040816322     
         209  0.98204081632653062     
         210  0.97673469387755107     
         211  0.97551020408163269     
         212  0.98040816326530611     
         213  0.97346938775510206     
         214  0.97387755102040818     
         215  0.97999999999999998     
         216  0.98081632653061224     
         217  0.97346938775510206     
         218  0.97428571428571431     
         219  0.97999999999999998     
         220  0.97346938775510206     
         221  0.98040816326530611     
         222  0.97632653061224495     
         223  0.97510204081632657     
         224  0.97306122448979593     
         225  0.97795918367346935     
         226  0.98367346938775513     
         227  0.97836734693877547     
         228  0.97673469387755107     
         229  0.97999999999999998     
         230  0.97306122448979593     
         231  0.97428571428571431     
         232  0.98285714285714287     
         233  0.98244897959183675     
         234  0.97591836734693882     
         235  0.97836734693877547     
         236  0.98204081632653062     
         237  0.97673469387755107     
         238  0.98040816326530611     
         239  0.97551020408163269     
         240  0.97387755102040818     
         241  0.97632653061224495     
         242  0.97877551020408160     
         243  0.97714285714285709     
         244  0.97795918367346935     
         245  0.98163265306122449     
         246  0.97632653061224495     
         247  0.98204081632653062     
         248  0.98367346938775513     
         249  0.97877551020408160     
         250  0.97755102040816322     
         251  0.98204081632653062     
         252  0.97428571428571431     
         253  0.98653061224489791     
         254  0.98163265306122449     
         255  0.97836734693877547     
         256  0.97632653061224495     
         257  0.97591836734693882     
         258  0.97877551020408160     
         259  0.97020408163265304     
         260  0.97755102040816322     
         261  0.97999999999999998     
         262  0.98244897959183675     
         263  0.98163265306122449     
         264  0.98081632653061224     
         265  0.97265306122448980     
         266  0.97632653061224495     
         267  0.97551020408163269     
         268  0.97714285714285709     
         269  0.97959183673469385     
         270  0.97510204081632657     
         271  0.97020408163265304     
         272  0.97999999999999998     
         273  0.97591836734693882     
         274  0.97673469387755107     
         275  0.97755102040816322     
         276  0.97306122448979593     
         277  0.98408163265306126     
         278  0.98163265306122449     
         279  0.97632653061224495     
         280  0.97428571428571431     
         281  0.97755102040816322     
         282  0.98204081632653062     
         283  0.97877551020408160     
         284  0.98408163265306126     
         285  0.97020408163265304     
         286  0.98448979591836738     
         287  0.98571428571428577     
         288  0.97428571428571431     
         289  0.98122448979591836     
         290  0.97591836734693882     
         291  0.98612244897959178     
         292  0.98040816326530611     
         293  0.97959183673469385     
         294  0.97836734693877547     
         295  0.97387755102040818     
         296  0.98163265306122449     
         297  0.96979591836734691     
         298  0.97346938775510206     
         299  0.98326530612244900     
         300  0.97469387755102044     
         301  0.96857142857142853     
         302  0.98571428571428577     
         303  0.98448979591836738     
         304  0.97959183673469385     
         305  0.97387755102040818     
         306  0.98204081632653062     
         307  0.98122448979591836     
         308  0.97918367346938773     
         309  0.97469387755102044     
         310  0.97673469387755107     
         311  0.98122448979591836     
         312  0.97959183673469385     
         313  0.97714285714285709     
         314  0.98163265306122449     
         315  0.97551020408163269     
         316  0.97673469387755107     
         317  0.97999999999999998     
         318  0.97673469387755107     
         319  0.96775510204081627     
         320  0.97265306122448980     
         321  0.97836734693877547     
         322  0.98040816326530611     
         323  0.97183673469387755     
         324  0.97918367346938773     
         325  0.97387755102040818     
         326  0.98040816326530611     
         327  0.97795918367346935     
         328  0.97632653061224495     
         329  0.97918367346938773     
         330  0.98367346938775513     
         331  0.98285714285714287     
         332  0.97755102040816322     
         333  0.97877551020408160     
         334  0.97714285714285709     
         335  0.96448979591836737     
         336  0.96857142857142853     
         337  0.98122448979591836     
         338  0.97918367346938773     
         339  0.97959183673469385     
         340  0.97795918367346935     
         341  0.97469387755102044     
         342  0.97632653061224495     
         343  0.98040816326530611     
         344  0.97755102040816322     
         345  0.97959183673469385     
         346  0.97755102040816322     
         347  0.97836734693877547     
         348  0.98204081632653062     
         349  0.97469387755102044     
         350  0.97469387755102044     
         351  0.97959183673469385     
         352  0.96897959183673465     
         353  0.97755102040816322     
         354  0.97632653061224495     
         355  0.98367346938775513     
         356  0.97551020408163269     
         357  0.97469387755102044     
         358  0.97591836734693882     
         359  0.97673469387755107     
         360  0.98040816326530611     
         361  0.97918367346938773     
         362  0.97795918367346935     
         363  0.97714285714285709     
         364  0.98367346938775513     
         365  0.98285714285714287     
         366  0.98326530612244900     
         367  0.97877551020408160     
         368  0.98204081632653062     
         369  0.98122448979591836     
         370  0.97551020408163269     
         371  0.97551020408163269     
         372  0.97918367346938773     
         373  0.97755102040816322     
         374  0.98122448979591836     
         375  0.97999999999999998     
         376  0.98408163265306126     
         377  0.96367346938775511     
         378  0.97755102040816322     
         379  0.97632653061224495     
         380  0.97959183673469385     
         381  0.97755102040816322     
         382  0.97551020408163269     
         383  0.97877551020408160     
         384  0.97918367346938773     
         385  0.98448979591836738     
         386  0.97959183673469385     
         387  0.97510204081632657     
         388  0.97346938775510206     
         389  0.97877551020408160     
         390  0.97877551020408160     
         391  0.98693877551020404     
         392  0.98285714285714287     
         393  0.97755102040816322     
         394  0.97346938775510206     
         395  0.97918367346938773     
         396  0.97673469387755107     
         397  0.97265306122448980     
         398  0.97632653061224495     
         399  0.97755102040816322     
         400  0.98040816326530611     
         401  0.98040816326530611     
         402  0.98163265306122449     
         403  0.97795918367346935     
         404  0.97673469387755107     
         405  0.97755102040816322     
         406  0.97591836734693882     
         407  0.97551020408163269     
         408  0.98734693877551016     
         409  0.97959183673469385     
         410  0.97428571428571431     
         411  0.96816326530612240     
         412  0.98081632653061224     
         413  0.97673469387755107     
         414  0.97265306122448980     
         415  0.98122448979591836     
         416  0.98040816326530611     
         417  0.97510204081632657     
         418  0.98122448979591836     
         419  0.98122448979591836     
         420  0.97510204081632657     
         421  0.97795918367346935     
         422  0.97795918367346935     
         423  0.97469387755102044     
         424  0.98204081632653062     
         425  0.97551020408163269     
         426  0.97224489795918367     
         427  0.98489795918367351     
         428  0.98204081632653062     
         429  0.97877551020408160     
         430  0.96693877551020413     
         431  0.98081632653061224     
         432  0.98040816326530611     
         433  0.98081632653061224     
         434  0.96775510204081627     
         435  0.97020408163265304     
         436  0.98081632653061224     
         437  0.98489795918367351     
         438  0.97673469387755107     
         439  0.97551020408163269     
         440  0.98734693877551016     
         441  0.98448979591836738     
         442  0.98040816326530611     
         443  0.97877551020408160     
         444  0.97428571428571431     
         445  0.98204081632653062     
         446  0.97102040816326529     
         447  0.98367346938775513     
         448  0.97795918367346935     
         449  0.97959183673469385     
         450  0.97346938775510206     
         451  0.97591836734693882     
         452  0.97061224489795916     
         453  0.97346938775510206     
         454  0.96897959183673465     
         455  0.97346938775510206     
         456  0.97428571428571431     
         457  0.98163265306122449     
         458  0.98163265306122449     
         459  0.97673469387755107     
         460  0.97959183673469385     
         461  0.97346938775510206     
         462  0.97183673469387755     
         463  0.98530612244897964     
         464  0.97918367346938773     
         465  0.96938775510204078     
         466  0.97877551020408160     
         467  0.98204081632653062     
         468  0.97551020408163269     
         469  0.97918367346938773     
         470  0.98285714285714287     
         471  0.98408163265306126     
         472  0.97346938775510206     
         473  0.97469387755102044     
         474  0.97306122448979593     
         475  0.97918367346938773     
         476  0.97673469387755107     
         477  0.97999999999999998     
         478  0.97224489795918367     
         479  0.97673469387755107     
         480  0.98244897959183675     
         481  0.97959183673469385     
         482  0.98571428571428577     
         483  0.97999999999999998     
         484  0.97306122448979593     
         485  0.97673469387755107     
         486  0.98122448979591836     
         487  0.96857142857142853     
         488  0.98244897959183675     
         489  0.98040816326530611     
         490  0.97673469387755107     
         491  0.98204081632653062     
         492  0.97469387755102044     
         493  0.97469387755102044     
         494  0.97632653061224495     
         495  0.97877551020408160     
         496  0.97999999999999998     
         497  0.98204081632653062     
         498  0.98204081632653062     
         499  0.97591836734693882     
         500  0.97551020408163269     
         501  0.97755102040816322     
         502  0.98448979591836738     
         503  0.97510204081632657     
         504  0.97755102040816322     
         505  0.98204081632653062     
         506  0.97510204081632657     
         507  0.98285714285714287     
         508  0.97877551020408160     
         509  0.97306122448979593     
         510  0.98163265306122449     
         511  0.98204081632653062     
         512  0.97224489795918367     
         513  0.97755102040816322     
         514  0.98163265306122449     
         515  0.97469387755102044     
         516  0.97714285714285709     
         517  0.96448979591836737     
         518  0.97877551020408160     
         519  0.97877551020408160     
         520  0.98367346938775513     
         521  0.98244897959183675     
         522  0.97673469387755107     
         523  0.98326530612244900     
         524  0.97918367346938773     
         525  0.97918367346938773     
         526  0.97836734693877547     
         527  0.97918367346938773     
         528  0.98571428571428577     
         529  0.97673469387755107     
         530  0.98040816326530611     
         531  0.98612244897959178     
         532  0.98653061224489791     
         533  0.97183673469387755     
         534  0.97836734693877547     
         535  0.98734693877551016     
         536  0.97755102040816322     
         537  0.97836734693877547     
         538  0.97795918367346935     
         539  0.97755102040816322     
         540  0.98448979591836738     
         541  0.97551020408163269     
         542  0.98122448979591836     
         543  0.98408163265306126     
         544  0.97224489795918367     
         545  0.97306122448979593     
         546  0.97591836734693882     
         547  0.96857142857142853     
         548  0.98734693877551016     
         549  0.96938775510204078     
         550  0.97387755102040818     
         551  0.98448979591836738     
         552  0.97999999999999998     
         553  0.97918367346938773     
         554  0.97591836734693882     
         555  0.97673469387755107     
         556  0.97714285714285709     
         557  0.97510204081632657     
         558  0.97999999999999998     
         559  0.98244897959183675     
         560  0.98326530612244900     
         561  0.97714285714285709     
         562  0.97020408163265304     
         563  0.98693877551020404     
         564  0.97673469387755107     
         565  0.98571428571428577     
         566  0.98204081632653062     
         567  0.98244897959183675     
         568  0.97265306122448980     
         569  0.98081632653061224     
         570  0.98081632653061224     
         571  0.97346938775510206     
         572  0.97387755102040818     
         573  0.97999999999999998     
         574  0.98244897959183675     
         575  0.98530612244897964     
         576  0.98244897959183675     
         577  0.98653061224489791     
         578  0.97836734693877547     
         579  0.97673469387755107     
         580  0.97183673469387755     
         581  0.97877551020408160     
         582  0.97224489795918367     
         583  0.97346938775510206     
         584  0.97795918367346935     
         585  0.97632653061224495     
         586  0.98122448979591836     
         587  0.98408163265306126     
         588  0.97795918367346935     
         589  0.97673469387755107     
         590  0.97510204081632657     
         591  0.97877551020408160     
         592  0.98204081632653062     
         593  0.98122448979591836     
         594  0.97999999999999998     
         595  0.97673469387755107     
         596  0.97999999999999998     
         597  0.98285714285714287     
         598  0.98081632653061224     
         599  0.97836734693877547     
         600  0.97591836734693882     
         601  0.97795918367346935     
         602  0.98326530612244900     
         603  0.97551020408163269     
         604  0.97102040816326529     
         605  0.98326530612244900     
         606  0.97387755102040818     
         607  0.97469387755102044     
         608  0.98326530612244900     
         609  0.98734693877551016     
         610  0.98122448979591836     
         611  0.97836734693877547     
         612  0.96816326530612240     
         613  0.98081632653061224     
         614  0.97959183673469385     
         615  0.98081632653061224     
         616  0.98040816326530611     
         617  0.97183673469387755     
         618  0.97959183673469385     
         619  0.97918367346938773     
         620  0.97755102040816322     
         621  0.98204081632653062     
         622  0.98122448979591836     
         623  0.98489795918367351     
         624  0.97714285714285709     
         625  0.98040816326530611     
         626  0.98244897959183675     
         627  0.97673469387755107     
         628  0.98040816326530611     
         629  0.98612244897959178     
         630  0.98285714285714287     
         631  0.98244897959183675     
         632  0.97918367346938773     
         633  0.97959183673469385     
         634  0.97918367346938773     
         635  0.97755102040816322     
         636  0.97877551020408160     
         637  0.98204081632653062     
         638  0.96938775510204078     
         639  0.97591836734693882     
         640  0.98448979591836738     
         641  0.98163265306122449     
         642  0.97918367346938773     
         643  0.98489795918367351     
         644  0.98367346938775513     
         645  0.97591836734693882     
         646  0.97714285714285709     
         647  0.97673469387755107     
         648  0.97387755102040818     
         649  0.98244897959183675     
         650  0.97836734693877547     
         651  0.97346938775510206     
         652  0.97673469387755107     
         653  0.97183673469387755     
         654  0.97999999999999998     
         655  0.97591836734693882     
         656  0.97510204081632657     
         657  0.97755102040816322     
         658  0.97999999999999998     
         659  0.97265306122448980     
         660  0.97632653061224495     
         661  0.97102040816326529     
         662  0.98204081632653062     
         663  0.97959183673469385     
         664  0.97918367346938773     
         665  0.98326530612244900     
         666  0.97918367346938773     
         667  0.98163265306122449     
         668  0.98244897959183675     
         669  0.97714285714285709     
         670  0.97836734693877547     
         671  0.98040816326530611     
         672  0.97959183673469385     
         673  0.97591836734693882     
         674  0.97224489795918367     
         675  0.97224489795918367     
         676  0.97918367346938773     
         677  0.97959183673469385     
         678  0.98489795918367351     
         679  0.98122448979591836     
         680  0.98122448979591836     
         681  0.98081632653061224     
         682  0.98653061224489791     
         683  0.97836734693877547     
         684  0.98204081632653062     
         685  0.98122448979591836     
         686  0.97306122448979593     
         687  0.97795918367346935     
         688  0.96734693877551026     
         689  0.97755102040816322     
         690  0.97836734693877547     
         691  0.98448979591836738     
         692  0.97673469387755107     
         693  0.97673469387755107     
         694  0.98040816326530611     
         695  0.97877551020408160     
         696  0.97632653061224495     
         697  0.97469387755102044     
         698  0.96448979591836737     
         699  0.98653061224489791     
         700  0.97918367346938773     
         701  0.97795918367346935     
         702  0.97469387755102044     
         703  0.97755102040816322     
         704  0.98081632653061224     
         705  0.97755102040816322     
         706  0.98326530612244900     
         707  0.97714285714285709     
         708  0.97387755102040818     
         709  0.98530612244897964     
         710  0.97836734693877547     
         711  0.98122448979591836     
         712  0.98163265306122449     
         713  0.97632653061224495     
         714  0.97591836734693882     
         715  0.97183673469387755     
         716  0.97142857142857142     
         717  0.97714285714285709     
         718  0.97632653061224495     
         719  0.97795918367346935     
         720  0.96775510204081627     
         721  0.98204081632653062     
         722  0.97999999999999998     
         723  0.98040816326530611     
         724  0.97999999999999998     
         725  0.97591836734693882     
         726  0.97999999999999998     
         727  0.96979591836734691     
         728  0.97755102040816322     
         729  0.98367346938775513     
         730  0.97020408163265304     
         731  0.97877551020408160     
         732  0.97755102040816322     
         733  0.97510204081632657     
         734  0.97755102040816322     
         735  0.97836734693877547     
         736  0.97591836734693882     
         737  0.97959183673469385     
         738  0.97714285714285709     
         739  0.97346938775510206     
         740  0.97999999999999998     
         741  0.98204081632653062     
         742  0.98244897959183675     
         743  0.97795918367346935     
         744  0.98326530612244900     
         745  0.98081632653061224     
         746  0.98081632653061224     
         747  0.98326530612244900     
         748  0.98367346938775513     
         749  0.97918367346938773     
         750  0.97102040816326529     
         751  0.98448979591836738     
         752  0.97918367346938773     
         753  0.98081632653061224     
         754  0.98163265306122449     
         755  0.97755102040816322     
         756  0.98244897959183675     
         757  0.97387755102040818     
         758  0.97183673469387755     
         759  0.97673469387755107     
         760  0.97714285714285709     
         761  0.97795918367346935     
         762  0.97102040816326529     
         763  0.98081632653061224     
         764  0.97918367346938773     
         765  0.98081632653061224     
         766  0.98367346938775513     
         767  0.97551020408163269     
         768  0.97061224489795916     
         769  0.98081632653061224     
         770  0.98244897959183675     
         771  0.97959183673469385     
         772  0.97306122448979593     
         773  0.98122448979591836     
         774  0.97020408163265304     
         775  0.97755102040816322     
         776  0.97591836734693882     
         777  0.97714285714285709     
         778  0.97224489795918367     
         779  0.98163265306122449     
         780  0.98653061224489791     
         781  0.97877551020408160     
         782  0.98448979591836738     
         783  0.97224489795918367     
         784  0.97755102040816322     
         785  0.98040816326530611     
         786  0.97918367346938773     
         787  0.97877551020408160     
         788  0.97469387755102044     
         789  0.97510204081632657     
         790  0.97510204081632657     
         791  0.98163265306122449     
         792  0.98081632653061224     
         793  0.97469387755102044     
         794  0.97306122448979593     
         795  0.98285714285714287     
         796  0.97714285714285709     
         797  0.97673469387755107     
         798  0.97755102040816322     
         799  0.98122448979591836     
         800  0.97591836734693882     
         801  0.97999999999999998     
         802  0.97755102040816322     
         803  0.97714285714285709     
         804  0.98204081632653062     
         805  0.97673469387755107     
         806  0.97469387755102044     
         807  0.97469387755102044     
         808  0.98408163265306126     
         809  0.96612244897959187     
         810  0.97999999999999998     
         811  0.97959183673469385     
         812  0.97469387755102044     
         813  0.98040816326530611     
         814  0.97714285714285709     
         815  0.97918367346938773     
         816  0.98163265306122449     
         817  0.98448979591836738     
         818  0.97999999999999998     
         819  0.97551020408163269     
         820  0.97918367346938773     
         821  0.98408163265306126     
         822  0.97959183673469385     
         823  0.97387755102040818     
         824  0.97510204081632657     
         825  0.97551020408163269     
         826  0.98367346938775513     
         827  0.98163265306122449     
         828  0.97836734693877547     
         829  0.97714285714285709     
         830  0.97346938775510206     
         831  0.97428571428571431     
         832  0.97673469387755107     
         833  0.97714285714285709     
         834  0.97918367346938773     
         835  0.97714285714285709     
         836  0.97714285714285709     
         837  0.97999999999999998     
         838  0.98040816326530611     
         839  0.97755102040816322     
         840  0.98530612244897964     
         841  0.97265306122448980     
         842  0.98244897959183675     
         843  0.97428571428571431     
         844  0.97836734693877547     
         845  0.97714285714285709     
         846  0.97632653061224495     
         847  0.97959183673469385     
         848  0.98530612244897964     
         849  0.98244897959183675     
         850  0.96857142857142853     
         851  0.97877551020408160     
         852  0.97877551020408160     
         853  0.97265306122448980     
         854  0.97795918367346935     
         855  0.97959183673469385     
         856  0.97714285714285709     
         857  0.98326530612244900     
         858  0.97673469387755107     
         859  0.97551020408163269     
         860  0.97265306122448980     
         861  0.97999999999999998     
         862  0.97959183673469385     
         863  0.98244897959183675     
         864  0.98040816326530611     
         865  0.97551020408163269     
         866  0.97265306122448980     
         867  0.98408163265306126     
         868  0.98612244897959178     
         869  0.97428571428571431     
         870  0.97224489795918367     
         871  0.97510204081632657     
         872  0.98367346938775513     
         873  0.97877551020408160     
         874  0.98163265306122449     
         875  0.97795918367346935     
         876  0.98204081632653062     
         877  0.97999999999999998     
         878  0.97836734693877547     
         879  0.97836734693877547     
         880  0.97999999999999998     
         881  0.97632653061224495     
         882  0.97387755102040818     
         883  0.97551020408163269     
         884  0.97999999999999998     
         885  0.98122448979591836     
         886  0.97510204081632657     
         887  0.98571428571428577     
         888  0.98040816326530611     
         889  0.97714285714285709     
         890  0.97469387755102044     
         891  0.96571428571428575     
         892  0.97999999999999998     
         893  0.97918367346938773     
         894  0.98040816326530611     
         895  0.98571428571428577     
         896  0.97795918367346935     
         897  0.97387755102040818     
         898  0.98204081632653062     
         899  0.97836734693877547     
         900  0.97795918367346935     
         901  0.96897959183673465     
         902  0.98040816326530611     
         903  0.97346938775510206     
         904  0.96816326530612240     
         905  0.97877551020408160     
         906  0.97428571428571431     
         907  0.97999999999999998     
         908  0.97591836734693882     
         909  0.97959183673469385     
         910  0.97755102040816322     
         911  0.97795918367346935     
         912  0.97877551020408160     
         913  0.98326530612244900     
         914  0.97959183673469385     
         915  0.97918367346938773     
         916  0.96979591836734691     
         917  0.97755102040816322     
         918  0.97428571428571431     
         919  0.98408163265306126     
         920  0.98040816326530611     
         921  0.97265306122448980     
         922  0.98612244897959178     
         923  0.97836734693877547     
         924  0.98040816326530611     
         925  0.97142857142857142     
         926  0.98326530612244900     
         927  0.97918367346938773     
         928  0.98040816326530611     
         929  0.97918367346938773     
         930  0.97999999999999998     
         931  0.97551020408163269     
         932  0.98367346938775513     
         933  0.97918367346938773     
         934  0.97224489795918367     
         935  0.97469387755102044     
         936  0.98040816326530611     
         937  0.97387755102040818     
         938  0.97755102040816322     
         939  0.97142857142857142     
         940  0.97632653061224495     
         941  0.98163265306122449     
         942  0.97673469387755107     
         943  0.97918367346938773     
         944  0.97918367346938773     
         945  0.98204081632653062     
         946  0.98244897959183675     
         947  0.97755102040816322     
         948  0.98285714285714287     
         949  0.98204081632653062     
         950  0.97755102040816322     
         951  0.98163265306122449     
         952  0.98040816326530611     
         953  0.97224489795918367     
         954  0.98530612244897964     
         955  0.97183673469387755     
         956  0.97510204081632657     
         957  0.97183673469387755     
         958  0.97877551020408160     
         959  0.97714285714285709     
         960  0.97999999999999998     
         961  0.97714285714285709     
         962  0.97346938775510206     
         963  0.97183673469387755     
         964  0.97795918367346935     
         965  0.97591836734693882     
         966  0.97795918367346935     
         967  0.97999999999999998     
         968  0.97755102040816322     
         969  0.97918367346938773     
         970  0.97999999999999998     
         971  0.97632653061224495     
         972  0.97102040816326529     
         973  0.98204081632653062     
         974  0.97224489795918367     
         975  0.97795918367346935     
         976  0.97795918367346935     
         977  0.97795918367346935     
         978  0.98285714285714287     
         979  0.97510204081632657     
         980  0.97591836734693882     
         981  0.97836734693877547     
         982  0.97306122448979593     
         983  0.97755102040816322     
         984  0.97591836734693882     
         985  0.98244897959183675     
         986  0.97673469387755107     
         987  0.98285714285714287     
         988  0.98408163265306126     
         989  0.97224489795918367     
         990  0.98244897959183675     
         991  0.96693877551020413     
         992  0.98122448979591836     
         993  0.98040816326530611     
         994  0.98285714285714287     
         995  0.98204081632653062     
         996  0.97836734693877547     
         997  0.97836734693877547     
         998  0.97673469387755107     
         999  0.97591836734693882     
        1000  0.97673469387755107     
        1001  0.98081632653061224     
        1002  0.96938775510204078     
        1003  0.97836734693877547     
        1004  0.98040816326530611     
        1005  0.97959183673469385     
        1006  0.97999999999999998     
        1007  0.97673469387755107     
        1008  0.97755102040816322     
        1009  0.97428571428571431     
        1010  0.97795918367346935     
        1011  0.97673469387755107     
        1012  0.98326530612244900     
        1013  0.97755102040816322     
        1014  0.98285714285714287     
        1015  0.98693877551020404     
        1016  0.98693877551020404     
        1017  0.98326530612244900     
        1018  0.97673469387755107     
        1019  0.97673469387755107     
        1020  0.97714285714285709     
        1021  0.97551020408163269     
        1022  0.98040816326530611     
        1023  0.98081632653061224     
        1024  0.97469387755102044     
        1025  0.97999999999999998     
        1026  0.97551020408163269     
        1027  0.97551020408163269     
        1028  0.96979591836734691     
        1029  0.97183673469387755     
        1030  0.97428571428571431     
        1031  0.97020408163265304     
        1032  0.98571428571428577     
        1033  0.97387755102040818     
        1034  0.97428571428571431     
        1035  0.97510204081632657     
        1036  0.97836734693877547     
        1037  0.98163265306122449     
        1038  0.97346938775510206     
        1039  0.97999999999999998     
        1040  0.97142857142857142     
        1041  0.97795918367346935     
        1042  0.97224489795918367     
        1043  0.98285714285714287     
        1044  0.97918367346938773     
        1045  0.97755102040816322     
        1046  0.97999999999999998     
        1047  0.98040816326530611     
        1048  0.97224489795918367     
        1049  0.97591836734693882     
        1050  0.97469387755102044     
        1051  0.97387755102040818     
        1052  0.97918367346938773     
        1053  0.98285714285714287     
        1054  0.97469387755102044     
        1055  0.97918367346938773     
        1056  0.97959183673469385     
        1057  0.98081632653061224     
        1058  0.98367346938775513     
        1059  0.97877551020408160     
        1060  0.97387755102040818     
        1061  0.98244897959183675     
        1062  0.98244897959183675     
        1063  0.98081632653061224     
        1064  0.98163265306122449     
        1065  0.97387755102040818     
        1066  0.99142857142857144     
        1067  0.97591836734693882     
        1068  0.97918367346938773     
        1069  0.98367346938775513     
        1070  0.97469387755102044     
        1071  0.97714285714285709     
        1072  0.98040816326530611     
        1073  0.98408163265306126     
        1074  0.97551020408163269     
        1075  0.97755102040816322     
        1076  0.98040816326530611     
        1077  0.96979591836734691     
        1078  0.98040816326530611     
        1079  0.97918367346938773     
        1080  0.97306122448979593     
        1081  0.98081632653061224     
        1082  0.97632653061224495     
        1083  0.98326530612244900     
        1084  0.98244897959183675     
        1085  0.97755102040816322     
        1086  0.98040816326530611     
        1087  0.97265306122448980     
        1088  0.97673469387755107     
        1089  0.97673469387755107     
        1090  0.97714285714285709     
        1091  0.97306122448979593     
        1092  0.97999999999999998     
        1093  0.97591836734693882     
        1094  0.96775510204081627     
        1095  0.98081632653061224     
        1096  0.98163265306122449     
        1097  0.98122448979591836     
        1098  0.98244897959183675     
        1099  0.97020408163265304     
        1100  0.97877551020408160     
        1101  0.97265306122448980     
        1102  0.98163265306122449     
        1103  0.97428571428571431     
        1104  0.98122448979591836     
        1105  0.97428571428571431     
        1106  0.98408163265306126     
        1107  0.97795918367346935     
        1108  0.98612244897959178     
        1109  0.97428571428571431     
        1110  0.98653061224489791     
        1111  0.97591836734693882     
        1112  0.97959183673469385     
        1113  0.97959183673469385     
        1114  0.97877551020408160     
        1115  0.97755102040816322     
        1116  0.98122448979591836     
        1117  0.98081632653061224     
        1118  0.97551020408163269     
        1119  0.97714285714285709     
        1120  0.98204081632653062     
        1121  0.98204081632653062     
        1122  0.97428571428571431     
        1123  0.96979591836734691     
        1124  0.97714285714285709     
        1125  0.96612244897959187     
        1126  0.97469387755102044     
        1127  0.97510204081632657     
        1128  0.98285714285714287     
        1129  0.98163265306122449     
        1130  0.98081632653061224     
        1131  0.97795918367346935     
        1132  0.98408163265306126     
        1133  0.97102040816326529     
        1134  0.97346938775510206     
        1135  0.98163265306122449     
        1136  0.97428571428571431     
        1137  0.97591836734693882     
        1138  0.97918367346938773     
        1139  0.98285714285714287     
        1140  0.98040816326530611     
        1141  0.97795918367346935     
        1142  0.98040816326530611     
        1143  0.97959183673469385     
        1144  0.97877551020408160     
        1145  0.97061224489795916     
        1146  0.96571428571428575     
        1147  0.98081632653061224     
        1148  0.98367346938775513     
        1149  0.98326530612244900     
        1150  0.97918367346938773     
        1151  0.98081632653061224     
        1152  0.97632653061224495     
        1153  0.97673469387755107     
        1154  0.97836734693877547     
        1155  0.97551020408163269     
        1156  0.97673469387755107     
        1157  0.97346938775510206     
        1158  0.97959183673469385     
        1159  0.98081632653061224     
        1160  0.97428571428571431     
        1161  0.97673469387755107     
        1162  0.97591836734693882     
        1163  0.97265306122448980     
        1164  0.97999999999999998     
        1165  0.97551020408163269     
        1166  0.97510204081632657     
        1167  0.97918367346938773     
        1168  0.97999999999999998     
        1169  0.97591836734693882     
        1170  0.97959183673469385     
        1171  0.97959183673469385     
        1172  0.97999999999999998     
        1173  0.98244897959183675     
        1174  0.97591836734693882     
        1175  0.98081632653061224     
        1176  0.97877551020408160     
        1177  0.98040816326530611     
        1178  0.97102040816326529     
        1179  0.97755102040816322     
        1180  0.97959183673469385     
        1181  0.97469387755102044     
        1182  0.98530612244897964     
        1183  0.97714285714285709     
        1184  0.97469387755102044     
        1185  0.97836734693877547     
        1186  0.98204081632653062     
        1187  0.98489795918367351     
        1188  0.98285714285714287     
        1189  0.97632653061224495     
        1190  0.97346938775510206     
        1191  0.98367346938775513     
        1192  0.97836734693877547     
        1193  0.98204081632653062     
        1194  0.98326530612244900     
        1195  0.98693877551020404     
        1196  0.97183673469387755     
        1197  0.97877551020408160     
        1198  0.97795918367346935     
        1199  0.97346938775510206     
        1200  0.97959183673469385     
        1201  0.97714285714285709     
        1202  0.97591836734693882     
        1203  0.98081632653061224     
        1204  0.97877551020408160     
        1205  0.97265306122448980     
        1206  0.97795918367346935     
        1207  0.98163265306122449     
        1208  0.98244897959183675     
        1209  0.98122448979591836     
        1210  0.97836734693877547     
        1211  0.96979591836734691     
        1212  0.97836734693877547     
        1213  0.97755102040816322     
        1214  0.98081632653061224     
        1215  0.98040816326530611     
        1216  0.97918367346938773     
        1217  0.97142857142857142     
        1218  0.97795918367346935     
        1219  0.97918367346938773     
        1220  0.97959183673469385     
        1221  0.98326530612244900     
        1222  0.98489795918367351     
        1223  0.97877551020408160     
        1224  0.98489795918367351     
        1225  0.96897959183673465     
        1226  0.97469387755102044     
        1227  0.97346938775510206     
        1228  0.97959183673469385     
        1229  0.97346938775510206     
        1230  0.96326530612244898     
        1231  0.97183673469387755     
        1232  0.97877551020408160     
        1233  0.98448979591836738     
        1234  0.97714285714285709     
        1235  0.97183673469387755     
        1236  0.98204081632653062     
        1237  0.98040816326530611     
        1238  0.97673469387755107     
        1239  0.97551020408163269     
        1240  0.97551020408163269     
        1241  0.98326530612244900     
        1242  0.97877551020408160     
        1243  0.98204081632653062     
        1244  0.97387755102040818     
        1245  0.97428571428571431     
        1246  0.97469387755102044     
        1247  0.97795918367346935     
        1248  0.97959183673469385     
        1249  0.98244897959183675     
        1250  0.97428571428571431     
        1251  0.97183673469387755     
        1252  0.98081632653061224     
        1253  0.97387755102040818     
        1254  0.98285714285714287     
        1255  0.98408163265306126     
        1256  0.98285714285714287     
        1257  0.98244897959183675     
        1258  0.97714285714285709     
        1259  0.97061224489795916     
        1260  0.98040816326530611     
        1261  0.96897959183673465     
        1262  0.97795918367346935     
        1263  0.98163265306122449     
        1264  0.97755102040816322     
        1265  0.98448979591836738     
        1266  0.98489795918367351     
        1267  0.98081632653061224     
        1268  0.98040816326530611     
        1269  0.98367346938775513     
        1270  0.98653061224489791     
        1271  0.97714285714285709     
        1272  0.98244897959183675     
        1273  0.98163265306122449     
        1274  0.97877551020408160     
        1275  0.98122448979591836     
        1276  0.97551020408163269     
        1277  0.97918367346938773     
        1278  0.98081632653061224     
        1279  0.97265306122448980     
        1280  0.97795918367346935     
        1281  0.97755102040816322     
        1282  0.97306122448979593     
        1283  0.97551020408163269     
        1284  0.98367346938775513     
        1285  0.97877551020408160     
        1286  0.97265306122448980     
        1287  0.97591836734693882     
        1288  0.97918367346938773     
        1289  0.97836734693877547     
        1290  0.97306122448979593     
        1291  0.98081632653061224     
        1292  0.97714285714285709     
        1293  0.98408163265306126     
        1294  0.97428571428571431     
        1295  0.97102040816326529     
        1296  0.97673469387755107     
        1297  0.97306122448979593     
        1298  0.98244897959183675     
        1299  0.98040816326530611     
        1300  0.97714285714285709     
        1301  0.97673469387755107     
        1302  0.97061224489795916     
        1303  0.98408163265306126     
        1304  0.97591836734693882     
        1305  0.97387755102040818     
        1306  0.97877551020408160     
        1307  0.97020408163265304     
        1308  0.98204081632653062     
        1309  0.98448979591836738     
        1310  0.97469387755102044     
        1311  0.97836734693877547     
        1312  0.97795918367346935     
        1313  0.97836734693877547     
        1314  0.97959183673469385     
        1315  0.97551020408163269     
        1316  0.97673469387755107     
        1317  0.97551020408163269     
        1318  0.97591836734693882     
        1319  0.98081632653061224     
        1320  0.98163265306122449     
        1321  0.98571428571428577     
        1322  0.96612244897959187     
        1323  0.97755102040816322     
        1324  0.97265306122448980     
        1325  0.97918367346938773     
        1326  0.97755102040816322     
        1327  0.97469387755102044     
        1328  0.97959183673469385     
        1329  0.97999999999999998     
        1330  0.97061224489795916     
        1331  0.97510204081632657     
        1332  0.98367346938775513     
        1333  0.98367346938775513     
        1334  0.97959183673469385     
        1335  0.98040816326530611     
        1336  0.97877551020408160     
        1337  0.97795918367346935     
        1338  0.98693877551020404     
        1339  0.97551020408163269     
        1340  0.97959183673469385     
        1341  0.97632653061224495     
        1342  0.97877551020408160     
        1343  0.97183673469387755     
        1344  0.97551020408163269     
        1345  0.98367346938775513     
        1346  0.97265306122448980     
        1347  0.97673469387755107     
        1348  0.97795918367346935     
        1349  0.97387755102040818     
        1350  0.97510204081632657     
        1351  0.97836734693877547     
        1352  0.97673469387755107     
        1353  0.97918367346938773     
        1354  0.97999999999999998     
        1355  0.98204081632653062     
        1356  0.97306122448979593     
        1357  0.98122448979591836     
        1358  0.98204081632653062     
        1359  0.98163265306122449     
        1360  0.97632653061224495     
        1361  0.97877551020408160     
        1362  0.97714285714285709     
        1363  0.97877551020408160     
        1364  0.98163265306122449     
        1365  0.98040816326530611     
        1366  0.97591836734693882     
        1367  0.97510204081632657     
        1368  0.97673469387755107     
        1369  0.97999999999999998     
        1370  0.97510204081632657     
        1371  0.97836734693877547     
        1372  0.98122448979591836     
        1373  0.97510204081632657     
        1374  0.98122448979591836     
        1375  0.98204081632653062     
        1376  0.97877551020408160     
        1377  0.97387755102040818     
        1378  0.97877551020408160     
        1379  0.98326530612244900     
        1380  0.98204081632653062     
        1381  0.97551020408163269     
        1382  0.97959183673469385     
        1383  0.98122448979591836     
        1384  0.97428571428571431     
        1385  0.97836734693877547     
        1386  0.97999999999999998     
        1387  0.97510204081632657     
        1388  0.97999999999999998     
        1389  0.98204081632653062     
        1390  0.97632653061224495     
        1391  0.97755102040816322     
        1392  0.98163265306122449     
        1393  0.98653061224489791     
        1394  0.97510204081632657     
        1395  0.97755102040816322     
        1396  0.96979591836734691     
        1397  0.97918367346938773     
        1398  0.98040816326530611     
        1399  0.97142857142857142     
        1400  0.96938775510204078     
        1401  0.96857142857142853     
        1402  0.97591836734693882     
        1403  0.97469387755102044     
        1404  0.97224489795918367     
        1405  0.97918367346938773     
        1406  0.97265306122448980     
        1407  0.97795918367346935     
        1408  0.98163265306122449     
        1409  0.97265306122448980     
        1410  0.97306122448979593     
        1411  0.97836734693877547     
        1412  0.98081632653061224     
        1413  0.97306122448979593     
        1414  0.98244897959183675     
        1415  0.97999999999999998     
        1416  0.97877551020408160     
        1417  0.97836734693877547     
        1418  0.96979591836734691     
        1419  0.97673469387755107     
        1420  0.98285714285714287     
        1421  0.97999999999999998     
        1422  0.97632653061224495     
        1423  0.97510204081632657     
        1424  0.97673469387755107     
        1425  0.97142857142857142     
        1426  0.97999999999999998     
        1427  0.97673469387755107     
        1428  0.97551020408163269     
        1429  0.97387755102040818     
        1430  0.97265306122448980     
        1431  0.97632653061224495     
        1432  0.97877551020408160     
        1433  0.97755102040816322     
        1434  0.97959183673469385     
        1435  0.98489795918367351     
        1436  0.97836734693877547     
        1437  0.98244897959183675     
        1438  0.97673469387755107     
        1439  0.97877551020408160     
        1440  0.98408163265306126     
        1441  0.97836734693877547     
        1442  0.98326530612244900     
        1443  0.97795918367346935     
        1444  0.98448979591836738     
        1445  0.98285714285714287     
        1446  0.98448979591836738     
        1447  0.97551020408163269     
        1448  0.97061224489795916     
        1449  0.98122448979591836     
        1450  0.97510204081632657     
        1451  0.98081632653061224     
        1452  0.98448979591836738     
        1453  0.97510204081632657     
        1454  0.98081632653061224     
        1455  0.97346938775510206     
        1456  0.97673469387755107     
        1457  0.98163265306122449     
        1458  0.97306122448979593     
        1459  0.97999999999999998     
        1460  0.98081632653061224     
        1461  0.97551020408163269     
        1462  0.98244897959183675     
        1463  0.98204081632653062     
        1464  0.97918367346938773     
        1465  0.97999999999999998     
        1466  0.97224489795918367     
        1467  0.98448979591836738     
        1468  0.97918367346938773     
        1469  0.97918367346938773     
        1470  0.97877551020408160     
        1471  0.97265306122448980     
        1472  0.97795918367346935     
        1473  0.97673469387755107     
        1474  0.98489795918367351     
        1475  0.97591836734693882     
        1476  0.97551020408163269     
        1477  0.97551020408163269     
        1478  0.97510204081632657     
        1479  0.98693877551020404     
        1480  0.97591836734693882     
        1481  0.97551020408163269     
        1482  0.98489795918367351     
        1483  0.97755102040816322     
        1484  0.97918367346938773     
        1485  0.97999999999999998     
        1486  0.98081632653061224     
        1487  0.98204081632653062     
        1488  0.97959183673469385     
        1489  0.97428571428571431     
        1490  0.97795918367346935     
        1491  0.97673469387755107     
        1492  0.97795918367346935     
        1493  0.97999999999999998     
        1494  0.97510204081632657     
        1495  0.98204081632653062     
        1496  0.97795918367346935     
        1497  0.97428571428571431     
        1498  0.97469387755102044     
        1499  0.98040816326530611     
        1500  0.97346938775510206     
        1501  0.97714285714285709     
        1502  0.98204081632653062     
        1503  0.98285714285714287     
        1504  0.98489795918367351     
        1505  0.98244897959183675     
        1506  0.97999999999999998     
        1507  0.97918367346938773     
        1508  0.98326530612244900     
        1509  0.97673469387755107     
        1510  0.97959183673469385     
        1511  0.97795918367346935     
        1512  0.98163265306122449     
        1513  0.98163265306122449     
        1514  0.97795918367346935     
        1515  0.97673469387755107     
        1516  0.97714285714285709     
        1517  0.97755102040816322     
        1518  0.97061224489795916     
        1519  0.97428571428571431     
        1520  0.97632653061224495     
        1521  0.97551020408163269     
        1522  0.97959183673469385     
        1523  0.97877551020408160     
        1524  0.97265306122448980     
        1525  0.97673469387755107     
        1526  0.97836734693877547     
        1527  0.97591836734693882     
        1528  0.97142857142857142     
        1529  0.98367346938775513     
        1530  0.97836734693877547     
        1531  0.98285714285714287     
        1532  0.97469387755102044     
        1533  0.98408163265306126     
        1534  0.97387755102040818     
        1535  0.97632653061224495     
        1536  0.97999999999999998     
        1537  0.97673469387755107     
        1538  0.97224489795918367     
        1539  0.97673469387755107     
        1540  0.97918367346938773     
        1541  0.97510204081632657     
        1542  0.97102040816326529     
        1543  0.97346938775510206     
        1544  0.97877551020408160     
        1545  0.97836734693877547     
        1546  0.98408163265306126     
        1547  0.97510204081632657     
        1548  0.98163265306122449     
        1549  0.96938775510204078     
        1550  0.98244897959183675     
        1551  0.98285714285714287     
        1552  0.97836734693877547     
        1553  0.97714285714285709     
        1554  0.98326530612244900     
        1555  0.97224489795918367     
        1556  0.98367346938775513     
        1557  0.98040816326530611     
        1558  0.97918367346938773     
        1559  0.97469387755102044     
        1560  0.97877551020408160     
        1561  0.97836734693877547     
        1562  0.97510204081632657     
        1563  0.98367346938775513     
        1564  0.97795918367346935     
        1565  0.97959183673469385     
        1566  0.97999999999999998     
        1567  0.97918367346938773     
        1568  0.97632653061224495     
        1569  0.97591836734693882     
        1570  0.97469387755102044     
        1571  0.98367346938775513     
        1572  0.98163265306122449     
        1573  0.97020408163265304     
        1574  0.98204081632653062     
        1575  0.97836734693877547     
        1576  0.98571428571428577     
        1577  0.98163265306122449     
        1578  0.98040816326530611     
        1579  0.98204081632653062     
        1580  0.97877551020408160     
        1581  0.98775510204081629     
        1582  0.97428571428571431     
        1583  0.97591836734693882     
        1584  0.98530612244897964     
        1585  0.98081632653061224     
        1586  0.97387755102040818     
        1587  0.97999999999999998     
        1588  0.97755102040816322     
        1589  0.97755102040816322     
        1590  0.97632653061224495     
        1591  0.98122448979591836     
        1592  0.97999999999999998     
        1593  0.97591836734693882     
        1594  0.97265306122448980     
        1595  0.97755102040816322     
        1596  0.97591836734693882     
        1597  0.97918367346938773     
        1598  0.97877551020408160     
        1599  0.98040816326530611     
        1600  0.98040816326530611     
        1601  0.97632653061224495     
        1602  0.97224489795918367     
        1603  0.98163265306122449     
        1604  0.97387755102040818     
        1605  0.97469387755102044     
        1606  0.97061224489795916     
        1607  0.97673469387755107     
        1608  0.97999999999999998     
        1609  0.98571428571428577     
        1610  0.97999999999999998     
        1611  0.97469387755102044     
        1612  0.97836734693877547     
        1613  0.97918367346938773     
        1614  0.97714285714285709     
        1615  0.97999999999999998     
        1616  0.98367346938775513     
        1617  0.98122448979591836     
        1618  0.98081632653061224     
        1619  0.98530612244897964     
        1620  0.96775510204081627     
        1621  0.97306122448979593     
        1622  0.97387755102040818     
        1623  0.98285714285714287     
        1624  0.97877551020408160     
        1625  0.97510204081632657     
        1626  0.97469387755102044     
        1627  0.97959183673469385     
        1628  0.97795918367346935     
        1629  0.97673469387755107     
        1630  0.96775510204081627     
        1631  0.97591836734693882     
        1632  0.98612244897959178     
        1633  0.97959183673469385     
        1634  0.97591836734693882     
        1635  0.97999999999999998     
        1636  0.97795918367346935     
        1637  0.97673469387755107     
        1638  0.97836734693877547     
        1639  0.97755102040816322     
        1640  0.97387755102040818     
        1641  0.97795918367346935     
        1642  0.97632653061224495     
        1643  0.97877551020408160     
        1644  0.97836734693877547     
        1645  0.97999999999999998     
        1646  0.97877551020408160     
        1647  0.97428571428571431     
        1648  0.97673469387755107     
        1649  0.97346938775510206     
        1650  0.98775510204081629     
        1651  0.97836734693877547     
        1652  0.97591836734693882     
        1653  0.97714285714285709     
        1654  0.98040816326530611     
        1655  0.98204081632653062     
        1656  0.97755102040816322     
        1657  0.97795918367346935     
        1658  0.97306122448979593     
        1659  0.97306122448979593     
        1660  0.97959183673469385     
        1661  0.98163265306122449     
        1662  0.97795918367346935     
        1663  0.97755102040816322     
        1664  0.97265306122448980     
        1665  0.98204081632653062     
        1666  0.97999999999999998     
        1667  0.97877551020408160     
        1668  0.97918367346938773     
        1669  0.97469387755102044     
        1670  0.98244897959183675     
        1671  0.98040816326530611     
        1672  0.97591836734693882     
        1673  0.97387755102040818     
        1674  0.97265306122448980     
        1675  0.98326530612244900     
        1676  0.97714285714285709     
        1677  0.98040816326530611     
        1678  0.98040816326530611     
        1679  0.97673469387755107     
        1680  0.98489795918367351     
        1681  0.98285714285714287     
        1682  0.96734693877551026     
        1683  0.97469387755102044     
        1684  0.97918367346938773     
        1685  0.97999999999999998     
        1686  0.97877551020408160     
        1687  0.97714285714285709     
        1688  0.98122448979591836     
        1689  0.97224489795918367     
        1690  0.97673469387755107     
        1691  0.98163265306122449     
        1692  0.97591836734693882     
        1693  0.97551020408163269     
        1694  0.97755102040816322     
        1695  0.98326530612244900     
        1696  0.98163265306122449     
        1697  0.97306122448979593     
        1698  0.97387755102040818     
        1699  0.97755102040816322     
        1700  0.97591836734693882     
        1701  0.97591836734693882     
        1702  0.97224489795918367     
        1703  0.98122448979591836     
        1704  0.97795918367346935     
        1705  0.97632653061224495     
        1706  0.97959183673469385     
        1707  0.97959183673469385     
        1708  0.97714285714285709     
        1709  0.98122448979591836     
        1710  0.98367346938775513     
        1711  0.98040816326530611     
        1712  0.97265306122448980     
        1713  0.97795918367346935     
        1714  0.98163265306122449     
        1715  0.97999999999999998     
        1716  0.97918367346938773     
        1717  0.97999999999999998     
        1718  0.96979591836734691     
        1719  0.97999999999999998     
        1720  0.97224489795918367     
        1721  0.98489795918367351     
        1722  0.97714285714285709     
        1723  0.97591836734693882     
        1724  0.97510204081632657     
        1725  0.97632653061224495     
        1726  0.97877551020408160     
        1727  0.98081632653061224     
        1728  0.98326530612244900     
        1729  0.98285714285714287     
        1730  0.97959183673469385     
        1731  0.97836734693877547     
        1732  0.97877551020408160     
        1733  0.97673469387755107     
        1734  0.97469387755102044     
        1735  0.97346938775510206     
        1736  0.98285714285714287     
        1737  0.97632653061224495     
        1738  0.98081632653061224     
        1739  0.97755102040816322     
        1740  0.97265306122448980     
        1741  0.97795918367346935     
        1742  0.98081632653061224     
        1743  0.98122448979591836     
        1744  0.98081632653061224     
        1745  0.97836734693877547     
        1746  0.97714285714285709     
        1747  0.97632653061224495     
        1748  0.97224489795918367     
        1749  0.97836734693877547     
        1750  0.98204081632653062     
        1751  0.97428571428571431     
        1752  0.98653061224489791     
        1753  0.98081632653061224     
        1754  0.97469387755102044     
        1755  0.97714285714285709     
        1756  0.97428571428571431     
        1757  0.98122448979591836     
        1758  0.96979591836734691     
        1759  0.98122448979591836     
        1760  0.97387755102040818     
        1761  0.97387755102040818     
        1762  0.97755102040816322     
        1763  0.96857142857142853     
        1764  0.97673469387755107     
        1765  0.97836734693877547     
        1766  0.98122448979591836     
        1767  0.98408163265306126     
        1768  0.97551020408163269     
        1769  0.98285714285714287     
        1770  0.97061224489795916     
        1771  0.97959183673469385     
        1772  0.97999999999999998     
        1773  0.97428571428571431     
        1774  0.98285714285714287     
        1775  0.98163265306122449     
        1776  0.97714285714285709     
        1777  0.98326530612244900     
        1778  0.97591836734693882     
        1779  0.98408163265306126     
        1780  0.97918367346938773     
        1781  0.97632653061224495     
        1782  0.98244897959183675     
        1783  0.98244897959183675     
        1784  0.97999999999999998     
        1785  0.97714285714285709     
        1786  0.98040816326530611     
        1787  0.97428571428571431     
        1788  0.97714285714285709     
        1789  0.97877551020408160     
        1790  0.97755102040816322     
        1791  0.97510204081632657     
        1792  0.98081632653061224     
        1793  0.98612244897959178     
        1794  0.97469387755102044     
        1795  0.98081632653061224     
        1796  0.97632653061224495     
        1797  0.97632653061224495     
        1798  0.97102040816326529     
        1799  0.97714285714285709     
        1800  0.96897959183673465     
        1801  0.97632653061224495     
        1802  0.97469387755102044     
        1803  0.97795918367346935     
        1804  0.97877551020408160     
        1805  0.98040816326530611     
        1806  0.96775510204081627     
        1807  0.97469387755102044     
        1808  0.98163265306122449     
        1809  0.97714285714285709     
        1810  0.98081632653061224     
        1811  0.98244897959183675     
        1812  0.97836734693877547     
        1813  0.97020408163265304     
        1814  0.97918367346938773     
        1815  0.97469387755102044     
        1816  0.97918367346938773     
        1817  0.97755102040816322     
        1818  0.97999999999999998     
        1819  0.97632653061224495     
        1820  0.98081632653061224     
        1821  0.97999999999999998     
        1822  0.98163265306122449     
        1823  0.97918367346938773     
        1824  0.97591836734693882     
        1825  0.97306122448979593     
        1826  0.97836734693877547     
        1827  0.96775510204081627     
        1828  0.97265306122448980     
        1829  0.97510204081632657     
        1830  0.98448979591836738     
        1831  0.97959183673469385     
        1832  0.97346938775510206     
        1833  0.97999999999999998     
        1834  0.97020408163265304     
        1835  0.97265306122448980     
        1836  0.97755102040816322     
        1837  0.97918367346938773     
        1838  0.97918367346938773     
        1839  0.98040816326530611     
        1840  0.97265306122448980     
        1841  0.98204081632653062     
        1842  0.97306122448979593     
        1843  0.97714285714285709     
        1844  0.97714285714285709     
        1845  0.97061224489795916     
        1846  0.97795918367346935     
        1847  0.98367346938775513     
        1848  0.98163265306122449     
        1849  0.98040816326530611     
        1850  0.97714285714285709     
        1851  0.97714285714285709     
        1852  0.98040816326530611     
        1853  0.97346938775510206     
        1854  0.97673469387755107     
        1855  0.97591836734693882     
        1856  0.98040816326530611     
        1857  0.98163265306122449     
        1858  0.97591836734693882     
        1859  0.97551020408163269     
        1860  0.97714285714285709     
        1861  0.97959183673469385     
        1862  0.97591836734693882     
        1863  0.97306122448979593     
        1864  0.97428571428571431     
        1865  0.97999999999999998     
        1866  0.98244897959183675     
        1867  0.97387755102040818     
        1868  0.98204081632653062     
        1869  0.97836734693877547     
        1870  0.97999999999999998     
        1871  0.97999999999999998     
        1872  0.97551020408163269     
        1873  0.97999999999999998     
        1874  0.98204081632653062     
        1875  0.97551020408163269     
        1876  0.97999999999999998     
        1877  0.97469387755102044     
        1878  0.96816326530612240     
        1879  0.97510204081632657     
        1880  0.98081632653061224     
        1881  0.97755102040816322     
        1882  0.97959183673469385     
        1883  0.97632653061224495     
        1884  0.97755102040816322     
        1885  0.98163265306122449     
        1886  0.97061224489795916     
        1887  0.97959183673469385     
        1888  0.97673469387755107     
        1889  0.98040816326530611     
        1890  0.97551020408163269     
        1891  0.97510204081632657     
        1892  0.97551020408163269     
        1893  0.97469387755102044     
        1894  0.97346938775510206     
        1895  0.98244897959183675     
        1896  0.98040816326530611     
        1897  0.97510204081632657     
        1898  0.97306122448979593     
        1899  0.97306122448979593     
        1900  0.97551020408163269     
        1901  0.98204081632653062     
        1902  0.96979591836734691     
        1903  0.97551020408163269     
        1904  0.97959183673469385     
        1905  0.97836734693877547     
        1906  0.97224489795918367     
        1907  0.98612244897959178     
        1908  0.97346938775510206     
        1909  0.97265306122448980     
        1910  0.98122448979591836     
        1911  0.97877551020408160     
        1912  0.97387755102040818     
        1913  0.97428571428571431     
        1914  0.97999999999999998     
        1915  0.97755102040816322     
        1916  0.97428571428571431     
        1917  0.98040816326530611     
        1918  0.98244897959183675     
        1919  0.97387755102040818     
        1920  0.98408163265306126     
        1921  0.97265306122448980     
        1922  0.97632653061224495     
        1923  0.97755102040816322     
        1924  0.97306122448979593     
        1925  0.97346938775510206     
        1926  0.97836734693877547     
        1927  0.97469387755102044     
        1928  0.97346938775510206     
        1929  0.97387755102040818     
        1930  0.97551020408163269     
        1931  0.98244897959183675     
        1932  0.97714285714285709     
        1933  0.98530612244897964     
        1934  0.97959183673469385     
        1935  0.98326530612244900     
        1936  0.97795918367346935     
        1937  0.97632653061224495     
        1938  0.97959183673469385     
        1939  0.98122448979591836     
        1940  0.97755102040816322     
        1941  0.98408163265306126     
        1942  0.97673469387755107     
        1943  0.97877551020408160     
        1944  0.98571428571428577     
        1945  0.97591836734693882     
        1946  0.98408163265306126     
        1947  0.98040816326530611     
        1948  0.97224489795918367     
        1949  0.98326530612244900     
        1950  0.97836734693877547     
        1951  0.98081632653061224     
        1952  0.97673469387755107     
        1953  0.98040816326530611     
        1954  0.96897959183673465     
        1955  0.98040816326530611     
        1956  0.97632653061224495     
        1957  0.98408163265306126     
        1958  0.97306122448979593     
        1959  0.97918367346938773     
        1960  0.97918367346938773     
        1961  0.97795918367346935     
        1962  0.96938775510204078     
        1963  0.97387755102040818     
        1964  0.97959183673469385     
        1965  0.97755102040816322     
        1966  0.97632653061224495     
        1967  0.97510204081632657     
        1968  0.97632653061224495     
        1969  0.97632653061224495     
        1970  0.97755102040816322     
        1971  0.97714285714285709     
        1972  0.98122448979591836     
        1973  0.97428571428571431     
        1974  0.97551020408163269     
        1975  0.98040816326530611     
        1976  0.97020408163265304     
        1977  0.98204081632653062     
        1978  0.98163265306122449     
        1979  0.97306122448979593     
        1980  0.98530612244897964     
        1981  0.98163265306122449     
        1982  0.97346938775510206     
        1983  0.97877551020408160     
        1984  0.98040816326530611     
        1985  0.97591836734693882     
        1986  0.97959183673469385     
        1987  0.97918367346938773     
        1988  0.97999999999999998     
        1989  0.97714285714285709     
        1990  0.97673469387755107     
        1991  0.98122448979591836     
        1992  0.98448979591836738     
        1993  0.98693877551020404     
        1994  0.98204081632653062     
        1995  0.98448979591836738     
        1996  0.97387755102040818     
        1997  0.97999999999999998     
        1998  0.98122448979591836     
        1999  0.98326530612244900     
        2000  0.97755102040816322     
