           1  0.99925306122449076     
           2  0.99931836734693946     
           3  0.99928163265306191     
           4  0.99935510204081712     
           5  0.99938367346938850     
           6  0.99931428571428649     
           7  0.99937959183673530     
           8  0.99940408163265371     
           9  0.99934693877551095     
          10  0.99936326530612318     
          11  0.99939591836734754     
          12  0.99932653061224552     
          13  0.99934285714285775     
          14  0.99944897959183732     
          15  0.99937551020408233     
          16  0.99929387755102117     
          17  0.99931020408163329     
          18  0.99930204081632723     
          19  0.99937959183673530     
          20  0.99927346938775585     
          21  0.99941224489795988     
          22  0.99931020408163329     
          23  0.99933469387755192     
          24  0.99935918367346999     
          25  0.99938775510204136     
          26  0.99940816326530679     
          27  0.99941224489795966     
          28  0.99920408163265395     
          29  0.99938775510204136     
          30  0.99942448979591891     
          31  0.99937959183673541     
          32  0.99935510204081712     
          33  0.99935510204081690     
          34  0.99926530612244979     
          35  0.99942857142857211     
          36  0.99940816326530679     
          37  0.99939183673469456     
          38  0.99927346938775585     
          39  0.99938775510204148     
          40  0.99929795918367414     
          41  0.99927346938775596     
          42  0.99930612244898032     
          43  0.99931020408163351     
          44  0.99933061224489872     
          45  0.99931836734693935     
          46  0.99937959183673530     
          47  0.99933061224489872     
          48  0.99933877551020478     
          49  0.99934285714285775     
          50  0.99931020408163329     
          51  0.99938775510204136     
          52  0.99936734693877616     
          53  0.99939183673469456     
          54  0.99936734693877627     
          55  0.99932653061224552     
          56  0.99942857142857189     
          57  0.99941224489795966     
          58  0.99931428571428649     
          59  0.99929387755102117     
          60  0.99929387755102117     
          61  0.99919183673469480     
          62  0.99940408163265371     
          63  0.99932244897959266     
          64  0.99928979591836808     
          65  0.99930204081632723     
          66  0.99931428571428649     
          67  0.99928979591836820     
          68  0.99944897959183754     
          69  0.99942040816326583     
          70  0.99926938775510277     
          71  0.99926530612244979     
          72  0.99922448979591916     
          73  0.99932653061224574     
          74  0.99935102040816404     
          75  0.99934285714285764     
          76  0.99935102040816393     
          77  0.99935918367347010     
          78  0.99938775510204148     
          79  0.99937551020408211     
          80  0.99926938775510277     
          81  0.99933877551020489     
          82  0.99935510204081712     
          83  0.99944489795918434     
          84  0.99925714285714362     
          85  0.99939183673469456     
          86  0.99933061224489861     
          87  0.99946530612244955     
          88  0.99929795918367437     
          89  0.99936326530612318     
          90  0.99927346938775574     
          91  0.99931020408163351     
          92  0.99926530612244979     
          93  0.99935918367346999     
          94  0.99917959183673555     
          95  0.99925306122449076     
          96  0.99932653061224541     
          97  0.99931428571428649     
          98  0.99944489795918434     
          99  0.99924081632653128     
         100  0.99934285714285798     
