           1   2.5375510204081637E-002
           2   2.5351020408163265E-002
           3   1.9710204081632651E-002
           4   1.8232653061224496E-002
           5   1.4706122448979593E-002
           6   1.8085714285714288E-002
           7   1.6816326530612255E-002
           8   1.9946938775510209E-002
           9   1.9906122448979602E-002
          10   2.6224489795918370E-002
          11   1.8191836734693882E-002
          12   1.6726530612244890E-002
          13   1.8069387755102043E-002
          14   1.8081632653061223E-002
          15   2.4122448979591836E-002
          16   1.5787755102040821E-002
          17   1.8053061224489804E-002
          18   1.7085714285714291E-002
          19   1.7477551020408169E-002
          20   1.9502040816326543E-002
          21   1.6657142857142863E-002
          22   1.6697959183673474E-002
          23   2.2938775510204089E-002
          24   2.3865306122448988E-002
          25   2.2979591836734703E-002
          26   2.0857142857142862E-002
          27   2.2808163265306124E-002
          28   2.7457142857142847E-002
          29   1.7322448979591846E-002
          30   1.9987755102040813E-002
          31   2.0812244897959197E-002
          32   2.0893877551020408E-002
          33   1.9359183673469397E-002
          34   2.1702040816326530E-002
          35   1.5461224489795922E-002
          36   1.7889795918367354E-002
          37   2.4640816326530611E-002
          38   1.9261224489795926E-002
          39   2.0559183673469376E-002
          40   1.9032653061224491E-002
          41   2.0020408163265304E-002
          42   1.7297959183673467E-002
          43   2.1412244897959187E-002
          44   2.0359183673469387E-002
          45   2.4008163265306127E-002
          46   2.3681632653061228E-002
          47   1.4693877551020402E-002
          48   1.9093877551020412E-002
          49   2.0502040816326544E-002
          50   1.8538775510204081E-002
          51   2.1853061224489788E-002
          52   1.3440816326530611E-002
          53   2.7526530612244905E-002
          54   2.3432653061224492E-002
          55   1.8114285714285715E-002
          56   1.7236734693877549E-002
          57   2.1436734693877555E-002
          58   2.4171428571428576E-002
          59   1.3812244897959186E-002
          60   2.2575510204081640E-002
          61   2.2069387755102050E-002
          62   2.1244897959183672E-002
          63   2.6620408163265316E-002
          64   1.9224489795918363E-002
          65   1.3591836734693880E-002
          66   2.0897959183673473E-002
          67   2.0604081632653058E-002
          68   1.9151020408163265E-002
          69   2.0673469387755109E-002
          70   1.6844897959183678E-002
          71   1.9236734693877561E-002
          72   2.0914285714285712E-002
          73   2.0681632653061222E-002
          74   1.7216326530612242E-002
          75   1.4351020408163264E-002
          76   1.9832653061224496E-002
          77   2.0465306122448991E-002
          78   1.7640816326530605E-002
          79   2.3212244897959190E-002
          80   2.1734693877551021E-002
          81   1.9579591836734692E-002
          82   1.6448979591836731E-002
          83   1.4636734693877562E-002
          84   2.5314285714285699E-002
          85   2.3657142857142863E-002
          86   2.0583673469387762E-002
          87   1.9767346938775517E-002
          88   2.2677551020408172E-002
          89   1.6420408163265302E-002
          90   2.3167346938775514E-002
          91   2.1310204081632644E-002
          92   1.8346938775510208E-002
          93   1.7151020408163267E-002
          94   2.3771428571428572E-002
          95   2.0751020408163266E-002
          96   2.5714285714285707E-002
          97   2.7200000000000012E-002
          98   2.0681632653061232E-002
          99   2.0693877551020420E-002
         100   2.4457142857142847E-002
