           1   2.5306122448979593E-002
           2   7.9183673469387761E-002
           3   8.3265306122448979E-002
           4   2.5306122448979593E-002
           5   2.0408163265306121E-002
           6   3.2244897959183672E-002
           7   4.0408163265306121E-002
           8  0.11510204081632654     
           9   8.1224489795918370E-002
          10   6.0408163265306125E-002
          11   6.9387755102040816E-002
          12   1.6326530612244899E-003
          13   2.9795918367346939E-002
          14   2.4489795918367346E-002
          15   8.1632653061224497E-003
          16   5.1836734693877548E-002
          17   3.2653061224489799E-002
          18   1.2244897959183673E-003
          19   1.2244897959183673E-002
          20   1.5102040816326531E-002
          21   8.1632653061224483E-002
          22   4.4897959183673466E-002
          23   5.1836734693877548E-002
          24   5.8775510204081630E-002
          25   4.6530612244897962E-002
          26   1.7959183673469388E-002
          27   5.5102040816326532E-002
          28   1.4285714285714285E-002
          29   7.8775510204081634E-002
          30   2.0816326530612245E-002
          31   3.0612244897959183E-002
          32   4.4897959183673466E-002
          33   1.7551020408163264E-002
          34   8.1632653061224497E-003
          35   2.5714285714285714E-002
          36   3.3061224489795919E-002
          37   6.5306122448979594E-003
          38   7.0204081632653056E-002
          39   3.2653061224489799E-002
          40   3.0204081632653063E-002
          41   9.7959183673469383E-003
          42   3.2244897959183672E-002
          43   3.3061224489795919E-002
          44   2.6938775510204082E-002
          45   1.4693877551020407E-002
          46   7.3469387755102047E-002
          47   6.6938775510204079E-002
          48   6.9387755102040816E-002
          49   1.3877551020408163E-002
          50   1.8775510204081632E-002
          51   7.9183673469387761E-002
          52   3.4693877551020408E-002
          53   2.9795918367346939E-002
          54   2.5306122448979593E-002
          55   6.0816326530612246E-002
          56   5.9999999999999998E-002
          57   2.5306122448979593E-002
          58   3.3877551020408160E-002
          59   5.1020408163265307E-002
          60   5.4693877551020405E-002
          61   2.8571428571428571E-003
          62   2.7346938775510202E-002
          63   1.6326530612244899E-002
          64   8.1632653061224497E-003
          65   2.3673469387755101E-002
          66   8.9795918367346940E-003
          67   4.2040816326530610E-002
          68   9.3877551020408161E-003
          69   5.3061224489795921E-003
          70   1.9591836734693877E-002
          71   2.6530612244897958E-002
          72   2.2448979591836733E-002
          73   6.0816326530612246E-002
          74   2.2040816326530613E-002
          75   5.3469387755102044E-002
          76   3.3061224489795919E-002
          77   4.4489795918367346E-002
          78   1.7551020408163264E-002
          79   6.5306122448979598E-002
          80   4.2857142857142858E-002
          81   2.8571428571428571E-003
          82   3.4693877551020408E-002
          83   7.1428571428571425E-002
          84   9.4285714285714292E-002
          85   8.6530612244897956E-002
          86   1.9183673469387756E-002
          87   4.0816326530612249E-003
          88   3.3877551020408160E-002
          89   2.6938775510204082E-002
          90   4.4489795918367346E-002
          91   4.3265306122448978E-002
          92   7.1836734693877552E-002
          93   2.2448979591836733E-002
          94   4.0816326530612249E-003
          95   1.3469387755102041E-002
          96   6.7755102040816320E-002
          97   9.3877551020408161E-003
          98   2.1632653061224489E-002
          99   4.4897959183673466E-002
         100   6.5306122448979594E-003
         101   4.3265306122448978E-002
         102   5.3061224489795921E-003
         103   1.6326530612244899E-003
         104   1.5510204081632653E-002
         105   5.7142857142857143E-003
         106   5.2244897959183675E-002
         107   3.7142857142857144E-002
         108   1.4285714285714285E-002
         109   2.0408163265306121E-002
         110   4.7346938775510203E-002
         111   4.9387755102040819E-002
         112   3.1428571428571431E-002
         113  0.10040816326530612     
         114   6.9387755102040816E-003
         115   1.7959183673469388E-002
         116   1.8367346938775512E-002
         117  0.11632653061224489     
         118   8.8571428571428565E-002
         119   2.5306122448979593E-002
         120   5.1020408163265307E-002
         121   2.0408163265306121E-002
         122   3.5918367346938776E-002
         123   1.3877551020408163E-002
         124  0.10040816326530612     
         125   5.3061224489795916E-002
         126   1.1020408163265306E-002
         127   2.0408163265306121E-002
         128   0.0000000000000000     
         129   5.1428571428571428E-002
         130   4.1224489795918369E-002
         131   1.0612244897959184E-002
         132   2.6530612244897958E-002
         133   5.3061224489795921E-003
         134   1.1428571428571429E-002
         135   5.7551020408163268E-002
         136   5.5510204081632653E-002
         137  0.11510204081632654     
         138   1.3877551020408163E-002
         139   2.6530612244897958E-002
         140   3.7142857142857144E-002
         141   4.7346938775510203E-002
         142   1.7959183673469388E-002
         143   2.5714285714285714E-002
         144   1.2653061224489797E-002
         145  0.10122448979591837     
         146   6.9387755102040816E-002
         147   3.7959183673469385E-002
         148   4.7755102040816323E-002
         149   5.9591836734693877E-002
         150   2.2448979591836733E-002
         151   1.7551020408163264E-002
         152   1.8775510204081632E-002
         153   1.7142857142857144E-002
         154   1.9183673469387756E-002
         155  0.13142857142857142     
         156   3.5102040816326528E-002
         157   2.8571428571428571E-003
         158   6.1224489795918366E-002
         159   4.4897959183673470E-003
         160   3.1428571428571431E-002
         161   6.1224489795918364E-003
         162   1.2244897959183673E-003
         163   1.1020408163265306E-002
         164   6.5306122448979598E-002
         165   4.8979591836734691E-002
         166   3.7551020408163265E-002
         167   1.2244897959183673E-002
         168   7.7551020408163265E-002
         169   3.0204081632653063E-002
         170   2.0816326530612245E-002
         171   6.4489795918367343E-002
         172   3.7142857142857144E-002
         173   4.5714285714285714E-002
         174   5.1836734693877548E-002
         175  0.10816326530612246     
         176   3.3469387755102040E-002
         177   4.5714285714285714E-002
         178   4.6938775510204082E-002
         179   7.8367346938775506E-002
         180   7.4693877551020402E-002
         181   1.5918367346938776E-002
         182   2.8571428571428571E-002
         183  0.14653061224489797     
         184   8.4897959183673474E-002
         185   9.0612244897959188E-002
         186   3.3469387755102040E-002
         187   1.0204081632653060E-002
         188   4.1224489795918369E-002
         189   2.4897959183673470E-002
         190   3.5102040816326528E-002
         191   4.3673469387755105E-002
         192   2.8979591836734694E-002
         193   6.1224489795918364E-003
         194   1.7142857142857144E-002
         195   1.6734693877551020E-002
         196   5.2244897959183675E-002
         197   1.7551020408163264E-002
         198   1.5102040816326531E-002
         199   1.3469387755102041E-002
         200  0.11795918367346939     
         201   4.3265306122448978E-002
         202   2.4081632653061225E-002
         203   3.2653061224489799E-002
         204   9.1020408163265301E-002
         205   3.5102040816326528E-002
         206   3.9591836734693880E-002
         207   3.0204081632653063E-002
         208  0.10122448979591837     
         209   1.2653061224489797E-002
         210   4.2040816326530610E-002
         211   4.8979591836734691E-003
         212   4.7346938775510203E-002
         213   6.1224489795918366E-002
         214   6.7346938775510207E-002
         215   3.2244897959183672E-002
         216   5.9591836734693877E-002
         217   3.4693877551020408E-002
         218   4.9795918367346939E-002
         219   4.0408163265306121E-002
         220   2.7755102040816326E-002
         221   4.3673469387755105E-002
         222   4.7346938775510203E-002
         223   5.1836734693877548E-002
         224   1.7551020408163264E-002
         225   8.1632653061224493E-004
         226   8.9795918367346940E-003
         227   2.0408163265306124E-003
         228   1.1020408163265306E-002
         229   7.7551020408163267E-003
         230   2.0408163265306124E-003
         231   3.3877551020408160E-002
         232   5.3469387755102044E-002
         233   3.7142857142857144E-002
         234   4.0816326530612246E-004
         235   1.2244897959183673E-002
         236   2.4489795918367346E-003
         237   3.0204081632653063E-002
         238   5.8367346938775509E-002
         239   2.4897959183673470E-002
         240   1.9183673469387756E-002
         241   6.6122448979591839E-002
         242   7.8367346938775506E-002
         243   3.3877551020408160E-002
         244   6.4081632653061230E-002
         245   5.3469387755102044E-002
         246   1.5102040816326531E-002
         247   6.4489795918367343E-002
         248   1.3877551020408163E-002
         249   9.3877551020408161E-003
         250   4.4897959183673466E-002
         251   7.7551020408163267E-003
         252   5.6326530612244900E-002
         253   2.0816326530612245E-002
         254   6.9387755102040816E-003
         255   3.1428571428571431E-002
         256   5.3061224489795921E-003
         257   2.6938775510204082E-002
         258   6.5306122448979594E-003
         259   9.0612244897959188E-002
         260   5.2244897959183675E-002
         261   2.0000000000000000E-002
         262   2.7346938775510202E-002
         263   8.9795918367346940E-003
         264   1.9591836734693877E-002
         265   1.3469387755102041E-002
         266  0.13142857142857142     
         267  0.11632653061224489     
         268   6.3673469387755102E-002
         269   5.4285714285714284E-002
         270   2.0408163265306124E-003
         271   1.2244897959183673E-002
         272   3.9591836734693880E-002
         273   0.0000000000000000     
         274   8.2857142857142851E-002
         275   2.8571428571428571E-002
         276   7.1428571428571425E-002
         277   8.7755102040816324E-002
         278   4.3265306122448978E-002
         279   2.5306122448979593E-002
         280   2.8979591836734694E-002
         281   1.8367346938775512E-002
         282   4.2448979591836737E-002
         283   4.1224489795918369E-002
         284   3.7551020408163265E-002
         285   1.2244897959183673E-002
         286   2.5714285714285714E-002
         287   2.0408163265306124E-003
         288   1.1428571428571429E-002
         289   1.0612244897959184E-002
         290   2.6530612244897958E-002
         291   2.0816326530612245E-002
         292   8.5306122448979588E-002
         293   3.2244897959183672E-002
         294   2.8571428571428571E-003
         295   1.6326530612244899E-003
         296   4.6938775510204082E-002
         297   5.1020408163265307E-002
         298   2.1632653061224489E-002
         299   8.4489795918367347E-002
         300   2.7755102040816326E-002
         301   6.4489795918367343E-002
         302   7.7551020408163267E-003
         303   2.6530612244897958E-002
         304   2.0408163265306121E-002
         305   4.3673469387755105E-002
         306   5.1836734693877548E-002
         307   4.2857142857142858E-002
         308   4.8571428571428571E-002
         309   6.3673469387755102E-002
         310   3.6734693877551024E-002
         311   4.7755102040816323E-002
         312   8.5714285714285719E-003
         313   2.3673469387755101E-002
         314   3.1020408163265307E-002
         315   7.7551020408163265E-002
         316   5.4285714285714284E-002
         317   1.3469387755102041E-002
         318   5.5510204081632653E-002
         319   4.0408163265306121E-002
         320   1.2244897959183673E-002
         321   8.9795918367346940E-003
         322   1.3877551020408163E-002
         323   4.8163265306122451E-002
         324   3.2244897959183672E-002
         325   5.7551020408163268E-002
         326   4.4897959183673466E-002
         327   2.0000000000000000E-002
         328   2.6530612244897958E-002
         329   6.9387755102040816E-003
         330   6.5714285714285711E-002
         331   7.3877551020408161E-002
         332   4.2448979591836737E-002
         333   0.0000000000000000     
         334   1.3469387755102041E-002
         335   8.1632653061224493E-004
         336   4.4897959183673470E-003
         337   1.5102040816326531E-002
         338   2.0000000000000000E-002
         339   8.4081632653061220E-002
         340   3.1428571428571431E-002
         341   2.8571428571428571E-002
         342   1.9183673469387756E-002
         343   1.8775510204081632E-002
         344   5.7142857142857143E-003
         345   8.9795918367346940E-003
         346   2.2448979591836733E-002
         347   4.0816326530612249E-003
         348   3.2653061224489799E-002
         349   7.1836734693877552E-002
         350   4.1632653061224489E-002
         351   2.7346938775510202E-002
         352   1.6326530612244899E-003
         353   4.4489795918367346E-002
         354   3.3061224489795919E-002
         355   9.5102040816326533E-002
         356   2.6938775510204082E-002
         357   7.3061224489795920E-002
         358   1.9183673469387756E-002
         359   2.0408163265306121E-002
         360   1.8367346938775512E-002
         361   1.5918367346938776E-002
         362   1.6326530612244899E-002
         363   3.2244897959183672E-002
         364   4.5714285714285714E-002
         365   4.4489795918367346E-002
         366   2.0408163265306124E-003
         367   3.9591836734693880E-002
         368   8.5714285714285719E-003
         369   6.4081632653061230E-002
         370   8.8979591836734692E-002
         371   2.2857142857142857E-002
         372   1.6326530612244899E-003
         373   3.1836734693877551E-002
         374   8.1632653061224493E-004
         375   2.1632653061224489E-002
         376   1.9591836734693877E-002
         377   2.1224489795918369E-002
         378   2.8571428571428571E-002
         379   3.6734693877551024E-002
         380   2.3673469387755101E-002
         381   3.5918367346938776E-002
         382   6.9387755102040816E-003
         383   1.5102040816326531E-002
         384   2.1632653061224489E-002
         385   7.7551020408163265E-002
         386   4.4897959183673466E-002
         387   3.4693877551020408E-002
         388   8.6122448979591842E-002
         389   4.4081632653061226E-002
         390   3.4693877551020408E-002
         391   3.7551020408163265E-002
         392   1.7142857142857144E-002
         393   4.3673469387755105E-002
         394   8.5714285714285719E-003
         395   4.8979591836734691E-003
         396   6.2857142857142861E-002
         397   1.3061224489795919E-002
         398   7.5102040816326529E-002
         399   3.5102040816326528E-002
         400   8.4897959183673474E-002
         401   8.1632653061224493E-004
         402   2.4489795918367346E-002
         403   2.6122448979591838E-002
         404   4.8163265306122451E-002
         405   6.0816326530612246E-002
         406   2.7755102040816326E-002
         407   5.9183673469387757E-002
         408   8.2448979591836738E-002
         409   8.5306122448979588E-002
         410   7.8775510204081634E-002
         411   4.0816326530612242E-002
         412   8.1632653061224497E-003
         413   3.5102040816326528E-002
         414   6.2448979591836734E-002
         415   1.9183673469387756E-002
         416   1.7142857142857144E-002
         417   1.9591836734693877E-002
         418   6.9387755102040816E-003
         419   5.4693877551020405E-002
         420   3.5102040816326528E-002
         421   8.1632653061224497E-003
         422   4.3673469387755105E-002
         423   1.8775510204081632E-002
         424   2.1632653061224489E-002
         425   9.7959183673469383E-003
         426   3.9183673469387753E-002
         427   1.3469387755102041E-002
         428   0.0000000000000000     
         429   3.4285714285714287E-002
         430   2.2448979591836733E-002
         431   1.7551020408163264E-002
         432   7.3469387755102037E-003
         433   3.2653061224489799E-002
         434   1.1836734693877551E-002
         435   1.9591836734693877E-002
         436   7.7551020408163267E-003
         437   1.7551020408163264E-002
         438   3.7959183673469385E-002
         439   4.8571428571428571E-002
         440   7.6326530612244897E-002
         441   2.4897959183673470E-002
         442   4.2448979591836737E-002
         443   8.5714285714285719E-003
         444   2.0408163265306121E-002
         445   1.7551020408163264E-002
         446   1.6734693877551020E-002
         447   6.1224489795918364E-003
         448   6.5714285714285711E-002
         449   8.8571428571428565E-002
         450   8.9795918367346940E-003
         451   2.7755102040816326E-002
         452   1.9591836734693877E-002
         453   1.7142857142857144E-002
         454   3.1836734693877551E-002
         455   1.2244897959183673E-003
         456   5.2244897959183675E-002
         457   1.9591836734693877E-002
         458   6.1224489795918364E-003
         459   5.0612244897959187E-002
         460   8.3265306122448979E-002
         461   7.3877551020408161E-002
         462   2.0000000000000000E-002
         463   5.1836734693877548E-002
         464   5.8367346938775509E-002
         465  0.10122448979591837     
         466   2.5306122448979593E-002
         467   0.0000000000000000     
         468   5.7142857142857143E-003
         469   2.8571428571428571E-002
         470   2.8163265306122450E-002
         471   1.3061224489795919E-002
         472   3.2653061224489799E-002
         473   4.8163265306122451E-002
         474   1.3877551020408163E-002
         475   4.5714285714285714E-002
         476   4.6530612244897962E-002
         477  0.10081632653061225     
         478   5.0612244897959187E-002
         479   3.9591836734693880E-002
         480   1.5918367346938776E-002
         481   1.0204081632653060E-002
         482   5.3061224489795916E-002
         483   1.7551020408163264E-002
         484   1.7551020408163264E-002
         485   3.0204081632653063E-002
         486   6.8979591836734688E-002
         487   2.1224489795918369E-002
         488   2.7346938775510202E-002
         489   2.2040816326530613E-002
         490   1.1428571428571429E-002
         491   2.8571428571428571E-003
         492   4.0816326530612242E-002
         493   6.4081632653061230E-002
         494   8.1632653061224497E-003
         495   3.4285714285714287E-002
         496   8.9795918367346940E-003
         497   6.1224489795918364E-003
         498   3.2653061224489799E-002
         499   7.7551020408163265E-002
         500   4.5714285714285714E-002
         501   8.2448979591836738E-002
         502   6.7755102040816320E-002
         503   3.9591836734693880E-002
         504   9.4693877551020406E-002
         505  0.14816326530612245     
         506   7.2653061224489793E-002
         507   2.3673469387755101E-002
         508   6.1224489795918366E-002
         509   1.7142857142857144E-002
         510   6.1224489795918364E-003
         511   1.8775510204081632E-002
         512   2.2040816326530613E-002
         513   5.6734693877551021E-002
         514   2.3673469387755101E-002
         515   2.4489795918367346E-002
         516   6.9795918367346943E-002
         517   3.0204081632653063E-002
         518   2.8571428571428571E-003
         519   3.9183673469387753E-002
         520   6.2857142857142861E-002
         521   1.7551020408163264E-002
         522   3.4285714285714287E-002
         523   6.6530612244897966E-002
         524   0.0000000000000000     
         525   4.8979591836734691E-003
         526   4.0816326530612246E-004
         527   5.3061224489795921E-003
         528   4.4081632653061226E-002
         529   1.2244897959183673E-003
         530   6.5306122448979598E-002
         531   3.2653061224489799E-002
         532   5.1428571428571428E-002
         533   4.8571428571428571E-002
         534   2.8571428571428571E-003
         535   3.6326530612244896E-002
         536   5.0204081632653060E-002
         537  0.10040816326530612     
         538  0.10122448979591837     
         539   2.6122448979591838E-002
         540   3.7142857142857144E-002
         541   2.5306122448979593E-002
         542   1.0612244897959184E-002
         543   5.1836734693877548E-002
         544   1.0612244897959184E-002
         545   5.3877551020408164E-002
         546   2.6938775510204082E-002
         547   2.2040816326530613E-002
         548   2.4897959183673470E-002
         549   1.4693877551020407E-002
         550   2.2857142857142857E-002
         551   2.0408163265306124E-003
         552   6.1224489795918366E-002
         553   8.3265306122448979E-002
         554   8.4081632653061220E-002
         555   5.4693877551020405E-002
         556   5.3061224489795921E-003
         557   4.7755102040816323E-002
         558   6.1632653061224486E-002
         559   3.5102040816326528E-002
         560   9.3877551020408161E-003
         561   1.2244897959183673E-002
         562   3.1428571428571431E-002
         563   3.1020408163265307E-002
         564   4.1224489795918369E-002
         565   8.1632653061224493E-004
         566   1.3469387755102041E-002
         567   4.6530612244897962E-002
         568   4.9387755102040819E-002
         569   4.1224489795918369E-002
         570   6.9387755102040816E-003
         571   2.3265306122448981E-002
         572   4.0816326530612246E-004
         573   9.7551020408163269E-002
         574   1.2244897959183673E-002
         575   4.2448979591836737E-002
         576   8.4897959183673474E-002
         577  0.10897959183673470     
         578   9.1836734693877556E-002
         579   3.4285714285714287E-002
         580   4.6938775510204082E-002
         581   5.3061224489795921E-003
         582   1.7142857142857144E-002
         583   6.1224489795918364E-003
         584   8.1632653061224493E-004
         585   2.5714285714285714E-002
         586   4.6122448979591835E-002
         587   4.3673469387755105E-002
         588   3.9183673469387753E-002
         589   3.5102040816326528E-002
         590   6.3265306122448975E-002
         591   1.0612244897959184E-002
         592   5.5102040816326532E-002
         593   2.7755102040816326E-002
         594   7.5918367346938770E-002
         595   1.3877551020408163E-002
         596   2.5306122448979593E-002
         597   1.5102040816326531E-002
         598   4.1632653061224489E-002
         599   6.5306122448979594E-003
         600   2.3673469387755101E-002
         601   2.6530612244897958E-002
         602   2.5714285714285714E-002
         603   5.7551020408163268E-002
         604   4.1632653061224489E-002
         605  0.11877551020408163     
         606   2.0000000000000000E-002
         607   1.7142857142857144E-002
         608   5.5102040816326532E-002
         609   7.3469387755102037E-003
         610   3.1836734693877551E-002
         611   6.0816326530612246E-002
         612   3.1836734693877551E-002
         613   3.3877551020408160E-002
         614   2.5306122448979593E-002
         615   2.0816326530612245E-002
         616   8.1632653061224483E-002
         617   5.4693877551020405E-002
         618   1.1836734693877551E-002
         619   8.1632653061224493E-004
         620   4.0816326530612246E-004
         621   1.2244897959183673E-002
         622   1.3877551020408163E-002
         623   1.1836734693877551E-002
         624   5.7959183673469389E-002
         625   1.4693877551020407E-002
         626   4.5306122448979594E-002
         627   3.9183673469387753E-002
         628   1.7551020408163264E-002
         629   3.2653061224489797E-003
         630   3.1428571428571431E-002
         631  0.10326530612244898     
         632   4.0000000000000001E-002
         633   1.3877551020408163E-002
         634   8.1632653061224497E-003
         635   1.7142857142857144E-002
         636   9.9183673469387751E-002
         637   5.6326530612244900E-002
         638   1.9183673469387756E-002
         639   2.8979591836734694E-002
         640   1.5102040816326531E-002
         641   5.0612244897959187E-002
         642   1.7551020408163264E-002
         643   2.9387755102040815E-002
         644   5.5918367346938773E-002
         645   2.7346938775510202E-002
         646   7.5510204081632656E-002
         647   5.5510204081632653E-002
         648   4.3673469387755105E-002
         649   1.7959183673469388E-002
         650   3.2653061224489799E-002
         651   5.3877551020408164E-002
         652   6.8571428571428575E-002
         653   4.1224489795918369E-002
         654   6.8163265306122447E-002
         655   2.2857142857142857E-002
         656   4.5306122448979594E-002
         657   1.7142857142857144E-002
         658   4.9387755102040819E-002
         659   4.0816326530612249E-003
         660   6.9387755102040816E-003
         661   5.2653061224489796E-002
         662   2.7755102040816326E-002
         663   1.3877551020408163E-002
         664   6.9387755102040816E-003
         665   2.4081632653061225E-002
         666   7.7551020408163267E-003
         667   1.9591836734693877E-002
         668   3.0204081632653063E-002
         669   8.9795918367346940E-003
         670   5.1020408163265307E-002
         671   4.8571428571428571E-002
         672   3.1836734693877551E-002
         673   4.1632653061224489E-002
         674   6.2857142857142861E-002
         675  0.13632653061224489     
         676   9.7142857142857142E-002
         677   4.8979591836734691E-002
         678   4.0816326530612246E-004
         679   7.9591836734693874E-002
         680   2.8571428571428571E-003
         681   4.8571428571428571E-002
         682   1.2653061224489797E-002
         683   3.8775510204081633E-002
         684   1.2653061224489797E-002
         685   6.9387755102040816E-003
         686   4.0816326530612246E-004
         687   3.5510204081632656E-002
         688   1.1836734693877551E-002
         689   1.7142857142857144E-002
         690   4.0816326530612246E-004
         691   1.4285714285714285E-002
         692   7.7551020408163267E-003
         693   2.4897959183673470E-002
         694   8.0816326530612242E-002
         695   1.5918367346938776E-002
         696   2.0408163265306124E-003
         697   4.1632653061224489E-002
         698   5.8367346938775509E-002
         699   4.0816326530612249E-003
         700   3.6734693877551024E-002
         701   1.1428571428571429E-002
         702   1.9591836734693877E-002
         703   2.8163265306122450E-002
         704   3.7142857142857144E-002
         705   6.5306122448979594E-003
         706   1.0612244897959184E-002
         707   1.2244897959183673E-003
         708   2.8979591836734694E-002
         709   1.5918367346938776E-002
         710   9.3877551020408161E-003
         711   3.8775510204081633E-002
         712   2.2040816326530613E-002
         713   1.5918367346938776E-002
         714   1.7142857142857144E-002
         715   1.5102040816326531E-002
         716   3.5510204081632656E-002
         717   1.5918367346938776E-002
         718   4.1224489795918369E-002
         719   4.7755102040816323E-002
         720   1.3877551020408163E-002
         721   6.9387755102040816E-003
         722   7.1428571428571425E-002
         723   4.1632653061224489E-002
         724   2.4081632653061225E-002
         725   3.3469387755102040E-002
         726   2.0408163265306121E-002
         727   4.2857142857142858E-002
         728   2.4489795918367346E-003
         729   5.8775510204081630E-002
         730   1.4285714285714285E-002
         731   3.1836734693877551E-002
         732   2.0816326530612245E-002
         733   2.3265306122448981E-002
         734   2.8979591836734694E-002
         735   6.9387755102040816E-002
         736  0.10857142857142857     
         737   2.3265306122448981E-002
         738   9.7959183673469383E-003
         739   8.9795918367346940E-003
         740   1.9183673469387756E-002
         741   7.7959183673469393E-002
         742   2.0408163265306124E-003
         743   8.1632653061224493E-004
         744   5.5918367346938773E-002
         745   1.0612244897959184E-002
         746   6.6530612244897966E-002
         747   1.4693877551020407E-002
         748   1.1836734693877551E-002
         749   5.4693877551020405E-002
         750   1.5102040816326531E-002
         751   2.0000000000000000E-002
         752   5.4693877551020405E-002
         753   1.5918367346938776E-002
         754   5.7142857142857141E-002
         755   4.5306122448979594E-002
         756   2.0408163265306121E-002
         757   1.7142857142857144E-002
         758   2.2448979591836733E-002
         759   3.1020408163265307E-002
         760   1.6326530612244899E-003
         761   6.5306122448979594E-003
         762   7.3469387755102037E-003
         763   4.0816326530612246E-004
         764   1.6326530612244899E-003
         765   4.2857142857142858E-002
         766   9.9183673469387751E-002
         767   8.1632653061224493E-004
         768   4.0408163265306121E-002
         769   3.6734693877551019E-003
         770   9.2653061224489797E-002
         771   1.2653061224489797E-002
         772   2.4489795918367346E-003
         773   2.0408163265306124E-003
         774   8.7755102040816324E-002
         775   6.4897959183673470E-002
         776   4.1224489795918369E-002
         777   2.0000000000000000E-002
         778   8.3265306122448979E-002
         779   0.0000000000000000     
         780   8.1632653061224483E-002
         781   4.6938775510204082E-002
         782   7.7142857142857138E-002
         783   4.2448979591836737E-002
         784   6.1224489795918364E-003
         785   5.2653061224489796E-002
         786   4.5306122448979594E-002
         787   7.5510204081632656E-002
         788   5.1428571428571428E-002
         789   3.6326530612244896E-002
         790   9.2653061224489797E-002
         791   8.1632653061224497E-003
         792   4.7346938775510203E-002
         793   3.8367346938775512E-002
         794   4.4897959183673466E-002
         795   3.2653061224489799E-002
         796   3.7142857142857144E-002
         797   5.2244897959183675E-002
         798   2.4897959183673470E-002
         799   1.2244897959183673E-003
         800   1.4285714285714285E-002
         801   2.0408163265306124E-003
         802   6.5714285714285711E-002
         803   2.8163265306122450E-002
         804   2.8571428571428571E-003
         805   2.5306122448979593E-002
         806   4.4897959183673466E-002
         807   4.4081632653061226E-002
         808   3.6734693877551019E-003
         809   4.1632653061224489E-002
         810   3.3469387755102040E-002
         811   7.6734693877551025E-002
         812   3.7959183673469385E-002
         813   0.0000000000000000     
         814   7.1020408163265311E-002
         815   1.3469387755102041E-002
         816   5.3061224489795921E-003
         817   4.4897959183673466E-002
         818   2.4897959183673470E-002
         819   6.1224489795918364E-003
         820   3.4285714285714287E-002
         821   6.1224489795918364E-003
         822   1.7959183673469388E-002
         823   3.2653061224489799E-002
         824   4.0816326530612249E-003
         825   2.3265306122448981E-002
         826   6.3673469387755102E-002
         827   2.6530612244897958E-002
         828   2.4489795918367346E-002
         829   9.3877551020408161E-003
         830   7.3877551020408161E-002
         831   9.7959183673469383E-003
         832   6.2857142857142861E-002
         833   5.9183673469387757E-002
         834   4.2857142857142858E-002
         835   4.6530612244897962E-002
         836   2.4489795918367346E-002
         837   3.3469387755102040E-002
         838   5.5510204081632653E-002
         839   3.3469387755102040E-002
         840   3.8367346938775512E-002
         841   1.7551020408163264E-002
         842   1.6326530612244899E-003
         843   3.1428571428571431E-002
         844   8.5714285714285719E-003
         845   5.2653061224489796E-002
         846   8.8979591836734692E-002
         847   9.9183673469387751E-002
         848   2.8979591836734694E-002
         849   2.4081632653061225E-002
         850   4.4897959183673466E-002
         851   1.2244897959183673E-002
         852   5.1020408163265307E-002
         853   2.5714285714285714E-002
         854   4.0816326530612249E-003
         855   1.8367346938775512E-002
         856   5.2653061224489796E-002
         857   2.7755102040816326E-002
         858   6.1632653061224486E-002
         859   7.6734693877551025E-002
         860   7.1020408163265311E-002
         861   8.4897959183673474E-002
         862   2.1632653061224489E-002
         863   1.7959183673469388E-002
         864   6.2857142857142861E-002
         865   2.4489795918367346E-003
         866   6.1224489795918364E-003
         867   3.5510204081632656E-002
         868   4.4489795918367346E-002
         869   3.5918367346938776E-002
         870   3.2653061224489797E-003
         871   3.9591836734693880E-002
         872   4.0816326530612246E-004
         873   6.6938775510204079E-002
         874   2.2448979591836733E-002
         875   8.1632653061224497E-003
         876   8.4897959183673474E-002
         877   5.9183673469387757E-002
         878   1.0204081632653060E-002
         879   6.5306122448979594E-003
         880   1.2653061224489797E-002
         881   7.0204081632653056E-002
         882   5.1428571428571428E-002
         883   7.3877551020408161E-002
         884   9.2244897959183669E-002
         885   6.9795918367346943E-002
         886   1.2244897959183673E-003
         887  0.10530612244897959     
         888   5.7142857142857141E-002
         889   2.8571428571428571E-002
         890   5.5918367346938773E-002
         891   1.4285714285714285E-002
         892   4.6122448979591835E-002
         893   5.5102040816326532E-002
         894   9.8367346938775510E-002
         895   5.1020408163265307E-002
         896   9.7142857142857142E-002
         897   1.5102040816326531E-002
         898   7.3877551020408161E-002
         899   7.3469387755102047E-002
         900   5.5102040816326532E-002
         901   5.2244897959183675E-002
         902  0.13632653061224489     
         903   9.7551020408163269E-002
         904   4.2857142857142858E-002
         905   6.5714285714285711E-002
         906   2.9387755102040815E-002
         907   1.4693877551020407E-002
         908   3.3469387755102040E-002
         909   4.5306122448979594E-002
         910   1.4285714285714285E-002
         911   5.4285714285714284E-002
         912   8.5714285714285719E-003
         913   9.3877551020408161E-003
         914   6.6530612244897966E-002
         915   7.4285714285714288E-002
         916   4.3265306122448978E-002
         917   4.0816326530612246E-004
         918   2.6938775510204082E-002
         919   2.8571428571428571E-003
         920   3.5510204081632656E-002
         921   2.7346938775510202E-002
         922   3.0612244897959183E-002
         923   5.7959183673469389E-002
         924   6.9387755102040816E-002
         925   4.1224489795918369E-002
         926   3.1020408163265307E-002
         927   4.7755102040816323E-002
         928   5.1020408163265307E-002
         929   5.2244897959183675E-002
         930   2.4489795918367346E-002
         931   4.0408163265306121E-002
         932   4.0816326530612249E-003
         933   1.0204081632653060E-002
         934   2.8571428571428571E-002
         935   1.2244897959183673E-003
         936   2.6122448979591838E-002
         937   4.5306122448979594E-002
         938   1.3877551020408163E-002
         939   1.9591836734693877E-002
         940   8.1632653061224497E-003
         941   3.2653061224489799E-002
         942   3.7551020408163265E-002
         943   3.4285714285714287E-002
         944   1.6326530612244899E-003
         945   8.8571428571428565E-002
         946   2.9795918367346939E-002
         947   4.7755102040816323E-002
         948   6.7755102040816320E-002
         949   8.9387755102040820E-002
         950   2.6122448979591838E-002
         951   5.6734693877551021E-002
         952   9.3877551020408161E-003
         953   7.3877551020408161E-002
         954   1.3469387755102041E-002
         955   6.1632653061224486E-002
         956   8.1632653061224483E-002
         957  0.10204081632653061     
         958   3.6734693877551024E-002
         959   8.9795918367346940E-003
         960   2.1632653061224489E-002
         961   2.1224489795918369E-002
         962   2.2857142857142857E-002
         963   9.7959183673469383E-003
         964   2.4489795918367346E-003
         965   2.8571428571428571E-002
         966   6.1224489795918364E-003
         967   2.0408163265306121E-002
         968  0.10204081632653061     
         969   2.8571428571428571E-002
         970   2.8571428571428571E-002
         971   4.0408163265306121E-002
         972   2.0816326530612245E-002
         973   2.0000000000000000E-002
         974   7.4285714285714288E-002
         975   8.1224489795918370E-002
         976  0.11061224489795918     
         977   1.7551020408163264E-002
         978   1.5102040816326531E-002
         979   4.2857142857142858E-002
         980   3.5102040816326528E-002
         981   3.1020408163265307E-002
         982   3.4693877551020408E-002
         983   2.8571428571428571E-002
         984   3.7551020408163265E-002
         985  0.11306122448979591     
         986   9.3469387755102037E-002
         987   4.2040816326530610E-002
         988   7.7551020408163267E-003
         989   2.3265306122448981E-002
         990   3.3061224489795919E-002
         991   2.8571428571428571E-003
         992   2.0816326530612245E-002
         993   1.0204081632653060E-002
         994   2.5306122448979593E-002
         995   5.4285714285714284E-002
         996   5.0204081632653060E-002
         997  0.10326530612244898     
         998  0.12938775510204081     
         999   7.6326530612244897E-002
        1000   3.2244897959183672E-002
        1001   2.8571428571428571E-003
        1002   9.7959183673469383E-002
        1003   4.0816326530612249E-003
        1004   2.0408163265306124E-003
        1005   6.9387755102040816E-003
        1006   5.3469387755102044E-002
        1007   7.8775510204081634E-002
        1008   9.6734693877551015E-002
        1009   5.5102040816326532E-002
        1010   2.1632653061224489E-002
        1011   1.5510204081632653E-002
        1012   5.7959183673469389E-002
        1013   2.7755102040816326E-002
        1014   2.3673469387755101E-002
        1015   0.0000000000000000     
        1016   4.0000000000000001E-002
        1017   3.0204081632653063E-002
        1018   5.7959183673469389E-002
        1019   4.7755102040816323E-002
        1020   6.9387755102040816E-003
        1021   3.5510204081632656E-002
        1022   4.0816326530612242E-002
        1023   9.1020408163265301E-002
        1024   2.6938775510204082E-002
        1025   1.2244897959183673E-003
        1026   1.4285714285714285E-002
        1027   8.5714285714285719E-003
        1028   3.5102040816326528E-002
        1029   6.1224489795918366E-002
        1030   5.9183673469387757E-002
        1031   6.4081632653061230E-002
        1032   5.2653061224489796E-002
        1033   7.7551020408163267E-003
        1034   2.1224489795918369E-002
        1035   1.7142857142857144E-002
        1036   7.1836734693877552E-002
        1037   5.5102040816326532E-002
        1038   5.4693877551020405E-002
        1039   6.9387755102040816E-002
        1040  0.11755102040816326     
        1041   1.0204081632653060E-002
        1042   8.1632653061224483E-002
        1043   3.7551020408163265E-002
        1044   5.7142857142857143E-003
        1045   3.6734693877551019E-003
        1046   8.1224489795918370E-002
        1047   4.3673469387755105E-002
        1048   6.4897959183673470E-002
        1049   6.0408163265306125E-002
        1050   5.9591836734693877E-002
        1051   7.6326530612244897E-002
        1052   1.2244897959183673E-002
        1053   1.4693877551020407E-002
        1054   5.7142857142857143E-003
        1055   3.8775510204081633E-002
        1056   2.7755102040816326E-002
        1057  0.12734693877551020     
        1058   6.1632653061224486E-002
        1059   1.0204081632653060E-002
        1060   2.6530612244897958E-002
        1061   1.9591836734693877E-002
        1062   4.2448979591836737E-002
        1063   3.7959183673469385E-002
        1064   3.8775510204081633E-002
        1065   2.6530612244897958E-002
        1066   2.0408163265306124E-003
        1067   7.1836734693877552E-002
        1068   6.6938775510204079E-002
        1069   6.4081632653061230E-002
        1070   2.8571428571428571E-003
        1071   1.1020408163265306E-002
        1072   3.0612244897959183E-002
        1073   3.4693877551020408E-002
        1074   1.5102040816326531E-002
        1075   3.3877551020408160E-002
        1076   4.3673469387755105E-002
        1077   3.2244897959183672E-002
        1078   5.8775510204081630E-002
        1079   8.7755102040816324E-002
        1080   3.3469387755102040E-002
        1081   1.3469387755102041E-002
        1082   1.9591836734693877E-002
        1083   6.7346938775510207E-002
        1084   3.7959183673469385E-002
        1085   1.0204081632653060E-002
        1086   1.4693877551020407E-002
        1087   2.4897959183673470E-002
        1088   6.6122448979591839E-002
        1089   1.1020408163265306E-002
        1090   4.1632653061224489E-002
        1091   2.0816326530612245E-002
        1092   4.5306122448979594E-002
        1093   2.8571428571428571E-003
        1094   4.4897959183673470E-003
        1095   2.0816326530612245E-002
        1096   2.1224489795918369E-002
        1097   5.7142857142857143E-003
        1098   6.6122448979591839E-002
        1099   2.9387755102040815E-002
        1100   2.3265306122448981E-002
        1101   9.7959183673469383E-003
        1102   2.1224489795918369E-002
        1103   4.4081632653061226E-002
        1104  0.11306122448979591     
        1105   1.5918367346938776E-002
        1106   2.5306122448979593E-002
        1107   7.7551020408163265E-002
        1108   5.1020408163265307E-002
        1109   4.1632653061224489E-002
        1110   7.1020408163265311E-002
        1111   6.2040816326530614E-002
        1112   2.9795918367346939E-002
        1113   2.2448979591836733E-002
        1114   1.7551020408163264E-002
        1115  0.10081632653061225     
        1116   7.1836734693877552E-002
        1117   2.9387755102040815E-002
        1118   4.0408163265306121E-002
        1119  0.11102040816326531     
        1120   9.2244897959183669E-002
        1121   9.1836734693877556E-002
        1122   7.7959183673469393E-002
        1123   6.1632653061224486E-002
        1124   9.7551020408163269E-002
        1125   1.6326530612244899E-002
        1126   1.4693877551020407E-002
        1127   2.9387755102040815E-002
        1128   6.8979591836734688E-002
        1129   8.4081632653061220E-002
        1130   5.3877551020408164E-002
        1131   4.2448979591836737E-002
        1132   5.0612244897959187E-002
        1133   2.4897959183673470E-002
        1134   2.4081632653061225E-002
        1135   6.5306122448979594E-003
        1136   2.4081632653061225E-002
        1137   4.7346938775510203E-002
        1138   1.2244897959183673E-002
        1139   3.7959183673469385E-002
        1140   3.6734693877551019E-003
        1141   1.6326530612244899E-003
        1142   3.4693877551020408E-002
        1143  0.10897959183673470     
        1144   8.4897959183673474E-002
        1145   7.7142857142857138E-002
        1146   3.9591836734693880E-002
        1147   1.7142857142857144E-002
        1148   7.7551020408163267E-003
        1149   5.1428571428571428E-002
        1150   1.1836734693877551E-002
        1151   2.8571428571428571E-003
        1152   8.1632653061224493E-004
        1153   3.5102040816326528E-002
        1154   1.9183673469387756E-002
        1155   5.2653061224489796E-002
        1156   3.6734693877551019E-003
        1157   5.7142857142857143E-003
        1158   3.3877551020408160E-002
        1159   4.3673469387755105E-002
        1160   7.4693877551020402E-002
        1161   5.0204081632653060E-002
        1162   3.9591836734693880E-002
        1163   6.2857142857142861E-002
        1164   1.7551020408163264E-002
        1165   6.5714285714285711E-002
        1166   6.6938775510204079E-002
        1167   2.6530612244897958E-002
        1168   5.3061224489795921E-003
        1169   2.6122448979591838E-002
        1170   8.5714285714285719E-003
        1171   1.8367346938775512E-002
        1172   1.4693877551020407E-002
        1173   1.5102040816326531E-002
        1174   0.0000000000000000     
        1175   1.1836734693877551E-002
        1176   5.8775510204081630E-002
        1177  0.12408163265306123     
        1178  0.12081632653061225     
        1179   9.3877551020408161E-003
        1180   5.6734693877551021E-002
        1181   6.4489795918367343E-002
        1182   2.0000000000000000E-002
        1183  0.12122448979591836     
        1184   2.5714285714285714E-002
        1185   4.0816326530612242E-002
        1186  0.18448979591836734     
        1187   9.1836734693877556E-002
        1188  0.13959183673469389     
        1189   7.3877551020408161E-002
        1190   2.0408163265306121E-002
        1191   8.1632653061224493E-004
        1192   2.3265306122448981E-002
        1193   2.1224489795918369E-002
        1194   2.8979591836734694E-002
        1195   5.7959183673469389E-002
        1196   4.1632653061224489E-002
        1197   1.1836734693877551E-002
        1198  0.10122448979591837     
        1199   7.2653061224489793E-002
        1200   5.8775510204081630E-002
        1201   3.0204081632653063E-002
        1202   4.8979591836734691E-002
        1203   2.0816326530612245E-002
        1204   2.2857142857142857E-002
        1205   2.3265306122448981E-002
        1206   4.4897959183673470E-003
        1207   2.8979591836734694E-002
        1208   7.1020408163265311E-002
        1209   3.0612244897959183E-002
        1210   1.9591836734693877E-002
        1211   3.2653061224489799E-002
        1212   2.0408163265306121E-002
        1213   7.7142857142857138E-002
        1214   8.2857142857142851E-002
        1215   3.2244897959183672E-002
        1216   6.6938775510204079E-002
        1217   5.6326530612244900E-002
        1218   2.7755102040816326E-002
        1219   2.7346938775510202E-002
        1220   4.4897959183673470E-003
        1221   2.9387755102040815E-002
        1222   3.2244897959183672E-002
        1223   7.5510204081632656E-002
        1224   3.6326530612244896E-002
        1225   3.0204081632653063E-002
        1226   1.0204081632653060E-002
        1227   6.5306122448979594E-003
        1228   5.1428571428571428E-002
        1229   8.0000000000000002E-002
        1230   5.3877551020408164E-002
        1231   9.5918367346938774E-002
        1232   3.2244897959183672E-002
        1233   2.4081632653061225E-002
        1234   1.9591836734693877E-002
        1235   2.3265306122448981E-002
        1236   2.4081632653061225E-002
        1237   4.1632653061224489E-002
        1238   1.7142857142857144E-002
        1239   2.2857142857142857E-002
        1240   2.2448979591836733E-002
        1241   7.1836734693877552E-002
        1242   5.5102040816326532E-002
        1243   6.0816326530612246E-002
        1244   2.6530612244897958E-002
        1245   8.1632653061224497E-003
        1246   5.6326530612244900E-002
        1247   8.7346938775510211E-002
        1248   4.0408163265306121E-002
        1249   9.3877551020408161E-003
        1250   7.8775510204081634E-002
        1251   8.5306122448979588E-002
        1252   7.0204081632653056E-002
        1253   7.6326530612244897E-002
        1254   2.4489795918367346E-002
        1255   1.5102040816326531E-002
        1256   3.9183673469387753E-002
        1257   8.1632653061224497E-003
        1258   1.7142857142857144E-002
        1259   4.2448979591836737E-002
        1260   2.4489795918367346E-003
        1261   3.6734693877551024E-002
        1262   4.4897959183673466E-002
        1263   4.6530612244897962E-002
        1264   1.4693877551020407E-002
        1265   7.5510204081632656E-002
        1266   2.6122448979591838E-002
        1267   3.2244897959183672E-002
        1268   1.5510204081632653E-002
        1269   1.3469387755102041E-002
        1270   3.7959183673469385E-002
        1271   2.0000000000000000E-002
        1272   4.6122448979591835E-002
        1273   1.2244897959183673E-002
        1274   6.3673469387755102E-002
        1275   1.3469387755102041E-002
        1276   2.0408163265306124E-003
        1277   4.8571428571428571E-002
        1278   1.0204081632653060E-002
        1279   4.0816326530612246E-004
        1280   4.8979591836734691E-003
        1281   3.4285714285714287E-002
        1282   6.0816326530612246E-002
        1283   2.0408163265306124E-003
        1284   3.5918367346938776E-002
        1285   1.2244897959183673E-003
        1286   6.2448979591836734E-002
        1287   2.7346938775510202E-002
        1288   4.8979591836734691E-002
        1289   2.0000000000000000E-002
        1290   1.3469387755102041E-002
        1291   2.9387755102040815E-002
        1292   1.1428571428571429E-002
        1293   1.2244897959183673E-002
        1294   8.6530612244897956E-002
        1295   1.0204081632653060E-002
        1296   2.5306122448979593E-002
        1297   8.1632653061224493E-004
        1298   6.1632653061224486E-002
        1299  0.11061224489795918     
        1300   7.7959183673469393E-002
        1301  0.10000000000000001     
        1302  0.11183673469387755     
        1303   1.6326530612244899E-002
        1304   5.2653061224489796E-002
        1305   1.3061224489795919E-002
        1306   2.5306122448979593E-002
        1307   5.3061224489795921E-003
        1308   7.7551020408163265E-002
        1309   2.6122448979591838E-002
        1310   4.0816326530612242E-002
        1311   4.0816326530612249E-003
        1312   3.2653061224489797E-003
        1313   4.4897959183673470E-003
        1314   5.2653061224489796E-002
        1315   2.6938775510204082E-002
        1316   1.5510204081632653E-002
        1317   2.2857142857142857E-002
        1318   6.4897959183673470E-002
        1319   1.4693877551020407E-002
        1320   3.0612244897959183E-002
        1321   4.3265306122448978E-002
        1322   4.0408163265306121E-002
        1323   4.2040816326530610E-002
        1324   4.8571428571428571E-002
        1325   2.0000000000000000E-002
        1326   1.9591836734693877E-002
        1327   2.6938775510204082E-002
        1328   1.6326530612244899E-003
        1329   2.4489795918367346E-002
        1330   4.7346938775510203E-002
        1331   2.4081632653061225E-002
        1332   4.8571428571428571E-002
        1333   7.3469387755102037E-003
        1334   5.1836734693877548E-002
        1335   8.1632653061224493E-004
        1336   2.5306122448979593E-002
        1337   4.5306122448979594E-002
        1338   3.6326530612244896E-002
        1339   5.3061224489795921E-003
        1340   1.0204081632653060E-002
        1341   2.4081632653061225E-002
        1342   3.2653061224489799E-002
        1343   5.3469387755102044E-002
        1344   8.2448979591836738E-002
        1345   2.0408163265306124E-003
        1346   1.0204081632653060E-002
        1347  0.10734693877551020     
        1348   2.4489795918367346E-003
        1349   4.4897959183673470E-003
        1350   1.8367346938775512E-002
        1351   2.5306122448979593E-002
        1352   4.3265306122448978E-002
        1353   6.1224489795918364E-003
        1354  0.10897959183673470     
        1355   3.7551020408163265E-002
        1356   5.4693877551020405E-002
        1357   4.5714285714285714E-002
        1358  0.10530612244897959     
        1359   3.2244897959183672E-002
        1360  0.11510204081632654     
        1361  0.12367346938775510     
        1362  0.12816326530612246     
        1363   1.0612244897959184E-002
        1364   6.4897959183673470E-002
        1365   9.7551020408163269E-002
        1366   3.9591836734693880E-002
        1367   8.0816326530612242E-002
        1368   6.4489795918367343E-002
        1369   1.3469387755102041E-002
        1370   2.8571428571428571E-003
        1371   1.7959183673469388E-002
        1372   9.3469387755102037E-002
        1373   5.2244897959183675E-002
        1374   5.9591836734693877E-002
        1375   3.6326530612244896E-002
        1376   3.5510204081632656E-002
        1377   1.0612244897959184E-002
        1378   5.5510204081632653E-002
        1379   1.8367346938775512E-002
        1380   2.5714285714285714E-002
        1381   1.8775510204081632E-002
        1382   4.6530612244897962E-002
        1383   5.1836734693877548E-002
        1384  0.10448979591836735     
        1385   1.4693877551020407E-002
        1386   3.4285714285714287E-002
        1387   8.5306122448979588E-002
        1388   1.5918367346938776E-002
        1389   6.9387755102040816E-003
        1390   5.8367346938775509E-002
        1391   2.6938775510204082E-002
        1392   9.1836734693877556E-002
        1393   4.0816326530612249E-003
        1394   1.0612244897959184E-002
        1395   3.9591836734693880E-002
        1396   1.0204081632653060E-002
        1397   1.1020408163265306E-002
        1398   1.9591836734693877E-002
        1399   8.1632653061224483E-002
        1400   4.4489795918367346E-002
        1401   3.9591836734693880E-002
        1402   3.8775510204081633E-002
        1403   2.8163265306122450E-002
        1404   4.9795918367346939E-002
        1405   6.6122448979591839E-002
        1406   3.5102040816326528E-002
        1407   7.0612244897959184E-002
        1408   3.0612244897959183E-002
        1409   2.6122448979591838E-002
        1410   6.9387755102040816E-003
        1411   1.7142857142857144E-002
        1412   4.4897959183673470E-003
        1413   3.2244897959183672E-002
        1414   4.0816326530612249E-003
        1415   2.0816326530612245E-002
        1416  0.11469387755102041     
        1417   2.3673469387755101E-002
        1418   6.2448979591836734E-002
        1419   3.6734693877551024E-002
        1420   2.4489795918367346E-003
        1421   2.4489795918367346E-002
        1422   5.5102040816326532E-002
        1423   5.7551020408163268E-002
        1424   1.4693877551020407E-002
        1425   6.9387755102040816E-003
        1426   4.0816326530612242E-002
        1427   8.1632653061224497E-003
        1428   1.9591836734693877E-002
        1429   7.3061224489795920E-002
        1430   5.7142857142857141E-002
        1431   1.3061224489795919E-002
        1432   5.1836734693877548E-002
        1433   2.4489795918367346E-002
        1434   6.1224489795918364E-003
        1435   3.6326530612244896E-002
        1436   1.5510204081632653E-002
        1437   2.6122448979591838E-002
        1438   4.0816326530612246E-004
        1439   1.6326530612244899E-002
        1440   2.2448979591836733E-002
        1441   8.1632653061224493E-004
        1442   5.2244897959183675E-002
        1443   3.2653061224489799E-002
        1444   4.4897959183673466E-002
        1445   2.4897959183673470E-002
        1446   4.2040816326530610E-002
        1447   1.0204081632653060E-002
        1448   6.9387755102040816E-003
        1449  0.12367346938775510     
        1450   3.2653061224489797E-003
        1451   5.1428571428571428E-002
        1452   1.4693877551020407E-002
        1453   7.1428571428571425E-002
        1454   4.0816326530612249E-003
        1455   1.5510204081632653E-002
        1456   3.8775510204081633E-002
        1457   4.6938775510204082E-002
        1458   2.2857142857142857E-002
        1459   1.7142857142857144E-002
        1460   6.8979591836734688E-002
        1461   4.8163265306122451E-002
        1462   1.1836734693877551E-002
        1463   2.1632653061224489E-002
        1464   1.4285714285714285E-002
        1465   6.1224489795918364E-003
        1466   3.7551020408163265E-002
        1467   5.8367346938775509E-002
        1468   1.7551020408163264E-002
        1469   7.3469387755102037E-003
        1470   2.3265306122448981E-002
        1471   3.0612244897959183E-002
        1472   6.8571428571428575E-002
        1473   2.4081632653061225E-002
        1474   7.3061224489795920E-002
        1475   6.9387755102040816E-002
        1476   5.5918367346938773E-002
        1477   6.1224489795918366E-002
        1478   4.1224489795918369E-002
        1479   5.6734693877551021E-002
        1480   3.9183673469387753E-002
        1481   8.9795918367346940E-003
        1482   2.7346938775510202E-002
        1483   3.3877551020408160E-002
        1484   7.4285714285714288E-002
        1485   2.8163265306122450E-002
        1486   2.3265306122448981E-002
        1487   8.9795918367346940E-003
        1488   7.1836734693877552E-002
        1489   5.5510204081632653E-002
        1490   8.1632653061224493E-004
        1491   3.3877551020408160E-002
        1492   5.1836734693877548E-002
        1493   6.9795918367346943E-002
        1494   1.6734693877551020E-002
        1495   6.4489795918367343E-002
        1496   4.8979591836734691E-002
        1497   3.5510204081632656E-002
        1498   5.8367346938775509E-002
        1499   3.6326530612244896E-002
        1500   8.1632653061224497E-003
        1501   1.6734693877551020E-002
        1502   2.7755102040816326E-002
        1503   4.7755102040816323E-002
        1504   7.1020408163265311E-002
        1505   1.1020408163265306E-002
        1506   4.4897959183673470E-003
        1507   2.4489795918367346E-002
        1508   1.0612244897959184E-002
        1509   2.0408163265306121E-002
        1510   3.7142857142857144E-002
        1511   3.2653061224489797E-003
        1512   3.1020408163265307E-002
        1513   3.0612244897959183E-002
        1514   1.1020408163265306E-002
        1515   3.6734693877551019E-003
        1516   1.5102040816326531E-002
        1517   6.4489795918367343E-002
        1518   4.2448979591836737E-002
        1519   5.1020408163265307E-002
        1520   5.7959183673469389E-002
        1521  0.11918367346938775     
        1522   9.3061224489795924E-002
        1523   3.6734693877551019E-003
        1524   1.0204081632653060E-002
        1525   2.2448979591836733E-002
        1526   5.0612244897959187E-002
        1527   2.4897959183673470E-002
        1528   5.9183673469387757E-002
        1529   2.1224489795918369E-002
        1530   2.0816326530612245E-002
        1531   4.6938775510204082E-002
        1532   7.4693877551020402E-002
        1533   4.1632653061224489E-002
        1534   3.1428571428571431E-002
        1535   3.8775510204081633E-002
        1536   1.4693877551020407E-002
        1537   3.8367346938775512E-002
        1538   5.0204081632653060E-002
        1539   6.1632653061224486E-002
        1540   3.4693877551020408E-002
        1541   2.3673469387755101E-002
        1542   3.9183673469387753E-002
        1543   1.1020408163265306E-002
        1544   1.3061224489795919E-002
        1545   2.2040816326530613E-002
        1546   4.4897959183673470E-003
        1547   3.0612244897959183E-002
        1548   4.4897959183673470E-003
        1549   6.5306122448979594E-003
        1550   2.7755102040816326E-002
        1551   1.3061224489795919E-002
        1552   8.6938775510204083E-002
        1553   3.6734693877551019E-003
        1554   3.3469387755102040E-002
        1555   1.0204081632653060E-002
        1556   8.1632653061224493E-004
        1557   2.2448979591836733E-002
        1558   2.8571428571428571E-002
        1559   1.3877551020408163E-002
        1560   2.1632653061224489E-002
        1561   2.5714285714285714E-002
        1562   2.7755102040816326E-002
        1563   1.7142857142857144E-002
        1564   3.7551020408163265E-002
        1565   6.9387755102040816E-003
        1566   5.9183673469387757E-002
        1567   1.1836734693877551E-002
        1568   2.6938775510204082E-002
        1569   4.0816326530612246E-004
        1570   2.5714285714285714E-002
        1571  0.10897959183673470     
        1572   8.1224489795918370E-002
        1573  0.10653061224489796     
        1574   3.0612244897959183E-002
        1575   3.3877551020408160E-002
        1576   2.3265306122448981E-002
        1577   4.9387755102040819E-002
        1578   3.7959183673469385E-002
        1579   2.4897959183673470E-002
        1580   1.6326530612244899E-002
        1581   3.0612244897959183E-002
        1582   2.6938775510204082E-002
        1583  0.10408163265306122     
        1584   1.1836734693877551E-002
        1585   1.4285714285714285E-002
        1586   4.8571428571428571E-002
        1587   6.5714285714285711E-002
        1588   3.6326530612244896E-002
        1589   8.3265306122448979E-002
        1590   5.5510204081632653E-002
        1591   7.3469387755102047E-002
        1592  0.11673469387755102     
        1593   4.2857142857142858E-002
        1594   4.3673469387755105E-002
        1595   2.3673469387755101E-002
        1596   4.6938775510204082E-002
        1597   3.6734693877551019E-003
        1598   1.8367346938775512E-002
        1599   2.4081632653061225E-002
        1600   8.9795918367346940E-003
        1601   7.3469387755102037E-003
        1602   1.8775510204081632E-002
        1603   7.3877551020408161E-002
        1604   3.1020408163265307E-002
        1605   8.7346938775510211E-002
        1606   2.5714285714285714E-002
        1607   0.0000000000000000     
        1608   8.1632653061224493E-004
        1609   3.0612244897959183E-002
        1610   2.4489795918367346E-003
        1611   3.6326530612244896E-002
        1612   4.1224489795918369E-002
        1613   3.3877551020408160E-002
        1614   3.3877551020408160E-002
        1615   4.4489795918367346E-002
        1616   2.6938775510204082E-002
        1617   5.4693877551020405E-002
        1618  0.10734693877551020     
        1619   7.4693877551020402E-002
        1620   1.7551020408163264E-002
        1621   4.8979591836734691E-003
        1622   4.8979591836734691E-002
        1623   1.2244897959183673E-003
        1624   6.2040816326530614E-002
        1625   9.7959183673469383E-003
        1626   2.1224489795918369E-002
        1627   2.0408163265306121E-002
        1628   7.7551020408163265E-002
        1629   4.9387755102040819E-002
        1630   4.3673469387755105E-002
        1631   7.3061224489795920E-002
        1632   2.3265306122448981E-002
        1633   9.7959183673469383E-003
        1634   4.8979591836734691E-003
        1635   3.3469387755102040E-002
        1636   1.0204081632653060E-002
        1637   3.1020408163265307E-002
        1638   4.8979591836734691E-003
        1639   7.3469387755102037E-003
        1640   3.1020408163265307E-002
        1641   1.4285714285714285E-002
        1642   3.4693877551020408E-002
        1643   1.5510204081632653E-002
        1644   3.8367346938775512E-002
        1645   8.0816326530612242E-002
        1646   3.6326530612244896E-002
        1647   2.9795918367346939E-002
        1648   2.8571428571428571E-003
        1649   2.6938775510204082E-002
        1650   1.6326530612244899E-003
        1651   8.3265306122448979E-002
        1652   2.7346938775510202E-002
        1653   7.7551020408163265E-002
        1654   8.8163265306122451E-002
        1655   8.4489795918367347E-002
        1656   4.7346938775510203E-002
        1657   4.4081632653061226E-002
        1658   7.1428571428571425E-002
        1659   9.3877551020408161E-003
        1660   1.8367346938775512E-002
        1661   9.0612244897959188E-002
        1662   1.9183673469387756E-002
        1663   3.2653061224489797E-003
        1664   4.0816326530612246E-004
        1665   6.6938775510204079E-002
        1666   2.4897959183673470E-002
        1667   5.8775510204081630E-002
        1668   1.4285714285714285E-002
        1669   4.6938775510204082E-002
        1670   1.3877551020408163E-002
        1671   4.4897959183673466E-002
        1672   3.8367346938775512E-002
        1673   0.0000000000000000     
        1674   3.9183673469387753E-002
        1675   1.2244897959183673E-002
        1676   8.1632653061224497E-003
        1677   6.7755102040816320E-002
        1678   7.1836734693877552E-002
        1679   3.6734693877551024E-002
        1680   3.8367346938775512E-002
        1681   9.6734693877551015E-002
        1682   8.2857142857142851E-002
        1683   7.7959183673469393E-002
        1684   5.3877551020408164E-002
        1685   1.8367346938775512E-002
        1686   4.0816326530612246E-004
        1687   1.8367346938775512E-002
        1688   5.7551020408163268E-002
        1689   5.5510204081632653E-002
        1690   1.6734693877551020E-002
        1691   3.1836734693877551E-002
        1692   1.4285714285714285E-002
        1693   2.6122448979591838E-002
        1694   6.5306122448979594E-003
        1695   6.2448979591836734E-002
        1696   8.5306122448979588E-002
        1697   1.7551020408163264E-002
        1698   1.7551020408163264E-002
        1699   5.9183673469387757E-002
        1700   5.6734693877551021E-002
        1701   5.1020408163265307E-002
        1702   1.8775510204081632E-002
        1703   7.0612244897959184E-002
        1704   3.5918367346938776E-002
        1705   2.0816326530612245E-002
        1706   9.0612244897959188E-002
        1707   5.1836734693877548E-002
        1708   2.5306122448979593E-002
        1709   5.8367346938775509E-002
        1710   3.0612244897959183E-002
        1711   4.2040816326530610E-002
        1712   7.7142857142857138E-002
        1713   6.2857142857142861E-002
        1714   4.8163265306122451E-002
        1715   7.8775510204081634E-002
        1716   5.2244897959183675E-002
        1717   3.3061224489795919E-002
        1718   1.1836734693877551E-002
        1719   5.3061224489795916E-002
        1720   2.4489795918367346E-002
        1721   1.3469387755102041E-002
        1722   8.6122448979591842E-002
        1723   5.6326530612244900E-002
        1724   6.7755102040816320E-002
        1725   3.3061224489795919E-002
        1726   4.5714285714285714E-002
        1727   6.5714285714285711E-002
        1728   4.6938775510204082E-002
        1729   8.4489795918367347E-002
        1730   3.1020408163265307E-002
        1731   3.8775510204081633E-002
        1732   3.8367346938775512E-002
        1733   8.1632653061224493E-004
        1734   9.7959183673469383E-003
        1735   6.5306122448979594E-003
        1736   3.8775510204081633E-002
        1737   3.7959183673469385E-002
        1738   7.3469387755102037E-003
        1739   8.1632653061224493E-004
        1740   5.4693877551020405E-002
        1741   1.9591836734693877E-002
        1742   2.1224489795918369E-002
        1743   9.3877551020408161E-003
        1744   4.0816326530612249E-003
        1745   4.6122448979591835E-002
        1746   3.5510204081632656E-002
        1747   5.7551020408163268E-002
        1748   6.2448979591836734E-002
        1749   4.3673469387755105E-002
        1750   8.1632653061224493E-004
        1751   5.7959183673469389E-002
        1752   1.0204081632653060E-002
        1753   4.1632653061224489E-002
        1754   5.9183673469387757E-002
        1755   2.7755102040816326E-002
        1756   3.3469387755102040E-002
        1757   1.4285714285714285E-002
        1758   9.5102040816326533E-002
        1759   3.2244897959183672E-002
        1760   4.8571428571428571E-002
        1761   4.4897959183673466E-002
        1762   1.9183673469387756E-002
        1763   3.8775510204081633E-002
        1764   9.6326530612244901E-002
        1765  0.11755102040816326     
        1766   3.5510204081632656E-002
        1767   9.7959183673469383E-003
        1768   2.9795918367346939E-002
        1769   4.2857142857142858E-002
        1770   6.5306122448979594E-003
        1771   1.6734693877551020E-002
        1772   5.5102040816326532E-002
        1773  0.13469387755102041     
        1774   7.3061224489795920E-002
        1775   5.8775510204081630E-002
        1776   5.7551020408163268E-002
        1777   9.4693877551020406E-002
        1778   2.6122448979591838E-002
        1779   8.8163265306122451E-002
        1780   4.8571428571428571E-002
        1781   4.2448979591836737E-002
        1782   6.9795918367346943E-002
        1783   7.9591836734693874E-002
        1784   7.3877551020408161E-002
        1785   1.5510204081632653E-002
        1786   2.8571428571428571E-002
        1787   2.8979591836734694E-002
        1788   1.1836734693877551E-002
        1789   3.6734693877551019E-003
        1790   2.2040816326530613E-002
        1791   6.5306122448979594E-003
        1792   1.5102040816326531E-002
        1793   2.1632653061224489E-002
        1794   1.5918367346938776E-002
        1795   6.8979591836734688E-002
        1796   7.7551020408163267E-003
        1797   1.5102040816326531E-002
        1798   3.2653061224489797E-003
        1799   3.8775510204081633E-002
        1800   1.8367346938775512E-002
        1801   5.1836734693877548E-002
        1802   4.6122448979591835E-002
        1803   1.8367346938775512E-002
        1804   6.9387755102040816E-003
        1805   1.6734693877551020E-002
        1806   6.4081632653061230E-002
        1807   9.4693877551020406E-002
        1808   5.5510204081632653E-002
        1809   7.7959183673469393E-002
        1810   1.0612244897959184E-002
        1811   4.5714285714285714E-002
        1812   9.3877551020408161E-003
        1813   2.0408163265306121E-002
        1814   8.1632653061224497E-003
        1815   5.8367346938775509E-002
        1816   3.9591836734693880E-002
        1817   3.8775510204081633E-002
        1818   8.1632653061224497E-003
        1819   1.1020408163265306E-002
        1820   4.0816326530612246E-004
        1821   7.2653061224489793E-002
        1822   1.5918367346938776E-002
        1823   7.7551020408163267E-003
        1824   8.8979591836734692E-002
        1825   7.9183673469387761E-002
        1826   7.6326530612244897E-002
        1827   4.3673469387755105E-002
        1828   7.7551020408163267E-003
        1829   6.3265306122448975E-002
        1830   4.3673469387755105E-002
        1831   4.8979591836734691E-003
        1832   2.9795918367346939E-002
        1833   1.6326530612244899E-003
        1834   1.8367346938775512E-002
        1835   6.0816326530612246E-002
        1836   8.9795918367346940E-003
        1837   8.3265306122448979E-002
        1838   2.6938775510204082E-002
        1839   4.0816326530612249E-003
        1840   8.5714285714285719E-003
        1841   2.6122448979591838E-002
        1842   2.4489795918367346E-002
        1843   5.6734693877551021E-002
        1844   5.3061224489795921E-003
        1845   3.7142857142857144E-002
        1846   7.8775510204081634E-002
        1847   4.0816326530612246E-004
        1848   1.8775510204081632E-002
        1849   1.5918367346938776E-002
        1850   1.9183673469387756E-002
        1851   3.3469387755102040E-002
        1852   1.7959183673469388E-002
        1853   2.0000000000000000E-002
        1854   9.5918367346938774E-002
        1855   4.4081632653061226E-002
        1856   1.0204081632653060E-002
        1857   4.4489795918367346E-002
        1858   3.7142857142857144E-002
        1859   4.8979591836734691E-002
        1860   4.6938775510204082E-002
        1861   3.3877551020408160E-002
        1862   2.7755102040816326E-002
        1863   1.6734693877551020E-002
        1864   4.0408163265306121E-002
        1865   7.3877551020408161E-002
        1866   1.0612244897959184E-002
        1867   2.6938775510204082E-002
        1868   3.6734693877551024E-002
        1869   6.2040816326530614E-002
        1870   5.9183673469387757E-002
        1871  0.12244897959183673     
        1872   4.9387755102040819E-002
        1873   1.6326530612244899E-003
        1874   1.1020408163265306E-002
        1875   2.4489795918367346E-002
        1876   1.2653061224489797E-002
        1877   1.8775510204081632E-002
        1878   1.2244897959183673E-002
        1879   2.4489795918367346E-003
        1880   2.1632653061224489E-002
        1881   4.6530612244897962E-002
        1882   3.1020408163265307E-002
        1883   1.0204081632653060E-002
        1884   5.7142857142857143E-003
        1885   3.7959183673469385E-002
        1886   3.0204081632653063E-002
        1887   1.8775510204081632E-002
        1888   5.4285714285714284E-002
        1889   1.7551020408163264E-002
        1890   3.0612244897959183E-002
        1891   7.4693877551020402E-002
        1892   1.6734693877551020E-002
        1893   4.6938775510204082E-002
        1894   7.3469387755102047E-002
        1895   3.7959183673469385E-002
        1896   4.9795918367346939E-002
        1897   3.1020408163265307E-002
        1898   7.3061224489795920E-002
        1899   1.5510204081632653E-002
        1900   1.5102040816326531E-002
        1901   1.3469387755102041E-002
        1902   3.0612244897959183E-002
        1903   3.0612244897959183E-002
        1904   6.5306122448979598E-002
        1905   6.9795918367346943E-002
        1906   1.0612244897959184E-002
        1907   4.4897959183673470E-003
        1908   1.5510204081632653E-002
        1909   2.2040816326530613E-002
        1910   1.5918367346938776E-002
        1911   3.4285714285714287E-002
        1912   6.3265306122448975E-002
        1913   9.5918367346938774E-002
        1914   2.4897959183673470E-002
        1915   5.1020408163265307E-002
        1916   4.3265306122448978E-002
        1917   2.6530612244897958E-002
        1918   4.4081632653061226E-002
        1919   1.2653061224489797E-002
        1920   6.0816326530612246E-002
        1921   6.7755102040816320E-002
        1922   5.0204081632653060E-002
        1923   4.8571428571428571E-002
        1924   1.1836734693877551E-002
        1925   6.6122448979591839E-002
        1926   2.1224489795918369E-002
        1927   3.1836734693877551E-002
        1928   3.9591836734693880E-002
        1929   2.1224489795918369E-002
        1930   5.0612244897959187E-002
        1931   5.8775510204081630E-002
        1932   7.2653061224489793E-002
        1933   5.3061224489795921E-003
        1934   4.2857142857142858E-002
        1935   1.0204081632653060E-002
        1936   2.2857142857142857E-002
        1937   4.2448979591836737E-002
        1938   1.3469387755102041E-002
        1939   5.3469387755102044E-002
        1940   9.4693877551020406E-002
        1941  0.10612244897959183     
        1942   1.3877551020408163E-002
        1943   1.1836734693877551E-002
        1944   3.7959183673469385E-002
        1945   1.5510204081632653E-002
        1946   5.2244897959183675E-002
        1947   6.2448979591836734E-002
        1948   7.1428571428571425E-002
        1949   4.5306122448979594E-002
        1950   3.6734693877551024E-002
        1951   1.2653061224489797E-002
        1952   5.2653061224489796E-002
        1953   2.6122448979591838E-002
        1954   2.1632653061224489E-002
        1955   2.6530612244897958E-002
        1956   2.2040816326530613E-002
        1957   5.0612244897959187E-002
        1958   6.5306122448979594E-003
        1959   7.3469387755102037E-003
        1960   7.7551020408163267E-003
        1961   4.9387755102040819E-002
        1962   6.7346938775510207E-002
        1963   4.2448979591836737E-002
        1964   6.3673469387755102E-002
        1965   8.0408163265306129E-002
        1966   1.9183673469387756E-002
        1967   4.2857142857142858E-002
        1968   1.6734693877551020E-002
        1969   4.3673469387755105E-002
        1970   2.5306122448979593E-002
        1971   1.8367346938775512E-002
        1972   1.7551020408163264E-002
        1973   3.3061224489795919E-002
        1974   1.5102040816326531E-002
        1975   1.1020408163265306E-002
        1976   4.0816326530612242E-002
        1977   1.3877551020408163E-002
        1978   8.4081632653061220E-002
        1979  0.11102040816326531     
        1980   1.0204081632653060E-002
        1981   3.7142857142857144E-002
        1982   1.2244897959183673E-003
        1983   1.4285714285714285E-002
        1984   1.7142857142857144E-002
        1985  0.10489795918367346     
        1986   2.4897959183673470E-002
        1987   2.4489795918367346E-003
        1988   1.6326530612244899E-003
        1989   1.3877551020408163E-002
        1990   4.8571428571428571E-002
        1991   1.9183673469387756E-002
        1992   1.1428571428571429E-002
        1993   7.6326530612244897E-002
        1994   2.6530612244897958E-002
        1995   1.8367346938775512E-002
        1996   2.7346938775510202E-002
        1997   4.4897959183673466E-002
        1998   1.9591836734693877E-002
        1999   8.1632653061224493E-004
        2000   5.3061224489795916E-002
