           1   8.9795918367346940E-003
           2   1.3877551020408163E-002
           3   4.7755102040816323E-002
           4   4.7755102040816323E-002
           5   4.0408163265306121E-002
           6   6.5306122448979594E-003
           7   6.9387755102040816E-003
           8   3.2653061224489797E-003
           9   7.7551020408163267E-003
          10   5.3061224489795921E-003
          11   4.5714285714285714E-002
          12   2.4489795918367346E-003
          13   4.0816326530612246E-004
          14   4.5306122448979594E-002
          15   3.0204081632653063E-002
          16   3.1836734693877551E-002
          17   5.0612244897959187E-002
          18   1.3061224489795919E-002
          19   2.2040816326530613E-002
          20   3.2653061224489799E-002
          21   2.7755102040816326E-002
          22   1.6326530612244899E-002
          23   1.7959183673469388E-002
          24   5.1836734693877548E-002
          25   5.9183673469387757E-002
          26   1.5102040816326531E-002
          27   1.4285714285714285E-002
          28   2.3673469387755101E-002
          29   1.6326530612244899E-002
          30   5.8775510204081630E-002
          31   3.3877551020408160E-002
          32   3.0612244897959183E-002
          33   8.1632653061224497E-003
          34   8.9795918367346940E-003
          35   4.8979591836734691E-003
          36   9.7959183673469383E-003
          37   5.3061224489795916E-002
          38   4.1224489795918369E-002
          39   7.7551020408163267E-003
          40   2.8163265306122450E-002
          41   1.3469387755102041E-002
          42   7.7551020408163267E-003
          43   5.3061224489795921E-003
          44   1.3877551020408163E-002
          45   2.3673469387755101E-002
          46   3.8775510204081633E-002
          47   5.1428571428571428E-002
          48   2.3265306122448981E-002
          49   1.7959183673469388E-002
          50   8.1632653061224493E-004
          51   2.3673469387755101E-002
          52   1.9591836734693877E-002
          53   4.9387755102040819E-002
          54   1.0612244897959184E-002
          55   4.3265306122448978E-002
          56   3.8775510204081633E-002
          57   2.2040816326530613E-002
          58   5.8775510204081630E-002
          59   4.5306122448979594E-002
          60   5.9591836734693877E-002
          61   7.7142857142857138E-002
          62   1.9183673469387756E-002
          63   1.0204081632653060E-002
          64   3.5102040816326528E-002
          65   1.6734693877551020E-002
          66   2.7346938775510202E-002
          67   1.2653061224489797E-002
          68   2.8979591836734694E-002
          69   1.6326530612244899E-002
          70   8.1632653061224493E-004
          71   1.9591836734693877E-002
          72   8.1632653061224497E-003
          73   8.1632653061224497E-003
          74   1.3877551020408163E-002
          75   3.9591836734693880E-002
          76   2.4081632653061225E-002
          77   3.6734693877551019E-003
          78   9.3877551020408161E-003
          79   1.8775510204081632E-002
          80   3.2653061224489797E-003
          81   5.1020408163265307E-002
          82   2.2857142857142857E-002
          83   3.1836734693877551E-002
          84   4.0816326530612249E-003
          85   4.8979591836734691E-002
          86   2.0408163265306121E-002
          87   4.8979591836734691E-003
          88   4.4489795918367346E-002
          89   6.2448979591836734E-002
          90  0.10693877551020409     
          91   7.4693877551020402E-002
          92   7.3061224489795920E-002
          93   6.8979591836734688E-002
          94   5.2653061224489796E-002
          95   2.8979591836734694E-002
          96   1.8367346938775512E-002
          97   5.2244897959183675E-002
          98   1.9591836734693877E-002
          99   1.1020408163265306E-002
         100   6.5306122448979594E-003
         101   2.5306122448979593E-002
         102   2.2040816326530613E-002
         103   2.4489795918367346E-003
         104   9.7959183673469383E-003
         105   5.7142857142857143E-003
         106   8.1632653061224497E-003
         107   1.0204081632653060E-002
         108   6.4897959183673470E-002
         109   8.4081632653061220E-002
         110   5.3877551020408164E-002
         111   7.6734693877551025E-002
         112   6.0408163265306125E-002
         113   5.7551020408163268E-002
         114   4.7346938775510203E-002
         115   5.9999999999999998E-002
         116   5.0612244897959187E-002
         117   9.3469387755102037E-002
         118   9.5918367346938774E-002
         119   7.6326530612244897E-002
         120   6.2448979591836734E-002
         121   3.7959183673469385E-002
         122   2.0408163265306121E-002
         123   2.5306122448979593E-002
         124   6.9387755102040816E-003
         125   6.5306122448979594E-003
         126   2.6938775510204082E-002
         127   1.5510204081632653E-002
         128   3.5918367346938776E-002
         129   9.1428571428571428E-002
         130   4.1632653061224489E-002
         131   1.0612244897959184E-002
         132   3.6326530612244896E-002
         133   5.3469387755102044E-002
         134   5.6734693877551021E-002
         135   1.5918367346938776E-002
         136   1.6326530612244899E-002
         137   1.4693877551020407E-002
         138   3.0204081632653063E-002
         139   3.7551020408163265E-002
         140   2.5714285714285714E-002
         141   4.4897959183673466E-002
         142   4.8163265306122451E-002
         143   3.1428571428571431E-002
         144   1.2653061224489797E-002
         145   6.1224489795918364E-003
         146   1.9183673469387756E-002
         147   4.0816326530612242E-002
         148   6.9387755102040816E-003
         149   4.0816326530612246E-004
         150   2.6938775510204082E-002
         151   1.0612244897959184E-002
         152   4.8979591836734691E-003
         153   4.8571428571428571E-002
         154   1.3877551020408163E-002
         155   9.3877551020408161E-003
         156   2.1224489795918369E-002
         157   6.1224489795918364E-003
         158   2.8571428571428571E-003
         159   3.1020408163265307E-002
         160   3.1836734693877551E-002
         161   1.5102040816326531E-002
         162   1.8775510204081632E-002
         163   1.7959183673469388E-002
         164   3.2653061224489797E-003
         165   1.7551020408163264E-002
         166   3.2244897959183672E-002
         167   2.1224489795918369E-002
         168   2.4081632653061225E-002
         169   3.5510204081632656E-002
         170   5.3469387755102044E-002
         171   1.2244897959183673E-003
         172   1.6326530612244899E-003
         173   1.5510204081632653E-002
         174   3.2653061224489799E-002
         175   2.2448979591836733E-002
         176   3.0612244897959183E-002
         177   1.0204081632653060E-002
         178   6.2857142857142861E-002
         179   3.6326530612244896E-002
         180   1.7551020408163264E-002
         181   6.1224489795918364E-003
         182   1.2653061224489797E-002
         183   6.9795918367346943E-002
         184   2.8571428571428571E-002
         185   1.0612244897959184E-002
         186   2.4489795918367346E-003
         187   5.7142857142857143E-003
         188   1.1428571428571429E-002
         189   4.1632653061224489E-002
         190   2.5306122448979593E-002
         191   6.5306122448979598E-002
         192   4.0000000000000001E-002
         193   6.1224489795918364E-003
         194   2.7346938775510202E-002
         195   1.2244897959183673E-002
         196   3.2244897959183672E-002
         197   2.1632653061224489E-002
         198   1.9591836734693877E-002
         199   9.3877551020408161E-003
         200   3.9591836734693880E-002
         201   3.3877551020408160E-002
         202   3.1836734693877551E-002
         203   2.0000000000000000E-002
         204   6.1224489795918364E-003
         205   5.1428571428571428E-002
         206   6.1224489795918364E-003
         207   2.3673469387755101E-002
         208   3.6326530612244896E-002
         209   1.2244897959183673E-003
         210   6.9387755102040816E-003
         211   2.5306122448979593E-002
         212   3.2244897959183672E-002
         213   7.3469387755102037E-003
         214   3.4693877551020408E-002
         215   9.7959183673469383E-003
         216   1.9591836734693877E-002
         217   8.1632653061224493E-004
         218   2.0408163265306124E-003
         219   6.5306122448979594E-003
         220   3.1836734693877551E-002
         221   1.2653061224489797E-002
         222   1.4285714285714285E-002
         223   3.9183673469387753E-002
         224   3.7551020408163265E-002
         225   6.2448979591836734E-002
         226   6.3673469387755102E-002
         227   4.7755102040816323E-002
         228   3.8775510204081633E-002
         229   7.3877551020408161E-002
         230   5.2653061224489796E-002
         231   3.6734693877551024E-002
         232   4.8979591836734691E-002
         233   1.6734693877551020E-002
         234   3.1836734693877551E-002
         235   4.0816326530612242E-002
         236   1.9591836734693877E-002
         237   2.7755102040816326E-002
         238   2.3673469387755101E-002
         239   5.7142857142857143E-003
         240   3.5918367346938776E-002
         241   1.7142857142857144E-002
         242   3.9591836734693880E-002
         243   4.4081632653061226E-002
         244   2.5714285714285714E-002
         245   1.0204081632653060E-002
         246   2.6122448979591838E-002
         247   2.9795918367346939E-002
         248   1.8367346938775512E-002
         249   3.5102040816326528E-002
         250   6.1632653061224486E-002
         251   1.9183673469387756E-002
         252   4.4081632653061226E-002
         253   3.2653061224489799E-002
         254   4.2857142857142858E-002
         255   4.0816326530612249E-003
         256   4.0816326530612249E-003
         257   1.2244897959183673E-003
         258   1.7142857142857144E-002
         259   2.4897959183673470E-002
         260   1.9183673469387756E-002
         261   6.5306122448979594E-003
         262   1.5102040816326531E-002
         263   1.2244897959183673E-003
         264   4.8979591836734691E-003
         265   1.4693877551020407E-002
         266   1.1020408163265306E-002
         267   3.4693877551020408E-002
         268   3.0612244897959183E-002
         269   6.5306122448979594E-003
         270   2.9387755102040815E-002
         271   1.3061224489795919E-002
         272   1.0204081632653060E-002
         273   8.1632653061224497E-003
         274   3.2653061224489799E-002
         275   1.0612244897959184E-002
         276   9.3877551020408161E-003
         277   6.9387755102040816E-003
         278   2.9387755102040815E-002
         279   4.9795918367346939E-002
         280   8.8163265306122451E-002
         281   7.8775510204081634E-002
         282   6.6122448979591839E-002
         283   1.4285714285714285E-002
         284   3.1428571428571431E-002
         285   2.6122448979591838E-002
         286   4.1224489795918369E-002
         287   2.4081632653061225E-002
         288   5.6326530612244900E-002
         289   5.2244897959183675E-002
         290   2.2040816326530613E-002
         291   5.7959183673469389E-002
         292   3.2244897959183672E-002
         293   2.8571428571428571E-003
         294   1.7959183673469388E-002
         295   4.9387755102040819E-002
         296   3.4693877551020408E-002
         297   0.0000000000000000     
         298   1.6326530612244899E-003
         299   2.4081632653061225E-002
         300   3.4285714285714287E-002
         301   3.5510204081632656E-002
         302   5.1020408163265307E-002
         303   3.2653061224489799E-002
         304   1.7959183673469388E-002
         305   4.4897959183673470E-003
         306   2.7346938775510202E-002
         307   6.2448979591836734E-002
         308   7.5510204081632656E-002
         309   7.5918367346938770E-002
         310   2.9387755102040815E-002
         311   1.3877551020408163E-002
         312   1.4693877551020407E-002
         313   1.1428571428571429E-002
         314   3.3061224489795919E-002
         315   3.1428571428571431E-002
         316   1.4285714285714285E-002
         317   3.4693877551020408E-002
         318   3.7142857142857144E-002
         319   4.1224489795918369E-002
         320   3.6734693877551019E-003
         321   2.5306122448979593E-002
         322   2.4489795918367346E-003
         323   2.3265306122448981E-002
         324   4.6122448979591835E-002
         325   4.9387755102040819E-002
         326   1.7142857142857144E-002
         327   0.0000000000000000     
         328   1.1836734693877551E-002
         329   2.4489795918367346E-003
         330   3.6734693877551024E-002
         331   1.6734693877551020E-002
         332   1.3877551020408163E-002
         333   3.3469387755102040E-002
         334   2.8571428571428571E-003
         335   2.3673469387755101E-002
         336   2.3265306122448981E-002
         337   3.2653061224489797E-003
         338   2.3673469387755101E-002
         339   6.1224489795918364E-003
         340   2.3265306122448981E-002
         341   4.0000000000000001E-002
         342   4.4081632653061226E-002
         343   2.1224489795918369E-002
         344   2.5306122448979593E-002
         345   2.0000000000000000E-002
         346   5.0204081632653060E-002
         347   6.9387755102040816E-003
         348   1.6326530612244899E-002
         349   1.5918367346938776E-002
         350   1.4285714285714285E-002
         351   3.2653061224489797E-003
         352   3.5102040816326528E-002
         353   1.2244897959183673E-002
         354   0.0000000000000000     
         355   3.3061224489795919E-002
         356   2.5306122448979593E-002
         357   2.1224489795918369E-002
         358   3.3061224489795919E-002
         359   5.3061224489795921E-003
         360   3.1020408163265307E-002
         361   3.6326530612244896E-002
         362   1.9591836734693877E-002
         363   1.7959183673469388E-002
         364   3.1428571428571431E-002
         365   2.0816326530612245E-002
         366   5.5918367346938773E-002
         367   1.8775510204081632E-002
         368   2.4081632653061225E-002
         369   2.0816326530612245E-002
         370   1.7142857142857144E-002
         371   4.0816326530612249E-003
         372   2.6530612244897958E-002
         373   5.3061224489795921E-003
         374   5.2244897959183675E-002
         375   1.5918367346938776E-002
         376   1.1836734693877551E-002
         377   2.0816326530612245E-002
         378   1.2244897959183673E-002
         379   4.0816326530612246E-004
         380   2.8979591836734694E-002
         381   3.1428571428571431E-002
         382   7.3469387755102037E-003
         383   4.1632653061224489E-002
         384   8.8979591836734692E-002
         385   5.6734693877551021E-002
         386   3.7551020408163265E-002
         387   1.3061224489795919E-002
         388   8.5714285714285719E-003
         389   2.4489795918367346E-003
         390   3.1428571428571431E-002
         391   9.7959183673469383E-003
         392   1.2244897959183673E-002
         393   5.7142857142857143E-003
         394   1.5918367346938776E-002
         395   3.0612244897959183E-002
         396   4.3673469387755105E-002
         397   5.0612244897959187E-002
         398   2.8571428571428571E-003
         399   4.0816326530612246E-004
         400   2.2857142857142857E-002
         401   2.8979591836734694E-002
         402   4.4489795918367346E-002
         403   4.7346938775510203E-002
         404   5.6326530612244900E-002
         405   6.1224489795918364E-003
         406   2.9795918367346939E-002
         407   1.4693877551020407E-002
         408   1.0612244897959184E-002
         409   1.6326530612244899E-003
         410   4.0816326530612242E-002
         411   5.9591836734693877E-002
         412   5.7142857142857143E-003
         413   1.7551020408163264E-002
         414   6.9387755102040816E-003
         415   1.0612244897959184E-002
         416   4.4897959183673470E-003
         417   5.7959183673469389E-002
         418   4.8571428571428571E-002
         419   1.2244897959183673E-002
         420   1.5510204081632653E-002
         421   2.0000000000000000E-002
         422   7.0612244897959184E-002
         423   5.9591836734693877E-002
         424   9.4693877551020406E-002
         425   5.7142857142857141E-002
         426   4.9795918367346939E-002
         427   2.4081632653061225E-002
         428   7.3469387755102037E-003
         429   3.2653061224489797E-003
         430   4.0408163265306121E-002
         431   6.4081632653061230E-002
         432   2.8979591836734694E-002
         433   4.4897959183673470E-003
         434   4.8979591836734691E-003
         435   2.1632653061224489E-002
         436   5.8775510204081630E-002
         437   5.5918367346938773E-002
         438   2.6530612244897958E-002
         439   6.9387755102040816E-003
         440   2.5714285714285714E-002
         441   4.6122448979591835E-002
         442   6.4081632653061230E-002
         443   3.8367346938775512E-002
         444   4.8571428571428571E-002
         445   4.7755102040816323E-002
         446   8.1632653061224497E-003
         447   1.3877551020408163E-002
         448   6.8163265306122447E-002
         449   4.0816326530612242E-002
         450   2.9795918367346939E-002
         451   2.2857142857142857E-002
         452   2.8571428571428571E-003
         453   1.7959183673469388E-002
         454   3.3469387755102040E-002
         455   2.0000000000000000E-002
         456   3.5510204081632656E-002
         457   1.8775510204081632E-002
         458   1.6734693877551020E-002
         459   2.9795918367346939E-002
         460   6.5714285714285711E-002
         461   1.8775510204081632E-002
         462   1.7551020408163264E-002
         463   1.7551020408163264E-002
         464   3.2653061224489799E-002
         465   1.9183673469387756E-002
         466   2.1224489795918369E-002
         467   1.3877551020408163E-002
         468   6.9387755102040816E-003
         469   2.4081632653061225E-002
         470   3.7551020408163265E-002
         471   2.6530612244897958E-002
         472   4.8979591836734691E-003
         473   4.4897959183673470E-003
         474   8.5714285714285719E-003
         475   7.7551020408163267E-003
         476   1.5918367346938776E-002
         477   1.7551020408163264E-002
         478   1.5510204081632653E-002
         479   1.6326530612244899E-003
         480   6.5306122448979594E-003
         481   2.3673469387755101E-002
         482   4.9795918367346939E-002
         483   5.5510204081632653E-002
         484   3.7959183673469385E-002
         485   4.9795918367346939E-002
         486   7.3469387755102047E-002
         487   8.4081632653061220E-002
         488   5.0204081632653060E-002
         489   2.0816326530612245E-002
         490   2.6122448979591838E-002
         491   4.5714285714285714E-002
         492   2.5714285714285714E-002
         493   1.1020408163265306E-002
         494   1.4693877551020407E-002
         495   1.3061224489795919E-002
         496   1.2244897959183673E-002
         497   5.8367346938775509E-002
         498   6.4897959183673470E-002
         499   1.9591836734693877E-002
         500   4.0408163265306121E-002
         501   2.6938775510204082E-002
         502   6.1632653061224486E-002
         503   2.2448979591836733E-002
         504   1.5102040816326531E-002
         505   2.0408163265306124E-003
         506   2.2448979591836733E-002
         507   2.6122448979591838E-002
         508   3.7551020408163265E-002
         509   3.6734693877551024E-002
         510   2.6122448979591838E-002
         511   1.5918367346938776E-002
         512   4.1224489795918369E-002
         513   1.8775510204081632E-002
         514   3.1836734693877551E-002
         515   6.9795918367346943E-002
         516   5.9591836734693877E-002
         517   2.7346938775510202E-002
         518   4.6530612244897962E-002
         519   1.5102040816326531E-002
         520   4.7755102040816323E-002
         521   6.7346938775510207E-002
         522   8.1224489795918370E-002
         523   8.0816326530612242E-002
         524   8.8571428571428565E-002
         525   7.4693877551020402E-002
         526   2.4081632653061225E-002
         527   2.6530612244897958E-002
         528   8.1632653061224497E-003
         529   1.3469387755102041E-002
         530   3.0612244897959183E-002
         531   5.5102040816326532E-002
         532   2.1224489795918369E-002
         533   3.3877551020408160E-002
         534   3.4285714285714287E-002
         535   2.0000000000000000E-002
         536   5.7142857142857143E-003
         537   1.9183673469387756E-002
         538   4.4897959183673470E-003
         539   2.8571428571428571E-003
         540   1.1836734693877551E-002
         541   2.5306122448979593E-002
         542   1.7959183673469388E-002
         543   1.5102040816326531E-002
         544   2.4081632653061225E-002
         545   5.3061224489795921E-003
         546   2.4489795918367346E-003
         547   6.5306122448979594E-003
         548   1.7142857142857144E-002
         549   4.5306122448979594E-002
         550   4.1224489795918369E-002
         551   3.0612244897959183E-002
         552   2.9387755102040815E-002
         553   2.3673469387755101E-002
         554   2.7755102040816326E-002
         555   4.4897959183673466E-002
         556   4.0816326530612242E-002
         557   2.2857142857142857E-002
         558   2.9387755102040815E-002
         559   4.9795918367346939E-002
         560   5.8367346938775509E-002
         561   7.7959183673469393E-002
         562   6.1224489795918366E-002
         563   6.6938775510204079E-002
         564   2.4489795918367346E-002
         565   4.8163265306122451E-002
         566   4.4489795918367346E-002
         567   2.3673469387755101E-002
         568   9.7959183673469383E-003
         569   2.5306122448979593E-002
         570   1.2653061224489797E-002
         571   8.1632653061224493E-004
         572   8.1632653061224493E-004
         573   3.3469387755102040E-002
         574   8.1632653061224493E-004
         575   5.5102040816326532E-002
         576   5.6326530612244900E-002
         577   3.5102040816326528E-002
         578   1.4285714285714285E-002
         579   3.0204081632653063E-002
         580   1.2244897959183673E-002
         581   3.6734693877551024E-002
         582   5.4285714285714284E-002
         583   8.9795918367346940E-003
         584   2.7346938775510202E-002
         585   3.8775510204081633E-002
         586   9.1020408163265301E-002
         587   8.4489795918367347E-002
         588   9.3469387755102037E-002
         589   3.9183673469387753E-002
         590   2.2857142857142857E-002
         591   8.1632653061224493E-004
         592   3.4693877551020408E-002
         593   4.0816326530612246E-004
         594   9.7959183673469383E-003
         595   2.5714285714285714E-002
         596   1.7142857142857144E-002
         597   7.7551020408163267E-003
         598   2.1224489795918369E-002
         599   1.4285714285714285E-002
         600   2.0000000000000000E-002
         601   1.8367346938775512E-002
         602   1.8367346938775512E-002
         603   1.4693877551020407E-002
         604   2.1224489795918369E-002
         605   3.9183673469387753E-002
         606   3.8775510204081633E-002
         607   9.7959183673469383E-003
         608   1.5510204081632653E-002
         609   1.2653061224489797E-002
         610   1.3469387755102041E-002
         611   6.5306122448979594E-003
         612   5.9183673469387757E-002
         613   2.5306122448979593E-002
         614   2.9795918367346939E-002
         615   4.5714285714285714E-002
         616   2.4489795918367346E-002
         617   2.8163265306122450E-002
         618   2.6530612244897958E-002
         619   5.4285714285714284E-002
         620   1.6734693877551020E-002
         621   1.5102040816326531E-002
         622   2.6122448979591838E-002
         623   7.5510204081632656E-002
         624   5.7551020408163268E-002
         625   6.1632653061224486E-002
         626   4.1224489795918369E-002
         627   3.2653061224489797E-003
         628   2.4489795918367346E-003
         629   9.3877551020408161E-003
         630   1.1020408163265306E-002
         631   2.2857142857142857E-002
         632   6.5306122448979594E-003
         633   3.7142857142857144E-002
         634   3.7551020408163265E-002
         635   4.8163265306122451E-002
         636   6.5306122448979594E-003
         637   4.2857142857142858E-002
         638   2.6530612244897958E-002
         639   1.5918367346938776E-002
         640   3.0612244897959183E-002
         641   2.6122448979591838E-002
         642   7.7551020408163267E-003
         643   1.2244897959183673E-002
         644   3.3061224489795919E-002
         645   2.0000000000000000E-002
         646   2.1224489795918369E-002
         647   5.7551020408163268E-002
         648   2.1224489795918369E-002
         649   2.4897959183673470E-002
         650   3.5918367346938776E-002
         651   3.1428571428571431E-002
         652   3.9591836734693880E-002
         653   2.4897959183673470E-002
         654   1.9183673469387756E-002
         655   7.7551020408163267E-003
         656   3.0204081632653063E-002
         657   3.8367346938775512E-002
         658   2.8571428571428571E-002
         659   2.0408163265306121E-002
         660   1.0612244897959184E-002
         661   4.0816326530612249E-003
         662   1.4285714285714285E-002
         663   1.3061224489795919E-002
         664   1.3877551020408163E-002
         665   3.3061224489795919E-002
         666   1.9591836734693877E-002
         667   3.6326530612244896E-002
         668   8.1632653061224497E-003
         669   8.1632653061224497E-003
         670   1.9591836734693877E-002
         671   8.1632653061224497E-003
         672   2.7755102040816326E-002
         673   1.5918367346938776E-002
         674   4.4897959183673466E-002
         675   6.2040816326530614E-002
         676   3.9591836734693880E-002
         677   6.4081632653061230E-002
         678   2.2448979591836733E-002
         679   3.4693877551020408E-002
         680   8.1632653061224493E-004
         681   4.2857142857142858E-002
         682   1.9591836734693877E-002
         683   1.9183673469387756E-002
         684   7.7551020408163267E-003
         685   5.7142857142857143E-003
         686   6.4081632653061230E-002
         687   2.9387755102040815E-002
         688   4.4897959183673466E-002
         689   7.7551020408163267E-003
         690   1.6326530612244899E-003
         691   2.8571428571428571E-002
         692   3.2653061224489797E-003
         693   2.8571428571428571E-002
         694   6.9387755102040816E-003
         695   1.3061224489795919E-002
         696   8.1632653061224493E-004
         697   3.5102040816326528E-002
         698   1.5510204081632653E-002
         699   9.7959183673469383E-003
         700   1.6326530612244899E-003
         701   1.2653061224489797E-002
         702   5.3469387755102044E-002
         703   3.3061224489795919E-002
         704   9.7959183673469383E-003
         705   1.4285714285714285E-002
         706   8.1632653061224493E-004
         707   1.3469387755102041E-002
         708   4.0816326530612246E-004
         709   8.5714285714285719E-003
         710   1.6326530612244899E-003
         711   2.0000000000000000E-002
         712   7.7551020408163267E-003
         713   1.3061224489795919E-002
         714   1.5510204081632653E-002
         715   1.3061224489795919E-002
         716   1.1428571428571429E-002
         717   3.7959183673469385E-002
         718   4.8979591836734691E-003
         719   4.0816326530612246E-004
         720   4.4081632653061226E-002
         721   6.4897959183673470E-002
         722   5.5918367346938773E-002
         723   1.1836734693877551E-002
         724   4.2857142857142858E-002
         725   5.1836734693877548E-002
         726   3.4285714285714287E-002
         727   8.1632653061224493E-004
         728   2.8571428571428571E-003
         729   1.7142857142857144E-002
         730   8.1632653061224497E-003
         731   2.8163265306122450E-002
         732   4.6938775510204082E-002
         733   5.7142857142857143E-003
         734   5.5102040816326532E-002
         735   1.9183673469387756E-002
         736   6.1224489795918364E-003
         737   2.8571428571428571E-002
         738   1.1836734693877551E-002
         739   4.6122448979591835E-002
         740   2.0000000000000000E-002
         741   6.9387755102040816E-003
         742   2.7346938775510202E-002
         743   2.0408163265306121E-002
         744   4.2857142857142858E-002
         745   1.1836734693877551E-002
         746   2.1224489795918369E-002
         747   2.8571428571428571E-002
         748   4.9795918367346939E-002
         749   2.1632653061224489E-002
         750   7.7551020408163267E-003
         751   1.5918367346938776E-002
         752   5.7142857142857141E-002
         753   6.6530612244897966E-002
         754   4.4489795918367346E-002
         755   5.7142857142857141E-002
         756   3.0612244897959183E-002
         757   4.4081632653061226E-002
         758   6.4081632653061230E-002
         759   4.5306122448979594E-002
         760   2.1632653061224489E-002
         761   2.6530612244897958E-002
         762   1.6326530612244899E-002
         763   5.8775510204081630E-002
         764   3.5918367346938776E-002
         765   4.1632653061224489E-002
         766   2.2040816326530613E-002
         767   2.0408163265306124E-003
         768   2.9795918367346939E-002
         769   2.8979591836734694E-002
         770   3.1020408163265307E-002
         771   1.6326530612244899E-002
         772   8.1632653061224497E-003
         773   4.4897959183673470E-003
         774   2.6938775510204082E-002
         775   6.6530612244897966E-002
         776   7.6734693877551025E-002
         777   6.2857142857142861E-002
         778   7.6734693877551025E-002
         779   9.5102040816326533E-002
         780   6.3673469387755102E-002
         781   4.1224489795918369E-002
         782   3.0204081632653063E-002
         783   2.0816326530612245E-002
         784   5.3061224489795921E-003
         785   1.6326530612244899E-002
         786   1.3061224489795919E-002
         787   2.0408163265306124E-003
         788   3.3877551020408160E-002
         789   6.5714285714285711E-002
         790   4.7755102040816323E-002
         791   1.6326530612244899E-002
         792   3.1428571428571431E-002
         793   4.4081632653061226E-002
         794   4.5714285714285714E-002
         795   2.8571428571428571E-002
         796   1.1428571428571429E-002
         797   1.8367346938775512E-002
         798   2.4897959183673470E-002
         799   1.5510204081632653E-002
         800   1.0204081632653060E-002
         801   1.4285714285714285E-002
         802   2.7346938775510202E-002
         803   1.8367346938775512E-002
         804   4.8979591836734691E-003
         805   1.2653061224489797E-002
         806   2.9795918367346939E-002
         807   4.5714285714285714E-002
         808   5.3061224489795921E-003
         809   1.8775510204081632E-002
         810   2.6530612244897958E-002
         811   6.9387755102040816E-003
         812   2.6530612244897958E-002
         813   4.7755102040816323E-002
         814   2.4897959183673470E-002
         815   5.3061224489795921E-003
         816   8.1632653061224493E-004
         817   8.9795918367346940E-003
         818   1.6326530612244899E-003
         819   1.4285714285714285E-002
         820   3.6734693877551019E-003
         821   3.2244897959183672E-002
         822   1.9591836734693877E-002
         823   3.0612244897959183E-002
         824   8.9795918367346940E-003
         825   1.4693877551020407E-002
         826   2.0816326530612245E-002
         827   5.7142857142857143E-003
         828   2.0000000000000000E-002
         829   4.5714285714285714E-002
         830   3.5102040816326528E-002
         831   3.1020408163265307E-002
         832   3.9183673469387753E-002
         833   4.0000000000000001E-002
         834   6.5306122448979594E-003
         835   3.5510204081632656E-002
         836   7.5102040816326529E-002
         837   6.8163265306122447E-002
         838   4.1632653061224489E-002
         839   3.5510204081632656E-002
         840   1.4285714285714285E-002
         841   1.6326530612244899E-003
         842   2.1632653061224489E-002
         843   1.0612244897959184E-002
         844   6.9387755102040816E-003
         845   2.0000000000000000E-002
         846   2.8571428571428571E-003
         847   1.2653061224489797E-002
         848   7.3469387755102037E-003
         849   3.0204081632653063E-002
         850   3.7959183673469385E-002
         851   4.2857142857142858E-002
         852   4.4081632653061226E-002
         853   2.3673469387755101E-002
         854   1.3877551020408163E-002
         855   8.1632653061224493E-004
         856   1.1020408163265306E-002
         857   4.4897959183673466E-002
         858   4.9795918367346939E-002
         859   2.7346938775510202E-002
         860   3.2653061224489797E-003
         861   3.4285714285714287E-002
         862   2.3265306122448981E-002
         863   2.4489795918367346E-003
         864   1.2244897959183673E-003
         865   3.3061224489795919E-002
         866   3.1836734693877551E-002
         867   2.3265306122448981E-002
         868   1.5918367346938776E-002
         869   5.4693877551020405E-002
         870   1.7142857142857144E-002
         871   1.9591836734693877E-002
         872   1.5510204081632653E-002
         873   8.9795918367346940E-003
         874   2.0000000000000000E-002
         875   2.1224489795918369E-002
         876   6.6938775510204079E-002
         877   4.6530612244897962E-002
         878   2.9387755102040815E-002
         879   4.9387755102040819E-002
         880   4.3673469387755105E-002
         881   6.3673469387755102E-002
         882   3.8367346938775512E-002
         883   1.4693877551020407E-002
         884   3.1836734693877551E-002
         885   7.7551020408163267E-003
         886   3.7959183673469385E-002
         887   1.9591836734693877E-002
         888   2.2857142857142857E-002
         889   1.6734693877551020E-002
         890   5.5918367346938773E-002
         891   2.6530612244897958E-002
         892   6.8571428571428575E-002
         893   4.6122448979591835E-002
         894   2.0408163265306121E-002
         895   3.2653061224489797E-003
         896   1.1836734693877551E-002
         897   3.2653061224489799E-002
         898   1.3061224489795919E-002
         899   2.1224489795918369E-002
         900   3.5510204081632656E-002
         901   2.3673469387755101E-002
         902   2.6122448979591838E-002
         903   9.3877551020408161E-003
         904   4.8979591836734691E-003
         905   1.9183673469387756E-002
         906   4.5306122448979594E-002
         907   6.4489795918367343E-002
         908   4.6530612244897962E-002
         909   1.9183673469387756E-002
         910   1.9183673469387756E-002
         911   1.6326530612244899E-002
         912   3.9183673469387753E-002
         913   3.0612244897959183E-002
         914   1.7142857142857144E-002
         915   4.0408163265306121E-002
         916   6.0816326530612246E-002
         917   4.0408163265306121E-002
         918   6.2448979591836734E-002
         919   2.2857142857142857E-002
         920   1.8775510204081632E-002
         921   3.1020408163265307E-002
         922   2.9387755102040815E-002
         923   7.2244897959183679E-002
         924   5.4693877551020405E-002
         925   2.4489795918367346E-002
         926   2.4489795918367346E-003
         927   1.4693877551020407E-002
         928   5.5510204081632653E-002
         929   2.8571428571428571E-002
         930   2.5714285714285714E-002
         931   2.4489795918367346E-003
         932   3.4285714285714287E-002
         933   3.2244897959183672E-002
         934   7.3469387755102037E-003
         935   1.7959183673469388E-002
         936   2.6122448979591838E-002
         937   3.1020408163265307E-002
         938   2.8163265306122450E-002
         939   4.4897959183673470E-003
         940   3.1836734693877551E-002
         941   1.3877551020408163E-002
         942   6.5306122448979594E-003
         943   0.0000000000000000     
         944   8.9795918367346940E-003
         945   3.2653061224489799E-002
         946   1.9591836734693877E-002
         947   1.3061224489795919E-002
         948   1.0612244897959184E-002
         949   1.7142857142857144E-002
         950   6.9387755102040816E-003
         951   1.7551020408163264E-002
         952   2.4489795918367346E-002
         953   3.2244897959183672E-002
         954   4.9387755102040819E-002
         955   4.7755102040816323E-002
         956   1.2244897959183673E-003
         957   3.2653061224489797E-003
         958   5.3061224489795921E-003
         959   4.8163265306122451E-002
         960   3.8775510204081633E-002
         961   5.4693877551020405E-002
         962   6.8979591836734688E-002
         963   2.7755102040816326E-002
         964   2.8571428571428571E-002
         965   1.3469387755102041E-002
         966   9.3877551020408161E-003
         967   2.7755102040816326E-002
         968   3.2244897959183672E-002
         969   1.2244897959183673E-003
         970   3.3469387755102040E-002
         971   2.6530612244897958E-002
         972   3.7142857142857144E-002
         973   1.7551020408163264E-002
         974   3.6326530612244896E-002
         975   2.8571428571428571E-003
         976   6.1224489795918364E-003
         977   1.0204081632653060E-002
         978   1.1836734693877551E-002
         979   5.0612244897959187E-002
         980   5.1020408163265307E-002
         981   3.8367346938775512E-002
         982   7.7142857142857138E-002
         983   8.9795918367346933E-002
         984  0.10081632653061225     
         985   4.5306122448979594E-002
         986   4.9795918367346939E-002
         987   8.5714285714285719E-003
         988   2.4897959183673470E-002
         989   3.2653061224489797E-003
         990   4.4081632653061226E-002
         991   8.1632653061224493E-004
         992   1.7959183673469388E-002
         993   2.0408163265306124E-003
         994   2.0408163265306121E-002
         995   1.7959183673469388E-002
         996   6.9387755102040816E-003
         997   1.8367346938775512E-002
         998   1.7551020408163264E-002
         999   4.4897959183673470E-003
        1000   4.8979591836734691E-003
        1001   1.3061224489795919E-002
        1002   4.4897959183673466E-002
        1003   4.1632653061224489E-002
        1004   1.3469387755102041E-002
        1005   1.4285714285714285E-002
        1006   2.4897959183673470E-002
        1007   0.0000000000000000     
        1008   5.1428571428571428E-002
        1009   6.7755102040816320E-002
        1010   4.5714285714285714E-002
        1011   3.5510204081632656E-002
        1012   9.9183673469387751E-002
        1013   6.1224489795918366E-002
        1014   1.2244897959183673E-002
        1015   3.4285714285714287E-002
        1016   2.7346938775510202E-002
        1017   1.5102040816326531E-002
        1018   6.1224489795918364E-003
        1019   2.8979591836734694E-002
        1020   2.2448979591836733E-002
        1021   2.3673469387755101E-002
        1022   1.9591836734693877E-002
        1023   6.4489795918367343E-002
        1024   5.0204081632653060E-002
        1025   2.5714285714285714E-002
        1026   1.2244897959183673E-003
        1027   1.4693877551020407E-002
        1028   4.8979591836734691E-002
        1029   1.6326530612244899E-002
        1030   3.3877551020408160E-002
        1031   5.9591836734693877E-002
        1032   4.9795918367346939E-002
        1033   3.2653061224489797E-003
        1034   5.8775510204081630E-002
        1035   5.3061224489795921E-003
        1036   3.3877551020408160E-002
        1037   3.5918367346938776E-002
        1038   0.0000000000000000     
        1039   2.7346938775510202E-002
        1040   4.8979591836734691E-003
        1041   4.1224489795918369E-002
        1042   5.6734693877551021E-002
        1043   3.2653061224489799E-002
        1044   2.1224489795918369E-002
        1045   1.3061224489795919E-002
        1046   2.2448979591836733E-002
        1047   2.8163265306122450E-002
        1048   2.1632653061224489E-002
        1049   5.7959183673469389E-002
        1050   1.4285714285714285E-002
        1051   1.2653061224489797E-002
        1052   3.4285714285714287E-002
        1053   2.4489795918367346E-003
        1054   2.2040816326530613E-002
        1055   1.4285714285714285E-002
        1056   1.1428571428571429E-002
        1057   2.9387755102040815E-002
        1058   4.8571428571428571E-002
        1059   4.0000000000000001E-002
        1060   2.4489795918367346E-003
        1061   2.6938775510204082E-002
        1062   4.4081632653061226E-002
        1063   4.2040816326530610E-002
        1064   7.0612244897959184E-002
        1065   6.4081632653061230E-002
        1066   6.3265306122448975E-002
        1067   5.9183673469387757E-002
        1068   3.5510204081632656E-002
        1069   2.0000000000000000E-002
        1070   1.2244897959183673E-002
        1071   4.0816326530612242E-002
        1072   7.7959183673469393E-002
        1073   1.6326530612244899E-003
        1074   2.8571428571428571E-003
        1075   8.1632653061224497E-003
        1076   2.2448979591836733E-002
        1077   6.5306122448979594E-003
        1078   4.3265306122448978E-002
        1079   4.1632653061224489E-002
        1080   5.5918367346938773E-002
        1081   2.6938775510204082E-002
        1082   4.0816326530612246E-004
        1083   6.8163265306122447E-002
        1084   3.7142857142857144E-002
        1085   2.7755102040816326E-002
        1086   1.7959183673469388E-002
        1087   1.3061224489795919E-002
        1088   7.3469387755102037E-003
        1089   6.5306122448979594E-003
        1090   8.1632653061224493E-004
        1091   3.8367346938775512E-002
        1092   1.2653061224489797E-002
        1093   2.2040816326530613E-002
        1094   8.1632653061224497E-003
        1095   1.7959183673469388E-002
        1096   4.5306122448979594E-002
        1097   5.1020408163265307E-002
        1098   4.0816326530612249E-003
        1099   7.3469387755102037E-003
        1100   3.6326530612244896E-002
        1101   1.8775510204081632E-002
        1102   2.4081632653061225E-002
        1103   8.1632653061224497E-003
        1104   2.2040816326530613E-002
        1105   4.0000000000000001E-002
        1106   3.8367346938775512E-002
        1107   3.6326530612244896E-002
        1108   8.1632653061224497E-003
        1109   2.0408163265306124E-003
        1110   5.1428571428571428E-002
        1111   4.2448979591836737E-002
        1112   4.6530612244897962E-002
        1113   5.4285714285714284E-002
        1114   4.2040816326530610E-002
        1115   3.2244897959183672E-002
        1116   1.1836734693877551E-002
        1117   1.2244897959183673E-003
        1118   1.7551020408163264E-002
        1119   8.1632653061224497E-003
        1120   2.3673469387755101E-002
        1121   4.6122448979591835E-002
        1122   2.0816326530612245E-002
        1123   1.7551020408163264E-002
        1124   9.3877551020408161E-003
        1125   6.5306122448979594E-003
        1126   4.2857142857142858E-002
        1127   1.4693877551020407E-002
        1128   3.0612244897959183E-002
        1129   5.1428571428571428E-002
        1130   3.8367346938775512E-002
        1131   5.4693877551020405E-002
        1132   3.6326530612244896E-002
        1133   5.3877551020408164E-002
        1134   1.1020408163265306E-002
        1135   1.0204081632653060E-002
        1136   3.2653061224489797E-003
        1137   6.0408163265306125E-002
        1138   5.7551020408163268E-002
        1139   6.3265306122448975E-002
        1140   3.3469387755102040E-002
        1141   3.6734693877551019E-003
        1142   1.7551020408163264E-002
        1143   1.1836734693877551E-002
        1144   3.2653061224489797E-003
        1145   1.9183673469387756E-002
        1146   7.7551020408163267E-003
        1147   3.0204081632653063E-002
        1148   2.0408163265306121E-002
        1149   3.9183673469387753E-002
        1150   5.1428571428571428E-002
        1151   1.8775510204081632E-002
        1152   7.3469387755102037E-003
        1153   3.7959183673469385E-002
        1154   4.0408163265306121E-002
        1155   7.0612244897959184E-002
        1156   3.6734693877551024E-002
        1157   1.8367346938775512E-002
        1158   2.8571428571428571E-003
        1159   1.8775510204081632E-002
        1160   1.3877551020408163E-002
        1161   1.6326530612244899E-002
        1162   2.4081632653061225E-002
        1163   6.1224489795918364E-003
        1164   1.8367346938775512E-002
        1165   2.4081632653061225E-002
        1166   1.9183673469387756E-002
        1167   6.1224489795918366E-002
        1168   3.4693877551020408E-002
        1169   4.9387755102040819E-002
        1170   4.7755102040816323E-002
        1171   3.3877551020408160E-002
        1172   9.7959183673469383E-003
        1173   3.9183673469387753E-002
        1174   4.5714285714285714E-002
        1175   8.1632653061224497E-003
        1176   1.9183673469387756E-002
        1177   1.5510204081632653E-002
        1178   4.4897959183673470E-003
        1179   1.4285714285714285E-002
        1180   3.3061224489795919E-002
        1181   4.2857142857142858E-002
        1182   1.2653061224489797E-002
        1183   3.1428571428571431E-002
        1184   4.0408163265306121E-002
        1185   7.3061224489795920E-002
        1186   5.7959183673469389E-002
        1187   2.8163265306122450E-002
        1188   3.6734693877551019E-003
        1189   3.0204081632653063E-002
        1190   3.1428571428571431E-002
        1191   1.7142857142857144E-002
        1192   6.5306122448979594E-003
        1193   2.4897959183673470E-002
        1194   3.6734693877551024E-002
        1195   2.6530612244897958E-002
        1196   5.1020408163265307E-002
        1197   9.7959183673469383E-003
        1198   3.2653061224489799E-002
        1199   2.0816326530612245E-002
        1200   4.5714285714285714E-002
        1201   2.9795918367346939E-002
        1202   1.2653061224489797E-002
        1203   1.1836734693877551E-002
        1204   8.1632653061224497E-003
        1205   1.5102040816326531E-002
        1206   3.2653061224489797E-003
        1207   8.5714285714285719E-003
        1208   2.8571428571428571E-003
        1209   2.0408163265306124E-003
        1210   2.4489795918367346E-003
        1211   5.7142857142857143E-003
        1212   2.9795918367346939E-002
        1213   2.0408163265306121E-002
        1214   2.3673469387755101E-002
        1215   1.1428571428571429E-002
        1216   1.3469387755102041E-002
        1217   2.2448979591836733E-002
        1218   2.0408163265306121E-002
        1219   9.1836734693877556E-002
        1220   7.3061224489795920E-002
        1221   3.3469387755102040E-002
        1222   4.5306122448979594E-002
        1223   4.8163265306122451E-002
        1224   4.6530612244897962E-002
        1225   3.3469387755102040E-002
        1226   4.0816326530612249E-003
        1227   6.5306122448979594E-003
        1228   2.2448979591836733E-002
        1229   5.0612244897959187E-002
        1230   7.7959183673469393E-002
        1231   8.6938775510204083E-002
        1232   5.4693877551020405E-002
        1233   5.9591836734693877E-002
        1234   2.6938775510204082E-002
        1235   1.7959183673469388E-002
        1236   0.0000000000000000     
        1237   1.0612244897959184E-002
        1238   3.4693877551020408E-002
        1239   3.1020408163265307E-002
        1240   6.3673469387755102E-002
        1241   8.7755102040816324E-002
        1242   3.5918367346938776E-002
        1243   7.7551020408163267E-003
        1244   4.2040816326530610E-002
        1245   3.5510204081632656E-002
        1246   1.9591836734693877E-002
        1247   5.8367346938775509E-002
        1248   5.5510204081632653E-002
        1249   4.9795918367346939E-002
        1250   2.0408163265306124E-003
        1251   8.1632653061224493E-004
        1252   2.8979591836734694E-002
        1253   1.5918367346938776E-002
        1254   2.1632653061224489E-002
        1255   3.3469387755102040E-002
        1256   5.1836734693877548E-002
        1257   8.9795918367346940E-003
        1258   3.6326530612244896E-002
        1259   8.1632653061224493E-004
        1260   6.1224489795918364E-003
        1261   3.5510204081632656E-002
        1262   6.3265306122448975E-002
        1263   6.2857142857142861E-002
        1264   5.0612244897959187E-002
        1265   2.5714285714285714E-002
        1266   3.5102040816326528E-002
        1267   2.0408163265306124E-003
        1268   1.5918367346938776E-002
        1269   1.5102040816326531E-002
        1270   4.0816326530612249E-003
        1271   2.4897959183673470E-002
        1272   4.4489795918367346E-002
        1273   6.8979591836734688E-002
        1274   6.5714285714285711E-002
        1275   6.2448979591836734E-002
        1276   7.8775510204081634E-002
        1277   8.7346938775510211E-002
        1278   5.5510204081632653E-002
        1279   4.9795918367346939E-002
        1280   5.1836734693877548E-002
        1281   1.9591836734693877E-002
        1282   2.9795918367346939E-002
        1283   3.0612244897959183E-002
        1284   1.5918367346938776E-002
        1285   5.3061224489795921E-003
        1286   9.7959183673469383E-003
        1287   1.3469387755102041E-002
        1288   1.4693877551020407E-002
        1289   4.0816326530612249E-003
        1290   1.8367346938775512E-002
        1291   1.6734693877551020E-002
        1292   3.2653061224489799E-002
        1293   8.1632653061224493E-004
        1294   3.9183673469387753E-002
        1295   4.4489795918367346E-002
        1296   6.3673469387755102E-002
        1297   1.7142857142857144E-002
        1298   8.5714285714285719E-003
        1299   5.1428571428571428E-002
        1300   1.6734693877551020E-002
        1301   6.3673469387755102E-002
        1302   2.6938775510204082E-002
        1303   6.6530612244897966E-002
        1304   6.8979591836734688E-002
        1305   4.8571428571428571E-002
        1306   2.6530612244897958E-002
        1307   8.9387755102040820E-002
        1308   1.7959183673469388E-002
        1309   1.0204081632653060E-002
        1310   4.2040816326530610E-002
        1311   2.4489795918367346E-002
        1312   5.3061224489795921E-003
        1313   3.5918367346938776E-002
        1314   1.5918367346938776E-002
        1315   1.3877551020408163E-002
        1316   2.0408163265306121E-002
        1317  0.11551020408163265     
        1318  0.12938775510204081     
        1319   8.6530612244897956E-002
        1320   2.6122448979591838E-002
        1321   1.1836734693877551E-002
        1322   4.8979591836734691E-003
        1323   2.0000000000000000E-002
        1324   2.0000000000000000E-002
        1325   8.1632653061224497E-003
        1326   2.8163265306122450E-002
        1327   3.0612244897959183E-002
        1328   3.3061224489795919E-002
        1329   6.9387755102040816E-003
        1330   3.5102040816326528E-002
        1331   2.4897959183673470E-002
        1332   8.5714285714285719E-003
        1333   1.2653061224489797E-002
        1334   3.2653061224489797E-003
        1335   2.9795918367346939E-002
        1336   1.6326530612244899E-002
        1337   4.0816326530612242E-002
        1338   2.0408163265306124E-003
        1339   2.0408163265306124E-003
        1340   6.3265306122448975E-002
        1341   4.3673469387755105E-002
        1342   3.7142857142857144E-002
        1343   5.2244897959183675E-002
        1344   5.5918367346938773E-002
        1345   8.8571428571428565E-002
        1346   9.7959183673469383E-002
        1347   9.5918367346938774E-002
        1348   3.8367346938775512E-002
        1349   3.1836734693877551E-002
        1350   5.7959183673469389E-002
        1351   5.1428571428571428E-002
        1352   2.4897959183673470E-002
        1353   8.8163265306122451E-002
        1354   3.1020408163265307E-002
        1355   3.7959183673469385E-002
        1356   2.4489795918367346E-003
        1357   2.0816326530612245E-002
        1358   1.2244897959183673E-003
        1359   7.3469387755102037E-003
        1360   2.9795918367346939E-002
        1361   1.2244897959183673E-003
        1362   3.9591836734693880E-002
        1363   2.3673469387755101E-002
        1364   5.9591836734693877E-002
        1365   7.4693877551020402E-002
        1366   5.7142857142857141E-002
        1367   3.1020408163265307E-002
        1368   3.9183673469387753E-002
        1369   3.6326530612244896E-002
        1370   2.0000000000000000E-002
        1371   3.3877551020408160E-002
        1372   4.0816326530612246E-004
        1373   2.9387755102040815E-002
        1374   4.0816326530612242E-002
        1375   3.0204081632653063E-002
        1376   6.1224489795918364E-003
        1377   1.2244897959183673E-003
        1378   2.5714285714285714E-002
        1379   1.3877551020408163E-002
        1380   7.7551020408163267E-003
        1381   2.0000000000000000E-002
        1382   1.5918367346938776E-002
        1383   5.8775510204081630E-002
        1384   6.7755102040816320E-002
        1385   4.3673469387755105E-002
        1386   1.2244897959183673E-002
        1387   1.6326530612244899E-003
        1388   1.2244897959183673E-002
        1389   2.8571428571428571E-003
        1390   1.7142857142857144E-002
        1391   4.8979591836734691E-003
        1392   2.8163265306122450E-002
        1393   2.1632653061224489E-002
        1394   3.7142857142857144E-002
        1395   2.6938775510204082E-002
        1396   1.4285714285714285E-002
        1397   1.4693877551020407E-002
        1398   2.6122448979591838E-002
        1399   2.1632653061224489E-002
        1400   7.3469387755102037E-003
        1401   6.9387755102040816E-003
        1402   1.3061224489795919E-002
        1403   3.1020408163265307E-002
        1404   2.6122448979591838E-002
        1405   2.1224489795918369E-002
        1406   1.4693877551020407E-002
        1407   2.4489795918367346E-003
        1408   3.3877551020408160E-002
        1409   1.2653061224489797E-002
        1410   1.6326530612244899E-003
        1411   2.0816326530612245E-002
        1412   4.4897959183673470E-003
        1413   3.6734693877551019E-003
        1414   2.8571428571428571E-003
        1415   8.5714285714285719E-003
        1416   2.8571428571428571E-003
        1417   1.1020408163265306E-002
        1418   1.4693877551020407E-002
        1419   2.2040816326530613E-002
        1420   6.1224489795918364E-003
        1421   1.2244897959183673E-003
        1422   3.9183673469387753E-002
        1423   1.5918367346938776E-002
        1424   1.2244897959183673E-003
        1425   6.5306122448979594E-003
        1426   2.7346938775510202E-002
        1427   8.6938775510204083E-002
        1428   3.7959183673469385E-002
        1429   1.7142857142857144E-002
        1430   1.7142857142857144E-002
        1431   1.2244897959183673E-003
        1432   4.8979591836734691E-003
        1433   1.4693877551020407E-002
        1434   2.0000000000000000E-002
        1435   1.0204081632653060E-002
        1436   5.3061224489795921E-003
        1437   1.6326530612244899E-003
        1438   4.0408163265306121E-002
        1439   3.9183673469387753E-002
        1440   5.3061224489795916E-002
        1441   4.8979591836734691E-003
        1442   3.0204081632653063E-002
        1443   2.1632653061224489E-002
        1444   4.0408163265306121E-002
        1445   2.8571428571428571E-002
        1446   1.1020408163265306E-002
        1447   3.2244897959183672E-002
        1448   1.5102040816326531E-002
        1449   2.6530612244897958E-002
        1450   5.9999999999999998E-002
        1451   7.5510204081632656E-002
        1452   9.7142857142857142E-002
        1453   4.8979591836734691E-002
        1454   5.3061224489795916E-002
        1455   3.9183673469387753E-002
        1456   4.4489795918367346E-002
        1457   2.3673469387755101E-002
        1458   3.8775510204081633E-002
        1459   2.9387755102040815E-002
        1460   3.1836734693877551E-002
        1461   4.0000000000000001E-002
        1462   9.3877551020408161E-003
        1463   7.7551020408163267E-003
        1464   1.6326530612244899E-003
        1465   1.1836734693877551E-002
        1466   1.2653061224489797E-002
        1467   6.9387755102040816E-003
        1468   5.4285714285714284E-002
        1469   3.0204081632653063E-002
        1470   3.4285714285714287E-002
        1471   6.9387755102040816E-003
        1472   1.0612244897959184E-002
        1473   4.4897959183673470E-003
        1474   1.1020408163265306E-002
        1475   3.7551020408163265E-002
        1476   4.0816326530612246E-004
        1477   9.3877551020408161E-003
        1478   2.8979591836734694E-002
        1479   2.0408163265306124E-003
        1480   1.7959183673469388E-002
        1481   1.5102040816326531E-002
        1482   2.0816326530612245E-002
        1483   3.1836734693877551E-002
        1484   3.6734693877551024E-002
        1485   3.3877551020408160E-002
        1486   4.2448979591836737E-002
        1487   4.2448979591836737E-002
        1488   1.7959183673469388E-002
        1489   1.6326530612244899E-002
        1490   1.3469387755102041E-002
        1491   9.7959183673469383E-003
        1492   1.8775510204081632E-002
        1493   1.2244897959183673E-002
        1494   2.1632653061224489E-002
        1495   5.1428571428571428E-002
        1496   4.6530612244897962E-002
        1497   2.8571428571428571E-003
        1498   2.2040816326530613E-002
        1499   4.2448979591836737E-002
        1500   1.7551020408163264E-002
        1501   3.0204081632653063E-002
        1502   1.9591836734693877E-002
        1503   1.3469387755102041E-002
        1504   8.1632653061224493E-004
        1505   2.4489795918367346E-002
        1506   2.4897959183673470E-002
        1507   1.5918367346938776E-002
        1508   4.1224489795918369E-002
        1509   5.7142857142857141E-002
        1510   2.4081632653061225E-002
        1511   4.3673469387755105E-002
        1512   3.6326530612244896E-002
        1513   1.9183673469387756E-002
        1514   6.5306122448979594E-003
        1515   1.8775510204081632E-002
        1516   3.3061224489795919E-002
        1517   2.5306122448979593E-002
        1518   1.5510204081632653E-002
        1519   1.5102040816326531E-002
        1520   2.4081632653061225E-002
        1521   2.7346938775510202E-002
        1522   2.6938775510204082E-002
        1523   3.2653061224489799E-002
        1524   8.6530612244897956E-002
        1525   3.5918367346938776E-002
        1526   2.6122448979591838E-002
        1527   1.3877551020408163E-002
        1528   3.2653061224489797E-003
        1529   6.5306122448979594E-003
        1530   2.0816326530612245E-002
        1531   3.3469387755102040E-002
        1532   4.8571428571428571E-002
        1533   1.2653061224489797E-002
        1534   1.9183673469387756E-002
        1535   2.3673469387755101E-002
        1536   4.8979591836734691E-003
        1537   3.2653061224489797E-003
        1538   3.0204081632653063E-002
        1539   2.8571428571428571E-003
        1540   2.1224489795918369E-002
        1541   1.6326530612244899E-002
        1542   7.7551020408163267E-003
        1543   6.5306122448979594E-003
        1544   1.5102040816326531E-002
        1545   2.8571428571428571E-002
        1546   2.5714285714285714E-002
        1547   1.6326530612244899E-002
        1548   1.7142857142857144E-002
        1549   3.6734693877551019E-003
        1550   2.0816326530612245E-002
        1551   1.4693877551020407E-002
        1552   1.7142857142857144E-002
        1553   8.9795918367346940E-003
        1554   8.1632653061224493E-004
        1555   4.3265306122448978E-002
        1556   3.7142857142857144E-002
        1557   2.8163265306122450E-002
        1558   3.4693877551020408E-002
        1559   1.2244897959183673E-002
        1560   6.5306122448979594E-003
        1561   2.5714285714285714E-002
        1562   3.0612244897959183E-002
        1563   1.5102040816326531E-002
        1564   2.5306122448979593E-002
        1565   3.8367346938775512E-002
        1566   7.3469387755102037E-003
        1567   1.4285714285714285E-002
        1568   3.4693877551020408E-002
        1569   1.8775510204081632E-002
        1570   1.6326530612244899E-002
        1571   1.4693877551020407E-002
        1572   2.4897959183673470E-002
        1573   7.7551020408163267E-003
        1574   1.9183673469387756E-002
        1575   1.4693877551020407E-002
        1576   5.3061224489795921E-003
        1577   1.7551020408163264E-002
        1578   2.0408163265306121E-002
        1579   4.8979591836734691E-002
        1580   8.1632653061224493E-004
        1581   5.1428571428571428E-002
        1582   5.2653061224489796E-002
        1583   6.2857142857142861E-002
        1584   5.8775510204081630E-002
        1585   6.6122448979591839E-002
        1586   4.4081632653061226E-002
        1587   4.7755102040816323E-002
        1588   2.1224489795918369E-002
        1589   2.4489795918367346E-003
        1590   2.4897959183673470E-002
        1591   1.6326530612244899E-003
        1592   1.1428571428571429E-002
        1593   9.7959183673469383E-003
        1594   4.8979591836734691E-003
        1595   2.3265306122448981E-002
        1596   2.4897959183673470E-002
        1597   1.7551020408163264E-002
        1598   5.3061224489795921E-003
        1599   7.7551020408163267E-003
        1600   7.7551020408163267E-003
        1601   4.0816326530612246E-004
        1602   3.4693877551020408E-002
        1603   1.9183673469387756E-002
        1604   2.4489795918367346E-002
        1605   5.5918367346938773E-002
        1606   9.7551020408163269E-002
        1607   7.9183673469387761E-002
        1608   4.6122448979591835E-002
        1609   2.0408163265306121E-002
        1610   2.2448979591836733E-002
        1611   1.7959183673469388E-002
        1612   4.9387755102040819E-002
        1613   8.3673469387755106E-002
        1614   9.9591836734693878E-002
        1615   4.0000000000000001E-002
        1616   6.6530612244897966E-002
        1617   2.8163265306122450E-002
        1618   4.4897959183673466E-002
        1619   4.1224489795918369E-002
        1620   7.3469387755102037E-003
        1621   1.0612244897959184E-002
        1622   2.1224489795918369E-002
        1623   5.3061224489795921E-003
        1624   1.1020408163265306E-002
        1625   5.0612244897959187E-002
        1626   1.8367346938775512E-002
        1627   1.1428571428571429E-002
        1628   3.0612244897959183E-002
        1629   3.9591836734693880E-002
        1630   5.7142857142857141E-002
        1631   1.2244897959183673E-002
        1632   4.5306122448979594E-002
        1633   3.6734693877551019E-003
        1634   4.8979591836734691E-003
        1635   1.2244897959183673E-002
        1636   1.2244897959183673E-003
        1637   3.2653061224489797E-003
        1638   2.8571428571428571E-003
        1639   6.9387755102040816E-003
        1640   2.1224489795918369E-002
        1641   1.6326530612244899E-003
        1642   2.2040816326530613E-002
        1643   6.9387755102040816E-003
        1644   4.2857142857142858E-002
        1645   5.1020408163265307E-002
        1646   3.4285714285714287E-002
        1647   4.2040816326530610E-002
        1648   3.4693877551020408E-002
        1649   2.4489795918367346E-002
        1650   3.1020408163265307E-002
        1651   6.1632653061224486E-002
        1652   1.4693877551020407E-002
        1653   1.2244897959183673E-002
        1654   1.5918367346938776E-002
        1655   4.8571428571428571E-002
        1656   3.9591836734693880E-002
        1657   1.5918367346938776E-002
        1658   4.7346938775510203E-002
        1659   2.2040816326530613E-002
        1660   2.6122448979591838E-002
        1661   1.1836734693877551E-002
        1662   2.2857142857142857E-002
        1663   8.5714285714285719E-003
        1664   1.0204081632653060E-002
        1665   2.6122448979591838E-002
        1666   6.1224489795918364E-003
        1667   6.9387755102040816E-003
        1668   1.7142857142857144E-002
        1669   3.4285714285714287E-002
        1670   6.1224489795918364E-003
        1671   2.8571428571428571E-002
        1672   3.1020408163265307E-002
        1673   3.3061224489795919E-002
        1674   2.8571428571428571E-003
        1675   9.3877551020408161E-003
        1676   2.4897959183673470E-002
        1677   7.7551020408163267E-003
        1678   2.6122448979591838E-002
        1679   2.2448979591836733E-002
        1680   3.9183673469387753E-002
        1681   1.7142857142857144E-002
        1682   2.4489795918367346E-002
        1683   2.7755102040816326E-002
        1684   1.2244897959183673E-003
        1685   5.2244897959183675E-002
        1686   4.4897959183673470E-003
        1687   3.6734693877551019E-003
        1688   1.1428571428571429E-002
        1689   3.2653061224489797E-003
        1690   4.0816326530612249E-003
        1691   3.4693877551020408E-002
        1692   2.6122448979591838E-002
        1693   3.2653061224489797E-003
        1694   1.9183673469387756E-002
        1695   4.8163265306122451E-002
        1696   5.7142857142857141E-002
        1697   3.2653061224489799E-002
        1698   2.0816326530612245E-002
        1699   6.1224489795918364E-003
        1700   2.5306122448979593E-002
        1701   2.4489795918367346E-003
        1702   4.8979591836734691E-003
        1703   4.0816326530612246E-004
        1704   5.3061224489795921E-003
        1705   1.3877551020408163E-002
        1706   2.4081632653061225E-002
        1707   2.0408163265306124E-003
        1708   4.8571428571428571E-002
        1709   2.2448979591836733E-002
        1710   6.6938775510204079E-002
        1711   5.3469387755102044E-002
        1712   4.9795918367346939E-002
        1713   1.6734693877551020E-002
        1714   1.1428571428571429E-002
        1715   3.8775510204081633E-002
        1716   2.8571428571428571E-002
        1717   3.3469387755102040E-002
        1718   4.0816326530612246E-004
        1719   1.7142857142857144E-002
        1720   4.0816326530612249E-003
        1721   1.7142857142857144E-002
        1722   1.7142857142857144E-002
        1723   4.4897959183673470E-003
        1724   1.3877551020408163E-002
        1725   4.6122448979591835E-002
        1726   2.1224489795918369E-002
        1727   1.5102040816326531E-002
        1728   4.4897959183673470E-003
        1729   1.5510204081632653E-002
        1730   4.6938775510204082E-002
        1731   2.2857142857142857E-002
        1732   6.1224489795918364E-003
        1733   4.9387755102040819E-002
        1734   5.7142857142857143E-003
        1735   2.0408163265306124E-003
        1736   4.7346938775510203E-002
        1737   2.0816326530612245E-002
        1738   8.1632653061224497E-003
        1739   6.9387755102040816E-003
        1740   8.1632653061224493E-004
        1741   1.3877551020408163E-002
        1742   5.8367346938775509E-002
        1743   2.8571428571428571E-002
        1744   3.1836734693877551E-002
        1745   1.8775510204081632E-002
        1746   5.3061224489795921E-003
        1747   3.8775510204081633E-002
        1748   3.6734693877551019E-003
        1749   2.1632653061224489E-002
        1750   2.6530612244897958E-002
        1751   1.2244897959183673E-002
        1752   4.0816326530612242E-002
        1753   5.9183673469387757E-002
        1754   8.1632653061224493E-004
        1755   1.9591836734693877E-002
        1756   2.9387755102040815E-002
        1757   1.7959183673469388E-002
        1758   4.0816326530612249E-003
        1759   2.9795918367346939E-002
        1760   2.5306122448979593E-002
        1761   3.4693877551020408E-002
        1762   4.0816326530612242E-002
        1763   3.6734693877551024E-002
        1764   5.1020408163265307E-002
        1765   8.8163265306122451E-002
        1766   9.3877551020408161E-003
        1767   8.9795918367346940E-003
        1768   6.4489795918367343E-002
        1769   3.8775510204081633E-002
        1770   6.1224489795918364E-003
        1771   1.2244897959183673E-002
        1772   9.3877551020408161E-003
        1773   1.1020408163265306E-002
        1774   1.6326530612244899E-003
        1775   7.7551020408163267E-003
        1776   2.0000000000000000E-002
        1777   4.3673469387755105E-002
        1778  0.12081632653061225     
        1779   7.5510204081632656E-002
        1780   5.5102040816326532E-002
        1781   5.4693877551020405E-002
        1782   3.6326530612244896E-002
        1783   7.3469387755102037E-003
        1784   1.1836734693877551E-002
        1785   1.6326530612244899E-003
        1786   1.1020408163265306E-002
        1787   1.7142857142857144E-002
        1788   1.2244897959183673E-003
        1789   2.8571428571428571E-003
        1790   3.6734693877551019E-003
        1791   1.2244897959183673E-003
        1792   6.1224489795918364E-003
        1793   4.5714285714285714E-002
        1794   2.2857142857142857E-002
        1795   8.5714285714285719E-003
        1796   4.0816326530612249E-003
        1797   1.9591836734693877E-002
        1798   1.3469387755102041E-002
        1799   3.1020408163265307E-002
        1800   2.0408163265306124E-003
        1801   4.2040816326530610E-002
        1802   2.8571428571428571E-003
        1803   1.0612244897959184E-002
        1804   1.2244897959183673E-002
        1805   2.0408163265306124E-003
        1806   8.5714285714285719E-003
        1807   2.1224489795918369E-002
        1808   2.0816326530612245E-002
        1809   6.5306122448979594E-003
        1810   1.2244897959183673E-003
        1811   1.8775510204081632E-002
        1812   5.3061224489795921E-003
        1813   2.6122448979591838E-002
        1814   2.0000000000000000E-002
        1815   1.4693877551020407E-002
        1816   3.5102040816326528E-002
        1817   5.3469387755102044E-002
        1818   3.4285714285714287E-002
        1819   4.0408163265306121E-002
        1820   5.3469387755102044E-002
        1821   5.5510204081632653E-002
        1822   5.5510204081632653E-002
        1823   4.4489795918367346E-002
        1824   3.0612244897959183E-002
        1825   1.6326530612244899E-003
        1826   4.0000000000000001E-002
        1827   4.9387755102040819E-002
        1828   6.2448979591836734E-002
        1829  0.10448979591836735     
        1830   4.9387755102040819E-002
        1831   6.6122448979591839E-002
        1832   1.4693877551020407E-002
        1833   4.2857142857142858E-002
        1834   2.5306122448979593E-002
        1835   3.6734693877551019E-003
        1836   3.5918367346938776E-002
        1837   7.0612244897959184E-002
        1838   2.1632653061224489E-002
        1839   1.5918367346938776E-002
        1840   2.0408163265306124E-003
        1841   4.4081632653061226E-002
        1842   3.7142857142857144E-002
        1843   1.7142857142857144E-002
        1844   6.9387755102040816E-003
        1845   2.0816326530612245E-002
        1846   2.2040816326530613E-002
        1847   3.6734693877551019E-003
        1848   1.6326530612244899E-002
        1849   2.0000000000000000E-002
        1850   2.4897959183673470E-002
        1851   4.8571428571428571E-002
        1852   3.4285714285714287E-002
        1853   6.1224489795918364E-003
        1854   6.5306122448979594E-003
        1855   2.7346938775510202E-002
        1856   4.1224489795918369E-002
        1857   1.5102040816326531E-002
        1858   2.0816326530612245E-002
        1859   3.0612244897959183E-002
        1860   1.3061224489795919E-002
        1861   4.4897959183673470E-003
        1862   8.9795918367346940E-003
        1863   8.5714285714285719E-003
        1864   5.1020408163265307E-002
        1865   2.8979591836734694E-002
        1866   1.7959183673469388E-002
        1867   5.2653061224489796E-002
        1868   1.3877551020408163E-002
        1869   2.0816326530612245E-002
        1870   2.1632653061224489E-002
        1871   2.0408163265306121E-002
        1872   4.0816326530612249E-003
        1873   1.6326530612244899E-003
        1874   6.9387755102040816E-003
        1875   3.6734693877551024E-002
        1876   4.7346938775510203E-002
        1877   3.2653061224489797E-003
        1878   4.0816326530612249E-003
        1879   1.6734693877551020E-002
        1880   3.0612244897959183E-002
        1881   9.1020408163265301E-002
        1882   2.9795918367346939E-002
        1883   7.7551020408163267E-003
        1884   1.2653061224489797E-002
        1885   8.9795918367346940E-003
        1886   9.3877551020408161E-003
        1887   4.4897959183673466E-002
        1888   4.9387755102040819E-002
        1889   1.6734693877551020E-002
        1890   2.3673469387755101E-002
        1891   3.6734693877551019E-003
        1892   1.3061224489795919E-002
        1893   3.2653061224489797E-003
        1894   2.1224489795918369E-002
        1895   3.1836734693877551E-002
        1896   2.0000000000000000E-002
        1897   2.0000000000000000E-002
        1898   9.3877551020408161E-003
        1899   3.2653061224489797E-003
        1900   2.4489795918367346E-003
        1901   2.0816326530612245E-002
        1902   3.1020408163265307E-002
        1903   1.2244897959183673E-003
        1904   2.4489795918367346E-003
        1905   3.0204081632653063E-002
        1906   4.1632653061224489E-002
        1907   3.1020408163265307E-002
        1908   3.2653061224489797E-003
        1909   6.5306122448979594E-003
        1910   1.4285714285714285E-002
        1911   3.3469387755102040E-002
        1912   5.4693877551020405E-002
        1913   3.8775510204081633E-002
        1914   2.4489795918367346E-003
        1915   1.3061224489795919E-002
        1916   3.0204081632653063E-002
        1917   4.0000000000000001E-002
        1918   1.0204081632653060E-002
        1919   1.1836734693877551E-002
        1920   5.7142857142857141E-002
        1921   6.8979591836734688E-002
        1922   9.9591836734693878E-002
        1923   8.8163265306122451E-002
        1924   6.2857142857142861E-002
        1925   1.7142857142857144E-002
        1926   1.1020408163265306E-002
        1927   3.0612244897959183E-002
        1928   1.9591836734693877E-002
        1929   2.5714285714285714E-002
        1930   3.4285714285714287E-002
        1931   2.1224489795918369E-002
        1932   1.8367346938775512E-002
        1933   2.8163265306122450E-002
        1934   1.0612244897959184E-002
        1935   3.6326530612244896E-002
        1936   9.3877551020408161E-003
        1937   2.0000000000000000E-002
        1938   3.7551020408163265E-002
        1939   4.2857142857142858E-002
        1940   1.9183673469387756E-002
        1941   1.5510204081632653E-002
        1942   4.4897959183673470E-003
        1943   1.1836734693877551E-002
        1944   3.5918367346938776E-002
        1945   3.5510204081632656E-002
        1946   1.6326530612244899E-002
        1947   1.7142857142857144E-002
        1948   3.1428571428571431E-002
        1949   1.0612244897959184E-002
        1950   5.7142857142857143E-003
        1951   3.3877551020408160E-002
        1952   4.1224489795918369E-002
        1953   3.8775510204081633E-002
        1954   3.5510204081632656E-002
        1955   2.3265306122448981E-002
        1956   2.4489795918367346E-003
        1957   8.1632653061224497E-003
        1958   2.1224489795918369E-002
        1959   5.1428571428571428E-002
        1960   9.4285714285714292E-002
        1961   7.6734693877551025E-002
        1962   8.9387755102040820E-002
        1963   6.2857142857142861E-002
        1964   4.0816326530612242E-002
        1965   2.4489795918367346E-003
        1966   3.6734693877551019E-003
        1967   2.5306122448979593E-002
        1968   5.7142857142857143E-003
        1969   1.9183673469387756E-002
        1970   1.3877551020408163E-002
        1971   8.1632653061224497E-003
        1972   3.3877551020408160E-002
        1973   1.5102040816326531E-002
        1974   4.3265306122448978E-002
        1975   4.0816326530612242E-002
        1976   3.2244897959183672E-002
        1977   2.0408163265306121E-002
        1978   3.1836734693877551E-002
        1979   1.9591836734693877E-002
        1980   1.6734693877551020E-002
        1981   4.3673469387755105E-002
        1982   6.4489795918367343E-002
        1983   5.3877551020408164E-002
        1984   1.1428571428571429E-002
        1985   1.3877551020408163E-002
        1986   2.0816326530612245E-002
        1987   7.7551020408163267E-003
        1988   2.0408163265306124E-003
        1989   2.4489795918367346E-003
        1990   3.2653061224489799E-002
        1991   3.6734693877551024E-002
        1992   3.3877551020408160E-002
        1993   5.3877551020408164E-002
        1994   1.1428571428571429E-002
        1995   8.5714285714285719E-003
        1996   3.6734693877551019E-003
        1997   4.8979591836734691E-003
        1998   4.8979591836734691E-003
        1999   1.7142857142857144E-002
        2000   3.3061224489795919E-002
