           1   9.3877551020408161E-003
           2   7.7551020408163267E-003
           3   5.7142857142857143E-003
           4   5.7142857142857143E-003
           5   6.5306122448979594E-003
           6   7.3469387755102037E-003
           7   1.3061224489795919E-002
           8   3.6734693877551019E-003
           9   4.4897959183673470E-003
          10   8.9795918367346940E-003
          11   8.1632653061224497E-003
          12   1.3061224489795919E-002
          13   1.2653061224489797E-002
          14   1.1836734693877551E-002
          15   4.4897959183673470E-003
          16   1.6326530612244899E-003
          17   9.3877551020408161E-003
          18   8.5714285714285719E-003
          19   1.6326530612244899E-002
          20   1.4693877551020407E-002
          21   1.3877551020408163E-002
          22   8.1632653061224493E-004
          23   8.5714285714285719E-003
          24   2.9387755102040815E-002
          25   4.0816326530612249E-003
          26   8.1632653061224493E-004
          27   2.4489795918367346E-003
          28   6.1224489795918364E-003
          29   5.3061224489795921E-003
          30   6.5306122448979594E-003
          31   1.1428571428571429E-002
          32   1.5102040816326531E-002
          33   1.2244897959183673E-003
          34   1.7959183673469388E-002
          35   7.7551020408163267E-003
          36   5.7142857142857143E-003
          37   2.0408163265306124E-003
          38   4.4897959183673470E-003
          39   5.3061224489795921E-003
          40   6.9387755102040816E-003
          41   1.7551020408163264E-002
          42   1.2653061224489797E-002
          43   4.0816326530612246E-004
          44   5.7142857142857143E-003
          45   9.3877551020408161E-003
          46   2.0408163265306124E-003
          47   7.3469387755102037E-003
          48   1.2244897959183673E-003
          49   1.2244897959183673E-003
          50   9.3877551020408161E-003
          51   4.8979591836734691E-003
          52   3.3061224489795919E-002
          53   1.7142857142857144E-002
          54   1.2653061224489797E-002
          55   2.5714285714285714E-002
          56   2.3265306122448981E-002
          57   3.0612244897959183E-002
          58   2.4489795918367346E-002
          59   4.3265306122448978E-002
          60   4.2857142857142858E-002
          61   3.2653061224489799E-002
          62   3.9183673469387753E-002
          63   4.8571428571428571E-002
          64   5.4693877551020405E-002
          65   5.9591836734693877E-002
          66   3.1428571428571431E-002
          67   4.4897959183673466E-002
          68   5.4693877551020405E-002
          69   4.5306122448979594E-002
          70   6.6122448979591839E-002
          71   6.4489795918367343E-002
          72   6.0816326530612246E-002
          73   4.6530612244897962E-002
          74   5.6326530612244900E-002
          75   7.7551020408163265E-002
          76   7.1428571428571425E-002
          77   5.5102040816326532E-002
          78   3.3877551020408160E-002
          79   4.3673469387755105E-002
          80   4.2040816326530610E-002
          81   2.3265306122448981E-002
          82   3.2244897959183672E-002
          83   3.0204081632653063E-002
          84   3.9183673469387753E-002
          85   1.0204081632653060E-002
          86   3.6734693877551024E-002
          87   4.2857142857142858E-002
          88   2.5714285714285714E-002
          89   6.1224489795918364E-003
          90   4.0816326530612246E-004
          91   1.2244897959183673E-003
          92   4.8979591836734691E-003
          93   1.5510204081632653E-002
          94   3.0204081632653063E-002
          95   3.8367346938775512E-002
          96   3.5102040816326528E-002
          97   3.4693877551020408E-002
          98   2.4489795918367346E-002
          99   3.0204081632653063E-002
         100   4.0408163265306121E-002
         101   3.5918367346938776E-002
         102   2.2857142857142857E-002
         103   1.3877551020408163E-002
         104   1.8775510204081632E-002
         105   9.7959183673469383E-003
         106   1.6326530612244899E-003
         107   1.7142857142857144E-002
         108   1.3877551020408163E-002
         109   1.4693877551020407E-002
         110   2.4897959183673470E-002
         111   4.2040816326530610E-002
         112   3.5102040816326528E-002
         113   4.2448979591836737E-002
         114   5.9183673469387757E-002
         115   5.5510204081632653E-002
         116   3.5102040816326528E-002
         117   1.7142857142857144E-002
         118   1.5510204081632653E-002
         119   2.3673469387755101E-002
         120   2.7346938775510202E-002
         121   3.5510204081632656E-002
         122   3.7959183673469385E-002
         123   1.3061224489795919E-002
         124   8.1632653061224493E-004
         125   2.3265306122448981E-002
         126   2.0816326530612245E-002
         127   2.7755102040816326E-002
         128   3.4693877551020408E-002
         129   3.0204081632653063E-002
         130   2.3673469387755101E-002
         131   1.8775510204081632E-002
         132   4.0816326530612249E-003
         133   3.0204081632653063E-002
         134   3.7551020408163265E-002
         135   3.3061224489795919E-002
         136   2.4489795918367346E-002
         137   2.7346938775510202E-002
         138   3.8367346938775512E-002
         139   3.0204081632653063E-002
         140   4.5714285714285714E-002
         141   5.4693877551020405E-002
         142   2.5306122448979593E-002
         143   2.9387755102040815E-002
         144   3.4285714285714287E-002
         145   2.9387755102040815E-002
         146   1.8775510204081632E-002
         147   2.0816326530612245E-002
         148   1.9183673469387756E-002
         149   1.7959183673469388E-002
         150   1.6326530612244899E-003
         151   1.6326530612244899E-002
         152   2.4081632653061225E-002
         153   3.6734693877551024E-002
         154   2.6530612244897958E-002
         155   3.2244897959183672E-002
         156   3.2244897959183672E-002
         157   1.7142857142857144E-002
         158   8.1632653061224493E-004
         159   1.1836734693877551E-002
         160   1.2653061224489797E-002
         161   1.1836734693877551E-002
         162   1.5102040816326531E-002
         163   1.5510204081632653E-002
         164   1.5918367346938776E-002
         165   8.1632653061224497E-003
         166   3.2653061224489797E-003
         167   7.7551020408163267E-003
         168   2.0408163265306124E-003
         169   8.1632653061224493E-004
         170   5.3061224489795921E-003
         171   1.2244897959183673E-002
         172   2.3673469387755101E-002
         173   4.4897959183673466E-002
         174   5.5510204081632653E-002
         175   4.4081632653061226E-002
         176   5.1020408163265307E-002
         177   4.0816326530612242E-002
         178   4.2448979591836737E-002
         179   3.1020408163265307E-002
         180   4.1224489795918369E-002
         181   4.4081632653061226E-002
         182   2.9795918367346939E-002
         183   4.4897959183673470E-003
         184   1.9183673469387756E-002
         185   1.6326530612244899E-002
         186   3.3469387755102040E-002
         187   2.8163265306122450E-002
         188   4.0816326530612246E-004
         189   2.8571428571428571E-003
         190   0.0000000000000000     
         191   5.7142857142857143E-003
         192   1.5918367346938776E-002
         193   2.0408163265306124E-003
         194   2.0408163265306124E-003
         195   1.1020408163265306E-002
         196   1.6326530612244899E-003
         197   1.3061224489795919E-002
         198   6.9387755102040816E-003
         199   4.0816326530612249E-003
         200   1.3469387755102041E-002
         201   8.9795918367346940E-003
         202   1.5510204081632653E-002
         203   1.9183673469387756E-002
         204   1.0204081632653060E-002
         205   2.0408163265306124E-003
         206   8.9795918367346940E-003
         207   9.3877551020408161E-003
         208   6.5306122448979594E-003
         209   2.8571428571428571E-003
         210   1.2244897959183673E-002
         211   1.3469387755102041E-002
         212   8.5714285714285719E-003
         213   1.3061224489795919E-002
         214   1.0204081632653060E-002
         215   1.1836734693877551E-002
         216   3.6734693877551019E-003
         217   8.5714285714285719E-003
         218   3.6734693877551019E-003
         219   1.9183673469387756E-002
         220   1.5510204081632653E-002
         221   2.8571428571428571E-002
         222   3.4693877551020408E-002
         223   3.0612244897959183E-002
         224   3.7142857142857144E-002
         225   3.4285714285714287E-002
         226   3.4285714285714287E-002
         227   3.3469387755102040E-002
         228   6.0408163265306125E-002
         229   3.1836734693877551E-002
         230   3.6734693877551024E-002
         231   1.9591836734693877E-002
         232   2.0000000000000000E-002
         233   1.2244897959183673E-002
         234   1.1428571428571429E-002
         235   5.3061224489795921E-003
         236   1.3061224489795919E-002
         237   3.2653061224489797E-003
         238   3.2244897959183672E-002
         239   4.1632653061224489E-002
         240   2.9795918367346939E-002
         241   5.7142857142857141E-002
         242   3.4285714285714287E-002
         243   1.6326530612244899E-002
         244   2.4897959183673470E-002
         245   4.2448979591836737E-002
         246   3.1428571428571431E-002
         247   3.7142857142857144E-002
         248   3.5102040816326528E-002
         249   3.9183673469387753E-002
         250   3.5918367346938776E-002
         251   2.3673469387755101E-002
         252   1.4693877551020407E-002
         253   7.3469387755102037E-003
         254   6.1224489795918364E-003
         255   3.1428571428571431E-002
         256   3.1020408163265307E-002
         257   1.4285714285714285E-002
         258   1.2244897959183673E-002
         259   1.2244897959183673E-002
         260   2.4489795918367346E-003
         261   3.2653061224489797E-003
         262   1.0612244897959184E-002
         263   7.7551020408163267E-003
         264   8.1632653061224497E-003
         265   4.0816326530612246E-004
         266   4.0816326530612249E-003
         267   5.3061224489795921E-003
         268   7.3469387755102037E-003
         269   1.1020408163265306E-002
         270   6.9387755102040816E-003
         271   6.1224489795918364E-003
         272   1.3061224489795919E-002
         273   1.0612244897959184E-002
         274   3.4285714285714287E-002
         275   3.8367346938775512E-002
         276   2.0816326530612245E-002
         277   3.4693877551020408E-002
         278   1.8367346938775512E-002
         279   3.1020408163265307E-002
         280   3.3061224489795919E-002
         281   6.9387755102040816E-003
         282   6.1224489795918364E-003
         283   2.1632653061224489E-002
         284   8.1632653061224497E-003
         285   3.6734693877551019E-003
         286   3.2653061224489797E-003
         287   1.1836734693877551E-002
         288   1.5918367346938776E-002
         289   3.7959183673469385E-002
         290   2.2448979591836733E-002
         291   3.7551020408163265E-002
         292   4.4081632653061226E-002
         293   3.4693877551020408E-002
         294   3.3061224489795919E-002
         295   3.7959183673469385E-002
         296   3.5102040816326528E-002
         297   2.8163265306122450E-002
         298   7.3469387755102037E-003
         299   3.6734693877551019E-003
         300   8.9795918367346940E-003
         301   1.4285714285714285E-002
         302   1.2244897959183673E-002
         303   2.2857142857142857E-002
         304   1.3877551020408163E-002
         305   1.3877551020408163E-002
         306   8.1632653061224493E-004
         307   7.7551020408163267E-003
         308   1.7959183673469388E-002
         309   1.1836734693877551E-002
         310   1.2244897959183673E-002
         311   1.4285714285714285E-002
         312   1.1428571428571429E-002
         313   2.8571428571428571E-002
         314   2.7346938775510202E-002
         315   4.5306122448979594E-002
         316   3.1428571428571431E-002
         317   2.2040816326530613E-002
         318   2.1224489795918369E-002
         319   3.0612244897959183E-002
         320   1.2244897959183673E-002
         321   3.3877551020408160E-002
         322   3.8367346938775512E-002
         323   2.2857142857142857E-002
         324   2.9387755102040815E-002
         325   3.0612244897959183E-002
         326   3.0612244897959183E-002
         327   3.0204081632653063E-002
         328   4.4081632653061226E-002
         329   3.7551020408163265E-002
         330   7.7551020408163267E-003
         331   5.7142857142857143E-003
         332   8.1632653061224493E-004
         333   8.5714285714285719E-003
         334   1.0612244897959184E-002
         335   1.8775510204081632E-002
         336   2.2040816326530613E-002
         337   2.1632653061224489E-002
         338   6.1224489795918364E-003
         339   8.5714285714285719E-003
         340   1.5102040816326531E-002
         341   8.1632653061224493E-004
         342   1.2653061224489797E-002
         343   8.5714285714285719E-003
         344   9.7959183673469383E-003
         345   2.4489795918367346E-003
         346   1.0204081632653060E-002
         347   1.4285714285714285E-002
         348   9.7959183673469383E-003
         349   7.3469387755102037E-003
         350   8.1632653061224497E-003
         351   1.0204081632653060E-002
         352   3.2653061224489797E-003
         353   2.4489795918367346E-003
         354   1.2244897959183673E-002
         355   2.1632653061224489E-002
         356   2.2040816326530613E-002
         357   1.0612244897959184E-002
         358   6.5306122448979594E-003
         359   4.8979591836734691E-003
         360   2.2448979591836733E-002
         361   4.0816326530612249E-003
         362   1.0204081632653060E-002
         363   1.3061224489795919E-002
         364   1.2244897959183673E-002
         365   2.5306122448979593E-002
         366   4.7346938775510203E-002
         367   3.1836734693877551E-002
         368   1.9591836734693877E-002
         369   3.1836734693877551E-002
         370   1.3469387755102041E-002
         371   2.3265306122448981E-002
         372   2.8979591836734694E-002
         373   3.0204081632653063E-002
         374   1.5510204081632653E-002
         375   2.8571428571428571E-002
         376   2.0816326530612245E-002
         377   2.2040816326530613E-002
         378   1.1836734693877551E-002
         379   1.8367346938775512E-002
         380   3.0204081632653063E-002
         381   3.5102040816326528E-002
         382   3.5510204081632656E-002
         383   2.5306122448979593E-002
         384   2.4489795918367346E-002
         385   7.3469387755102037E-003
         386   2.2040816326530613E-002
         387   3.2653061224489799E-002
         388   2.5714285714285714E-002
         389   1.8775510204081632E-002
         390   8.1632653061224497E-003
         391   3.2653061224489797E-003
         392   3.7959183673469385E-002
         393   3.5918367346938776E-002
         394   4.0000000000000001E-002
         395   5.7142857142857143E-003
         396   2.6122448979591838E-002
         397   2.4489795918367346E-003
         398   4.0816326530612246E-004
         399   7.7551020408163267E-003
         400   1.5102040816326531E-002
         401   9.7959183673469383E-003
         402   5.7142857142857143E-003
         403   6.5306122448979594E-003
         404   1.1836734693877551E-002
         405   1.2653061224489797E-002
         406   4.0816326530612246E-004
         407   1.9183673469387756E-002
         408   1.1020408163265306E-002
         409   2.5714285714285714E-002
         410   1.7142857142857144E-002
         411   2.4081632653061225E-002
         412   8.1632653061224493E-004
         413   1.0612244897959184E-002
         414   1.4285714285714285E-002
         415   1.0204081632653060E-002
         416   1.3061224489795919E-002
         417   2.3673469387755101E-002
         418   5.3061224489795921E-003
         419   1.7142857142857144E-002
         420   4.4489795918367346E-002
         421   4.1224489795918369E-002
         422   3.2244897959183672E-002
         423   4.6938775510204082E-002
         424   6.5714285714285711E-002
         425   5.9591836734693877E-002
         426   6.8571428571428575E-002
         427   6.6530612244897966E-002
         428   4.7755102040816323E-002
         429   3.7959183673469385E-002
         430   7.3469387755102037E-003
         431   3.2653061224489797E-003
         432   1.0204081632653060E-002
         433   2.3265306122448981E-002
         434   7.3469387755102037E-003
         435   4.8979591836734691E-003
         436   1.3061224489795919E-002
         437   1.3877551020408163E-002
         438   1.2244897959183673E-003
         439   4.4897959183673470E-003
         440   1.3469387755102041E-002
         441   1.8775510204081632E-002
         442   9.3877551020408161E-003
         443   2.8571428571428571E-003
         444   8.1632653061224493E-004
         445   2.8571428571428571E-003
         446   2.2040816326530613E-002
         447   2.3265306122448981E-002
         448   3.1428571428571431E-002
         449   2.1632653061224489E-002
         450   4.4489795918367346E-002
         451   3.1020408163265307E-002
         452   2.4897959183673470E-002
         453   1.1428571428571429E-002
         454   1.2244897959183673E-002
         455   1.6326530612244899E-002
         456   9.7959183673469383E-003
         457   1.1428571428571429E-002
         458   1.9183673469387756E-002
         459   4.2857142857142858E-002
         460   3.5510204081632656E-002
         461   1.3877551020408163E-002
         462   1.2244897959183673E-003
         463   3.0612244897959183E-002
         464   2.2040816326530613E-002
         465   1.9183673469387756E-002
         466   3.6734693877551019E-003
         467   7.3469387755102037E-003
         468   3.6734693877551019E-003
         469   7.3469387755102037E-003
         470   3.6734693877551019E-003
         471   6.9387755102040816E-003
         472   1.5510204081632653E-002
         473   2.4489795918367346E-003
         474   0.0000000000000000     
         475   4.4897959183673470E-003
         476   1.2244897959183673E-003
         477   3.6734693877551019E-003
         478   2.3265306122448981E-002
         479   2.2040816326530613E-002
         480   5.3061224489795921E-003
         481   2.6530612244897958E-002
         482   3.3877551020408160E-002
         483   2.8163265306122450E-002
         484   2.8979591836734694E-002
         485   2.4897959183673470E-002
         486   2.6530612244897958E-002
         487   2.9795918367346939E-002
         488   8.5714285714285719E-003
         489   6.9387755102040816E-003
         490   7.3469387755102037E-003
         491   1.1836734693877551E-002
         492   1.3469387755102041E-002
         493   2.7755102040816326E-002
         494   1.1428571428571429E-002
         495   1.6734693877551020E-002
         496   1.3877551020408163E-002
         497   2.4489795918367346E-003
         498   0.0000000000000000     
         499   2.2448979591836733E-002
         500   8.5714285714285719E-003
         501   8.9795918367346940E-003
         502   3.1020408163265307E-002
         503   1.8367346938775512E-002
         504   4.0816326530612249E-003
         505   1.3469387755102041E-002
         506   0.0000000000000000     
         507   1.2653061224489797E-002
         508   2.2448979591836733E-002
         509   1.8775510204081632E-002
         510   1.5510204081632653E-002
         511   6.5306122448979594E-003
         512   9.3877551020408161E-003
         513   1.0204081632653060E-002
         514   5.7142857142857143E-003
         515   3.2653061224489797E-003
         516   1.1428571428571429E-002
         517   3.2653061224489797E-003
         518   4.0816326530612246E-004
         519   1.7142857142857144E-002
         520   1.7551020408163264E-002
         521   1.7142857142857144E-002
         522   3.7142857142857144E-002
         523   4.4081632653061226E-002
         524   4.3265306122448978E-002
         525   2.7346938775510202E-002
         526   3.8775510204081633E-002
         527   1.3877551020408163E-002
         528   2.0408163265306121E-002
         529   5.3061224489795921E-003
         530   4.4897959183673470E-003
         531   2.7755102040816326E-002
         532   4.7755102040816323E-002
         533   6.8163265306122447E-002
         534   6.1224489795918366E-002
         535   5.5510204081632653E-002
         536   5.0204081632653060E-002
         537   3.4693877551020408E-002
         538   3.5510204081632656E-002
         539   2.3673469387755101E-002
         540   2.1224489795918369E-002
         541   2.9795918367346939E-002
         542   2.6938775510204082E-002
         543   2.4897959183673470E-002
         544   1.3877551020408163E-002
         545   6.9387755102040816E-003
         546   1.6326530612244899E-003
         547   2.1632653061224489E-002
         548   4.4897959183673470E-003
         549   3.2653061224489797E-003
         550   1.1020408163265306E-002
         551   1.4693877551020407E-002
         552   1.4693877551020407E-002
         553   1.1020408163265306E-002
         554   5.3061224489795921E-003
         555   1.0612244897959184E-002
         556   5.3061224489795921E-003
         557   1.0612244897959184E-002
         558   2.8979591836734694E-002
         559   3.3877551020408160E-002
         560   9.7959183673469383E-003
         561   8.1632653061224493E-004
         562   1.2244897959183673E-003
         563   2.0000000000000000E-002
         564   4.0816326530612249E-003
         565   1.0204081632653060E-002
         566   1.4693877551020407E-002
         567   7.3469387755102037E-003
         568   6.5306122448979594E-003
         569   2.8571428571428571E-003
         570   1.4285714285714285E-002
         571   6.9387755102040816E-003
         572   1.6326530612244899E-003
         573   1.5102040816326531E-002
         574   2.0816326530612245E-002
         575   3.2244897959183672E-002
         576   2.6938775510204082E-002
         577   9.7959183673469383E-003
         578   1.0612244897959184E-002
         579   2.1224489795918369E-002
         580   1.7551020408163264E-002
         581   2.4081632653061225E-002
         582   1.4693877551020407E-002
         583   2.2040816326530613E-002
         584   3.7142857142857144E-002
         585   2.2040816326530613E-002
         586   1.1020408163265306E-002
         587   1.8775510204081632E-002
         588   2.4897959183673470E-002
         589   8.5714285714285719E-003
         590   2.0408163265306124E-003
         591   6.5306122448979594E-003
         592   5.7142857142857143E-003
         593   5.7142857142857143E-003
         594   8.1632653061224497E-003
         595   6.5306122448979594E-003
         596   2.0816326530612245E-002
         597   1.0612244897959184E-002
         598   2.8571428571428571E-003
         599   1.6326530612244899E-002
         600   8.9795918367346940E-003
         601   2.0000000000000000E-002
         602   1.8775510204081632E-002
         603   1.8367346938775512E-002
         604   1.4285714285714285E-002
         605   2.6122448979591838E-002
         606   1.9183673469387756E-002
         607   1.5918367346938776E-002
         608   1.3469387755102041E-002
         609   3.1020408163265307E-002
         610   3.6734693877551024E-002
         611   1.2653061224489797E-002
         612   2.2448979591836733E-002
         613   1.1836734693877551E-002
         614   3.6734693877551019E-003
         615   8.9795918367346940E-003
         616   1.6326530612244899E-003
         617   1.0204081632653060E-002
         618   6.9387755102040816E-003
         619   4.4897959183673470E-003
         620   3.2653061224489797E-003
         621   8.9795918367346940E-003
         622   1.5918367346938776E-002
         623   2.0408163265306124E-003
         624   4.4897959183673470E-003
         625   5.7142857142857143E-003
         626   2.4489795918367346E-003
         627   4.8979591836734691E-003
         628   4.0816326530612246E-004
         629   9.3877551020408161E-003
         630   3.2653061224489797E-003
         631   3.6734693877551019E-003
         632   2.4081632653061225E-002
         633   1.4693877551020407E-002
         634   8.5714285714285719E-003
         635   3.6734693877551019E-003
         636   4.0816326530612246E-004
         637   1.0204081632653060E-002
         638   2.2040816326530613E-002
         639   8.9795918367346940E-003
         640   1.5102040816326531E-002
         641   3.1836734693877551E-002
         642   3.1836734693877551E-002
         643   3.7142857142857144E-002
         644   5.3877551020408164E-002
         645   4.3265306122448978E-002
         646   2.8571428571428571E-002
         647   2.9795918367346939E-002
         648   3.1428571428571431E-002
         649   1.5510204081632653E-002
         650   2.4489795918367346E-002
         651   2.1224489795918369E-002
         652   3.7959183673469385E-002
         653   5.3061224489795916E-002
         654   5.5510204081632653E-002
         655   7.7142857142857138E-002
         656   7.9183673469387761E-002
         657   9.8775510204081637E-002
         658   8.2857142857142851E-002
         659   5.9591836734693877E-002
         660   6.1224489795918366E-002
         661   5.2653061224489796E-002
         662   1.9591836734693877E-002
         663   3.1020408163265307E-002
         664   3.3469387755102040E-002
         665   2.9795918367346939E-002
         666   2.8979591836734694E-002
         667   3.7551020408163265E-002
         668   2.5714285714285714E-002
         669   1.1836734693877551E-002
         670   2.0000000000000000E-002
         671   1.6326530612244899E-002
         672   2.1632653061224489E-002
         673   6.9387755102040816E-003
         674   1.3061224489795919E-002
         675   3.3061224489795919E-002
         676   2.3673469387755101E-002
         677   3.2653061224489797E-003
         678   2.0816326530612245E-002
         679   1.0204081632653060E-002
         680   2.0408163265306121E-002
         681   3.0204081632653063E-002
         682   2.5306122448979593E-002
         683   2.5714285714285714E-002
         684   2.1224489795918369E-002
         685   1.2653061224489797E-002
         686   2.0816326530612245E-002
         687   1.5102040816326531E-002
         688   2.4489795918367346E-003
         689   2.2040816326530613E-002
         690   3.8367346938775512E-002
         691   1.7551020408163264E-002
         692   1.2244897959183673E-003
         693   3.6734693877551019E-003
         694   3.6734693877551019E-003
         695   1.7959183673469388E-002
         696   9.7959183673469383E-003
         697   4.0816326530612249E-003
         698   1.2653061224489797E-002
         699   8.5714285714285719E-003
         700   2.6938775510204082E-002
         701   2.0816326530612245E-002
         702   2.0000000000000000E-002
         703   3.0612244897959183E-002
         704   1.5918367346938776E-002
         705   3.6734693877551019E-003
         706   1.3877551020408163E-002
         707   7.3469387755102037E-003
         708   1.6326530612244899E-003
         709   1.5918367346938776E-002
         710   1.1428571428571429E-002
         711   1.5918367346938776E-002
         712   1.8367346938775512E-002
         713   8.1632653061224497E-003
         714   7.7551020408163267E-003
         715   3.6734693877551019E-003
         716   3.6734693877551019E-003
         717   1.2244897959183673E-003
         718   1.1836734693877551E-002
         719   1.2244897959183673E-002
         720   8.1632653061224497E-003
         721   8.9795918367346940E-003
         722   6.1224489795918364E-003
         723   1.2244897959183673E-002
         724   3.2653061224489797E-003
         725   8.5714285714285719E-003
         726   8.1632653061224497E-003
         727   1.2244897959183673E-003
         728   1.7959183673469388E-002
         729   6.5306122448979594E-003
         730   2.5714285714285714E-002
         731   2.6530612244897958E-002
         732   2.1224489795918369E-002
         733   5.7142857142857143E-003
         734   1.3469387755102041E-002
         735   1.2653061224489797E-002
         736   1.1428571428571429E-002
         737   4.0816326530612249E-003
         738   1.5102040816326531E-002
         739   2.1632653061224489E-002
         740   4.4081632653061226E-002
         741   3.7142857142857144E-002
         742   5.1836734693877548E-002
         743   3.7959183673469385E-002
         744   5.0612244897959187E-002
         745   4.0000000000000001E-002
         746   3.6326530612244896E-002
         747   3.5102040816326528E-002
         748   4.7755102040816323E-002
         749   4.3265306122448978E-002
         750   5.0204081632653060E-002
         751   2.9387755102040815E-002
         752   2.3673469387755101E-002
         753   2.0000000000000000E-002
         754   9.3877551020408161E-003
         755   1.2244897959183673E-002
         756   2.2040816326530613E-002
         757   1.2244897959183673E-002
         758   1.0612244897959184E-002
         759   4.0816326530612246E-004
         760   2.8571428571428571E-003
         761   2.8571428571428571E-003
         762   5.7142857142857143E-003
         763   7.3469387755102037E-003
         764   2.7755102040816326E-002
         765   2.1224489795918369E-002
         766   1.4693877551020407E-002
         767   2.2857142857142857E-002
         768   3.1836734693877551E-002
         769   2.0000000000000000E-002
         770   4.0816326530612249E-003
         771   1.2653061224489797E-002
         772   1.1428571428571429E-002
         773   5.3061224489795921E-003
         774   8.9795918367346940E-003
         775   1.8775510204081632E-002
         776   3.0612244897959183E-002
         777   3.4693877551020408E-002
         778   3.0204081632653063E-002
         779   2.9795918367346939E-002
         780   1.2244897959183673E-003
         781   4.8979591836734691E-003
         782   2.8571428571428571E-003
         783   8.5714285714285719E-003
         784   3.3877551020408160E-002
         785   3.2653061224489799E-002
         786   3.0204081632653063E-002
         787   3.9591836734693880E-002
         788   4.4489795918367346E-002
         789   4.8163265306122451E-002
         790   7.1836734693877552E-002
         791   4.4897959183673466E-002
         792   2.7346938775510202E-002
         793   3.0204081632653063E-002
         794   4.4897959183673466E-002
         795   3.4693877551020408E-002
         796   3.1428571428571431E-002
         797   2.2448979591836733E-002
         798   5.7142857142857143E-003
         799   2.0816326530612245E-002
         800   1.7142857142857144E-002
         801   5.3061224489795921E-003
         802   2.4489795918367346E-003
         803   1.0612244897959184E-002
         804   1.2244897959183673E-003
         805   2.2857142857142857E-002
         806   1.6734693877551020E-002
         807   2.1224489795918369E-002
         808   3.1836734693877551E-002
         809   4.2040816326530610E-002
         810   5.1020408163265307E-002
         811   4.8979591836734691E-002
         812   6.6122448979591839E-002
         813   6.2448979591836734E-002
         814   7.7959183673469393E-002
         815   7.1428571428571425E-002
         816   8.9387755102040820E-002
         817   9.5510204081632646E-002
         818   7.3877551020408161E-002
         819   8.2040816326530611E-002
         820   7.3061224489795920E-002
         821  0.10081632653061225     
         822   8.4489795918367347E-002
         823   6.8979591836734688E-002
         824   4.4489795918367346E-002
         825   5.0204081632653060E-002
         826   3.9591836734693880E-002
         827   3.1428571428571431E-002
         828   2.6938775510204082E-002
         829   2.6530612244897958E-002
         830   3.1020408163265307E-002
         831   2.8163265306122450E-002
         832   3.7142857142857144E-002
         833   2.7346938775510202E-002
         834   2.6530612244897958E-002
         835   4.0000000000000001E-002
         836   4.8163265306122451E-002
         837   4.9387755102040819E-002
         838   4.5714285714285714E-002
         839   2.2448979591836733E-002
         840   6.9387755102040816E-003
         841   4.4897959183673470E-003
         842   1.5102040816326531E-002
         843   2.3673469387755101E-002
         844   3.1836734693877551E-002
         845   3.3061224489795919E-002
         846   4.0408163265306121E-002
         847   1.3469387755102041E-002
         848   2.6122448979591838E-002
         849   2.6938775510204082E-002
         850   1.5510204081632653E-002
         851   4.4897959183673470E-003
         852   5.7142857142857143E-003
         853   2.4489795918367346E-002
         854   2.1632653061224489E-002
         855   2.0408163265306121E-002
         856   2.2857142857142857E-002
         857   3.1836734693877551E-002
         858   3.2653061224489799E-002
         859   1.9183673469387756E-002
         860   5.3061224489795921E-003
         861   6.1224489795918364E-003
         862   5.7142857142857143E-003
         863   2.4897959183673470E-002
         864   3.1428571428571431E-002
         865   2.0000000000000000E-002
         866   2.8979591836734694E-002
         867   7.3469387755102037E-003
         868   8.1632653061224493E-004
         869   8.1632653061224493E-004
         870   1.1836734693877551E-002
         871   6.1224489795918364E-003
         872   2.0408163265306124E-003
         873   1.2653061224489797E-002
         874   1.4285714285714285E-002
         875   2.2040816326530613E-002
         876   1.6734693877551020E-002
         877   3.3061224489795919E-002
         878   4.1632653061224489E-002
         879   2.2857142857142857E-002
         880   6.5306122448979594E-003
         881   4.8979591836734691E-003
         882   1.6326530612244899E-002
         883   3.8775510204081633E-002
         884   3.0204081632653063E-002
         885   1.9591836734693877E-002
         886   3.0204081632653063E-002
         887   1.3877551020408163E-002
         888   2.2448979591836733E-002
         889   3.1020408163265307E-002
         890   3.1428571428571431E-002
         891   5.0204081632653060E-002
         892   4.0408163265306121E-002
         893   5.3061224489795916E-002
         894   2.9387755102040815E-002
         895   3.6734693877551024E-002
         896   4.2040816326530610E-002
         897   4.2857142857142858E-002
         898   2.7346938775510202E-002
         899   1.1020408163265306E-002
         900   8.5714285714285719E-003
         901   0.0000000000000000     
         902   4.4897959183673470E-003
         903   4.0816326530612246E-004
         904   1.2244897959183673E-002
         905   5.3061224489795921E-003
         906   7.3469387755102037E-003
         907   5.7142857142857143E-003
         908   6.5306122448979594E-003
         909   1.3061224489795919E-002
         910   1.7142857142857144E-002
         911   1.0204081632653060E-002
         912   2.0408163265306124E-003
         913   1.9183673469387756E-002
         914   1.3061224489795919E-002
         915   7.3469387755102037E-003
         916   2.5306122448979593E-002
         917   2.4489795918367346E-002
         918   1.1428571428571429E-002
         919   4.0816326530612249E-003
         920   3.2653061224489797E-003
         921   3.2244897959183672E-002
         922   4.9387755102040819E-002
         923   4.3673469387755105E-002
         924   4.3673469387755105E-002
         925   3.1020408163265307E-002
         926   1.7551020408163264E-002
         927   8.1632653061224493E-004
         928   4.0816326530612249E-003
         929   2.4489795918367346E-003
         930   5.3061224489795921E-003
         931   1.4285714285714285E-002
         932   3.2653061224489797E-003
         933   6.5306122448979594E-003
         934   1.3469387755102041E-002
         935   6.9387755102040816E-003
         936   1.5918367346938776E-002
         937   2.9387755102040815E-002
         938   3.1428571428571431E-002
         939   3.1836734693877551E-002
         940   2.6938775510204082E-002
         941   3.5510204081632656E-002
         942   1.5918367346938776E-002
         943   4.8979591836734691E-003
         944   3.0612244897959183E-002
         945   1.8367346938775512E-002
         946   1.0612244897959184E-002
         947   8.5714285714285719E-003
         948   5.3061224489795921E-003
         949   7.3469387755102037E-003
         950   6.9387755102040816E-003
         951   7.3469387755102037E-003
         952   5.7142857142857143E-003
         953   7.7551020408163267E-003
         954   4.8979591836734691E-003
         955   8.5714285714285719E-003
         956   1.2244897959183673E-003
         957   1.2244897959183673E-002
         958   1.7959183673469388E-002
         959   1.1020408163265306E-002
         960   2.4489795918367346E-002
         961   1.7959183673469388E-002
         962   1.4693877551020407E-002
         963   6.9387755102040816E-003
         964   4.8979591836734691E-003
         965   4.0816326530612246E-004
         966   1.1836734693877551E-002
         967   1.4693877551020407E-002
         968   4.0816326530612246E-004
         969   1.3469387755102041E-002
         970   4.2040816326530610E-002
         971   5.1836734693877548E-002
         972   4.9387755102040819E-002
         973   3.9591836734693880E-002
         974   5.3469387755102044E-002
         975   4.6122448979591835E-002
         976   5.3061224489795916E-002
         977   3.4693877551020408E-002
         978   3.1020408163265307E-002
         979   3.1020408163265307E-002
         980   4.5306122448979594E-002
         981   3.4693877551020408E-002
         982   4.3265306122448978E-002
         983   2.5306122448979593E-002
         984   3.3469387755102040E-002
         985   2.5714285714285714E-002
         986   2.0816326530612245E-002
         987   2.0000000000000000E-002
         988   1.2244897959183673E-003
         989   4.0816326530612246E-004
         990   1.1836734693877551E-002
         991   6.9387755102040816E-003
         992   3.6734693877551019E-003
         993   3.6326530612244896E-002
         994   2.3673469387755101E-002
         995   1.7959183673469388E-002
         996   9.7959183673469383E-003
         997   1.2244897959183673E-003
         998   8.1632653061224493E-004
         999   1.4285714285714285E-002
        1000   2.1224489795918369E-002
        1001   1.7551020408163264E-002
        1002   1.6734693877551020E-002
        1003   2.2040816326530613E-002
        1004   1.7959183673469388E-002
        1005   2.1224489795918369E-002
        1006   2.3265306122448981E-002
        1007   1.7959183673469388E-002
        1008   1.3061224489795919E-002
        1009   7.3469387755102037E-003
        1010   2.3673469387755101E-002
        1011   2.9387755102040815E-002
        1012   2.5714285714285714E-002
        1013   3.2653061224489797E-003
        1014   5.7142857142857143E-003
        1015   2.2040816326530613E-002
        1016   7.7551020408163267E-003
        1017   1.4693877551020407E-002
        1018   1.0204081632653060E-002
        1019   1.4285714285714285E-002
        1020   2.8163265306122450E-002
        1021   3.0612244897959183E-002
        1022   4.4897959183673470E-003
        1023   1.2244897959183673E-002
        1024   3.2653061224489797E-003
        1025   1.4285714285714285E-002
        1026   2.4489795918367346E-002
        1027   2.4081632653061225E-002
        1028   1.5510204081632653E-002
        1029   2.0000000000000000E-002
        1030   2.6530612244897958E-002
        1031   1.6734693877551020E-002
        1032   1.3469387755102041E-002
        1033   1.5510204081632653E-002
        1034   2.3265306122448981E-002
        1035   3.8367346938775512E-002
        1036   4.8571428571428571E-002
        1037   1.5918367346938776E-002
        1038   6.9387755102040816E-003
        1039   2.1632653061224489E-002
        1040   2.7755102040816326E-002
        1041   2.9387755102040815E-002
        1042   3.7551020408163265E-002
        1043   4.8571428571428571E-002
        1044   2.4489795918367346E-002
        1045   6.5306122448979594E-003
        1046   1.1020408163265306E-002
        1047   4.0816326530612249E-003
        1048   1.2244897959183673E-003
        1049   6.5306122448979594E-003
        1050   4.0816326530612249E-003
        1051   1.2244897959183673E-002
        1052   1.1020408163265306E-002
        1053   1.5510204081632653E-002
        1054   9.3877551020408161E-003
        1055   1.3061224489795919E-002
        1056   3.2653061224489799E-002
        1057   4.8979591836734691E-002
        1058   3.8367346938775512E-002
        1059   2.5306122448979593E-002
        1060   1.2244897959183673E-002
        1061   8.5714285714285719E-003
        1062   1.6326530612244899E-003
        1063   8.1632653061224493E-004
        1064   8.1632653061224497E-003
        1065   2.6122448979591838E-002
        1066   5.7142857142857143E-003
        1067   2.7755102040816326E-002
        1068   1.3061224489795919E-002
        1069   2.3673469387755101E-002
        1070   1.6326530612244899E-002
        1071   1.0204081632653060E-002
        1072   2.9795918367346939E-002
        1073   3.8775510204081633E-002
        1074   4.8163265306122451E-002
        1075   4.9795918367346939E-002
        1076   2.4081632653061225E-002
        1077   1.6326530612244899E-002
        1078   2.2448979591836733E-002
        1079   2.4897959183673470E-002
        1080   4.0816326530612246E-004
        1081   1.6734693877551020E-002
        1082   1.4285714285714285E-002
        1083   1.6326530612244899E-002
        1084   2.7346938775510202E-002
        1085   1.0612244897959184E-002
        1086   1.2653061224489797E-002
        1087   1.6326530612244899E-003
        1088   9.3877551020408161E-003
        1089   8.1632653061224497E-003
        1090   1.2244897959183673E-003
        1091   1.9183673469387756E-002
        1092   8.1632653061224497E-003
        1093   2.8571428571428571E-002
        1094   8.1632653061224497E-003
        1095   2.9795918367346939E-002
        1096   5.1428571428571428E-002
        1097   2.9795918367346939E-002
        1098   3.0204081632653063E-002
        1099   1.5510204081632653E-002
        1100   9.3877551020408161E-003
        1101   1.5918367346938776E-002
        1102   1.7551020408163264E-002
        1103   3.9183673469387753E-002
        1104   1.9183673469387756E-002
        1105   1.1428571428571429E-002
        1106   2.2857142857142857E-002
        1107   1.2244897959183673E-003
        1108   8.5714285714285719E-003
        1109   1.2244897959183673E-002
        1110   1.6326530612244899E-003
        1111   1.8775510204081632E-002
        1112   2.0408163265306121E-002
        1113   2.8979591836734694E-002
        1114   3.3877551020408160E-002
        1115   2.7755102040816326E-002
        1116   4.0000000000000001E-002
        1117   3.3061224489795919E-002
        1118   2.1224489795918369E-002
        1119   2.5306122448979593E-002
        1120   2.2448979591836733E-002
        1121   3.7142857142857144E-002
        1122   4.2857142857142858E-002
        1123   2.2040816326530613E-002
        1124   3.1836734693877551E-002
        1125   1.0612244897959184E-002
        1126   1.5102040816326531E-002
        1127   2.7346938775510202E-002
        1128   3.3061224489795919E-002
        1129   6.9387755102040816E-003
        1130   2.3265306122448981E-002
        1131   3.6734693877551024E-002
        1132   1.7959183673469388E-002
        1133   1.1428571428571429E-002
        1134   2.6122448979591838E-002
        1135   3.8775510204081633E-002
        1136   4.4489795918367346E-002
        1137   5.3469387755102044E-002
        1138   3.9183673469387753E-002
        1139   3.5918367346938776E-002
        1140   3.1428571428571431E-002
        1141   2.6938775510204082E-002
        1142   1.5918367346938776E-002
        1143   1.6326530612244899E-003
        1144   1.3061224489795919E-002
        1145   9.3877551020408161E-003
        1146   2.1224489795918369E-002
        1147   3.6734693877551019E-003
        1148   1.6734693877551020E-002
        1149   1.1836734693877551E-002
        1150   5.3061224489795921E-003
        1151   2.0408163265306124E-003
        1152   8.5714285714285719E-003
        1153   1.9591836734693877E-002
        1154   2.7346938775510202E-002
        1155   3.2653061224489797E-003
        1156   1.4285714285714285E-002
        1157   2.5714285714285714E-002
        1158   8.1632653061224497E-003
        1159   1.6734693877551020E-002
        1160   4.0816326530612246E-004
        1161   2.1632653061224489E-002
        1162   4.0000000000000001E-002
        1163   3.8367346938775512E-002
        1164   3.6734693877551019E-003
        1165   0.0000000000000000     
        1166   4.0816326530612249E-003
        1167   5.3061224489795921E-003
        1168   1.4285714285714285E-002
        1169   3.1428571428571431E-002
        1170   2.1632653061224489E-002
        1171   4.8979591836734691E-003
        1172   1.9183673469387756E-002
        1173   1.5918367346938776E-002
        1174   1.0204081632653060E-002
        1175   4.8979591836734691E-003
        1176   2.2448979591836733E-002
        1177   1.9183673469387756E-002
        1178   3.0612244897959183E-002
        1179   2.8163265306122450E-002
        1180   3.4285714285714287E-002
        1181   3.1836734693877551E-002
        1182   4.7346938775510203E-002
        1183   4.7755102040816323E-002
        1184   4.0816326530612242E-002
        1185   1.6734693877551020E-002
        1186   1.8367346938775512E-002
        1187   2.8163265306122450E-002
        1188   3.2244897959183672E-002
        1189   4.1224489795918369E-002
        1190   3.8367346938775512E-002
        1191   3.3061224489795919E-002
        1192   2.9795918367346939E-002
        1193   2.4489795918367346E-002
        1194   2.8979591836734694E-002
        1195   5.3061224489795921E-003
        1196   1.7959183673469388E-002
        1197   1.6326530612244899E-002
        1198   4.0816326530612246E-004
        1199   4.4897959183673470E-003
        1200   8.1632653061224497E-003
        1201   1.5510204081632653E-002
        1202   6.5306122448979594E-003
        1203   2.4489795918367346E-003
        1204   2.8571428571428571E-003
        1205   2.1224489795918369E-002
        1206   6.9387755102040816E-003
        1207   1.0204081632653060E-002
        1208   0.0000000000000000     
        1209   2.0816326530612245E-002
        1210   3.9183673469387753E-002
        1211   3.8775510204081633E-002
        1212   3.2653061224489799E-002
        1213   3.5510204081632656E-002
        1214   1.7959183673469388E-002
        1215   2.1632653061224489E-002
        1216   3.9591836734693880E-002
        1217   4.2448979591836737E-002
        1218   3.7959183673469385E-002
        1219   3.8775510204081633E-002
        1220   4.0000000000000001E-002
        1221   2.2448979591836733E-002
        1222   5.7142857142857143E-003
        1223   4.4897959183673470E-003
        1224   4.0816326530612246E-004
        1225   2.6530612244897958E-002
        1226   2.1224489795918369E-002
        1227   1.7959183673469388E-002
        1228   2.4081632653061225E-002
        1229   8.9795918367346940E-003
        1230   2.6530612244897958E-002
        1231   3.2244897959183672E-002
        1232   2.8979591836734694E-002
        1233   1.0612244897959184E-002
        1234   6.5306122448979594E-003
        1235   8.1632653061224493E-004
        1236   1.2653061224489797E-002
        1237   2.6530612244897958E-002
        1238   3.2244897959183672E-002
        1239   2.6938775510204082E-002
        1240   1.7551020408163264E-002
        1241   1.9591836734693877E-002
        1242   5.7142857142857143E-003
        1243   4.0816326530612249E-003
        1244   2.0408163265306121E-002
        1245   4.8979591836734691E-003
        1246   7.3469387755102037E-003
        1247   2.7346938775510202E-002
        1248   9.7959183673469383E-003
        1249   1.3061224489795919E-002
        1250   2.2448979591836733E-002
        1251   3.5102040816326528E-002
        1252   4.4489795918367346E-002
        1253   1.9183673469387756E-002
        1254   7.7551020408163267E-003
        1255   2.2040816326530613E-002
        1256   2.3265306122448981E-002
        1257   1.5102040816326531E-002
        1258   9.7959183673469383E-003
        1259   2.2040816326530613E-002
        1260   2.6530612244897958E-002
        1261   1.5102040816326531E-002
        1262   1.0204081632653060E-002
        1263   2.2448979591836733E-002
        1264   3.1020408163265307E-002
        1265   2.1632653061224489E-002
        1266   1.9183673469387756E-002
        1267   2.3265306122448981E-002
        1268   2.3673469387755101E-002
        1269   3.2244897959183672E-002
        1270   1.3061224489795919E-002
        1271   1.1836734693877551E-002
        1272   2.4489795918367346E-003
        1273   2.4489795918367346E-003
        1274   2.0408163265306124E-003
        1275   6.1224489795918364E-003
        1276   2.3673469387755101E-002
        1277   1.5510204081632653E-002
        1278   1.3877551020408163E-002
        1279   1.1428571428571429E-002
        1280   1.1428571428571429E-002
        1281   8.9795918367346940E-003
        1282   8.9795918367346940E-003
        1283   0.0000000000000000     
        1284   1.4693877551020407E-002
        1285   1.5102040816326531E-002
        1286   9.7959183673469383E-003
        1287   5.3061224489795921E-003
        1288   2.9387755102040815E-002
        1289   2.4081632653061225E-002
        1290   3.0612244897959183E-002
        1291   2.9795918367346939E-002
        1292   2.9795918367346939E-002
        1293   3.3061224489795919E-002
        1294   1.9591836734693877E-002
        1295   2.8979591836734694E-002
        1296   4.4897959183673470E-003
        1297   1.1428571428571429E-002
        1298   8.1632653061224497E-003
        1299   5.7142857142857143E-003
        1300   6.9387755102040816E-003
        1301   2.4897959183673470E-002
        1302   1.1020408163265306E-002
        1303   1.1020408163265306E-002
        1304   1.0204081632653060E-002
        1305   2.1224489795918369E-002
        1306   1.5510204081632653E-002
        1307   3.5510204081632656E-002
        1308   4.7755102040816323E-002
        1309   2.1632653061224489E-002
        1310   2.6530612244897958E-002
        1311   1.7959183673469388E-002
        1312   4.8979591836734691E-003
        1313   4.0816326530612249E-003
        1314   1.6326530612244899E-003
        1315   3.2653061224489797E-003
        1316   3.2653061224489797E-003
        1317   1.6326530612244899E-003
        1318   1.2653061224489797E-002
        1319   2.4897959183673470E-002
        1320   2.5714285714285714E-002
        1321   4.8979591836734691E-003
        1322   3.0204081632653063E-002
        1323   1.6734693877551020E-002
        1324   3.6734693877551019E-003
        1325   1.1428571428571429E-002
        1326   1.8775510204081632E-002
        1327   1.9183673469387756E-002
        1328   8.1632653061224497E-003
        1329   8.5714285714285719E-003
        1330   1.2653061224489797E-002
        1331   2.8571428571428571E-003
        1332   4.0816326530612249E-003
        1333   1.2244897959183673E-003
        1334   2.6122448979591838E-002
        1335   2.0408163265306121E-002
        1336   1.5510204081632653E-002
        1337   1.9183673469387756E-002
        1338   8.1632653061224497E-003
        1339   1.6734693877551020E-002
        1340   1.9591836734693877E-002
        1341   1.7551020408163264E-002
        1342   3.6326530612244896E-002
        1343   4.6938775510204082E-002
        1344   4.2448979591836737E-002
        1345   4.0000000000000001E-002
        1346   3.2653061224489799E-002
        1347   4.0000000000000001E-002
        1348   1.4285714285714285E-002
        1349   2.1632653061224489E-002
        1350   2.7755102040816326E-002
        1351   5.3061224489795921E-003
        1352   9.7959183673469383E-003
        1353   4.8979591836734691E-003
        1354   1.8775510204081632E-002
        1355   0.0000000000000000     
        1356   2.8163265306122450E-002
        1357   1.3469387755102041E-002
        1358   5.3061224489795921E-003
        1359   6.5306122448979594E-003
        1360   3.6326530612244896E-002
        1361   4.0408163265306121E-002
        1362   3.8775510204081633E-002
        1363   6.5306122448979594E-003
        1364   7.3469387755102037E-003
        1365   4.0816326530612249E-003
        1366   1.4693877551020407E-002
        1367   8.9795918367346940E-003
        1368   1.7142857142857144E-002
        1369   2.5306122448979593E-002
        1370   3.9591836734693880E-002
        1371   2.9795918367346939E-002
        1372   2.2857142857142857E-002
        1373   8.1632653061224493E-004
        1374   1.9183673469387756E-002
        1375   9.7959183673469383E-003
        1376   2.4897959183673470E-002
        1377   1.9183673469387756E-002
        1378   3.6734693877551019E-003
        1379   4.8979591836734691E-003
        1380   9.7959183673469383E-003
        1381   8.9795918367346940E-003
        1382   1.1836734693877551E-002
        1383   6.1224489795918364E-003
        1384   1.1428571428571429E-002
        1385   6.9387755102040816E-003
        1386   3.0204081632653063E-002
        1387   1.2244897959183673E-002
        1388   9.7959183673469383E-003
        1389   2.1632653061224489E-002
        1390   5.5510204081632653E-002
        1391   4.5714285714285714E-002
        1392   3.0204081632653063E-002
        1393   4.1224489795918369E-002
        1394   3.7959183673469385E-002
        1395   2.4897959183673470E-002
        1396   1.2653061224489797E-002
        1397   1.0204081632653060E-002
        1398   3.9591836734693880E-002
        1399   1.6326530612244899E-002
        1400   1.5918367346938776E-002
        1401   4.4897959183673470E-003
        1402   8.1632653061224497E-003
        1403   8.1632653061224493E-004
        1404   1.4693877551020407E-002
        1405   3.5102040816326528E-002
        1406   4.4081632653061226E-002
        1407   2.3673469387755101E-002
        1408   2.4489795918367346E-002
        1409   2.0816326530612245E-002
        1410   8.5714285714285719E-003
        1411   8.9795918367346940E-003
        1412   2.4489795918367346E-003
        1413   2.4489795918367346E-003
        1414   1.9591836734693877E-002
        1415   1.6734693877551020E-002
        1416   5.7142857142857143E-003
        1417   8.1632653061224493E-004
        1418   1.7142857142857144E-002
        1419   1.0612244897959184E-002
        1420   0.0000000000000000     
        1421   1.6734693877551020E-002
        1422   4.8979591836734691E-003
        1423   8.1632653061224497E-003
        1424   1.6326530612244899E-002
        1425   3.2653061224489797E-003
        1426   2.8571428571428571E-003
        1427   4.0816326530612246E-004
        1428   1.2653061224489797E-002
        1429   9.7959183673469383E-003
        1430   2.2448979591836733E-002
        1431   1.3061224489795919E-002
        1432   1.3877551020408163E-002
        1433   8.5714285714285719E-003
        1434   9.3877551020408161E-003
        1435   1.5510204081632653E-002
        1436   8.5714285714285719E-003
        1437   3.8775510204081633E-002
        1438   4.2040816326530610E-002
        1439   3.4285714285714287E-002
        1440   1.7142857142857144E-002
        1441   9.7959183673469383E-003
        1442   4.8979591836734691E-003
        1443   1.4285714285714285E-002
        1444   8.1632653061224493E-004
        1445   8.1632653061224497E-003
        1446   2.1224489795918369E-002
        1447   1.4285714285714285E-002
        1448   1.9591836734693877E-002
        1449   2.1224489795918369E-002
        1450   2.1224489795918369E-002
        1451   0.0000000000000000     
        1452   1.1020408163265306E-002
        1453   8.9795918367346940E-003
        1454   3.6734693877551019E-003
        1455   3.6734693877551019E-003
        1456   7.3469387755102037E-003
        1457   2.4489795918367346E-003
        1458   8.5714285714285719E-003
        1459   3.6734693877551019E-003
        1460   2.4489795918367346E-003
        1461   8.1632653061224497E-003
        1462   1.7959183673469388E-002
        1463   1.1428571428571429E-002
        1464   2.4489795918367346E-003
        1465   2.4489795918367346E-003
        1466   2.0408163265306124E-003
        1467   1.2244897959183673E-002
        1468   9.7959183673469383E-003
        1469   4.0816326530612249E-003
        1470   1.4693877551020407E-002
        1471   1.4693877551020407E-002
        1472   1.3061224489795919E-002
        1473   2.0408163265306124E-003
        1474   8.9795918367346940E-003
        1475   5.3061224489795921E-003
        1476   1.5918367346938776E-002
        1477   1.1428571428571429E-002
        1478   1.6326530612244899E-003
        1479   1.5102040816326531E-002
        1480   3.7551020408163265E-002
        1481   2.0408163265306121E-002
        1482   1.3469387755102041E-002
        1483   8.5714285714285719E-003
        1484   5.3061224489795921E-003
        1485   4.0816326530612246E-004
        1486   0.0000000000000000     
        1487   4.0816326530612249E-003
        1488   8.1632653061224493E-004
        1489   9.3877551020408161E-003
        1490   1.9183673469387756E-002
        1491   2.0000000000000000E-002
        1492   1.8367346938775512E-002
        1493   1.4285714285714285E-002
        1494   7.7551020408163267E-003
        1495   2.3265306122448981E-002
        1496   1.9183673469387756E-002
        1497   3.3469387755102040E-002
        1498   2.0816326530612245E-002
        1499   2.8571428571428571E-002
        1500   2.7346938775510202E-002
        1501   1.7551020408163264E-002
        1502   2.4489795918367346E-003
        1503   9.7959183673469383E-003
        1504   6.9387755102040816E-003
        1505   4.0816326530612246E-004
        1506   5.7142857142857143E-003
        1507   1.2244897959183673E-003
        1508   1.0612244897959184E-002
        1509   8.1632653061224497E-003
        1510   4.0816326530612246E-004
        1511   1.3061224489795919E-002
        1512   2.8571428571428571E-003
        1513   8.9795918367346940E-003
        1514   3.4285714285714287E-002
        1515   1.7551020408163264E-002
        1516   1.8367346938775512E-002
        1517   3.0204081632653063E-002
        1518   2.6122448979591838E-002
        1519   1.4693877551020407E-002
        1520   6.5306122448979594E-003
        1521   1.5102040816326531E-002
        1522   2.3673469387755101E-002
        1523   3.0612244897959183E-002
        1524   1.3061224489795919E-002
        1525   2.3265306122448981E-002
        1526   2.1632653061224489E-002
        1527   1.2244897959183673E-002
        1528   1.2244897959183673E-002
        1529   1.5102040816326531E-002
        1530   1.0204081632653060E-002
        1531   2.0408163265306124E-003
        1532   2.0816326530612245E-002
        1533   1.2244897959183673E-003
        1534   5.3061224489795921E-003
        1535   6.9387755102040816E-003
        1536   6.1224489795918364E-003
        1537   6.9387755102040816E-003
        1538   1.1428571428571429E-002
        1539   1.5510204081632653E-002
        1540   9.3877551020408161E-003
        1541   1.8775510204081632E-002
        1542   1.9183673469387756E-002
        1543   4.0816326530612249E-003
        1544   1.5102040816326531E-002
        1545   1.8367346938775512E-002
        1546   1.5510204081632653E-002
        1547   1.2653061224489797E-002
        1548   3.2244897959183672E-002
        1549   1.8367346938775512E-002
        1550   9.7959183673469383E-003
        1551   6.9387755102040816E-003
        1552   2.0000000000000000E-002
        1553   1.7142857142857144E-002
        1554   2.0408163265306121E-002
        1555   1.7551020408163264E-002
        1556   8.1632653061224497E-003
        1557   8.1632653061224497E-003
        1558   4.4897959183673470E-003
        1559   1.9183673469387756E-002
        1560   4.4897959183673470E-003
        1561   8.5714285714285719E-003
        1562   1.3877551020408163E-002
        1563   7.7551020408163267E-003
        1564   1.0204081632653060E-002
        1565   2.0816326530612245E-002
        1566   2.6122448979591838E-002
        1567   2.2857142857142857E-002
        1568   6.5306122448979594E-003
        1569   4.0816326530612249E-003
        1570   5.7142857142857143E-003
        1571   4.0816326530612249E-003
        1572   1.7959183673469388E-002
        1573   2.8979591836734694E-002
        1574   3.4285714285714287E-002
        1575   2.1632653061224489E-002
        1576   1.4285714285714285E-002
        1577   1.5102040816326531E-002
        1578   1.6326530612244899E-003
        1579   1.2244897959183673E-003
        1580   3.6734693877551019E-003
        1581   2.1224489795918369E-002
        1582   1.5102040816326531E-002
        1583   2.8571428571428571E-002
        1584   3.1020408163265307E-002
        1585   2.3673469387755101E-002
        1586   3.2653061224489799E-002
        1587   3.5102040816326528E-002
        1588   3.3877551020408160E-002
        1589   9.3877551020408161E-003
        1590   8.9795918367346940E-003
        1591   3.6734693877551019E-003
        1592   2.3673469387755101E-002
        1593   2.4489795918367346E-003
        1594   1.0204081632653060E-002
        1595   2.9795918367346939E-002
        1596   2.2857142857142857E-002
        1597   2.0000000000000000E-002
        1598   2.3265306122448981E-002
        1599   4.3265306122448978E-002
        1600   3.1428571428571431E-002
        1601   1.6326530612244899E-002
        1602   1.3877551020408163E-002
        1603   2.0816326530612245E-002
        1604   1.0612244897959184E-002
        1605   4.0816326530612246E-004
        1606   1.7959183673469388E-002
        1607   2.6530612244897958E-002
        1608   2.5306122448979593E-002
        1609   2.9795918367346939E-002
        1610   1.2244897959183673E-002
        1611   8.1632653061224493E-004
        1612   1.2244897959183673E-003
        1613   2.0816326530612245E-002
        1614   7.3469387755102037E-003
        1615   4.8979591836734691E-003
        1616   6.1224489795918364E-003
        1617   4.0816326530612246E-004
        1618   1.2244897959183673E-003
        1619   4.0816326530612246E-004
        1620   1.7551020408163264E-002
        1621   1.5918367346938776E-002
        1622   4.0816326530612249E-003
        1623   1.3877551020408163E-002
        1624   1.3469387755102041E-002
        1625   9.3877551020408161E-003
        1626   1.6326530612244899E-003
        1627   1.7959183673469388E-002
        1628   4.2040816326530610E-002
        1629   3.5102040816326528E-002
        1630   4.4897959183673466E-002
        1631   1.7551020408163264E-002
        1632   1.1020408163265306E-002
        1633   3.5510204081632656E-002
        1634   4.2448979591836737E-002
        1635   2.2040816326530613E-002
        1636   2.4489795918367346E-003
        1637   1.3469387755102041E-002
        1638   2.5306122448979593E-002
        1639   2.7755102040816326E-002
        1640   4.8571428571428571E-002
        1641   3.2244897959183672E-002
        1642   1.4285714285714285E-002
        1643   5.7142857142857143E-003
        1644   1.3061224489795919E-002
        1645   7.7551020408163267E-003
        1646   1.6734693877551020E-002
        1647   2.6530612244897958E-002
        1648   3.3061224489795919E-002
        1649   4.6122448979591835E-002
        1650   2.0408163265306121E-002
        1651   2.7346938775510202E-002
        1652   3.6326530612244896E-002
        1653   4.3673469387755105E-002
        1654   5.7551020408163268E-002
        1655   4.0000000000000001E-002
        1656   1.9591836734693877E-002
        1657   2.8571428571428571E-003
        1658   5.7142857142857143E-003
        1659   2.3673469387755101E-002
        1660   4.0000000000000001E-002
        1661   2.9387755102040815E-002
        1662   5.8775510204081630E-002
        1663   5.2653061224489796E-002
        1664   3.2244897959183672E-002
        1665   3.4693877551020408E-002
        1666   3.6734693877551024E-002
        1667   3.8775510204081633E-002
        1668   3.5918367346938776E-002
        1669   3.2244897959183672E-002
        1670   3.2653061224489799E-002
        1671   1.0204081632653060E-002
        1672   7.7551020408163267E-003
        1673   4.8979591836734691E-003
        1674   8.1632653061224493E-004
        1675   3.2653061224489797E-003
        1676   2.2448979591836733E-002
        1677   3.4693877551020408E-002
        1678   2.9795918367346939E-002
        1679   3.7551020408163265E-002
        1680   5.7959183673469389E-002
        1681   7.1020408163265311E-002
        1682   4.6938775510204082E-002
        1683   3.6734693877551024E-002
        1684   6.4897959183673470E-002
        1685   5.9591836734693877E-002
        1686   5.4285714285714284E-002
        1687   4.2448979591836737E-002
        1688   4.5714285714285714E-002
        1689   3.7959183673469385E-002
        1690   4.8979591836734691E-002
        1691   6.6122448979591839E-002
        1692   5.7959183673469389E-002
        1693   5.0204081632653060E-002
        1694   5.3469387755102044E-002
        1695   5.3469387755102044E-002
        1696   4.1224489795918369E-002
        1697   3.3061224489795919E-002
        1698   2.1632653061224489E-002
        1699   2.4489795918367346E-003
        1700   1.6326530612244899E-002
        1701   3.3469387755102040E-002
        1702   2.1224489795918369E-002
        1703   1.6734693877551020E-002
        1704   1.7959183673469388E-002
        1705   3.0612244897959183E-002
        1706   2.2857142857142857E-002
        1707   2.8571428571428571E-002
        1708   3.2244897959183672E-002
        1709   5.4285714285714284E-002
        1710   5.5102040816326532E-002
        1711   4.1632653061224489E-002
        1712   3.6734693877551024E-002
        1713   4.8979591836734691E-002
        1714   3.3469387755102040E-002
        1715   9.7959183673469383E-003
        1716   2.0000000000000000E-002
        1717   1.5510204081632653E-002
        1718   1.4693877551020407E-002
        1719   1.5918367346938776E-002
        1720   2.0408163265306121E-002
        1721   2.3673469387755101E-002
        1722   2.2448979591836733E-002
        1723   2.3673469387755101E-002
        1724   1.7142857142857144E-002
        1725   3.6326530612244896E-002
        1726   3.4285714285714287E-002
        1727   4.1224489795918369E-002
        1728   4.6938775510204082E-002
        1729   2.8163265306122450E-002
        1730   3.4285714285714287E-002
        1731   4.2448979591836737E-002
        1732   5.9999999999999998E-002
        1733   5.4693877551020405E-002
        1734   5.4285714285714284E-002
        1735   5.4285714285714284E-002
        1736   3.6734693877551024E-002
        1737   5.7142857142857141E-002
        1738   5.3469387755102044E-002
        1739   5.8367346938775509E-002
        1740   4.2448979591836737E-002
        1741   4.5714285714285714E-002
        1742   6.2448979591836734E-002
        1743   5.7959183673469389E-002
        1744   5.1836734693877548E-002
        1745   4.1632653061224489E-002
        1746   3.7959183673469385E-002
        1747   4.5714285714285714E-002
        1748   3.5510204081632656E-002
        1749   5.9183673469387757E-002
        1750   6.4081632653061230E-002
        1751   4.0408163265306121E-002
        1752   6.3265306122448975E-002
        1753   3.7551020408163265E-002
        1754   8.1632653061224497E-003
        1755   7.7551020408163267E-003
        1756   1.5918367346938776E-002
        1757   1.4285714285714285E-002
        1758   9.3877551020408161E-003
        1759   1.1020408163265306E-002
        1760   9.7959183673469383E-003
        1761   4.4897959183673470E-003
        1762   1.6734693877551020E-002
        1763   9.7959183673469383E-003
        1764   6.1224489795918364E-003
        1765   2.0000000000000000E-002
        1766   3.0612244897959183E-002
        1767   2.9795918367346939E-002
        1768   2.1632653061224489E-002
        1769   3.0612244897959183E-002
        1770   3.5510204081632656E-002
        1771   3.7959183673469385E-002
        1772   1.1428571428571429E-002
        1773   4.4897959183673470E-003
        1774   2.2040816326530613E-002
        1775   2.2040816326530613E-002
        1776   2.7755102040816326E-002
        1777   3.1428571428571431E-002
        1778   4.6530612244897962E-002
        1779   6.6938775510204079E-002
        1780   5.2244897959183675E-002
        1781   4.0000000000000001E-002
        1782   3.5918367346938776E-002
        1783   2.7346938775510202E-002
        1784   1.0204081632653060E-002
        1785   2.2857142857142857E-002
        1786   2.7755102040816326E-002
        1787   2.1632653061224489E-002
        1788   1.6326530612244899E-003
        1789   2.0408163265306124E-003
        1790   3.6326530612244896E-002
        1791   2.0408163265306121E-002
        1792   2.0816326530612245E-002
        1793   5.3469387755102044E-002
        1794   4.6122448979591835E-002
        1795   4.6938775510204082E-002
        1796   3.8775510204081633E-002
        1797   3.4693877551020408E-002
        1798   2.7755102040816326E-002
        1799   3.3877551020408160E-002
        1800   3.1020408163265307E-002
        1801   2.0816326530612245E-002
        1802   2.3265306122448981E-002
        1803   2.1224489795918369E-002
        1804   1.2244897959183673E-002
        1805   1.1428571428571429E-002
        1806   1.0204081632653060E-002
        1807   2.4489795918367346E-003
        1808   8.9795918367346940E-003
        1809   1.8775510204081632E-002
        1810   1.5918367346938776E-002
        1811   1.2653061224489797E-002
        1812   2.0408163265306124E-003
        1813   1.2244897959183673E-002
        1814   8.1632653061224497E-003
        1815   4.3265306122448978E-002
        1816   4.2857142857142858E-002
        1817   6.6122448979591839E-002
        1818   6.7346938775510207E-002
        1819   6.8979591836734688E-002
        1820   7.1428571428571425E-002
        1821   5.7959183673469389E-002
        1822   6.1224489795918366E-002
        1823   5.5918367346938773E-002
        1824   5.9183673469387757E-002
        1825   7.5102040816326529E-002
        1826   5.1836734693877548E-002
        1827   2.6938775510204082E-002
        1828   9.7959183673469383E-003
        1829   2.8571428571428571E-003
        1830   1.7142857142857144E-002
        1831   1.5918367346938776E-002
        1832   2.2448979591836733E-002
        1833   5.3061224489795921E-003
        1834   1.7959183673469388E-002
        1835   5.0612244897959187E-002
        1836   4.5714285714285714E-002
        1837   5.6326530612244900E-002
        1838   4.0000000000000001E-002
        1839   3.9591836734693880E-002
        1840   3.1428571428571431E-002
        1841   1.7142857142857144E-002
        1842   0.0000000000000000     
        1843   1.2244897959183673E-002
        1844   7.7551020408163267E-003
        1845   1.7959183673469388E-002
        1846   2.0408163265306121E-002
        1847   0.0000000000000000     
        1848   4.8979591836734691E-003
        1849   1.8367346938775512E-002
        1850   8.5714285714285719E-003
        1851   1.2244897959183673E-003
        1852   6.5306122448979594E-003
        1853   9.3877551020408161E-003
        1854   9.7959183673469383E-003
        1855   3.2653061224489797E-003
        1856   1.7959183673469388E-002
        1857   1.5918367346938776E-002
        1858   7.7551020408163267E-003
        1859   2.7755102040816326E-002
        1860   3.5510204081632656E-002
        1861   2.2448979591836733E-002
        1862   2.2040816326530613E-002
        1863   1.6734693877551020E-002
        1864   1.2244897959183673E-002
        1865   1.6326530612244899E-003
        1866   7.7551020408163267E-003
        1867   2.4489795918367346E-002
        1868   1.1428571428571429E-002
        1869   1.7142857142857144E-002
        1870   1.0612244897959184E-002
        1871   1.2244897959183673E-003
        1872   4.8979591836734691E-003
        1873   4.0816326530612249E-003
        1874   1.3877551020408163E-002
        1875   3.2653061224489797E-003
        1876   1.3469387755102041E-002
        1877   5.7142857142857143E-003
        1878   1.8775510204081632E-002
        1879   2.2448979591836733E-002
        1880   1.4693877551020407E-002
        1881   6.5306122448979594E-003
        1882   2.8571428571428571E-003
        1883   1.0204081632653060E-002
        1884   7.3469387755102037E-003
        1885   6.1224489795918364E-003
        1886   2.6938775510204082E-002
        1887   1.5102040816326531E-002
        1888   1.3877551020408163E-002
        1889   6.1224489795918364E-003
        1890   3.1428571428571431E-002
        1891   1.2244897959183673E-002
        1892   6.1224489795918364E-003
        1893   7.7551020408163267E-003
        1894   8.9795918367346940E-003
        1895   2.4489795918367346E-002
        1896   4.0816326530612249E-003
        1897   3.3061224489795919E-002
        1898   2.1224489795918369E-002
        1899   1.9183673469387756E-002
        1900   1.6734693877551020E-002
        1901   1.1020408163265306E-002
        1902   2.8571428571428571E-003
        1903   8.5714285714285719E-003
        1904   1.2244897959183673E-002
        1905   3.1428571428571431E-002
        1906   3.8775510204081633E-002
        1907   5.0612244897959187E-002
        1908   3.9183673469387753E-002
        1909   3.8775510204081633E-002
        1910   4.3265306122448978E-002
        1911   4.1224489795918369E-002
        1912   4.8163265306122451E-002
        1913   3.4693877551020408E-002
        1914   3.5918367346938776E-002
        1915   2.2857142857142857E-002
        1916   3.0204081632653063E-002
        1917   2.5714285714285714E-002
        1918   4.1632653061224489E-002
        1919   4.0000000000000001E-002
        1920   5.7551020408163268E-002
        1921   3.7551020408163265E-002
        1922   4.6530612244897962E-002
        1923   2.7755102040816326E-002
        1924   2.2448979591836733E-002
        1925   3.0612244897959183E-002
        1926   1.4285714285714285E-002
        1927   1.7551020408163264E-002
        1928   3.3469387755102040E-002
        1929   3.6734693877551019E-003
        1930   8.9795918367346940E-003
        1931   1.2653061224489797E-002
        1932   4.8979591836734691E-003
        1933   2.4489795918367346E-003
        1934   4.0816326530612246E-004
        1935   2.0408163265306124E-003
        1936   8.9795918367346940E-003
        1937   6.1224489795918364E-003
        1938   5.7142857142857143E-003
        1939   2.0408163265306121E-002
        1940   3.1428571428571431E-002
        1941   2.8163265306122450E-002
        1942   2.9795918367346939E-002
        1943   1.5102040816326531E-002
        1944   5.7142857142857143E-003
        1945   1.7142857142857144E-002
        1946   6.5306122448979594E-003
        1947   9.7959183673469383E-003
        1948   0.0000000000000000     
        1949   6.1224489795918364E-003
        1950   5.3061224489795921E-003
        1951   6.9387755102040816E-003
        1952   1.6734693877551020E-002
        1953   1.5918367346938776E-002
        1954   2.0408163265306121E-002
        1955   9.3877551020408161E-003
        1956   2.0408163265306124E-003
        1957   1.1020408163265306E-002
        1958   2.0408163265306124E-003
        1959   2.2857142857142857E-002
        1960   3.3877551020408160E-002
        1961   3.2653061224489799E-002
        1962   2.2448979591836733E-002
        1963   2.6938775510204082E-002
        1964   4.3265306122448978E-002
        1965   4.6530612244897962E-002
        1966   3.1428571428571431E-002
        1967   3.2653061224489799E-002
        1968   2.8979591836734694E-002
        1969   3.7142857142857144E-002
        1970   2.8571428571428571E-002
        1971   1.4693877551020407E-002
        1972   2.0000000000000000E-002
        1973   5.1020408163265307E-002
        1974   7.3877551020408161E-002
        1975   7.9183673469387761E-002
        1976   7.5510204081632656E-002
        1977   3.4285714285714287E-002
        1978   4.5306122448979594E-002
        1979   3.5918367346938776E-002
        1980   3.9183673469387753E-002
        1981   1.7551020408163264E-002
        1982   1.7142857142857144E-002
        1983   2.9795918367346939E-002
        1984   3.5102040816326528E-002
        1985   3.2244897959183672E-002
        1986   1.0612244897959184E-002
        1987   1.8367346938775512E-002
        1988   1.0204081632653060E-002
        1989   2.3265306122448981E-002
        1990   4.5714285714285714E-002
        1991   3.3877551020408160E-002
        1992   2.8979591836734694E-002
        1993   4.7755102040816323E-002
        1994   4.6122448979591835E-002
        1995   4.2040816326530610E-002
        1996   2.0816326530612245E-002
        1997   3.3061224489795919E-002
        1998   9.7959183673469383E-003
        1999   2.3673469387755101E-002
        2000   8.5714285714285719E-003
