           1   2.4481632653061219E-002
           2   2.0816326530612245E-002
           3   2.0616326530612253E-002
           4   1.6322448979591835E-002
           5   2.0746938775510197E-002
           6   1.9538775510204082E-002
           7   1.9555102040816327E-002
           8   1.6126530612244904E-002
           9   2.0330612244897957E-002
          10   1.5367346938775520E-002
          11   1.7771428571428573E-002
          12   1.6987755102040824E-002
          13   2.2261224489795922E-002
          14   1.5567346938775518E-002
          15   1.7930612244897975E-002
          16   2.3346938775510209E-002
          17   2.2677551020408169E-002
          18   1.9416326530612239E-002
          19   1.8351020408163266E-002
          20   1.5632653061224491E-002
          21   2.2269387755102038E-002
          22   2.1326530612244897E-002
          23   1.9330612244897957E-002
          24   2.3644897959183665E-002
          25   2.2828571428571431E-002
          26   2.0293877551020415E-002
          27   2.4604081632653062E-002
          28   1.8648979591836739E-002
          29   2.0661224489795914E-002
          30   2.6379591836734693E-002
          31   1.7559183673469390E-002
          32   2.8571428571428577E-002
          33   1.6755102040816330E-002
          34   1.9636734693877552E-002
          35   1.8314285714285714E-002
          36   1.5048979591836729E-002
          37   2.4191836734693873E-002
          38   1.9881632653061223E-002
          39   1.7930612244897951E-002
          40   2.4889795918367340E-002
          41   1.8016326530612251E-002
          42   1.8714285714285718E-002
          43   1.9722448979591852E-002
          44   2.1473469387755104E-002
          45   1.9889795918367342E-002
          46   1.3130612244897972E-002
          47   2.4983673469387749E-002
          48   2.2759183673469394E-002
          49   2.5428571428571432E-002
          50   2.3502040816326532E-002
          51   1.8379591836734707E-002
          52   1.6163265306122457E-002
          53   1.7759183673469393E-002
          54   1.8599999999999998E-002
          55   2.1232653061224488E-002
          56   1.7665306122448977E-002
          57   2.4555102040816325E-002
          58   1.9342857142857151E-002
          59   2.0106122448979594E-002
          60   2.3657142857142856E-002
          61   2.1897959183673463E-002
          62   1.8987755102040826E-002
          63   2.7338775510204080E-002
          64   2.2502040816326528E-002
          65   1.9857142857142868E-002
          66   2.2151020408163271E-002
          67   2.3710204081632661E-002
          68   1.9457142857142860E-002
          69   2.4853061224489794E-002
          70   2.2526530612244900E-002
          71   1.8836734693877553E-002
          72   2.0840816326530610E-002
          73   2.2653061224489800E-002
          74   2.2228571428571417E-002
          75   2.0404081632653070E-002
          76   1.7824489795918365E-002
          77   2.2967346938775515E-002
          78   2.2040816326530613E-002
          79   1.5604081632653066E-002
          80   1.5848979591836745E-002
          81   2.2016326530612237E-002
          82   1.7979591836734695E-002
          83   2.2632653061224507E-002
          84   1.9167346938775510E-002
          85   2.9253061224489802E-002
          86   2.7289795918367350E-002
          87   2.0987755102040814E-002
          88   2.2567346938775504E-002
          89   3.0159183673469401E-002
          90   1.8800000000000001E-002
          91   2.2591836734693883E-002
          92   1.4608163265306125E-002
          93   1.6338775510204084E-002
          94   1.9706122448979596E-002
          95   2.0657142857142853E-002
          96   2.0697959183673471E-002
          97   2.1367346938775525E-002
          98   2.3869387755102039E-002
          99   2.2338775510204082E-002
         100   2.8036734693877539E-002
