           1   9.0657142857142881E-002
           2   9.4555102040816325E-002
           3   9.8702040816326539E-002
           4   9.3742857142857156E-002
           5   9.9591836734693850E-002
           6   9.1387755102040821E-002
           7   8.6000000000000021E-002
           8   9.1828571428571398E-002
           9   9.9951020408163269E-002
          10   9.2497959183673442E-002
          11   8.3244897959183689E-002
          12   8.9918367346938838E-002
          13   9.0844897959183643E-002
          14   9.2779591836734648E-002
          15   9.2514285714285674E-002
          16  0.10080408163265302     
          17   8.8440816326530600E-002
          18   8.1567346938775515E-002
          19   9.4097959183673474E-002
          20   8.0922448979591818E-002
          21  0.10482448979591841     
          22   9.5661224489795929E-002
          23   8.9857142857142872E-002
          24   7.8424489795918359E-002
          25   8.8453061224489773E-002
          26   8.1412244897959174E-002
          27   9.8820408163265330E-002
          28   9.1914285714285685E-002
          29   9.1465306122448964E-002
          30   9.8053061224489757E-002
          31   7.7889795918367352E-002
          32   9.2212244897959192E-002
          33   8.5346938775510181E-002
          34   8.2489795918367331E-002
          35   9.8571428571428546E-002
          36   9.4338775510204032E-002
          37   9.2771428571428616E-002
          38   9.3612244897959176E-002
          39  0.10158775510204082     
          40  0.10545714285714286     
          41   9.2261224489795873E-002
          42   7.8363265306122420E-002
          43   8.7289795918367344E-002
          44   9.2555102040816323E-002
          45   8.4130612244897970E-002
          46  0.10345714285714286     
          47   9.6783673469387765E-002
          48   9.1469387755102036E-002
          49   8.8620408163265316E-002
          50   9.3457142857142891E-002
          51   8.8612244897959200E-002
          52   9.1906122448979596E-002
          53   9.6440816326530593E-002
          54   9.4914285714285770E-002
          55   9.1004081632653056E-002
          56   9.4889795918367353E-002
          57   8.2012244897959191E-002
          58   9.8489795918367318E-002
          59   8.7661224489795936E-002
          60  0.10442448979591840     
          61   9.1318367346938739E-002
          62   8.8330612244897980E-002
          63   9.9702040816326581E-002
          64   9.4040816326530635E-002
          65   9.2755102040816328E-002
          66   9.4040816326530663E-002
          67   8.2775510204081609E-002
          68   9.2657142857142827E-002
          69   8.8302040816326532E-002
          70   9.4738775510204029E-002
          71   9.4191836734693848E-002
          72   8.4297959183673485E-002
          73   8.7767346938775484E-002
          74   8.5130612244897944E-002
          75   8.2093877551020447E-002
          76   9.8497959183673489E-002
          77   8.8587755102040810E-002
          78   8.8191836734693871E-002
          79   8.4134693877551042E-002
          80   8.4440816326530596E-002
          81   8.9567346938775549E-002
          82   8.5497959183673408E-002
          83   8.4032653061224483E-002
          84   9.5734693877551041E-002
          85   9.7738775510204087E-002
          86   8.2440816326530622E-002
          87   9.1722448979591795E-002
          88   9.4604081632653075E-002
          89   8.4212244897959199E-002
          90   7.9595918367346960E-002
          91   9.3338775510204072E-002
          92   9.4097959183673474E-002
          93   8.8942857142857171E-002
          94   8.3906122448979575E-002
          95  0.11621632653061217     
          96   8.8310204081632648E-002
          97   8.0726530612244912E-002
          98   9.0971428571428578E-002
          99   8.9208163265306090E-002
         100   9.7861224489795923E-002
