           1   4.0816326530612249E-003
           2   2.9387755102040815E-002
           3   2.5714285714285714E-002
           4   3.9591836734693880E-002
           5   6.8979591836734688E-002
           6   6.1632653061224486E-002
           7   8.1632653061224483E-002
           8   9.5510204081632646E-002
           9   5.1836734693877548E-002
          10   7.7551020408163267E-003
          11   3.2244897959183672E-002
          12   1.7959183673469388E-002
          13   6.5306122448979594E-003
          14   2.6530612244897958E-002
          15   2.6938775510204082E-002
          16   2.8979591836734694E-002
          17   1.0612244897959184E-002
          18   5.7551020408163268E-002
          19   2.4489795918367346E-002
          20   3.0204081632653063E-002
          21   3.7959183673469385E-002
          22   5.7959183673469389E-002
          23   4.9795918367346939E-002
          24   5.0204081632653060E-002
          25   4.2040816326530610E-002
          26   2.8571428571428571E-002
          27   6.2448979591836734E-002
          28   2.7755102040816326E-002
          29   2.1632653061224489E-002
          30   5.2244897959183675E-002
          31   4.0408163265306121E-002
          32   4.3265306122448978E-002
          33   2.4897959183673470E-002
          34   5.2244897959183675E-002
          35   2.8571428571428571E-002
          36   6.4897959183673470E-002
          37   7.3469387755102037E-003
          38   4.7346938775510203E-002
          39   6.2448979591836734E-002
          40   1.7551020408163264E-002
          41   3.3469387755102040E-002
          42   3.6326530612244896E-002
          43   0.0000000000000000     
          44   6.6122448979591839E-002
          45   4.7755102040816323E-002
          46   8.6938775510204083E-002
          47   5.9183673469387757E-002
          48   2.9387755102040815E-002
          49   1.2244897959183673E-003
          50   1.6734693877551020E-002
          51   3.8367346938775512E-002
          52   3.3061224489795919E-002
          53   8.9795918367346940E-003
          54   3.8367346938775512E-002
          55   5.3061224489795921E-003
          56   2.0000000000000000E-002
          57   7.7551020408163265E-002
          58   4.7755102040816323E-002
          59   5.0204081632653060E-002
          60   6.6938775510204079E-002
          61   1.5918367346938776E-002
          62   1.3061224489795919E-002
          63   7.7551020408163267E-003
          64   4.9387755102040819E-002
          65   2.2857142857142857E-002
          66   1.7142857142857144E-002
          67   4.8979591836734691E-003
          68   6.2040816326530614E-002
          69   5.0612244897959187E-002
          70   1.9591836734693877E-002
          71   1.1836734693877551E-002
          72   1.9591836734693877E-002
          73   7.7551020408163267E-003
          74   1.1428571428571429E-002
          75   8.1632653061224493E-004
          76   5.0612244897959187E-002
          77   1.6326530612244899E-003
          78   3.7142857142857144E-002
          79   5.7142857142857141E-002
          80   2.3265306122448981E-002
          81   1.5918367346938776E-002
          82   1.3877551020408163E-002
          83   9.7959183673469383E-003
          84   2.9387755102040815E-002
          85   4.8571428571428571E-002
          86   1.6326530612244899E-002
          87   2.8979591836734694E-002
          88   2.3673469387755101E-002
          89   2.0408163265306124E-003
          90   1.6326530612244899E-002
          91   2.4897959183673470E-002
          92   1.3061224489795919E-002
          93   4.0408163265306121E-002
          94   2.2040816326530613E-002
          95   1.5102040816326531E-002
          96   2.8571428571428571E-003
          97   1.2653061224489797E-002
          98   1.1836734693877551E-002
          99   6.6122448979591839E-002
         100   6.4081632653061230E-002
         101  0.10571428571428572     
         102   4.8163265306122451E-002
         103   7.7142857142857138E-002
         104   1.4693877551020407E-002
         105   1.9591836734693877E-002
         106   5.5102040816326532E-002
         107   2.0816326530612245E-002
         108   2.4897959183673470E-002
         109   2.4081632653061225E-002
         110   1.1428571428571429E-002
         111   3.6734693877551024E-002
         112   1.1836734693877551E-002
         113   2.6530612244897958E-002
         114   3.5918367346938776E-002
         115   2.3265306122448981E-002
         116   5.7142857142857143E-003
         117   6.1224489795918366E-002
         118   6.6938775510204079E-002
         119   9.4285714285714292E-002
         120   2.9795918367346939E-002
         121   1.3061224489795919E-002
         122   4.0408163265306121E-002
         123   4.2448979591836737E-002
         124   2.9795918367346939E-002
         125   3.8775510204081633E-002
         126   3.0612244897959183E-002
         127   4.2448979591836737E-002
         128   2.2448979591836733E-002
         129   1.7142857142857144E-002
         130   1.6326530612244899E-003
         131   1.6326530612244899E-003
         132   7.3469387755102037E-003
         133   1.0204081632653060E-002
         134   1.7551020408163264E-002
         135   1.6326530612244899E-003
         136   5.1428571428571428E-002
         137   2.6122448979591838E-002
         138   3.5918367346938776E-002
         139   5.0204081632653060E-002
         140   6.5306122448979594E-003
         141   6.1632653061224486E-002
         142   1.3061224489795919E-002
         143   2.2857142857142857E-002
         144   3.4693877551020408E-002
         145   3.4285714285714287E-002
         146   1.7551020408163264E-002
         147   2.4489795918367346E-002
         148   8.9795918367346940E-003
         149   2.2448979591836733E-002
         150   3.5918367346938776E-002
         151   9.5102040816326533E-002
         152   2.9795918367346939E-002
         153   1.4693877551020407E-002
         154   3.2244897959183672E-002
         155   2.0000000000000000E-002
         156   6.5306122448979594E-003
         157   6.4897959183673470E-002
         158   4.7346938775510203E-002
         159   1.0612244897959184E-002
         160   1.7959183673469388E-002
         161   1.9183673469387756E-002
         162   8.1632653061224497E-003
         163   7.7551020408163267E-003
         164   9.7959183673469383E-003
         165   2.0816326530612245E-002
         166   1.2244897959183673E-003
         167   1.0612244897959184E-002
         168   4.0816326530612246E-004
         169   7.7551020408163267E-003
         170   8.9795918367346940E-003
         171   4.8979591836734691E-003
         172   1.1020408163265306E-002
         173   5.1428571428571428E-002
         174   6.2448979591836734E-002
         175   4.0408163265306121E-002
         176   1.7142857142857144E-002
         177   5.1428571428571428E-002
         178   2.4081632653061225E-002
         179   6.1632653061224486E-002
         180   1.5102040816326531E-002
         181   7.4693877551020402E-002
         182   6.6530612244897966E-002
         183   8.3673469387755106E-002
         184   4.4897959183673466E-002
         185   4.0816326530612242E-002
         186   2.4489795918367346E-003
         187   5.7142857142857143E-003
         188   1.1428571428571429E-002
         189   1.9591836734693877E-002
         190   2.6122448979591838E-002
         191   1.4285714285714285E-002
         192   3.2653061224489797E-003
         193   7.3469387755102037E-003
         194   2.2040816326530613E-002
         195   4.8979591836734691E-003
         196   2.6122448979591838E-002
         197   2.9387755102040815E-002
         198   8.9795918367346940E-003
         199   5.7551020408163268E-002
         200   7.1428571428571425E-002
         201   2.2040816326530613E-002
         202   4.6530612244897962E-002
         203   8.6122448979591842E-002
         204   7.7959183673469393E-002
         205  0.11673469387755102     
         206   6.9795918367346943E-002
         207   6.2040816326530614E-002
         208   4.0408163265306121E-002
         209   1.2244897959183673E-003
         210   3.2244897959183672E-002
         211   4.5306122448979594E-002
         212   1.6326530612244899E-002
         213   4.5714285714285714E-002
         214   4.4897959183673470E-003
         215   1.3469387755102041E-002
         216   5.0612244897959187E-002
         217   6.0816326530612246E-002
         218   3.4693877551020408E-002
         219   6.1224489795918366E-002
         220   3.1428571428571431E-002
         221   4.2857142857142858E-002
         222   4.0816326530612242E-002
         223   5.5918367346938773E-002
         224   3.2244897959183672E-002
         225   8.5714285714285719E-003
         226   2.0816326530612245E-002
         227   8.1632653061224497E-003
         228   1.7142857142857144E-002
         229   6.8163265306122447E-002
         230   4.6530612244897962E-002
         231   3.9183673469387753E-002
         232   4.3265306122448978E-002
         233   7.3061224489795920E-002
         234   3.7551020408163265E-002
         235   6.3265306122448975E-002
         236   6.1224489795918364E-003
         237   3.5510204081632656E-002
         238   4.8979591836734691E-003
         239   2.6530612244897958E-002
         240   3.1428571428571431E-002
         241   2.7755102040816326E-002
         242   2.5714285714285714E-002
         243   2.6122448979591838E-002
         244   3.7142857142857144E-002
         245   2.3673469387755101E-002
         246   4.5714285714285714E-002
         247   1.0612244897959184E-002
         248   4.8571428571428571E-002
         249   2.6530612244897958E-002
         250   3.7959183673469385E-002
         251   1.7959183673469388E-002
         252   2.4489795918367346E-003
         253   5.3061224489795921E-003
         254   2.9387755102040815E-002
         255   4.0816326530612242E-002
         256   2.3673469387755101E-002
         257   7.0204081632653056E-002
         258   8.1632653061224493E-004
         259   5.3061224489795921E-003
         260   1.7551020408163264E-002
         261   3.2244897959183672E-002
         262   2.9387755102040815E-002
         263   5.8775510204081630E-002
         264   5.6326530612244900E-002
         265   2.2857142857142857E-002
         266   3.1020408163265307E-002
         267   7.7551020408163267E-003
         268   1.0204081632653060E-002
         269   3.6734693877551019E-003
         270   2.0816326530612245E-002
         271   2.8571428571428571E-002
         272   7.1836734693877552E-002
         273   7.7959183673469393E-002
         274   6.6938775510204079E-002
         275   5.1836734693877548E-002
         276  0.10122448979591837     
         277   7.5918367346938770E-002
         278   5.5918367346938773E-002
         279   2.6938775510204082E-002
         280   4.5306122448979594E-002
         281   3.7551020408163265E-002
         282   2.0000000000000000E-002
         283   1.3061224489795919E-002
         284   5.1836734693877548E-002
         285  0.14000000000000001     
         286   3.8775510204081633E-002
         287   1.2244897959183673E-003
         288   5.5102040816326532E-002
         289   4.5714285714285714E-002
         290   4.0816326530612242E-002
         291   5.3061224489795921E-003
         292   2.3673469387755101E-002
         293   6.9387755102040816E-003
         294   2.2857142857142857E-002
         295   4.7346938775510203E-002
         296   1.6326530612244899E-002
         297   9.7959183673469383E-003
         298   2.0408163265306121E-002
         299   4.8979591836734691E-003
         300   4.8571428571428571E-002
         301   5.7551020408163268E-002
         302   3.0204081632653063E-002
         303   6.5306122448979594E-003
         304   1.8367346938775512E-002
         305   2.5306122448979593E-002
         306   5.3061224489795921E-003
         307   1.6734693877551020E-002
         308   5.7142857142857143E-003
         309   8.1632653061224497E-003
         310   1.3877551020408163E-002
         311   4.8979591836734691E-003
         312   2.6530612244897958E-002
         313   1.1020408163265306E-002
         314   5.3061224489795916E-002
         315   3.1836734693877551E-002
         316   2.9387755102040815E-002
         317   2.0408163265306124E-003
         318   4.8979591836734691E-002
         319   7.6326530612244897E-002
         320  0.10244897959183673     
         321   4.4897959183673466E-002
         322   4.8979591836734691E-003
         323   3.7551020408163265E-002
         324   9.7959183673469383E-003
         325   8.1632653061224497E-003
         326   5.3061224489795921E-003
         327   2.1632653061224489E-002
         328   1.6734693877551020E-002
         329   2.5714285714285714E-002
         330   2.2857142857142857E-002
         331   1.1836734693877551E-002
         332   5.1836734693877548E-002
         333   8.1632653061224493E-004
         334   4.1224489795918369E-002
         335   3.4285714285714287E-002
         336   3.7959183673469385E-002
         337   1.1020408163265306E-002
         338   3.5918367346938776E-002
         339   2.8979591836734694E-002
         340   5.8367346938775509E-002
         341   2.2448979591836733E-002
         342   6.9387755102040816E-003
         343   3.7142857142857144E-002
         344   2.1224489795918369E-002
         345   2.6530612244897958E-002
         346   5.3061224489795916E-002
         347   2.6938775510204082E-002
         348   2.2040816326530613E-002
         349   1.5102040816326531E-002
         350   4.8979591836734691E-002
         351   4.1632653061224489E-002
         352   1.1836734693877551E-002
         353   3.1020408163265307E-002
         354   6.0816326530612246E-002
         355   7.8775510204081634E-002
         356   2.5306122448979593E-002
         357   5.5510204081632653E-002
         358   1.2244897959183673E-002
         359   1.1836734693877551E-002
         360   4.5714285714285714E-002
         361   4.8163265306122451E-002
         362   3.5102040816326528E-002
         363   5.6326530612244900E-002
         364   5.0612244897959187E-002
         365   3.7142857142857144E-002
         366   5.3061224489795921E-003
         367   2.1224489795918369E-002
         368   8.1632653061224497E-003
         369   1.5510204081632653E-002
         370   3.2653061224489797E-003
         371   1.3061224489795919E-002
         372   1.9591836734693877E-002
         373   2.2857142857142857E-002
         374   4.4489795918367346E-002
         375   6.2448979591836734E-002
         376   8.3265306122448979E-002
         377   6.5306122448979598E-002
         378   2.9387755102040815E-002
         379   5.6326530612244900E-002
         380   5.5102040816326532E-002
         381   5.3469387755102044E-002
         382   3.5510204081632656E-002
         383   1.0612244897959184E-002
         384   3.5102040816326528E-002
         385   6.5714285714285711E-002
         386   5.5102040816326532E-002
         387   4.2040816326530610E-002
         388   2.0816326530612245E-002
         389   5.2653061224489796E-002
         390   2.0000000000000000E-002
         391   2.0000000000000000E-002
         392   2.0408163265306124E-003
         393   2.2857142857142857E-002
         394   3.7551020408163265E-002
         395   2.8571428571428571E-002
         396   1.2244897959183673E-003
         397   4.7346938775510203E-002
         398   1.8775510204081632E-002
         399   4.5306122448979594E-002
         400   2.6530612244897958E-002
         401   1.8775510204081632E-002
         402   3.1428571428571431E-002
         403   4.9795918367346939E-002
         404   8.9795918367346940E-003
         405   3.5510204081632656E-002
         406   5.3061224489795916E-002
         407   5.7142857142857143E-003
         408   5.6326530612244900E-002
         409  0.10489795918367346     
         410   1.4285714285714285E-002
         411   5.5918367346938773E-002
         412   6.1224489795918366E-002
         413   2.6938775510204082E-002
         414   8.9795918367346940E-003
         415   2.4489795918367346E-003
         416   1.9183673469387756E-002
         417   2.4489795918367346E-002
         418   8.5714285714285719E-003
         419   1.9183673469387756E-002
         420   1.1428571428571429E-002
         421   4.8979591836734691E-002
         422   2.3673469387755101E-002
         423   3.6734693877551019E-003
         424   4.0816326530612246E-004
         425   4.3673469387755105E-002
         426   3.3469387755102040E-002
         427   3.1836734693877551E-002
         428   4.0816326530612249E-003
         429   2.9795918367346939E-002
         430   9.3877551020408161E-003
         431   4.9387755102040819E-002
         432   2.2857142857142857E-002
         433   5.6734693877551021E-002
         434   2.4489795918367346E-003
         435   3.4285714285714287E-002
         436   4.1632653061224489E-002
         437   8.9387755102040820E-002
         438   5.4285714285714284E-002
         439   6.1224489795918366E-002
         440   4.4897959183673470E-003
         441   5.7142857142857143E-003
         442   4.3265306122448978E-002
         443   3.2653061224489797E-003
         444   1.8775510204081632E-002
         445   1.5918367346938776E-002
         446   2.7755102040816326E-002
         447   2.8571428571428571E-002
         448   2.3673469387755101E-002
         449   1.2244897959183673E-003
         450   6.9387755102040816E-002
         451   9.4285714285714292E-002
         452  0.11061224489795918     
         453   6.6122448979591839E-002
         454   2.3265306122448981E-002
         455   7.1020408163265311E-002
         456   2.7346938775510202E-002
         457   7.3877551020408161E-002
         458   8.5714285714285719E-003
         459   3.2653061224489797E-003
         460   4.0408163265306121E-002
         461   6.4489795918367343E-002
         462   4.4489795918367346E-002
         463   7.9591836734693874E-002
         464   8.8979591836734692E-002
         465   9.1020408163265301E-002
         466   4.2448979591836737E-002
         467   3.1428571428571431E-002
         468   5.9999999999999998E-002
         469   2.7755102040816326E-002
         470   5.0612244897959187E-002
         471   2.4897959183673470E-002
         472   4.9387755102040819E-002
         473   3.2653061224489797E-003
         474   3.2653061224489797E-003
         475   3.7551020408163265E-002
         476   3.5102040816326528E-002
         477   9.7959183673469383E-003
         478   5.7142857142857143E-003
         479   8.5714285714285719E-003
         480   2.3265306122448981E-002
         481   1.6326530612244899E-002
         482   1.8367346938775512E-002
         483   1.2244897959183673E-002
         484   1.7142857142857144E-002
         485   3.5510204081632656E-002
         486   8.9795918367346940E-003
         487   1.5918367346938776E-002
         488   1.2244897959183673E-003
         489   2.7755102040816326E-002
         490   3.5102040816326528E-002
         491   1.3469387755102041E-002
         492   4.3673469387755105E-002
         493   6.2040816326530614E-002
         494   9.7959183673469383E-003
         495   2.4489795918367346E-002
         496   5.0204081632653060E-002
         497   1.1836734693877551E-002
         498   1.0204081632653060E-002
         499   4.1632653061224489E-002
         500   1.2244897959183673E-002
         501   3.6734693877551019E-003
         502   1.4693877551020407E-002
         503   1.1428571428571429E-002
         504   2.5306122448979593E-002
         505   5.5102040816326532E-002
         506  0.11510204081632654     
         507   5.8775510204081630E-002
         508   6.5306122448979594E-003
         509   3.2653061224489799E-002
         510   4.5714285714285714E-002
         511   4.0408163265306121E-002
         512   1.5918367346938776E-002
         513   7.1428571428571425E-002
         514   3.3877551020408160E-002
         515   1.4285714285714285E-002
         516   6.6938775510204079E-002
         517   3.9591836734693880E-002
         518   3.5102040816326528E-002
         519   1.8367346938775512E-002
         520   5.2653061224489796E-002
         521   5.1836734693877548E-002
         522   2.5714285714285714E-002
         523   1.6326530612244899E-003
         524   3.9183673469387753E-002
         525   1.3877551020408163E-002
         526   3.8775510204081633E-002
         527   3.7959183673469385E-002
         528   2.8571428571428571E-002
         529   8.1632653061224493E-004
         530   3.3061224489795919E-002
         531   6.4897959183673470E-002
         532   4.6122448979591835E-002
         533   2.8571428571428571E-003
         534   1.3877551020408163E-002
         535   5.7142857142857143E-003
         536   4.1632653061224489E-002
         537   3.8775510204081633E-002
         538   3.2653061224489799E-002
         539   4.3673469387755105E-002
         540   1.3469387755102041E-002
         541   1.3061224489795919E-002
         542   5.8775510204081630E-002
         543   5.3469387755102044E-002
         544   4.0816326530612242E-002
         545   3.9183673469387753E-002
         546   4.7346938775510203E-002
         547   1.8367346938775512E-002
         548   2.1224489795918369E-002
         549   2.0408163265306124E-003
         550   7.7551020408163267E-003
         551   1.1428571428571429E-002
         552   2.0408163265306124E-003
         553   3.5510204081632656E-002
         554   1.1020408163265306E-002
         555   5.1020408163265307E-002
         556   3.6734693877551019E-003
         557   2.4489795918367346E-002
         558   4.9795918367346939E-002
         559   1.7142857142857144E-002
         560   9.0612244897959188E-002
         561   8.7755102040816324E-002
         562   4.6938775510204082E-002
         563   2.0408163265306124E-003
         564   3.8367346938775512E-002
         565   3.2653061224489799E-002
         566   1.3061224489795919E-002
         567   5.1836734693877548E-002
         568   2.8571428571428571E-002
         569   5.7959183673469389E-002
         570   4.4081632653061226E-002
         571   1.9591836734693877E-002
         572   3.2653061224489797E-003
         573   2.0816326530612245E-002
         574   1.5102040816326531E-002
         575   2.3673469387755101E-002
         576   6.4489795918367343E-002
         577   1.7551020408163264E-002
         578   3.2653061224489799E-002
         579   3.1836734693877551E-002
         580   2.0816326530612245E-002
         581   6.4489795918367343E-002
         582   3.2653061224489799E-002
         583   5.3469387755102044E-002
         584   1.8775510204081632E-002
         585   1.0204081632653060E-002
         586   3.4285714285714287E-002
         587   8.5714285714285719E-003
         588   1.4693877551020407E-002
         589   9.4285714285714292E-002
         590   7.9591836734693874E-002
         591   4.3265306122448978E-002
         592   4.2857142857142858E-002
         593   2.0408163265306121E-002
         594   9.7959183673469383E-003
         595   5.7142857142857143E-003
         596   3.5918367346938776E-002
         597   1.7551020408163264E-002
         598   8.1632653061224493E-004
         599   5.5102040816326532E-002
         600   5.3061224489795921E-003
         601   2.4081632653061225E-002
         602   1.2244897959183673E-002
         603   2.3265306122448981E-002
         604   5.2653061224489796E-002
         605   4.9387755102040819E-002
         606   8.5714285714285719E-003
         607   1.8775510204081632E-002
         608   3.1020408163265307E-002
         609   1.6326530612244899E-002
         610   3.9183673469387753E-002
         611   1.3061224489795919E-002
         612   3.5918367346938776E-002
         613   6.2040816326530614E-002
         614   5.0612244897959187E-002
         615   1.5102040816326531E-002
         616   7.3469387755102037E-003
         617   5.8367346938775509E-002
         618   8.6122448979591842E-002
         619   1.5510204081632653E-002
         620   3.5102040816326528E-002
         621   2.3265306122448981E-002
         622   4.0816326530612249E-003
         623   1.9183673469387756E-002
         624   2.0000000000000000E-002
         625   8.1632653061224497E-003
         626   4.0816326530612246E-004
         627   1.0204081632653060E-002
         628   2.2857142857142857E-002
         629   1.1836734693877551E-002
         630   5.3061224489795921E-003
         631   4.7755102040816323E-002
         632   3.5510204081632656E-002
         633   2.1224489795918369E-002
         634   5.0204081632653060E-002
         635   1.4285714285714285E-002
         636   3.2653061224489797E-003
         637   3.2653061224489797E-003
         638   2.6530612244897958E-002
         639   6.9387755102040816E-003
         640   9.3877551020408161E-003
         641   1.7142857142857144E-002
         642   2.4489795918367346E-003
         643   5.5102040816326532E-002
         644   3.4285714285714287E-002
         645   2.7346938775510202E-002
         646   1.2244897959183673E-002
         647   7.4285714285714288E-002
         648   9.3469387755102037E-002
         649   9.5510204081632646E-002
         650   6.0408163265306125E-002
         651   7.4693877551020402E-002
         652   3.0204081632653063E-002
         653   7.7142857142857138E-002
         654   6.6122448979591839E-002
         655   5.6326530612244900E-002
         656   1.1428571428571429E-002
         657   3.5510204081632656E-002
         658   8.9387755102040820E-002
         659  0.11061224489795918     
         660  0.11183673469387755     
         661  0.12204081632653062     
         662   4.6530612244897962E-002
         663   2.8571428571428571E-003
         664   4.2448979591836737E-002
         665   1.1428571428571429E-002
         666   3.2244897959183672E-002
         667   1.1428571428571429E-002
         668   1.2244897959183673E-002
         669   3.0612244897959183E-002
         670   1.7551020408163264E-002
         671   3.6734693877551024E-002
         672   7.7551020408163267E-003
         673   1.2244897959183673E-003
         674   2.7755102040816326E-002
         675   1.6326530612244899E-002
         676   4.4897959183673470E-003
         677   7.3469387755102037E-003
         678   2.1224489795918369E-002
         679   1.3469387755102041E-002
         680   4.0816326530612249E-003
         681   7.7551020408163267E-003
         682   5.1428571428571428E-002
         683   3.5510204081632656E-002
         684   1.4693877551020407E-002
         685   2.9795918367346939E-002
         686   2.3673469387755101E-002
         687   1.3877551020408163E-002
         688   3.2653061224489797E-003
         689   2.7755102040816326E-002
         690   2.0408163265306121E-002
         691   1.1428571428571429E-002
         692   7.5102040816326529E-002
         693   4.0000000000000001E-002
         694   1.3877551020408163E-002
         695   4.6122448979591835E-002
         696   3.8367346938775512E-002
         697   2.0000000000000000E-002
         698   4.8571428571428571E-002
         699   8.1632653061224493E-004
         700   2.2448979591836733E-002
         701   3.6326530612244896E-002
         702   1.7551020408163264E-002
         703   3.3061224489795919E-002
         704   7.3061224489795920E-002
         705   6.7346938775510207E-002
         706   4.8979591836734691E-003
         707   2.0000000000000000E-002
         708   1.0612244897959184E-002
         709   1.6734693877551020E-002
         710   4.4489795918367346E-002
         711   3.2653061224489799E-002
         712   6.7346938775510207E-002
         713   2.0000000000000000E-002
         714   3.6326530612244896E-002
         715   2.2040816326530613E-002
         716   2.6530612244897958E-002
         717   4.8163265306122451E-002
         718   3.2244897959183672E-002
         719   6.2040816326530614E-002
         720   3.8367346938775512E-002
         721   2.0000000000000000E-002
         722   3.2653061224489799E-002
         723   5.1428571428571428E-002
         724   2.4081632653061225E-002
         725   1.6734693877551020E-002
         726   4.4897959183673470E-003
         727   1.6326530612244899E-002
         728   5.7142857142857143E-003
         729   2.1632653061224489E-002
         730   8.5714285714285719E-003
         731   4.2040816326530610E-002
         732   3.0204081632653063E-002
         733   2.7755102040816326E-002
         734   3.1428571428571431E-002
         735   3.3469387755102040E-002
         736   1.6326530612244899E-002
         737   5.0612244897959187E-002
         738   2.0408163265306121E-002
         739   4.2448979591836737E-002
         740   1.5102040816326531E-002
         741   1.4693877551020407E-002
         742   5.0612244897959187E-002
         743   5.9183673469387757E-002
         744   5.9591836734693877E-002
         745   5.3061224489795921E-003
         746   3.6326530612244896E-002
         747   7.7551020408163267E-003
         748   8.1632653061224497E-003
         749   2.1632653061224489E-002
         750   1.0204081632653060E-002
         751   2.8979591836734694E-002
         752   5.7142857142857141E-002
         753   5.7142857142857141E-002
         754   1.3061224489795919E-002
         755   2.6122448979591838E-002
         756   6.5306122448979598E-002
         757   6.2040816326530614E-002
         758   4.8979591836734691E-002
         759   4.8979591836734691E-002
         760   5.0204081632653060E-002
         761   8.5714285714285715E-002
         762   5.8775510204081630E-002
         763   2.5714285714285714E-002
         764   5.9183673469387757E-002
         765   5.6734693877551021E-002
         766   3.9591836734693880E-002
         767   2.5306122448979593E-002
         768   2.0408163265306124E-003
         769   2.7755102040816326E-002
         770   2.4489795918367346E-002
         771   2.8571428571428571E-003
         772   2.9795918367346939E-002
         773   1.0612244897959184E-002
         774   2.6530612244897958E-002
         775   2.9387755102040815E-002
         776   6.1224489795918364E-003
         777   2.7755102040816326E-002
         778   6.5306122448979598E-002
         779   3.1428571428571431E-002
         780   3.2653061224489799E-002
         781   4.6122448979591835E-002
         782   6.6938775510204079E-002
         783   8.5714285714285719E-003
         784   2.7346938775510202E-002
         785   1.3469387755102041E-002
         786   3.6734693877551024E-002
         787   3.9591836734693880E-002
         788   1.5102040816326531E-002
         789   4.4489795918367346E-002
         790   1.0612244897959184E-002
         791   3.1836734693877551E-002
         792   1.1428571428571429E-002
         793   8.1632653061224493E-004
         794   7.7551020408163267E-003
         795   2.4081632653061225E-002
         796   2.0408163265306121E-002
         797   1.8367346938775512E-002
         798   5.3469387755102044E-002
         799   3.3061224489795919E-002
         800   2.7346938775510202E-002
         801   9.8775510204081637E-002
         802   6.1224489795918366E-002
         803   5.1428571428571428E-002
         804   5.7142857142857141E-002
         805   4.1632653061224489E-002
         806   7.9591836734693874E-002
         807   6.3673469387755102E-002
         808   8.8163265306122451E-002
         809   3.0612244897959183E-002
         810   8.5714285714285719E-003
         811   2.4489795918367346E-003
         812   5.3061224489795921E-003
         813   2.5714285714285714E-002
         814   1.6734693877551020E-002
         815   3.7551020408163265E-002
         816   3.4285714285714287E-002
         817   3.7551020408163265E-002
         818   9.1020408163265301E-002
         819   1.4285714285714285E-002
         820   1.1428571428571429E-002
         821   1.0612244897959184E-002
         822   2.6530612244897958E-002
         823   5.7551020408163268E-002
         824   6.8571428571428575E-002
         825   1.2244897959183673E-002
         826   3.5510204081632656E-002
         827   2.7346938775510202E-002
         828   3.2653061224489797E-003
         829   2.0408163265306124E-003
         830   5.3061224489795921E-003
         831   3.4693877551020408E-002
         832   1.1020408163265306E-002
         833   2.4489795918367346E-003
         834   1.9183673469387756E-002
         835   8.5714285714285719E-003
         836   2.4489795918367346E-003
         837   3.7959183673469385E-002
         838   8.1632653061224493E-004
         839   3.6734693877551024E-002
         840   3.6734693877551024E-002
         841   1.2653061224489797E-002
         842   4.3673469387755105E-002
         843   1.5102040816326531E-002
         844   2.3673469387755101E-002
         845   2.4489795918367346E-002
         846   1.7142857142857144E-002
         847   9.7551020408163269E-002
         848   8.1224489795918370E-002
         849   9.0204081632653060E-002
         850  0.10326530612244898     
         851   9.5918367346938774E-002
         852   4.6122448979591835E-002
         853   1.2244897959183673E-002
         854   1.1020408163265306E-002
         855   8.1632653061224493E-004
         856   1.8367346938775512E-002
         857   1.6734693877551020E-002
         858   1.2244897959183673E-003
         859   3.2653061224489799E-002
         860   1.3469387755102041E-002
         861   3.2653061224489797E-003
         862   5.9591836734693877E-002
         863   3.0204081632653063E-002
         864   1.8775510204081632E-002
         865   1.7142857142857144E-002
         866   8.1632653061224493E-004
         867   3.7551020408163265E-002
         868   2.8163265306122450E-002
         869   2.0816326530612245E-002
         870   1.1428571428571429E-002
         871   5.5918367346938773E-002
         872   5.7551020408163268E-002
         873   7.6734693877551025E-002
         874   3.2653061224489799E-002
         875   4.5714285714285714E-002
         876   7.7551020408163267E-003
         877   2.4489795918367346E-003
         878   4.0816326530612249E-003
         879   5.3877551020408164E-002
         880   9.5102040816326533E-002
         881   5.1836734693877548E-002
         882   1.3877551020408163E-002
         883   5.0612244897959187E-002
         884   3.1836734693877551E-002
         885   5.3061224489795921E-003
         886   6.9387755102040816E-003
         887   3.3061224489795919E-002
         888   5.1428571428571428E-002
         889   1.6326530612244899E-003
         890   3.7551020408163265E-002
         891   1.2244897959183673E-003
         892   5.1428571428571428E-002
         893   0.0000000000000000     
         894   9.7959183673469383E-003
         895   3.6734693877551024E-002
         896   4.9387755102040819E-002
         897   1.0204081632653060E-002
         898   2.8571428571428571E-003
         899   5.2244897959183675E-002
         900   3.0612244897959183E-002
         901   5.9183673469387757E-002
         902   2.0000000000000000E-002
         903   2.8979591836734694E-002
         904   4.6530612244897962E-002
         905   1.1836734693877551E-002
         906   2.5714285714285714E-002
         907   1.0612244897959184E-002
         908   2.1632653061224489E-002
         909   5.9183673469387757E-002
         910   5.7551020408163268E-002
         911   1.1428571428571429E-002
         912   3.5102040816326528E-002
         913   3.9183673469387753E-002
         914   2.8571428571428571E-002
         915   3.1020408163265307E-002
         916   7.3061224489795920E-002
         917   5.0612244897959187E-002
         918   1.6326530612244899E-002
         919   2.3265306122448981E-002
         920   3.1428571428571431E-002
         921   2.2448979591836733E-002
         922   3.5510204081632656E-002
         923   8.4081632653061220E-002
         924   1.0612244897959184E-002
         925   1.6326530612244899E-003
         926   4.9795918367346939E-002
         927   1.3877551020408163E-002
         928   0.0000000000000000     
         929   4.0408163265306121E-002
         930   2.6938775510204082E-002
         931   7.7959183673469393E-002
         932   3.9591836734693880E-002
         933   3.6734693877551019E-003
         934   1.0204081632653060E-002
         935   1.4285714285714285E-002
         936   7.9183673469387761E-002
         937   6.5306122448979598E-002
         938   1.4285714285714285E-002
         939   2.5306122448979593E-002
         940   7.3469387755102047E-002
         941   7.8775510204081634E-002
         942   2.2857142857142857E-002
         943   1.6326530612244899E-002
         944   1.6326530612244899E-003
         945   4.4897959183673470E-003
         946   8.5714285714285719E-003
         947   2.0408163265306121E-002
         948   3.1020408163265307E-002
         949   1.6734693877551020E-002
         950   2.8979591836734694E-002
         951   2.9795918367346939E-002
         952   1.3877551020408163E-002
         953   1.3061224489795919E-002
         954   2.2857142857142857E-002
         955   6.8163265306122447E-002
         956   9.7959183673469383E-002
         957   8.5714285714285719E-003
         958   3.8775510204081633E-002
         959   2.5714285714285714E-002
         960   6.8163265306122447E-002
         961   1.5102040816326531E-002
         962   4.0816326530612249E-003
         963   1.0204081632653060E-002
         964   3.4693877551020408E-002
         965   3.2244897959183672E-002
         966   8.9795918367346940E-003
         967   1.6326530612244899E-002
         968   3.5102040816326528E-002
         969   1.0612244897959184E-002
         970   2.4489795918367346E-003
         971   1.7959183673469388E-002
         972   2.5306122448979593E-002
         973   1.6734693877551020E-002
         974   9.3877551020408161E-003
         975   7.7551020408163267E-003
         976   1.3061224489795919E-002
         977   3.1836734693877551E-002
         978   6.3673469387755102E-002
         979   8.8571428571428565E-002
         980   3.7551020408163265E-002
         981   2.9387755102040815E-002
         982   6.8979591836734688E-002
         983   2.4897959183673470E-002
         984   5.1836734693877548E-002
         985   3.7959183673469385E-002
         986   5.1428571428571428E-002
         987   2.0000000000000000E-002
         988   4.7346938775510203E-002
         989   6.4489795918367343E-002
         990   4.6938775510204082E-002
         991   8.8979591836734692E-002
         992   6.3265306122448975E-002
         993   8.0816326530612242E-002
         994   5.8775510204081630E-002
         995   1.2653061224489797E-002
         996   1.6734693877551020E-002
         997   2.4489795918367346E-003
         998   4.6938775510204082E-002
         999   1.4693877551020407E-002
        1000   4.4897959183673470E-003
        1001   1.1020408163265306E-002
        1002   4.4897959183673470E-003
        1003   4.1224489795918369E-002
        1004   2.3265306122448981E-002
        1005   2.4081632653061225E-002
        1006   4.8979591836734691E-003
        1007   8.1632653061224497E-003
        1008   3.0612244897959183E-002
        1009   6.9387755102040816E-003
        1010   3.3877551020408160E-002
        1011   2.9795918367346939E-002
        1012   4.3673469387755105E-002
        1013   2.4081632653061225E-002
        1014   4.8979591836734691E-003
        1015   6.9387755102040816E-003
        1016   2.9387755102040815E-002
        1017   4.0000000000000001E-002
        1018  0.10367346938775510     
        1019   7.0204081632653056E-002
        1020   3.8775510204081633E-002
        1021   2.8979591836734694E-002
        1022   2.4081632653061225E-002
        1023   2.3265306122448981E-002
        1024   5.0612244897959187E-002
        1025   4.7755102040816323E-002
        1026   2.9387755102040815E-002
        1027   1.8775510204081632E-002
        1028   3.4285714285714287E-002
        1029   3.2653061224489799E-002
        1030   2.8571428571428571E-003
        1031   2.8571428571428571E-003
        1032   0.0000000000000000     
        1033   8.5714285714285719E-003
        1034   1.4285714285714285E-002
        1035   8.1632653061224493E-004
        1036   5.3469387755102044E-002
        1037   3.9591836734693880E-002
        1038   8.9795918367346940E-003
        1039   1.1020408163265306E-002
        1040   8.9795918367346940E-003
        1041   5.1020408163265307E-002
        1042   4.1224489795918369E-002
        1043   2.8571428571428571E-003
        1044   1.7959183673469388E-002
        1045   4.2040816326530610E-002
        1046   8.1632653061224497E-003
        1047   4.0408163265306121E-002
        1048   1.5102040816326531E-002
        1049   2.0408163265306124E-003
        1050   4.4081632653061226E-002
        1051   2.2857142857142857E-002
        1052   2.4897959183673470E-002
        1053   2.4489795918367346E-002
        1054   1.2244897959183673E-002
        1055   1.1428571428571429E-002
        1056   8.9795918367346940E-003
        1057   3.0204081632653063E-002
        1058   1.4693877551020407E-002
        1059   9.9183673469387751E-002
        1060   4.8979591836734691E-002
        1061   4.0816326530612242E-002
        1062   4.0816326530612249E-003
        1063   5.7142857142857143E-003
        1064   0.0000000000000000     
        1065   1.1428571428571429E-002
        1066   7.1428571428571425E-002
        1067   8.8571428571428565E-002
        1068   5.7142857142857141E-002
        1069   3.4285714285714287E-002
        1070   3.6326530612244896E-002
        1071   2.9795918367346939E-002
        1072   8.1632653061224493E-004
        1073   2.4489795918367346E-003
        1074   1.2244897959183673E-003
        1075   2.1632653061224489E-002
        1076   9.3877551020408161E-003
        1077   3.0204081632653063E-002
        1078   5.7142857142857143E-003
        1079   4.1224489795918369E-002
        1080   2.6938775510204082E-002
        1081   8.5714285714285719E-003
        1082   2.4081632653061225E-002
        1083   2.3265306122448981E-002
        1084   4.3673469387755105E-002
        1085   4.9387755102040819E-002
        1086   3.6326530612244896E-002
        1087   2.0408163265306121E-002
        1088   7.7551020408163267E-003
        1089   4.4897959183673470E-003
        1090   3.7142857142857144E-002
        1091   6.2448979591836734E-002
        1092   5.5918367346938773E-002
        1093   5.5102040816326532E-002
        1094   6.1632653061224486E-002
        1095   4.2857142857142858E-002
        1096   1.2244897959183673E-003
        1097   1.9591836734693877E-002
        1098   2.4489795918367346E-003
        1099   7.3877551020408161E-002
        1100   1.0612244897959184E-002
        1101   1.0204081632653060E-002
        1102   3.9183673469387753E-002
        1103   1.2653061224489797E-002
        1104   4.8979591836734691E-002
        1105   3.7142857142857144E-002
        1106   8.0408163265306129E-002
        1107   8.3265306122448979E-002
        1108   7.3469387755102047E-002
        1109   8.9795918367346940E-003
        1110   1.4693877551020407E-002
        1111   3.5918367346938776E-002
        1112   8.3673469387755106E-002
        1113   3.4285714285714287E-002
        1114   4.3265306122448978E-002
        1115   3.6734693877551019E-003
        1116   1.0612244897959184E-002
        1117   6.5306122448979594E-003
        1118   4.4897959183673470E-003
        1119   2.8979591836734694E-002
        1120   8.5714285714285719E-003
        1121   5.0204081632653060E-002
        1122   2.2448979591836733E-002
        1123   5.3061224489795916E-002
        1124   4.5306122448979594E-002
        1125   5.2653061224489796E-002
        1126   2.1224489795918369E-002
        1127   5.3061224489795921E-003
        1128   2.6938775510204082E-002
        1129   2.8163265306122450E-002
        1130   3.5918367346938776E-002
        1131   5.9183673469387757E-002
        1132   7.5102040816326529E-002
        1133   5.7142857142857141E-002
        1134   3.0204081632653063E-002
        1135   5.7959183673469389E-002
        1136   1.7551020408163264E-002
        1137   4.4897959183673470E-003
        1138   1.9591836734693877E-002
        1139   3.5918367346938776E-002
        1140   2.0408163265306121E-002
        1141   5.7959183673469389E-002
        1142   2.9795918367346939E-002
        1143   5.2653061224489796E-002
        1144   8.2040816326530611E-002
        1145   8.9795918367346933E-002
        1146   1.6734693877551020E-002
        1147   6.3265306122448975E-002
        1148   1.9183673469387756E-002
        1149   5.8367346938775509E-002
        1150   4.3265306122448978E-002
        1151   3.2244897959183672E-002
        1152   6.7755102040816320E-002
        1153   5.7959183673469389E-002
        1154   1.2244897959183673E-002
        1155   2.8979591836734694E-002
        1156   1.4693877551020407E-002
        1157   1.0612244897959184E-002
        1158   6.0816326530612246E-002
        1159   2.8163265306122450E-002
        1160   2.2040816326530613E-002
        1161   2.2040816326530613E-002
        1162   2.9387755102040815E-002
        1163   1.8367346938775512E-002
        1164   4.9795918367346939E-002
        1165   8.1632653061224497E-003
        1166   1.0204081632653060E-002
        1167   2.8163265306122450E-002
        1168   1.1020408163265306E-002
        1169   1.7551020408163264E-002
        1170   1.2653061224489797E-002
        1171   2.8979591836734694E-002
        1172   6.5306122448979594E-003
        1173   3.7551020408163265E-002
        1174   2.4489795918367346E-003
        1175   2.6530612244897958E-002
        1176   4.4897959183673470E-003
        1177   5.5102040816326532E-002
        1178   3.3877551020408160E-002
        1179   5.7959183673469389E-002
        1180   1.7551020408163264E-002
        1181   3.3877551020408160E-002
        1182   2.0000000000000000E-002
        1183   3.7551020408163265E-002
        1184   2.5714285714285714E-002
        1185   3.5102040816326528E-002
        1186   5.1836734693877548E-002
        1187   4.8571428571428571E-002
        1188   2.1632653061224489E-002
        1189   1.1428571428571429E-002
        1190   4.8979591836734691E-003
        1191   1.3877551020408163E-002
        1192   1.0612244897959184E-002
        1193   9.3877551020408161E-003
        1194   1.8367346938775512E-002
        1195   2.2857142857142857E-002
        1196   9.4693877551020406E-002
        1197   6.6122448979591839E-002
        1198   9.8367346938775510E-002
        1199   3.0612244897959183E-002
        1200   5.9591836734693877E-002
        1201   4.0408163265306121E-002
        1202   3.2244897959183672E-002
        1203   1.9591836734693877E-002
        1204   1.6326530612244899E-003
        1205   2.5714285714285714E-002
        1206   4.6122448979591835E-002
        1207   2.9795918367346939E-002
        1208   3.5102040816326528E-002
        1209   4.6530612244897962E-002
        1210   3.4693877551020408E-002
        1211   2.6938775510204082E-002
        1212   1.6326530612244899E-002
        1213   3.0204081632653063E-002
        1214   1.5918367346938776E-002
        1215   1.0204081632653060E-002
        1216   1.9183673469387756E-002
        1217   2.3265306122448981E-002
        1218   2.1632653061224489E-002
        1219   3.1428571428571431E-002
        1220   4.4897959183673466E-002
        1221   2.9795918367346939E-002
        1222   1.2244897959183673E-003
        1223   7.3469387755102037E-003
        1224   2.2448979591836733E-002
        1225   3.6734693877551024E-002
        1226   3.0612244897959183E-002
        1227   3.3877551020408160E-002
        1228   1.9591836734693877E-002
        1229   2.2857142857142857E-002
        1230   9.7142857142857142E-002
        1231   1.5510204081632653E-002
        1232   3.1836734693877551E-002
        1233   3.2653061224489799E-002
        1234   9.6734693877551015E-002
        1235   9.1020408163265301E-002
        1236   2.2040816326530613E-002
        1237   9.7959183673469383E-003
        1238   2.6530612244897958E-002
        1239   1.4693877551020407E-002
        1240   1.2244897959183673E-002
        1241   4.0816326530612246E-004
        1242   3.0204081632653063E-002
        1243   5.6734693877551021E-002
        1244   3.5510204081632656E-002
        1245   4.4081632653061226E-002
        1246   1.2244897959183673E-002
        1247   5.5918367346938773E-002
        1248   4.1632653061224489E-002
        1249   2.5306122448979593E-002
        1250   3.5918367346938776E-002
        1251   1.1428571428571429E-002
        1252   5.3061224489795921E-003
        1253   2.8163265306122450E-002
        1254   1.3469387755102041E-002
        1255   1.7551020408163264E-002
        1256   4.8979591836734691E-003
        1257   2.0408163265306124E-003
        1258   8.1632653061224497E-003
        1259   7.3469387755102037E-003
        1260   2.4489795918367346E-003
        1261   8.1632653061224493E-004
        1262   2.8571428571428571E-003
        1263   2.5714285714285714E-002
        1264   1.1428571428571429E-002
        1265   1.4693877551020407E-002
        1266   5.3061224489795916E-002
        1267   2.8979591836734694E-002
        1268   3.1020408163265307E-002
        1269   6.5306122448979594E-003
        1270   8.9795918367346940E-003
        1271   4.8979591836734691E-003
        1272   2.9795918367346939E-002
        1273   7.3469387755102037E-003
        1274   6.4897959183673470E-002
        1275   4.0816326530612249E-003
        1276   2.9387755102040815E-002
        1277   2.4897959183673470E-002
        1278   1.9183673469387756E-002
        1279   2.2857142857142857E-002
        1280   6.6530612244897966E-002
        1281   6.1632653061224486E-002
        1282   8.1632653061224493E-004
        1283   3.2653061224489799E-002
        1284   1.6326530612244899E-002
        1285   2.4489795918367346E-003
        1286   1.4285714285714285E-002
        1287   5.7959183673469389E-002
        1288   3.3469387755102040E-002
        1289   1.0612244897959184E-002
        1290   4.2448979591836737E-002
        1291   8.9795918367346940E-003
        1292   3.3469387755102040E-002
        1293   2.4489795918367346E-003
        1294   7.7551020408163267E-003
        1295   2.3673469387755101E-002
        1296   5.1428571428571428E-002
        1297   6.1224489795918364E-003
        1298   1.2244897959183673E-003
        1299   6.4897959183673470E-002
        1300   9.5510204081632646E-002
        1301   7.0612244897959184E-002
        1302   3.2653061224489799E-002
        1303   1.6326530612244899E-003
        1304   9.7959183673469383E-003
        1305   1.6326530612244899E-002
        1306   6.4489795918367343E-002
        1307   6.4489795918367343E-002
        1308   9.3469387755102037E-002
        1309   5.9183673469387757E-002
        1310   3.8367346938775512E-002
        1311   9.3877551020408161E-003
        1312   1.2244897959183673E-003
        1313   1.1836734693877551E-002
        1314   4.1224489795918369E-002
        1315   5.1836734693877548E-002
        1316   4.6122448979591835E-002
        1317   5.4693877551020405E-002
        1318   5.5510204081632653E-002
        1319   4.0408163265306121E-002
        1320   4.2040816326530610E-002
        1321   9.7959183673469383E-003
        1322   1.1020408163265306E-002
        1323   1.1836734693877551E-002
        1324   1.8367346938775512E-002
        1325   1.4285714285714285E-002
        1326   2.4489795918367346E-003
        1327   2.8979591836734694E-002
        1328   4.2857142857142858E-002
        1329   6.9387755102040816E-003
        1330   4.4081632653061226E-002
        1331   1.1428571428571429E-002
        1332   2.7346938775510202E-002
        1333   1.7959183673469388E-002
        1334   1.5918367346938776E-002
        1335   2.3673469387755101E-002
        1336   6.2040816326530614E-002
        1337   3.1428571428571431E-002
        1338   2.5714285714285714E-002
        1339   1.6326530612244899E-002
        1340   1.3061224489795919E-002
        1341   2.1632653061224489E-002
        1342   9.2653061224489797E-002
        1343   2.4489795918367346E-003
        1344   2.2857142857142857E-002
        1345   4.7346938775510203E-002
        1346   5.6326530612244900E-002
        1347   2.7755102040816326E-002
        1348   1.9591836734693877E-002
        1349   3.3877551020408160E-002
        1350   1.6734693877551020E-002
        1351   3.0204081632653063E-002
        1352   4.0816326530612249E-003
        1353   4.3673469387755105E-002
        1354   1.5510204081632653E-002
        1355   1.0204081632653060E-002
        1356   4.0816326530612242E-002
        1357   1.8367346938775512E-002
        1358   3.8775510204081633E-002
        1359   2.6122448979591838E-002
        1360   4.0816326530612249E-003
        1361   3.0612244897959183E-002
        1362   2.8571428571428571E-003
        1363   3.3061224489795919E-002
        1364   5.7142857142857143E-003
        1365   6.4897959183673470E-002
        1366   4.0816326530612249E-003
        1367   0.0000000000000000     
        1368   2.0000000000000000E-002
        1369   2.0000000000000000E-002
        1370   5.7142857142857141E-002
        1371   2.6530612244897958E-002
        1372   1.9183673469387756E-002
        1373   9.7959183673469383E-002
        1374   7.5510204081632656E-002
        1375   1.8367346938775512E-002
        1376   5.7142857142857143E-003
        1377   6.1224489795918364E-003
        1378   1.8367346938775512E-002
        1379   5.5918367346938773E-002
        1380   5.3877551020408164E-002
        1381   3.9183673469387753E-002
        1382   2.3673469387755101E-002
        1383   4.0816326530612242E-002
        1384   1.6326530612244899E-003
        1385   5.8775510204081630E-002
        1386   4.9795918367346939E-002
        1387   6.5306122448979598E-002
        1388   1.5102040816326531E-002
        1389   4.4897959183673466E-002
        1390   6.0816326530612246E-002
        1391   1.5510204081632653E-002
        1392   3.7959183673469385E-002
        1393   2.0408163265306124E-003
        1394   6.5714285714285711E-002
        1395   1.1428571428571429E-002
        1396   3.6734693877551024E-002
        1397   3.1836734693877551E-002
        1398   1.3469387755102041E-002
        1399   1.6326530612244899E-002
        1400   3.1428571428571431E-002
        1401   3.7551020408163265E-002
        1402   5.3061224489795921E-003
        1403   1.9591836734693877E-002
        1404   5.7959183673469389E-002
        1405   4.5306122448979594E-002
        1406   1.1836734693877551E-002
        1407   4.7346938775510203E-002
        1408   6.7346938775510207E-002
        1409  0.10367346938775510     
        1410   1.3877551020408163E-002
        1411   2.0408163265306124E-003
        1412   1.0204081632653060E-002
        1413   3.4285714285714287E-002
        1414   6.9795918367346943E-002
        1415   7.3469387755102037E-003
        1416   2.9387755102040815E-002
        1417   3.6326530612244896E-002
        1418   4.4489795918367346E-002
        1419   2.8163265306122450E-002
        1420   3.2244897959183672E-002
        1421   4.0816326530612242E-002
        1422   1.3877551020408163E-002
        1423   3.2244897959183672E-002
        1424   3.6734693877551024E-002
        1425   2.1224489795918369E-002
        1426   2.4489795918367346E-003
        1427   1.0204081632653060E-002
        1428   1.8775510204081632E-002
        1429   4.8979591836734691E-003
        1430   2.6122448979591838E-002
        1431   4.3673469387755105E-002
        1432   1.6326530612244899E-002
        1433   6.9387755102040816E-003
        1434   9.3877551020408161E-003
        1435   9.0612244897959188E-002
        1436   5.8775510204081630E-002
        1437   4.5714285714285714E-002
        1438   2.9387755102040815E-002
        1439   1.6326530612244899E-003
        1440   1.1020408163265306E-002
        1441   2.0000000000000000E-002
        1442   4.4489795918367346E-002
        1443   9.3877551020408161E-003
        1444   8.1632653061224493E-004
        1445   3.4285714285714287E-002
        1446   4.2857142857142858E-002
        1447   4.3673469387755105E-002
        1448   2.9795918367346939E-002
        1449   4.6938775510204082E-002
        1450   1.1836734693877551E-002
        1451   9.3877551020408161E-003
        1452   3.3469387755102040E-002
        1453   4.4897959183673470E-003
        1454   3.9591836734693880E-002
        1455   3.1428571428571431E-002
        1456   9.7959183673469383E-003
        1457   1.5918367346938776E-002
        1458   1.4285714285714285E-002
        1459   8.1632653061224493E-004
        1460   1.6734693877551020E-002
        1461   2.5306122448979593E-002
        1462   3.7142857142857144E-002
        1463   4.4489795918367346E-002
        1464   7.3469387755102037E-003
        1465   4.9795918367346939E-002
        1466   4.2040816326530610E-002
        1467   5.0612244897959187E-002
        1468   5.8775510204081630E-002
        1469   5.6326530612244900E-002
        1470   1.5918367346938776E-002
        1471   9.6326530612244901E-002
        1472   2.0000000000000000E-002
        1473   1.8367346938775512E-002
        1474   5.9183673469387757E-002
        1475   7.3061224489795920E-002
        1476   7.5510204081632656E-002
        1477   4.2857142857142858E-002
        1478   1.5102040816326531E-002
        1479   5.0204081632653060E-002
        1480   4.4897959183673470E-003
        1481   8.1632653061224493E-004
        1482   3.2653061224489799E-002
        1483   9.3877551020408161E-003
        1484   1.3469387755102041E-002
        1485   1.9183673469387756E-002
        1486   8.1632653061224497E-003
        1487   9.3877551020408161E-003
        1488   4.4081632653061226E-002
        1489   4.2040816326530610E-002
        1490   6.0408163265306125E-002
        1491   4.6938775510204082E-002
        1492   2.1632653061224489E-002
        1493   3.4285714285714287E-002
        1494   4.7755102040816323E-002
        1495   3.3877551020408160E-002
        1496   2.8571428571428571E-003
        1497   6.9387755102040816E-003
        1498   1.3877551020408163E-002
        1499   1.7959183673469388E-002
        1500   2.7755102040816326E-002
        1501   3.5918367346938776E-002
        1502   2.4489795918367346E-003
        1503   5.5102040816326532E-002
        1504   7.5918367346938770E-002
        1505   8.9795918367346933E-002
        1506   2.6122448979591838E-002
        1507   2.1632653061224489E-002
        1508   1.0204081632653060E-002
        1509   1.6734693877551020E-002
        1510   1.3877551020408163E-002
        1511   4.8163265306122451E-002
        1512   2.5306122448979593E-002
        1513   4.4081632653061226E-002
        1514   1.3061224489795919E-002
        1515   3.2244897959183672E-002
        1516   4.5306122448979594E-002
        1517   1.0612244897959184E-002
        1518   1.0204081632653060E-002
        1519   4.2857142857142858E-002
        1520   3.1836734693877551E-002
        1521   6.5714285714285711E-002
        1522   2.6122448979591838E-002
        1523   1.2244897959183673E-002
        1524   6.1224489795918364E-003
        1525   5.5918367346938773E-002
        1526   6.9387755102040816E-003
        1527   3.3061224489795919E-002
        1528   3.7142857142857144E-002
        1529   7.3061224489795920E-002
        1530   6.0408163265306125E-002
        1531   8.5714285714285715E-002
        1532   4.9387755102040819E-002
        1533   4.4897959183673466E-002
        1534   3.6326530612244896E-002
        1535   1.2244897959183673E-003
        1536   3.6326530612244896E-002
        1537   3.1020408163265307E-002
        1538   2.9387755102040815E-002
        1539   1.3877551020408163E-002
        1540   8.9795918367346940E-003
        1541   4.2448979591836737E-002
        1542   4.0816326530612246E-004
        1543   2.2857142857142857E-002
        1544   8.7346938775510211E-002
        1545   2.0408163265306124E-003
        1546   2.9795918367346939E-002
        1547   3.2244897959183672E-002
        1548   7.3469387755102037E-003
        1549   9.3877551020408161E-003
        1550   5.7551020408163268E-002
        1551   2.5306122448979593E-002
        1552   2.4081632653061225E-002
        1553   2.5714285714285714E-002
        1554   5.6734693877551021E-002
        1555   3.9591836734693880E-002
        1556   7.7551020408163267E-003
        1557   3.1836734693877551E-002
        1558   4.3673469387755105E-002
        1559   1.7551020408163264E-002
        1560   8.1632653061224493E-004
        1561   1.5510204081632653E-002
        1562   2.9387755102040815E-002
        1563   2.2040816326530613E-002
        1564   4.4897959183673466E-002
        1565   6.7346938775510207E-002
        1566   6.1224489795918366E-002
        1567   3.2244897959183672E-002
        1568   5.4285714285714284E-002
        1569   1.5918367346938776E-002
        1570   4.1224489795918369E-002
        1571   2.1632653061224489E-002
        1572   5.3061224489795921E-003
        1573   4.1224489795918369E-002
        1574   2.8571428571428571E-002
        1575   4.0816326530612249E-003
        1576   9.3877551020408161E-003
        1577   1.6734693877551020E-002
        1578   3.9183673469387753E-002
        1579   1.4285714285714285E-002
        1580   4.0816326530612249E-003
        1581   4.0816326530612242E-002
        1582   1.3877551020408163E-002
        1583   2.1224489795918369E-002
        1584   1.7551020408163264E-002
        1585   1.8775510204081632E-002
        1586   1.4693877551020407E-002
        1587   4.4489795918367346E-002
        1588   1.8775510204081632E-002
        1589   3.2653061224489799E-002
        1590   8.4897959183673474E-002
        1591   3.0204081632653063E-002
        1592   6.4081632653061230E-002
        1593   4.6530612244897962E-002
        1594   2.8571428571428571E-002
        1595   2.3673469387755101E-002
        1596   4.0816326530612246E-004
        1597   6.9387755102040816E-003
        1598   3.1428571428571431E-002
        1599   2.2040816326530613E-002
        1600   4.5306122448979594E-002
        1601   5.5102040816326532E-002
        1602   4.0816326530612246E-004
        1603   3.1836734693877551E-002
        1604   3.2653061224489797E-003
        1605   1.4285714285714285E-002
        1606   3.4693877551020408E-002
        1607   1.8775510204081632E-002
        1608   1.7142857142857144E-002
        1609  0.10122448979591837     
        1610   7.4693877551020402E-002
        1611   5.7142857142857143E-003
        1612   3.4285714285714287E-002
        1613   2.7755102040816326E-002
        1614   2.8571428571428571E-003
        1615   5.3061224489795921E-003
        1616   1.1428571428571429E-002
        1617   2.5306122448979593E-002
        1618   5.3061224489795921E-003
        1619   3.7551020408163265E-002
        1620   3.1020408163265307E-002
        1621   3.8775510204081633E-002
        1622   4.1632653061224489E-002
        1623   0.0000000000000000     
        1624   1.0612244897959184E-002
        1625   4.9795918367346939E-002
        1626   4.2040816326530610E-002
        1627   5.7142857142857143E-003
        1628   2.7346938775510202E-002
        1629   2.3265306122448981E-002
        1630   3.4693877551020408E-002
        1631   6.2448979591836734E-002
        1632   3.7551020408163265E-002
        1633   2.4489795918367346E-003
        1634   4.4081632653061226E-002
        1635   5.3877551020408164E-002
        1636   2.8163265306122450E-002
        1637   5.3061224489795921E-003
        1638   2.5306122448979593E-002
        1639   1.4285714285714285E-002
        1640   4.8979591836734691E-003
        1641   1.4693877551020407E-002
        1642   4.8979591836734691E-003
        1643   1.4693877551020407E-002
        1644   1.3877551020408163E-002
        1645   4.0816326530612246E-004
        1646   2.0408163265306121E-002
        1647   4.4897959183673470E-003
        1648   3.7142857142857144E-002
        1649   2.7346938775510202E-002
        1650   8.9795918367346940E-003
        1651   8.3265306122448979E-002
        1652   6.6530612244897966E-002
        1653   1.1428571428571429E-002
        1654   8.1632653061224493E-004
        1655   4.3265306122448978E-002
        1656  0.11224489795918367     
        1657   5.3469387755102044E-002
        1658   6.6530612244897966E-002
        1659   1.2653061224489797E-002
        1660   1.0204081632653060E-002
        1661   1.3061224489795919E-002
        1662   3.5102040816326528E-002
        1663   8.8571428571428565E-002
        1664   5.6734693877551021E-002
        1665  0.11551020408163265     
        1666   1.0204081632653060E-002
        1667   3.1428571428571431E-002
        1668   4.8163265306122451E-002
        1669   3.1836734693877551E-002
        1670   1.5918367346938776E-002
        1671   1.1428571428571429E-002
        1672   2.9387755102040815E-002
        1673   5.3061224489795921E-003
        1674   6.5714285714285711E-002
        1675   4.8163265306122451E-002
        1676   6.4897959183673470E-002
        1677   3.5102040816326528E-002
        1678   3.6734693877551024E-002
        1679   2.8979591836734694E-002
        1680   5.2244897959183675E-002
        1681   3.0204081632653063E-002
        1682   5.5510204081632653E-002
        1683   3.7142857142857144E-002
        1684   1.9591836734693877E-002
        1685   4.4081632653061226E-002
        1686   1.7959183673469388E-002
        1687   2.8979591836734694E-002
        1688   1.7959183673469388E-002
        1689   8.9795918367346940E-003
        1690   3.3469387755102040E-002
        1691   3.9183673469387753E-002
        1692   4.6122448979591835E-002
        1693   1.4285714285714285E-002
        1694   5.7959183673469389E-002
        1695   8.3673469387755106E-002
        1696  0.10244897959183673     
        1697   1.6326530612244899E-003
        1698   5.9591836734693877E-002
        1699   5.7142857142857143E-003
        1700   1.8775510204081632E-002
        1701   5.4285714285714284E-002
        1702   3.1836734693877551E-002
        1703   6.9387755102040816E-003
        1704   3.6734693877551024E-002
        1705   2.0408163265306124E-003
        1706   4.6122448979591835E-002
        1707   2.4489795918367346E-002
        1708   2.2040816326530613E-002
        1709   3.4693877551020408E-002
        1710   1.3469387755102041E-002
        1711   2.5306122448979593E-002
        1712   3.4693877551020408E-002
        1713   3.2653061224489797E-003
        1714   1.1020408163265306E-002
        1715   5.3061224489795921E-003
        1716   1.7551020408163264E-002
        1717   6.4897959183673470E-002
        1718   3.1836734693877551E-002
        1719   2.5714285714285714E-002
        1720   6.1632653061224486E-002
        1721   2.5306122448979593E-002
        1722   4.7346938775510203E-002
        1723   6.1224489795918364E-003
        1724   1.8775510204081632E-002
        1725   2.2857142857142857E-002
        1726   4.8979591836734691E-003
        1727   6.1224489795918366E-002
        1728   1.1020408163265306E-002
        1729   5.3061224489795921E-003
        1730   5.0204081632653060E-002
        1731   5.8775510204081630E-002
        1732   4.0408163265306121E-002
        1733   1.3877551020408163E-002
        1734   2.2857142857142857E-002
        1735   5.1428571428571428E-002
        1736   8.1632653061224483E-002
        1737   6.5306122448979594E-003
        1738   5.7142857142857141E-002
        1739   7.1428571428571425E-002
        1740   5.2244897959183675E-002
        1741   3.1428571428571431E-002
        1742   3.8775510204081633E-002
        1743   9.7959183673469383E-003
        1744   1.5918367346938776E-002
        1745   4.0816326530612249E-003
        1746   1.6326530612244899E-003
        1747   2.8571428571428571E-002
        1748   1.1020408163265306E-002
        1749   3.1428571428571431E-002
        1750   6.3265306122448975E-002
        1751   4.9795918367346939E-002
        1752   2.2040816326530613E-002
        1753   3.8367346938775512E-002
        1754   1.5102040816326531E-002
        1755   1.7551020408163264E-002
        1756   3.7959183673469385E-002
        1757   1.3061224489795919E-002
        1758   4.8163265306122451E-002
        1759   6.2040816326530614E-002
        1760   1.2244897959183673E-003
        1761   1.4285714285714285E-002
        1762   2.0000000000000000E-002
        1763   2.6530612244897958E-002
        1764   1.5102040816326531E-002
        1765   4.3265306122448978E-002
        1766   1.8367346938775512E-002
        1767   5.5918367346938773E-002
        1768   3.1020408163265307E-002
        1769   3.4285714285714287E-002
        1770   4.8979591836734691E-003
        1771   3.3877551020408160E-002
        1772   1.0612244897959184E-002
        1773   3.2244897959183672E-002
        1774   6.9795918367346943E-002
        1775   9.7959183673469383E-003
        1776   5.9999999999999998E-002
        1777   2.5306122448979593E-002
        1778   2.6530612244897958E-002
        1779   1.7959183673469388E-002
        1780   4.0816326530612246E-004
        1781   2.5306122448979593E-002
        1782   2.2448979591836733E-002
        1783   3.6734693877551024E-002
        1784   5.3061224489795921E-003
        1785   1.7142857142857144E-002
        1786   2.6122448979591838E-002
        1787   2.0000000000000000E-002
        1788   8.1632653061224497E-003
        1789   6.9387755102040816E-003
        1790   2.6122448979591838E-002
        1791   9.3877551020408161E-003
        1792   2.2040816326530613E-002
        1793   5.7142857142857143E-003
        1794   1.8367346938775512E-002
        1795   0.0000000000000000     
        1796   4.6938775510204082E-002
        1797   2.5714285714285714E-002
        1798   5.8367346938775509E-002
        1799   5.9999999999999998E-002
        1800   9.6734693877551015E-002
        1801   2.4897959183673470E-002
        1802   3.8367346938775512E-002
        1803   3.3469387755102040E-002
        1804   4.4897959183673466E-002
        1805   5.2653061224489796E-002
        1806   8.1632653061224493E-004
        1807   2.8979591836734694E-002
        1808   1.3877551020408163E-002
        1809   3.6734693877551019E-003
        1810   1.2244897959183673E-002
        1811   1.5510204081632653E-002
        1812   2.1632653061224489E-002
        1813   2.4489795918367346E-002
        1814   2.4489795918367346E-002
        1815   7.7551020408163267E-003
        1816   1.5918367346938776E-002
        1817   1.0204081632653060E-002
        1818   3.1428571428571431E-002
        1819   3.3061224489795919E-002
        1820   5.3061224489795916E-002
        1821   4.4489795918367346E-002
        1822   3.1020408163265307E-002
        1823   5.5918367346938773E-002
        1824   3.1428571428571431E-002
        1825   1.3061224489795919E-002
        1826   7.3469387755102037E-003
        1827   4.8163265306122451E-002
        1828   2.5306122448979593E-002
        1829   6.6530612244897966E-002
        1830   1.7551020408163264E-002
        1831   4.0816326530612246E-004
        1832   1.2244897959183673E-002
        1833   2.5714285714285714E-002
        1834   2.2857142857142857E-002
        1835   1.6734693877551020E-002
        1836   1.5918367346938776E-002
        1837   3.2653061224489797E-003
        1838   6.1224489795918364E-003
        1839   2.8163265306122450E-002
        1840   3.2244897959183672E-002
        1841   2.2857142857142857E-002
        1842   3.2653061224489799E-002
        1843   4.0000000000000001E-002
        1844   7.7551020408163267E-003
        1845   1.7959183673469388E-002
        1846   1.7959183673469388E-002
        1847   6.1224489795918364E-003
        1848   3.6734693877551019E-003
        1849   1.0204081632653060E-002
        1850   1.4285714285714285E-002
        1851   1.5510204081632653E-002
        1852   3.9183673469387753E-002
        1853   1.1428571428571429E-002
        1854   2.1224489795918369E-002
        1855   1.9591836734693877E-002
        1856   4.0816326530612242E-002
        1857   4.1632653061224489E-002
        1858   8.1632653061224497E-003
        1859   5.3469387755102044E-002
        1860   3.9591836734693880E-002
        1861   2.6530612244897958E-002
        1862   1.0612244897959184E-002
        1863   6.1224489795918366E-002
        1864   2.8571428571428571E-003
        1865   2.0408163265306124E-003
        1866   1.3061224489795919E-002
        1867   3.3877551020408160E-002
        1868   1.8775510204081632E-002
        1869   4.4897959183673470E-003
        1870   5.5510204081632653E-002
        1871   4.4897959183673466E-002
        1872   8.0000000000000002E-002
        1873   6.6122448979591839E-002
        1874   5.9999999999999998E-002
        1875   6.0408163265306125E-002
        1876   2.4489795918367346E-003
        1877   7.3469387755102037E-003
        1878   5.3061224489795921E-003
        1879   2.2040816326530613E-002
        1880   5.8367346938775509E-002
        1881   9.7959183673469383E-003
        1882   7.1428571428571425E-002
        1883   4.0000000000000001E-002
        1884   3.8367346938775512E-002
        1885   2.6938775510204082E-002
        1886   1.8775510204081632E-002
        1887   1.2653061224489797E-002
        1888   4.2448979591836737E-002
        1889   6.1632653061224486E-002
        1890   4.0000000000000001E-002
        1891   3.3877551020408160E-002
        1892   1.2653061224489797E-002
        1893   6.5306122448979594E-003
        1894   4.3265306122448978E-002
        1895   4.4897959183673470E-003
        1896   3.6326530612244896E-002
        1897  0.11346938775510204     
        1898  0.13020408163265307     
        1899   9.0612244897959188E-002
        1900  0.10653061224489796     
        1901   6.1632653061224486E-002
        1902   5.2653061224489796E-002
        1903   1.1020408163265306E-002
        1904   1.7959183673469388E-002
        1905   1.4285714285714285E-002
        1906   2.1632653061224489E-002
        1907   1.1836734693877551E-002
        1908   3.5918367346938776E-002
        1909   5.1020408163265307E-002
        1910   2.4081632653061225E-002
        1911   2.3673469387755101E-002
        1912   7.2653061224489793E-002
        1913  0.10408163265306122     
        1914  0.12040816326530612     
        1915   7.1020408163265311E-002
        1916   5.5510204081632653E-002
        1917   3.3061224489795919E-002
        1918   9.4693877551020406E-002
        1919   2.2857142857142857E-002
        1920   5.7959183673469389E-002
        1921   4.8571428571428571E-002
        1922   1.6734693877551020E-002
        1923   1.1020408163265306E-002
        1924   4.8163265306122451E-002
        1925   6.8979591836734688E-002
        1926   4.0816326530612249E-003
        1927   3.4285714285714287E-002
        1928   3.3877551020408160E-002
        1929   8.5714285714285719E-003
        1930   2.1224489795918369E-002
        1931   1.9591836734693877E-002
        1932   3.7959183673469385E-002
        1933   2.4897959183673470E-002
        1934   1.6326530612244899E-003
        1935   2.3265306122448981E-002
        1936   7.3469387755102037E-003
        1937   3.0612244897959183E-002
        1938   1.5510204081632653E-002
        1939   4.8979591836734691E-003
        1940   2.3265306122448981E-002
        1941   7.8775510204081634E-002
        1942   7.9591836734693874E-002
        1943   8.3673469387755106E-002
        1944   7.8367346938775506E-002
        1945   1.8367346938775512E-002
        1946   1.6326530612244899E-003
        1947   1.4285714285714285E-002
        1948   2.4489795918367346E-003
        1949   8.1632653061224493E-004
        1950   2.2857142857142857E-002
        1951   8.4081632653061220E-002
        1952   8.5306122448979588E-002
        1953   2.6122448979591838E-002
        1954   6.9387755102040816E-003
        1955   1.4285714285714285E-002
        1956   3.7959183673469385E-002
        1957   2.8571428571428571E-002
        1958   3.6734693877551024E-002
        1959   4.5714285714285714E-002
        1960   5.9183673469387757E-002
        1961   2.4489795918367346E-003
        1962   6.6530612244897966E-002
        1963   2.4489795918367346E-003
        1964   2.2040816326530613E-002
        1965   3.9183673469387753E-002
        1966   7.1428571428571425E-002
        1967   2.1632653061224489E-002
        1968   2.2040816326530613E-002
        1969   2.1224489795918369E-002
        1970   1.4285714285714285E-002
        1971   2.9795918367346939E-002
        1972   5.7142857142857141E-002
        1973   6.6938775510204079E-002
        1974   6.7755102040816320E-002
        1975   1.7551020408163264E-002
        1976   7.7551020408163267E-003
        1977   1.3469387755102041E-002
        1978   4.2448979591836737E-002
        1979   1.9591836734693877E-002
        1980   1.3469387755102041E-002
        1981   2.3265306122448981E-002
        1982   5.9183673469387757E-002
        1983  0.12857142857142856     
        1984   3.7551020408163265E-002
        1985   3.2653061224489797E-003
        1986   4.0816326530612246E-004
        1987   4.0816326530612246E-004
        1988   2.0408163265306121E-002
        1989   1.5510204081632653E-002
        1990   4.0408163265306121E-002
        1991   8.1632653061224497E-003
        1992   2.5306122448979593E-002
        1993   5.7142857142857141E-002
        1994   1.4285714285714285E-002
        1995   2.1224489795918369E-002
        1996   1.4285714285714285E-002
        1997   3.2653061224489799E-002
        1998   3.4693877551020408E-002
        1999   2.5306122448979593E-002
        2000   1.7959183673469388E-002
