           1   1.0000000000000000     
           2   1.0000000000000000     
           3   1.0000000000000000     
           4   1.0000000000000000     
           5  0.99999591836734691     
           6  0.99999591836734691     
           7  0.99998775510204085     
           8  0.99999183673469394     
           9  0.99999591836734691     
          10   1.0000000000000000     
          11   1.0000000000000000     
          12  0.99999591836734691     
          13  0.99999591836734691     
          14   1.0000000000000000     
          15   1.0000000000000000     
          16  0.99999591836734691     
          17   1.0000000000000000     
          18   1.0000000000000000     
          19   1.0000000000000000     
          20  0.99999591836734691     
          21  0.99999183673469394     
          22   1.0000000000000000     
          23  0.99999591836734691     
          24   1.0000000000000000     
          25   1.0000000000000000     
          26   1.0000000000000000     
          27  0.99999591836734691     
          28   1.0000000000000000     
          29   1.0000000000000000     
          30   1.0000000000000000     
          31   1.0000000000000000     
          32  0.99999591836734691     
          33   1.0000000000000000     
          34  0.99999591836734691     
          35   1.0000000000000000     
          36   1.0000000000000000     
          37   1.0000000000000000     
          38  0.99999591836734691     
          39   1.0000000000000000     
          40   1.0000000000000000     
          41   1.0000000000000000     
          42   1.0000000000000000     
          43   1.0000000000000000     
          44   1.0000000000000000     
          45   1.0000000000000000     
          46  0.99999591836734691     
          47   1.0000000000000000     
          48   1.0000000000000000     
          49   1.0000000000000000     
          50   1.0000000000000000     
          51  0.99999591836734691     
          52  0.99999591836734691     
          53  0.99999591836734691     
          54  0.99999591836734691     
          55  0.99999183673469394     
          56   1.0000000000000000     
          57   1.0000000000000000     
          58  0.99999591836734691     
          59  0.99999591836734691     
          60   1.0000000000000000     
          61  0.99999591836734691     
          62   1.0000000000000000     
          63   1.0000000000000000     
          64   1.0000000000000000     
          65   1.0000000000000000     
          66   1.0000000000000000     
          67   1.0000000000000000     
          68   1.0000000000000000     
          69   1.0000000000000000     
          70   1.0000000000000000     
          71   1.0000000000000000     
          72   1.0000000000000000     
          73  0.99999591836734691     
          74   1.0000000000000000     
          75   1.0000000000000000     
          76   1.0000000000000000     
          77  0.99999183673469394     
          78   1.0000000000000000     
          79   1.0000000000000000     
          80   1.0000000000000000     
          81   1.0000000000000000     
          82  0.99999591836734691     
          83   1.0000000000000000     
          84   1.0000000000000000     
          85   1.0000000000000000     
          86  0.99999591836734691     
          87   1.0000000000000000     
          88   1.0000000000000000     
          89   1.0000000000000000     
          90  0.99999591836734691     
          91   1.0000000000000000     
          92   1.0000000000000000     
          93  0.99999591836734691     
          94   1.0000000000000000     
          95   1.0000000000000000     
          96   1.0000000000000000     
          97   1.0000000000000000     
          98   1.0000000000000000     
          99   1.0000000000000000     
         100   1.0000000000000000     
