           1   5.6734693877551021E-002
           2   2.0408163265306121E-002
           3   7.6734693877551025E-002
           4   9.1836734693877556E-002
           5   6.9795918367346943E-002
           6   3.3469387755102040E-002
           7   6.1224489795918366E-002
           8   1.7959183673469388E-002
           9   3.9183673469387753E-002
          10   9.1836734693877556E-002
          11  0.10979591836734694     
          12   6.8163265306122447E-002
          13   7.5102040816326529E-002
          14  0.10653061224489796     
          15  0.10122448979591837     
          16   7.2653061224489793E-002
          17   8.4081632653061220E-002
          18   4.3265306122448978E-002
          19   4.0816326530612246E-004
          20   5.3061224489795921E-003
          21   6.5306122448979594E-003
          22   6.7346938775510207E-002
          23   3.1836734693877551E-002
          24   3.7551020408163265E-002
          25   5.7551020408163268E-002
          26   2.6938775510204082E-002
          27   8.9795918367346940E-003
          28   3.3469387755102040E-002
          29   3.6734693877551019E-003
          30   3.2653061224489797E-003
          31   1.5102040816326531E-002
          32   1.4285714285714285E-002
          33   2.4081632653061225E-002
          34   9.3877551020408161E-003
          35   4.6122448979591835E-002
          36   2.4489795918367346E-002
          37   9.7959183673469383E-003
          38   2.6938775510204082E-002
          39   4.0408163265306121E-002
          40   1.6326530612244899E-003
          41   4.5714285714285714E-002
          42   5.1836734693877548E-002
          43   2.1632653061224489E-002
          44   1.2244897959183673E-002
          45   2.6530612244897958E-002
          46   3.0612244897959183E-002
          47   5.7142857142857141E-002
          48   3.3469387755102040E-002
          49   4.0816326530612246E-004
          50   4.1632653061224489E-002
          51   2.8571428571428571E-003
          52   7.5102040816326529E-002
          53   5.7142857142857143E-003
          54   5.3061224489795921E-003
          55   1.1020408163265306E-002
          56   1.6326530612244899E-002
          57   1.7551020408163264E-002
          58   4.0408163265306121E-002
          59   2.0408163265306121E-002
          60   3.4285714285714287E-002
          61   4.5306122448979594E-002
          62   5.3469387755102044E-002
          63   2.0408163265306124E-003
          64   2.6938775510204082E-002
          65   8.9795918367346940E-003
          66   8.5714285714285719E-003
          67   1.4285714285714285E-002
          68   3.5510204081632656E-002
          69   1.5918367346938776E-002
          70   2.4489795918367346E-003
          71   2.8163265306122450E-002
          72   4.0408163265306121E-002
          73   8.3265306122448979E-002
          74   1.8367346938775512E-002
          75   5.8775510204081630E-002
          76   3.2653061224489797E-003
          77   8.6122448979591842E-002
          78   7.1020408163265311E-002
          79  0.11102040816326531     
          80   7.9591836734693874E-002
          81   2.7346938775510202E-002
          82   9.3877551020408161E-003
          83   6.1224489795918364E-003
          84   4.6530612244897962E-002
          85   6.8979591836734688E-002
          86   4.7755102040816323E-002
          87   2.5306122448979593E-002
          88   5.5918367346938773E-002
          89   1.0612244897959184E-002
          90   5.7959183673469389E-002
          91   2.7755102040816326E-002
          92   6.2448979591836734E-002
          93   0.0000000000000000     
          94   2.9795918367346939E-002
          95   1.7551020408163264E-002
          96   1.3061224489795919E-002
          97   2.4489795918367346E-002
          98   1.2653061224489797E-002
          99   1.1020408163265306E-002
         100   3.2653061224489797E-003
         101   9.7959183673469383E-003
         102   4.1632653061224489E-002
         103   7.7959183673469393E-002
         104   1.4285714285714285E-002
         105   4.0816326530612246E-004
         106   2.9387755102040815E-002
         107   1.5918367346938776E-002
         108   1.8367346938775512E-002
         109   9.3877551020408161E-003
         110   6.4489795918367343E-002
         111   3.9591836734693880E-002
         112   6.1224489795918364E-003
         113   3.3469387755102040E-002
         114   7.7551020408163267E-003
         115   5.3469387755102044E-002
         116   1.2244897959183673E-003
         117   2.8163265306122450E-002
         118   8.8163265306122451E-002
         119   3.1836734693877551E-002
         120   2.4897959183673470E-002
         121   3.7551020408163265E-002
         122   1.8367346938775512E-002
         123   2.1224489795918369E-002
         124   5.9999999999999998E-002
         125   6.0816326530612246E-002
         126   2.0408163265306124E-003
         127   3.6734693877551024E-002
         128   9.7959183673469383E-003
         129  0.11183673469387755     
         130   2.4081632653061225E-002
         131   8.1632653061224497E-003
         132   4.2040816326530610E-002
         133   1.7551020408163264E-002
         134   8.5714285714285719E-003
         135   5.7142857142857143E-003
         136   6.9795918367346943E-002
         137   6.5714285714285711E-002
         138   9.5918367346938774E-002
         139   4.8163265306122451E-002
         140   2.0408163265306124E-003
         141   3.7142857142857144E-002
         142   3.2244897959183672E-002
         143   5.5102040816326532E-002
         144   6.9387755102040816E-003
         145   3.1836734693877551E-002
         146   7.7142857142857138E-002
         147   4.8571428571428571E-002
         148   1.7959183673469388E-002
         149   7.3469387755102037E-003
         150   8.5714285714285719E-003
         151   5.6734693877551021E-002
         152   5.3877551020408164E-002
         153   1.0612244897959184E-002
         154   4.0816326530612249E-003
         155   1.8775510204081632E-002
         156   2.4489795918367346E-002
         157   4.8979591836734691E-003
         158   9.1836734693877556E-002
         159   3.7551020408163265E-002
         160   1.7142857142857144E-002
         161   2.6530612244897958E-002
         162   3.6326530612244896E-002
         163   5.4285714285714284E-002
         164   2.8163265306122450E-002
         165   2.3673469387755101E-002
         166   3.6734693877551024E-002
         167   5.1020408163265307E-002
         168   1.5510204081632653E-002
         169   4.0816326530612246E-004
         170   4.5714285714285714E-002
         171   2.1632653061224489E-002
         172   2.3673469387755101E-002
         173   2.7346938775510202E-002
         174   8.9795918367346940E-003
         175   1.7959183673469388E-002
         176   3.4285714285714287E-002
         177   2.7346938775510202E-002
         178   4.5306122448979594E-002
         179   7.1428571428571425E-002
         180   8.6530612244897956E-002
         181  0.10408163265306122     
         182   3.5102040816326528E-002
         183   2.3673469387755101E-002
         184   7.1020408163265311E-002
         185   7.1836734693877552E-002
         186   3.2244897959183672E-002
         187   4.9387755102040819E-002
         188   2.7755102040816326E-002
         189   6.6530612244897966E-002
         190   1.7959183673469388E-002
         191   4.3673469387755105E-002
         192   8.1632653061224497E-003
         193   1.8775510204081632E-002
         194   4.8571428571428571E-002
         195   7.1836734693877552E-002
         196   4.0816326530612242E-002
         197  0.10857142857142857     
         198   5.9183673469387757E-002
         199   5.4693877551020405E-002
         200   1.6326530612244899E-003
         201   3.2653061224489797E-003
         202   3.4285714285714287E-002
         203   1.7551020408163264E-002
         204   3.2244897959183672E-002
         205   8.5714285714285719E-003
         206   5.2653061224489796E-002
         207   2.2857142857142857E-002
         208   4.0408163265306121E-002
         209   6.9387755102040816E-003
         210   4.2857142857142858E-002
         211   3.2653061224489797E-003
         212   5.7142857142857141E-002
         213   8.1632653061224493E-004
         214   5.5918367346938773E-002
         215   3.9591836734693880E-002
         216   6.8571428571428575E-002
         217   2.5306122448979593E-002
         218   2.8571428571428571E-002
         219   1.3061224489795919E-002
         220   4.1224489795918369E-002
         221   5.3061224489795916E-002
         222   9.0204081632653060E-002
         223   2.8163265306122450E-002
         224   2.8571428571428571E-003
         225   8.5714285714285719E-003
         226   9.8367346938775510E-002
         227   8.1632653061224497E-003
         228   1.8367346938775512E-002
         229   1.3877551020408163E-002
         230   2.3265306122448981E-002
         231   6.2040816326530614E-002
         232   3.3061224489795919E-002
         233   5.2653061224489796E-002
         234   3.0204081632653063E-002
         235   6.9387755102040816E-003
         236   1.3469387755102041E-002
         237   7.7551020408163267E-003
         238   6.2448979591836734E-002
         239   4.9795918367346939E-002
         240   8.8571428571428565E-002
         241   8.6938775510204083E-002
         242   6.5714285714285711E-002
         243   6.2857142857142861E-002
         244   3.2653061224489797E-003
         245   3.0612244897959183E-002
         246   5.6734693877551021E-002
         247   5.3061224489795921E-003
         248   1.8367346938775512E-002
         249   1.7551020408163264E-002
         250   1.7551020408163264E-002
         251   3.9183673469387753E-002
         252   2.8571428571428571E-003
         253   1.2244897959183673E-002
         254   2.3265306122448981E-002
         255   1.0612244897959184E-002
         256   4.9387755102040819E-002
         257   7.6734693877551025E-002
         258   2.0816326530612245E-002
         259   4.5714285714285714E-002
         260   1.9591836734693877E-002
         261   1.2244897959183673E-003
         262   4.3265306122448978E-002
         263   3.4285714285714287E-002
         264   9.3877551020408161E-003
         265   5.8775510204081630E-002
         266   1.0612244897959184E-002
         267   6.5306122448979594E-003
         268   1.8775510204081632E-002
         269   5.0612244897959187E-002
         270   6.7346938775510207E-002
         271   9.0204081632653060E-002
         272   1.9591836734693877E-002
         273   3.6326530612244896E-002
         274   5.7142857142857141E-002
         275   1.6734693877551020E-002
         276   2.4489795918367346E-002
         277   4.0816326530612246E-004
         278   6.2448979591836734E-002
         279   5.3469387755102044E-002
         280   1.7551020408163264E-002
         281   1.9183673469387756E-002
         282   2.5714285714285714E-002
         283   1.3877551020408163E-002
         284   3.1428571428571431E-002
         285   3.1020408163265307E-002
         286   4.9387755102040819E-002
         287   7.3469387755102047E-002
         288   2.2857142857142857E-002
         289   7.1020408163265311E-002
         290  0.10653061224489796     
         291   2.1224489795918369E-002
         292   3.9183673469387753E-002
         293   1.1020408163265306E-002
         294   4.3265306122448978E-002
         295   5.7142857142857143E-003
         296   3.3877551020408160E-002
         297   3.6326530612244896E-002
         298   2.6938775510204082E-002
         299   1.8775510204081632E-002
         300   2.7755102040816326E-002
         301   6.8979591836734688E-002
         302   5.0204081632653060E-002
         303   3.3469387755102040E-002
         304   4.0816326530612249E-003
         305   2.6530612244897958E-002
         306   1.2244897959183673E-002
         307   2.2857142857142857E-002
         308   2.5714285714285714E-002
         309   6.1224489795918366E-002
         310   8.2448979591836738E-002
         311   6.0816326530612246E-002
         312   3.4285714285714287E-002
         313   9.3877551020408161E-003
         314   6.4897959183673470E-002
         315   1.3469387755102041E-002
         316   4.6530612244897962E-002
         317   1.3877551020408163E-002
         318   3.7142857142857144E-002
         319   2.8571428571428571E-002
         320   1.7959183673469388E-002
         321   3.1020408163265307E-002
         322   8.2448979591836738E-002
         323   5.7959183673469389E-002
         324   1.3061224489795919E-002
         325   1.8367346938775512E-002
         326   2.7755102040816326E-002
         327   3.4285714285714287E-002
         328   2.0000000000000000E-002
         329   5.6734693877551021E-002
         330   4.5714285714285714E-002
         331   6.5306122448979594E-003
         332   1.9591836734693877E-002
         333   1.8775510204081632E-002
         334   5.2653061224489796E-002
         335   1.7959183673469388E-002
         336   3.0612244897959183E-002
         337   2.8163265306122450E-002
         338   4.4897959183673470E-003
         339   3.2653061224489797E-003
         340   2.9795918367346939E-002
         341   3.1836734693877551E-002
         342   1.2653061224489797E-002
         343   8.1632653061224493E-004
         344   6.6530612244897966E-002
         345   4.3673469387755105E-002
         346  0.12163265306122449     
         347   9.5102040816326533E-002
         348   9.7959183673469383E-003
         349   1.9183673469387756E-002
         350   2.3673469387755101E-002
         351   2.1632653061224489E-002
         352   5.0612244897959187E-002
         353   4.8571428571428571E-002
         354   1.0204081632653060E-002
         355   2.0408163265306124E-003
         356   1.0204081632653060E-002
         357   6.8163265306122447E-002
         358   2.9387755102040815E-002
         359   2.5306122448979593E-002
         360   3.2244897959183672E-002
         361   6.8163265306122447E-002
         362   1.2244897959183673E-002
         363   4.1224489795918369E-002
         364   5.2653061224489796E-002
         365   4.0816326530612249E-003
         366   1.9183673469387756E-002
         367   1.6734693877551020E-002
         368   6.3673469387755102E-002
         369   8.1632653061224497E-003
         370   6.1224489795918366E-002
         371   4.5306122448979594E-002
         372   5.2244897959183675E-002
         373   4.6122448979591835E-002
         374   4.4897959183673470E-003
         375   1.5918367346938776E-002
         376   4.0000000000000001E-002
         377   1.5102040816326531E-002
         378   7.7551020408163267E-003
         379   4.4897959183673470E-003
         380   2.0408163265306124E-003
         381   1.6734693877551020E-002
         382   8.4081632653061220E-002
         383   2.0408163265306124E-003
         384   4.2448979591836737E-002
         385   2.4489795918367346E-002
         386   2.0408163265306124E-003
         387   3.0612244897959183E-002
         388   5.7142857142857143E-003
         389   2.8571428571428571E-002
         390   2.7346938775510202E-002
         391   3.3061224489795919E-002
         392   3.4693877551020408E-002
         393   7.5102040816326529E-002
         394   4.0816326530612249E-003
         395   5.6326530612244900E-002
         396   2.3265306122448981E-002
         397   4.6530612244897962E-002
         398   4.8979591836734691E-003
         399   1.1428571428571429E-002
         400  0.12408163265306123     
         401  0.10897959183673470     
         402   5.9999999999999998E-002
         403   4.4897959183673470E-003
         404   3.0204081632653063E-002
         405   3.7551020408163265E-002
         406   6.7755102040816320E-002
         407   3.5102040816326528E-002
         408   7.1428571428571425E-002
         409   7.3469387755102037E-003
         410   3.1836734693877551E-002
         411   1.2244897959183673E-002
         412   0.0000000000000000     
         413   4.6530612244897962E-002
         414   7.2244897959183679E-002
         415   9.6326530612244901E-002
         416  0.11387755102040817     
         417   6.8163265306122447E-002
         418   3.1428571428571431E-002
         419   9.2244897959183669E-002
         420   2.3265306122448981E-002
         421   3.9183673469387753E-002
         422   1.5102040816326531E-002
         423  0.10040816326530612     
         424   2.9387755102040815E-002
         425   2.6122448979591838E-002
         426   1.1836734693877551E-002
         427   8.5714285714285719E-003
         428   6.5714285714285711E-002
         429   3.2653061224489797E-003
         430   6.5306122448979594E-003
         431   2.7755102040816326E-002
         432   2.8979591836734694E-002
         433   4.1632653061224489E-002
         434   2.4489795918367346E-003
         435   3.1836734693877551E-002
         436   4.2040816326530610E-002
         437   3.0612244897959183E-002
         438   1.2244897959183673E-003
         439   6.3673469387755102E-002
         440   4.6938775510204082E-002
         441   1.2244897959183673E-003
         442   4.6938775510204082E-002
         443   5.0204081632653060E-002
         444   3.0204081632653063E-002
         445   5.5510204081632653E-002
         446   1.1836734693877551E-002
         447   1.7551020408163264E-002
         448   4.0000000000000001E-002
         449   3.9591836734693880E-002
         450   9.3877551020408161E-003
         451   1.9591836734693877E-002
         452   2.5714285714285714E-002
         453   5.0612244897959187E-002
         454   3.3877551020408160E-002
         455   2.0408163265306121E-002
         456   2.2857142857142857E-002
         457   7.4285714285714288E-002
         458   6.1632653061224486E-002
         459   5.3877551020408164E-002
         460   4.9387755102040819E-002
         461   2.6122448979591838E-002
         462   2.0408163265306124E-003
         463   3.8367346938775512E-002
         464   7.2244897959183679E-002
         465   4.0816326530612249E-003
         466   3.7142857142857144E-002
         467   2.8571428571428571E-002
         468   4.6530612244897962E-002
         469   5.0612244897959187E-002
         470   8.4081632653061220E-002
         471   6.6530612244897966E-002
         472   1.0612244897959184E-002
         473   2.5306122448979593E-002
         474   9.3877551020408161E-003
         475   4.4081632653061226E-002
         476   1.2244897959183673E-003
         477   2.0408163265306121E-002
         478   1.7551020408163264E-002
         479   8.9795918367346940E-003
         480   6.9795918367346943E-002
         481   7.1836734693877552E-002
         482   4.4897959183673470E-003
         483   5.8367346938775509E-002
         484   3.1020408163265307E-002
         485   1.8775510204081632E-002
         486   1.2244897959183673E-003
         487   3.6734693877551019E-003
         488   5.7142857142857143E-003
         489   3.1020408163265307E-002
         490   5.3061224489795921E-003
         491   2.9795918367346939E-002
         492   7.2653061224489793E-002
         493   2.6530612244897958E-002
         494   5.7959183673469389E-002
         495   0.0000000000000000     
         496   2.8571428571428571E-003
         497   3.7551020408163265E-002
         498   8.0408163265306129E-002
         499   8.2040816326530611E-002
         500  0.11673469387755102     
         501   7.3061224489795920E-002
         502   7.5510204081632656E-002
         503   2.4489795918367346E-003
         504   2.2857142857142857E-002
         505   4.3265306122448978E-002
         506   8.0408163265306129E-002
         507   8.9795918367346940E-003
         508   5.0612244897959187E-002
         509   4.8163265306122451E-002
         510   1.1836734693877551E-002
         511   2.5714285714285714E-002
         512   1.4693877551020407E-002
         513   8.1632653061224493E-004
         514   2.3265306122448981E-002
         515   2.3265306122448981E-002
         516   4.8571428571428571E-002
         517  0.10326530612244898     
         518   7.0612244897959184E-002
         519   6.1224489795918366E-002
         520   2.3673469387755101E-002
         521   3.0204081632653063E-002
         522   6.5714285714285711E-002
         523   6.3265306122448975E-002
         524   3.2244897959183672E-002
         525   7.5510204081632656E-002
         526   1.9591836734693877E-002
         527  0.11265306122448980     
         528   2.1632653061224489E-002
         529   2.6122448979591838E-002
         530   2.0816326530612245E-002
         531   3.7142857142857144E-002
         532   8.0408163265306129E-002
         533   4.2040816326530610E-002
         534   3.5918367346938776E-002
         535   1.9591836734693877E-002
         536   1.7551020408163264E-002
         537   4.2448979591836737E-002
         538   6.7346938775510207E-002
         539   5.9183673469387757E-002
         540   1.8775510204081632E-002
         541   2.3673469387755101E-002
         542   1.3469387755102041E-002
         543   4.8979591836734691E-003
         544   3.8775510204081633E-002
         545   5.1020408163265307E-002
         546   4.4897959183673470E-003
         547   6.5714285714285711E-002
         548   7.6326530612244897E-002
         549   8.9795918367346940E-003
         550   6.2857142857142861E-002
         551   5.9591836734693877E-002
         552  0.11591836734693878     
         553  0.10734693877551020     
         554   4.0000000000000001E-002
         555   8.6530612244897956E-002
         556  0.10081632653061225     
         557   4.7346938775510203E-002
         558   2.6122448979591838E-002
         559   4.2040816326530610E-002
         560   8.3265306122448979E-002
         561   1.8775510204081632E-002
         562   3.1428571428571431E-002
         563   1.9591836734693877E-002
         564   5.9591836734693877E-002
         565   5.7551020408163268E-002
         566   8.1632653061224497E-003
         567   3.4693877551020408E-002
         568   1.3469387755102041E-002
         569   1.6734693877551020E-002
         570   1.7959183673469388E-002
         571   3.0204081632653063E-002
         572   5.4285714285714284E-002
         573   2.0408163265306124E-003
         574   4.8571428571428571E-002
         575   6.3265306122448975E-002
         576   7.4285714285714288E-002
         577   9.3877551020408165E-002
         578   1.1836734693877551E-002
         579   1.1836734693877551E-002
         580   5.3877551020408164E-002
         581   4.2857142857142858E-002
         582   8.4897959183673474E-002
         583   3.4693877551020408E-002
         584   4.4489795918367346E-002
         585   2.6530612244897958E-002
         586   4.8163265306122451E-002
         587   5.2244897959183675E-002
         588   7.5102040816326529E-002
         589   3.6734693877551024E-002
         590   2.7346938775510202E-002
         591   1.7959183673469388E-002
         592   4.8979591836734691E-003
         593   4.1224489795918369E-002
         594   5.1020408163265307E-002
         595   9.6326530612244901E-002
         596  0.12040816326530612     
         597   7.6326530612244897E-002
         598   4.0816326530612242E-002
         599   2.4489795918367346E-003
         600   2.0000000000000000E-002
         601   9.0204081632653060E-002
         602  0.10163265306122449     
         603   7.2244897959183679E-002
         604   6.0408163265306125E-002
         605   8.2857142857142851E-002
         606  0.14122448979591837     
         607   1.0204081632653060E-002
         608   6.3265306122448975E-002
         609   4.9795918367346939E-002
         610   4.4489795918367346E-002
         611   5.5918367346938773E-002
         612   2.8571428571428571E-002
         613   7.2244897959183679E-002
         614   9.7551020408163269E-002
         615   3.0204081632653063E-002
         616   5.8367346938775509E-002
         617   1.1428571428571429E-002
         618   1.1020408163265306E-002
         619   4.6530612244897962E-002
         620   1.7959183673469388E-002
         621   2.4081632653061225E-002
         622   5.5510204081632653E-002
         623   3.2653061224489797E-003
         624   5.0204081632653060E-002
         625   7.1428571428571425E-002
         626   2.0408163265306124E-003
         627   1.7959183673469388E-002
         628   1.3469387755102041E-002
         629   2.0816326530612245E-002
         630   3.6734693877551024E-002
         631   5.1836734693877548E-002
         632   6.2040816326530614E-002
         633  0.10367346938775510     
         634   8.7755102040816324E-002
         635   5.9183673469387757E-002
         636   3.3877551020408160E-002
         637   4.8979591836734691E-003
         638   2.7346938775510202E-002
         639   6.8979591836734688E-002
         640   1.2244897959183673E-002
         641   1.7551020408163264E-002
         642   2.6938775510204082E-002
         643   5.5102040816326532E-002
         644   1.6734693877551020E-002
         645   8.4897959183673474E-002
         646   1.8367346938775512E-002
         647   6.6938775510204079E-002
         648   6.6530612244897966E-002
         649   2.6530612244897958E-002
         650   3.9183673469387753E-002
         651   7.7959183673469393E-002
         652   2.6530612244897958E-002
         653   1.8367346938775512E-002
         654   8.1632653061224493E-004
         655   3.1836734693877551E-002
         656   6.5714285714285711E-002
         657   7.3469387755102037E-003
         658   1.1836734693877551E-002
         659   3.0204081632653063E-002
         660   2.5306122448979593E-002
         661   3.6326530612244896E-002
         662   3.5918367346938776E-002
         663   8.4897959183673474E-002
         664  0.10040816326530612     
         665   9.7959183673469383E-002
         666  0.11346938775510204     
         667   9.9183673469387751E-002
         668   5.6326530612244900E-002
         669   2.4489795918367346E-002
         670   5.7142857142857143E-003
         671   7.5102040816326529E-002
         672   6.3673469387755102E-002
         673   6.0816326530612246E-002
         674   3.7959183673469385E-002
         675   4.0816326530612249E-003
         676   4.3673469387755105E-002
         677   1.2653061224489797E-002
         678   3.1020408163265307E-002
         679   5.3061224489795916E-002
         680   3.7959183673469385E-002
         681   6.9387755102040816E-003
         682   6.7346938775510207E-002
         683   5.7142857142857143E-003
         684   5.6734693877551021E-002
         685   5.3877551020408164E-002
         686   1.1020408163265306E-002
         687   2.7755102040816326E-002
         688   3.7142857142857144E-002
         689   3.9183673469387753E-002
         690   1.5102040816326531E-002
         691   4.4489795918367346E-002
         692   4.3673469387755105E-002
         693   2.4081632653061225E-002
         694   5.7142857142857141E-002
         695   9.0612244897959188E-002
         696   1.7142857142857144E-002
         697   2.7346938775510202E-002
         698   9.5510204081632646E-002
         699  0.11102040816326531     
         700   4.4489795918367346E-002
         701   1.0612244897959184E-002
         702   7.2244897959183679E-002
         703   4.5714285714285714E-002
         704   2.4489795918367346E-003
         705   6.9387755102040816E-003
         706   1.0204081632653060E-002
         707   8.1632653061224483E-002
         708   9.7959183673469383E-002
         709   1.3877551020408163E-002
         710   6.1224489795918366E-002
         711   9.4693877551020406E-002
         712   3.7142857142857144E-002
         713   2.4489795918367346E-002
         714   1.7551020408163264E-002
         715   2.0816326530612245E-002
         716   2.3673469387755101E-002
         717   6.4081632653061230E-002
         718   4.5306122448979594E-002
         719   2.0408163265306121E-002
         720   2.5306122448979593E-002
         721   2.8979591836734694E-002
         722   1.7142857142857144E-002
         723   4.8979591836734691E-002
         724   8.8979591836734692E-002
         725   7.7959183673469393E-002
         726   4.4489795918367346E-002
         727  0.14408163265306123     
         728  0.14122448979591837     
         729   9.4285714285714292E-002
         730   4.6122448979591835E-002
         731  0.11795918367346939     
         732   8.2448979591836738E-002
         733  0.15306122448979592     
         734   6.1224489795918366E-002
         735   8.3673469387755106E-002
         736   1.4693877551020407E-002
         737   2.8571428571428571E-002
         738   3.4285714285714287E-002
         739   2.4489795918367346E-003
         740   4.4081632653061226E-002
         741   2.5714285714285714E-002
         742   2.3673469387755101E-002
         743   2.7755102040816326E-002
         744   7.7551020408163267E-003
         745   2.4489795918367346E-002
         746   9.6734693877551015E-002
         747   4.7755102040816323E-002
         748   4.0816326530612242E-002
         749   8.5714285714285719E-003
         750   2.5714285714285714E-002
         751   7.7551020408163267E-003
         752   6.0408163265306125E-002
         753  0.10122448979591837     
         754   2.7346938775510202E-002
         755   3.2653061224489799E-002
         756   3.1428571428571431E-002
         757   1.2244897959183673E-002
         758   4.9387755102040819E-002
         759   3.1836734693877551E-002
         760   1.8367346938775512E-002
         761   3.0204081632653063E-002
         762   6.2448979591836734E-002
         763   2.7755102040816326E-002
         764   2.0000000000000000E-002
         765   3.0612244897959183E-002
         766   3.5510204081632656E-002
         767   7.7551020408163267E-003
         768   1.0204081632653060E-002
         769   8.1632653061224497E-003
         770   6.5714285714285711E-002
         771   2.5306122448979593E-002
         772   2.4489795918367346E-003
         773   1.0204081632653060E-002
         774   4.9795918367346939E-002
         775   6.4897959183673470E-002
         776   6.0408163265306125E-002
         777   1.3061224489795919E-002
         778   3.8367346938775512E-002
         779   5.1428571428571428E-002
         780   5.3061224489795921E-003
         781   6.7346938775510207E-002
         782   3.4693877551020408E-002
         783   2.5306122448979593E-002
         784   2.9387755102040815E-002
         785   7.6326530612244897E-002
         786   6.4081632653061230E-002
         787   9.3061224489795924E-002
         788  0.10897959183673470     
         789   8.1632653061224493E-004
         790   6.7755102040816320E-002
         791   2.6938775510204082E-002
         792   3.9183673469387753E-002
         793   9.8775510204081637E-002
         794   8.1632653061224497E-003
         795   1.0204081632653060E-002
         796   8.1632653061224497E-003
         797   1.9591836734693877E-002
         798   1.3877551020408163E-002
         799   1.9591836734693877E-002
         800   4.0816326530612249E-003
         801   1.3469387755102041E-002
         802   1.2244897959183673E-002
         803   8.1632653061224497E-003
         804   1.1428571428571429E-002
         805   3.9183673469387753E-002
         806   8.5714285714285719E-003
         807   1.3877551020408163E-002
         808  0.12897959183673469     
         809   8.1632653061224483E-002
         810   5.6326530612244900E-002
         811   2.5306122448979593E-002
         812   4.0816326530612246E-004
         813   1.0612244897959184E-002
         814   1.7551020408163264E-002
         815   3.0204081632653063E-002
         816   5.8367346938775509E-002
         817   5.1020408163265307E-002
         818  0.12367346938775510     
         819   1.2653061224489797E-002
         820   2.3673469387755101E-002
         821   7.5102040816326529E-002
         822   5.6326530612244900E-002
         823   1.5510204081632653E-002
         824   2.4081632653061225E-002
         825   6.5306122448979594E-003
         826   2.0408163265306124E-003
         827   1.1428571428571429E-002
         828   7.3469387755102047E-002
         829   7.6734693877551025E-002
         830   4.9387755102040819E-002
         831   1.2244897959183673E-003
         832   7.1020408163265311E-002
         833   6.8571428571428575E-002
         834   6.9387755102040816E-002
         835   1.9183673469387756E-002
         836   1.4285714285714285E-002
         837   6.5306122448979598E-002
         838   2.8571428571428571E-003
         839   4.0816326530612246E-004
         840   4.7755102040816323E-002
         841   1.0204081632653060E-002
         842   4.1632653061224489E-002
         843   7.0612244897959184E-002
         844   4.8979591836734691E-003
         845   3.5510204081632656E-002
         846   3.9183673469387753E-002
         847   5.5510204081632653E-002
         848   5.3061224489795921E-003
         849   3.3469387755102040E-002
         850   1.6326530612244899E-002
         851   5.0612244897959187E-002
         852   3.3061224489795919E-002
         853   1.4285714285714285E-002
         854   3.1836734693877551E-002
         855   9.7959183673469383E-003
         856   5.3061224489795916E-002
         857   4.4489795918367346E-002
         858   4.4897959183673470E-003
         859   1.2244897959183673E-002
         860   2.1224489795918369E-002
         861   2.4897959183673470E-002
         862   9.2244897959183669E-002
         863  0.10816326530612246     
         864   4.8571428571428571E-002
         865   1.2244897959183673E-002
         866   1.8367346938775512E-002
         867   2.3265306122448981E-002
         868   7.6326530612244897E-002
         869   6.1224489795918364E-003
         870   1.3877551020408163E-002
         871   2.2040816326530613E-002
         872   2.8571428571428571E-003
         873   4.1632653061224489E-002
         874   1.3877551020408163E-002
         875   5.3061224489795921E-003
         876   3.9591836734693880E-002
         877   6.9387755102040816E-002
         878   6.4489795918367343E-002
         879   9.3877551020408165E-002
         880   2.9795918367346939E-002
         881   4.4489795918367346E-002
         882   3.2653061224489799E-002
         883   8.0816326530612242E-002
         884   2.2448979591836733E-002
         885   9.8367346938775510E-002
         886   6.0408163265306125E-002
         887   4.0408163265306121E-002
         888   1.8367346938775512E-002
         889   4.2448979591836737E-002
         890   2.8571428571428571E-002
         891   4.2448979591836737E-002
         892   2.8979591836734694E-002
         893   3.7551020408163265E-002
         894   3.5102040816326528E-002
         895   6.5306122448979594E-003
         896   6.5306122448979594E-003
         897   4.6530612244897962E-002
         898   9.3877551020408161E-003
         899   8.6938775510204083E-002
         900   6.3673469387755102E-002
         901   3.0612244897959183E-002
         902   5.5102040816326532E-002
         903   2.8571428571428571E-003
         904   3.2653061224489797E-003
         905   1.7551020408163264E-002
         906   6.3265306122448975E-002
         907   3.2653061224489797E-003
         908   7.0612244897959184E-002
         909   1.7142857142857144E-002
         910   4.0816326530612249E-003
         911   2.6530612244897958E-002
         912   1.6734693877551020E-002
         913   3.0612244897959183E-002
         914   2.8571428571428571E-003
         915   6.9387755102040816E-003
         916   2.7346938775510202E-002
         917   1.6734693877551020E-002
         918   5.1020408163265307E-002
         919   3.1020408163265307E-002
         920   2.6530612244897958E-002
         921   3.9591836734693880E-002
         922   4.2448979591836737E-002
         923   6.3673469387755102E-002
         924   7.2653061224489793E-002
         925   1.6734693877551020E-002
         926   7.0612244897959184E-002
         927   4.0000000000000001E-002
         928   2.8163265306122450E-002
         929   7.3469387755102037E-003
         930   4.4897959183673470E-003
         931   5.7142857142857143E-003
         932   6.9795918367346943E-002
         933   3.4285714285714287E-002
         934   1.4285714285714285E-002
         935   1.0612244897959184E-002
         936   4.2448979591836737E-002
         937   5.7142857142857143E-003
         938   4.9387755102040819E-002
         939   6.2040816326530614E-002
         940   6.0408163265306125E-002
         941   4.0000000000000001E-002
         942   2.8571428571428571E-002
         943   1.0204081632653060E-002
         944   5.6734693877551021E-002
         945   1.0612244897959184E-002
         946   3.8775510204081633E-002
         947   1.4285714285714285E-002
         948   3.7142857142857144E-002
         949   3.6326530612244896E-002
         950   3.4693877551020408E-002
         951   8.7755102040816324E-002
         952   5.1020408163265307E-002
         953   6.9387755102040816E-002
         954   4.6122448979591835E-002
         955   1.3061224489795919E-002
         956   5.1428571428571428E-002
         957   1.5102040816326531E-002
         958   6.8571428571428575E-002
         959   4.9795918367346939E-002
         960   2.8571428571428571E-003
         961   8.7755102040816324E-002
         962   6.4081632653061230E-002
         963   1.2244897959183673E-003
         964   6.2448979591836734E-002
         965   8.7755102040816324E-002
         966   6.7346938775510207E-002
         967   4.4897959183673470E-003
         968   2.8163265306122450E-002
         969   8.1632653061224497E-003
         970   5.8775510204081630E-002
         971   4.4897959183673470E-003
         972   9.3469387755102037E-002
         973  0.12163265306122449     
         974   2.5306122448979593E-002
         975   4.0816326530612246E-004
         976   4.0816326530612249E-003
         977   8.0408163265306129E-002
         978   5.9999999999999998E-002
         979   1.1836734693877551E-002
         980   5.8367346938775509E-002
         981   3.0204081632653063E-002
         982   9.0204081632653060E-002
         983   1.5510204081632653E-002
         984   5.7959183673469389E-002
         985   1.7551020408163264E-002
         986   3.8367346938775512E-002
         987   2.2857142857142857E-002
         988   2.4489795918367346E-003
         989   6.5306122448979598E-002
         990   5.9591836734693877E-002
         991   3.5918367346938776E-002
         992  0.12285714285714286     
         993   4.8571428571428571E-002
         994   3.0204081632653063E-002
         995   5.7142857142857143E-003
         996   2.0408163265306121E-002
         997   2.4489795918367346E-002
         998   1.1020408163265306E-002
         999   4.6530612244897962E-002
        1000   1.2653061224489797E-002
        1001   7.3469387755102047E-002
        1002   3.0204081632653063E-002
        1003   2.0816326530612245E-002
        1004   1.2244897959183673E-002
        1005   9.5102040816326533E-002
        1006   4.8571428571428571E-002
        1007   7.1428571428571425E-002
        1008   3.0612244897959183E-002
        1009   8.9795918367346940E-003
        1010   1.5510204081632653E-002
        1011   6.1224489795918364E-003
        1012   1.8775510204081632E-002
        1013   5.4285714285714284E-002
        1014   7.3469387755102037E-003
        1015   5.5510204081632653E-002
        1016   1.2244897959183673E-003
        1017   2.5714285714285714E-002
        1018   4.9387755102040819E-002
        1019   3.9183673469387753E-002
        1020   3.2653061224489799E-002
        1021   2.5714285714285714E-002
        1022   5.1836734693877548E-002
        1023   1.9591836734693877E-002
        1024   5.5510204081632653E-002
        1025   8.5306122448979588E-002
        1026   4.6122448979591835E-002
        1027   8.5714285714285719E-003
        1028   5.6734693877551021E-002
        1029   6.1224489795918366E-002
        1030   2.6530612244897958E-002
        1031   4.2448979591836737E-002
        1032   9.3877551020408161E-003
        1033   2.0816326530612245E-002
        1034   2.8571428571428571E-002
        1035   8.1632653061224493E-004
        1036   3.4285714285714287E-002
        1037   2.8571428571428571E-002
        1038   1.2653061224489797E-002
        1039   8.5714285714285719E-003
        1040   1.7551020408163264E-002
        1041   6.5306122448979594E-003
        1042   2.2448979591836733E-002
        1043   5.7142857142857143E-003
        1044   3.2653061224489799E-002
        1045   3.9591836734693880E-002
        1046   4.2857142857142858E-002
        1047   4.6122448979591835E-002
        1048   7.9183673469387761E-002
        1049   5.3061224489795921E-003
        1050   1.8367346938775512E-002
        1051   7.7551020408163265E-002
        1052   6.9387755102040816E-003
        1053   1.2244897959183673E-003
        1054   4.3265306122448978E-002
        1055   4.5714285714285714E-002
        1056   1.7551020408163264E-002
        1057   1.9183673469387756E-002
        1058   6.6530612244897966E-002
        1059   8.9795918367346933E-002
        1060   4.4897959183673466E-002
        1061   7.3469387755102037E-003
        1062   1.4693877551020407E-002
        1063   4.4897959183673466E-002
        1064   3.6734693877551019E-003
        1065   4.0000000000000001E-002
        1066   2.4081632653061225E-002
        1067   1.6734693877551020E-002
        1068   2.8571428571428571E-002
        1069   7.7959183673469393E-002
        1070   1.7551020408163264E-002
        1071   6.3673469387755102E-002
        1072   1.3877551020408163E-002
        1073   2.1632653061224489E-002
        1074   2.8163265306122450E-002
        1075   2.0816326530612245E-002
        1076   1.6326530612244899E-002
        1077   1.5510204081632653E-002
        1078   7.7959183673469393E-002
        1079   1.5102040816326531E-002
        1080   1.5510204081632653E-002
        1081   1.6326530612244899E-003
        1082   3.7959183673469385E-002
        1083   1.7142857142857144E-002
        1084   2.1224489795918369E-002
        1085   3.2653061224489797E-003
        1086   2.6938775510204082E-002
        1087   1.4693877551020407E-002
        1088   2.7755102040816326E-002
        1089   5.3469387755102044E-002
        1090   7.2653061224489793E-002
        1091   4.6938775510204082E-002
        1092   2.4081632653061225E-002
        1093   2.7346938775510202E-002
        1094   4.2448979591836737E-002
        1095   1.1836734693877551E-002
        1096   6.8571428571428575E-002
        1097   3.8367346938775512E-002
        1098   2.3673469387755101E-002
        1099   8.9795918367346940E-003
        1100   4.1224489795918369E-002
        1101   1.1428571428571429E-002
        1102   4.1632653061224489E-002
        1103   2.1632653061224489E-002
        1104   2.7346938775510202E-002
        1105   5.3877551020408164E-002
        1106   3.8775510204081633E-002
        1107   1.3061224489795919E-002
        1108   4.9795918367346939E-002
        1109   3.2244897959183672E-002
        1110   1.7142857142857144E-002
        1111   1.2244897959183673E-003
        1112   3.5510204081632656E-002
        1113   2.5714285714285714E-002
        1114   7.1020408163265311E-002
        1115   8.9795918367346940E-003
        1116   1.7551020408163264E-002
        1117   7.8775510204081634E-002
        1118   1.4693877551020407E-002
        1119   5.3877551020408164E-002
        1120   3.9183673469387753E-002
        1121   1.7959183673469388E-002
        1122   7.3469387755102037E-003
        1123   4.0816326530612246E-004
        1124   6.2857142857142861E-002
        1125   1.7551020408163264E-002
        1126   6.1224489795918364E-003
        1127   8.9795918367346940E-003
        1128   1.6326530612244899E-002
        1129   4.2857142857142858E-002
        1130   1.8775510204081632E-002
        1131   1.3469387755102041E-002
        1132   4.1224489795918369E-002
        1133   1.1428571428571429E-002
        1134   7.5510204081632656E-002
        1135   4.1224489795918369E-002
        1136   5.5510204081632653E-002
        1137   1.7551020408163264E-002
        1138   6.4489795918367343E-002
        1139   6.8979591836734688E-002
        1140   6.9387755102040816E-003
        1141   2.8571428571428571E-003
        1142   1.3877551020408163E-002
        1143   2.8571428571428571E-002
        1144   4.0000000000000001E-002
        1145   6.4489795918367343E-002
        1146   2.0816326530612245E-002
        1147   6.2857142857142861E-002
        1148   6.3673469387755102E-002
        1149   2.5306122448979593E-002
        1150   1.1020408163265306E-002
        1151   4.2448979591836737E-002
        1152   8.6938775510204083E-002
        1153   9.7959183673469383E-003
        1154   3.7142857142857144E-002
        1155   5.0204081632653060E-002
        1156   8.1224489795918370E-002
        1157   6.9387755102040816E-003
        1158   4.4897959183673466E-002
        1159   3.3469387755102040E-002
        1160   4.7346938775510203E-002
        1161   1.2653061224489797E-002
        1162   2.5714285714285714E-002
        1163   8.9795918367346940E-003
        1164   2.2448979591836733E-002
        1165   3.6734693877551019E-003
        1166   7.9591836734693874E-002
        1167   6.8979591836734688E-002
        1168   1.0204081632653060E-002
        1169   1.3061224489795919E-002
        1170   4.8979591836734691E-002
        1171   5.3061224489795916E-002
        1172   3.1836734693877551E-002
        1173   4.0408163265306121E-002
        1174   3.1020408163265307E-002
        1175   2.6938775510204082E-002
        1176   5.6734693877551021E-002
        1177   5.5510204081632653E-002
        1178   1.2244897959183673E-002
        1179   4.0000000000000001E-002
        1180   8.1632653061224493E-004
        1181   1.2244897959183673E-003
        1182   2.0816326530612245E-002
        1183   6.4489795918367343E-002
        1184   6.2448979591836734E-002
        1185   2.8163265306122450E-002
        1186   8.5306122448979588E-002
        1187   3.3061224489795919E-002
        1188   4.4081632653061226E-002
        1189   1.4693877551020407E-002
        1190   5.3061224489795916E-002
        1191   5.9999999999999998E-002
        1192   7.3469387755102037E-003
        1193   7.3469387755102047E-002
        1194   1.7142857142857144E-002
        1195   8.9795918367346940E-003
        1196   1.0204081632653060E-002
        1197   4.2040816326530610E-002
        1198   4.9795918367346939E-002
        1199   5.0204081632653060E-002
        1200   2.4489795918367346E-002
        1201   1.7142857142857144E-002
        1202   3.7551020408163265E-002
        1203   0.0000000000000000     
        1204   5.0204081632653060E-002
        1205   1.7142857142857144E-002
        1206   4.0408163265306121E-002
        1207   2.6122448979591838E-002
        1208   5.5918367346938773E-002
        1209   6.3265306122448975E-002
        1210   3.3469387755102040E-002
        1211   1.2244897959183673E-003
        1212   8.1632653061224497E-003
        1213   5.2653061224489796E-002
        1214   2.5714285714285714E-002
        1215   3.2653061224489799E-002
        1216   1.1836734693877551E-002
        1217   8.0000000000000002E-002
        1218   1.8367346938775512E-002
        1219   3.0612244897959183E-002
        1220   4.1224489795918369E-002
        1221   8.5714285714285719E-003
        1222   1.2653061224489797E-002
        1223   6.9795918367346943E-002
        1224   9.7959183673469383E-003
        1225   8.3673469387755106E-002
        1226   7.9591836734693874E-002
        1227  0.12367346938775510     
        1228   7.4693877551020402E-002
        1229   5.2653061224489796E-002
        1230   5.4693877551020405E-002
        1231   1.2244897959183673E-002
        1232  0.10857142857142857     
        1233   4.8163265306122451E-002
        1234   4.7755102040816323E-002
        1235   1.3877551020408163E-002
        1236   7.8775510204081634E-002
        1237   4.6122448979591835E-002
        1238   1.2244897959183673E-003
        1239   3.2244897959183672E-002
        1240   1.9183673469387756E-002
        1241   3.1020408163265307E-002
        1242   1.1428571428571429E-002
        1243   3.1020408163265307E-002
        1244   1.0204081632653060E-002
        1245   0.0000000000000000     
        1246   8.4489795918367347E-002
        1247   8.1632653061224497E-003
        1248   4.0408163265306121E-002
        1249   3.3469387755102040E-002
        1250   4.9387755102040819E-002
        1251   2.3265306122448981E-002
        1252   1.5510204081632653E-002
        1253   1.6734693877551020E-002
        1254   5.0204081632653060E-002
        1255   2.7755102040816326E-002
        1256   6.9795918367346943E-002
        1257   9.7551020408163269E-002
        1258   8.1224489795918370E-002
        1259   4.8163265306122451E-002
        1260   8.2040816326530611E-002
        1261   8.1632653061224493E-004
        1262   2.7755102040816326E-002
        1263   5.3061224489795916E-002
        1264   1.5510204081632653E-002
        1265   5.3061224489795921E-003
        1266   7.3877551020408161E-002
        1267   1.5102040816326531E-002
        1268   3.6734693877551019E-003
        1269   3.6326530612244896E-002
        1270   6.4489795918367343E-002
        1271   2.9795918367346939E-002
        1272   2.4489795918367346E-002
        1273   1.7142857142857144E-002
        1274   2.7755102040816326E-002
        1275   1.3469387755102041E-002
        1276   3.4285714285714287E-002
        1277   3.1020408163265307E-002
        1278   5.7551020408163268E-002
        1279   1.9183673469387756E-002
        1280   1.7959183673469388E-002
        1281   5.2653061224489796E-002
        1282   5.3469387755102044E-002
        1283   5.1428571428571428E-002
        1284   1.8775510204081632E-002
        1285   5.9999999999999998E-002
        1286   5.3061224489795916E-002
        1287   4.8979591836734691E-003
        1288   4.7346938775510203E-002
        1289   3.6734693877551024E-002
        1290   8.4489795918367347E-002
        1291   7.6734693877551025E-002
        1292   3.4285714285714287E-002
        1293   4.2448979591836737E-002
        1294   2.8979591836734694E-002
        1295   4.2040816326530610E-002
        1296   8.8163265306122451E-002
        1297   4.4897959183673466E-002
        1298   3.2653061224489797E-003
        1299   1.7959183673469388E-002
        1300   3.3469387755102040E-002
        1301   6.4897959183673470E-002
        1302   5.0612244897959187E-002
        1303   8.0408163265306129E-002
        1304   9.7142857142857142E-002
        1305   8.8163265306122451E-002
        1306   2.6122448979591838E-002
        1307   3.4693877551020408E-002
        1308   1.7142857142857144E-002
        1309   2.1224489795918369E-002
        1310   8.9795918367346940E-003
        1311   1.3877551020408163E-002
        1312   8.1632653061224493E-004
        1313   9.2653061224489797E-002
        1314   6.6530612244897966E-002
        1315   8.1632653061224493E-004
        1316   1.6326530612244899E-003
        1317   1.2244897959183673E-002
        1318   1.2653061224489797E-002
        1319   3.3877551020408160E-002
        1320   1.1020408163265306E-002
        1321   1.1428571428571429E-002
        1322   4.8163265306122451E-002
        1323   1.5918367346938776E-002
        1324   2.4897959183673470E-002
        1325   2.5306122448979593E-002
        1326   5.3877551020408164E-002
        1327   2.9387755102040815E-002
        1328   6.6530612244897966E-002
        1329   4.8571428571428571E-002
        1330   2.4897959183673470E-002
        1331   4.1224489795918369E-002
        1332   1.1836734693877551E-002
        1333   0.0000000000000000     
        1334   2.8163265306122450E-002
        1335   5.1836734693877548E-002
        1336   6.6122448979591839E-002
        1337   2.5306122448979593E-002
        1338   6.2857142857142861E-002
        1339   1.1428571428571429E-002
        1340   5.7142857142857141E-002
        1341   1.2244897959183673E-002
        1342   2.0408163265306124E-003
        1343   4.5714285714285714E-002
        1344   8.0408163265306129E-002
        1345   5.0612244897959187E-002
        1346   5.7551020408163268E-002
        1347   3.7142857142857144E-002
        1348   6.0408163265306125E-002
        1349   3.2653061224489799E-002
        1350   2.3673469387755101E-002
        1351   3.7959183673469385E-002
        1352   1.6326530612244899E-002
        1353   2.0408163265306121E-002
        1354   0.0000000000000000     
        1355   5.0204081632653060E-002
        1356   6.5714285714285711E-002
        1357   9.3877551020408161E-003
        1358   8.8571428571428565E-002
        1359  0.11428571428571428     
        1360   3.1020408163265307E-002
        1361   8.3265306122448979E-002
        1362   3.5918367346938776E-002
        1363   7.3469387755102037E-003
        1364   3.3469387755102040E-002
        1365   2.0000000000000000E-002
        1366   3.3469387755102040E-002
        1367   5.5510204081632653E-002
        1368   4.0816326530612246E-004
        1369   4.0408163265306121E-002
        1370   8.5714285714285719E-003
        1371   3.5918367346938776E-002
        1372   6.2040816326530614E-002
        1373   9.7959183673469383E-003
        1374   8.1632653061224497E-003
        1375   5.2653061224489796E-002
        1376   6.5306122448979594E-003
        1377   2.4489795918367346E-002
        1378   5.1428571428571428E-002
        1379   4.1224489795918369E-002
        1380   2.6530612244897958E-002
        1381   3.9183673469387753E-002
        1382   3.3877551020408160E-002
        1383   3.3061224489795919E-002
        1384   8.9795918367346933E-002
        1385   2.8571428571428571E-003
        1386   2.4081632653061225E-002
        1387   1.4693877551020407E-002
        1388   2.3265306122448981E-002
        1389   4.0816326530612246E-004
        1390   5.5918367346938773E-002
        1391   2.8163265306122450E-002
        1392   5.6326530612244900E-002
        1393   2.2448979591836733E-002
        1394   3.8775510204081633E-002
        1395   4.3265306122448978E-002
        1396   2.6530612244897958E-002
        1397   8.9387755102040820E-002
        1398   5.3469387755102044E-002
        1399   5.1428571428571428E-002
        1400   9.3877551020408161E-003
        1401   4.6530612244897962E-002
        1402   6.8571428571428575E-002
        1403   1.7551020408163264E-002
        1404   2.0408163265306124E-003
        1405   1.6326530612244899E-002
        1406  0.11102040816326531     
        1407   2.0000000000000000E-002
        1408   1.6326530612244899E-003
        1409   4.4897959183673466E-002
        1410   3.6734693877551019E-003
        1411   1.4285714285714285E-002
        1412   6.5306122448979594E-003
        1413   1.5510204081632653E-002
        1414   3.7142857142857144E-002
        1415   1.8367346938775512E-002
        1416   1.2244897959183673E-002
        1417   2.0408163265306124E-003
        1418   4.0816326530612242E-002
        1419   1.1836734693877551E-002
        1420   4.2040816326530610E-002
        1421   6.7346938775510207E-002
        1422   9.7959183673469383E-003
        1423   3.0204081632653063E-002
        1424   2.8163265306122450E-002
        1425   4.1224489795918369E-002
        1426   5.5918367346938773E-002
        1427   5.2244897959183675E-002
        1428   6.6530612244897966E-002
        1429   3.6734693877551024E-002
        1430   1.4693877551020407E-002
        1431   6.1224489795918364E-003
        1432   7.4693877551020402E-002
        1433   6.4897959183673470E-002
        1434   2.2448979591836733E-002
        1435   1.5918367346938776E-002
        1436   5.1020408163265307E-002
        1437   7.2244897959183679E-002
        1438   2.2040816326530613E-002
        1439   4.2448979591836737E-002
        1440   2.0408163265306124E-003
        1441   1.3061224489795919E-002
        1442   4.0816326530612246E-004
        1443   8.1632653061224497E-003
        1444   5.9183673469387757E-002
        1445   3.4693877551020408E-002
        1446   3.9591836734693880E-002
        1447   8.0408163265306129E-002
        1448   2.5306122448979593E-002
        1449   1.6734693877551020E-002
        1450   3.4693877551020408E-002
        1451   1.6326530612244899E-002
        1452   4.9795918367346939E-002
        1453   5.9183673469387757E-002
        1454   3.1428571428571431E-002
        1455  0.12285714285714286     
        1456   1.3061224489795919E-002
        1457   7.0612244897959184E-002
        1458   5.5510204081632653E-002
        1459   4.4897959183673470E-003
        1460   2.1224489795918369E-002
        1461   1.1020408163265306E-002
        1462   9.3877551020408161E-003
        1463   6.9795918367346943E-002
        1464   7.5102040816326529E-002
        1465   2.5714285714285714E-002
        1466   1.6734693877551020E-002
        1467   6.7346938775510207E-002
        1468   8.0000000000000002E-002
        1469   2.6530612244897958E-002
        1470   1.4285714285714285E-002
        1471   4.6122448979591835E-002
        1472   6.4489795918367343E-002
        1473   3.8367346938775512E-002
        1474   1.2244897959183673E-003
        1475   2.8163265306122450E-002
        1476   3.5510204081632656E-002
        1477   6.1224489795918364E-003
        1478   1.4693877551020407E-002
        1479   2.0408163265306121E-002
        1480   7.7551020408163267E-003
        1481   5.4693877551020405E-002
        1482   4.5714285714285714E-002
        1483   5.4285714285714284E-002
        1484   4.6122448979591835E-002
        1485   7.3061224489795920E-002
        1486  0.10653061224489796     
        1487   7.2653061224489793E-002
        1488   5.5918367346938773E-002
        1489   7.3877551020408161E-002
        1490   5.1428571428571428E-002
        1491   5.8775510204081630E-002
        1492   6.7346938775510207E-002
        1493   6.8571428571428575E-002
        1494   2.8163265306122450E-002
        1495   5.3061224489795921E-003
        1496   7.9591836734693874E-002
        1497   2.0816326530612245E-002
        1498   4.1632653061224489E-002
        1499   7.8367346938775506E-002
        1500   2.8571428571428571E-003
        1501   6.8979591836734688E-002
        1502   9.1020408163265301E-002
        1503   8.8163265306122451E-002
        1504   9.4693877551020406E-002
        1505   6.6530612244897966E-002
        1506  0.13714285714285715     
        1507   1.5918367346938776E-002
        1508   2.3673469387755101E-002
        1509   8.1632653061224497E-003
        1510   4.2857142857142858E-002
        1511   1.1836734693877551E-002
        1512   7.5510204081632656E-002
        1513   1.9591836734693877E-002
        1514   2.8571428571428571E-003
        1515   6.2040816326530614E-002
        1516   8.8571428571428565E-002
        1517   9.2653061224489797E-002
        1518   9.2244897959183669E-002
        1519   3.1020408163265307E-002
        1520   1.1020408163265306E-002
        1521   6.9387755102040816E-003
        1522   8.8163265306122451E-002
        1523   4.1224489795918369E-002
        1524   4.8979591836734691E-003
        1525   5.4285714285714284E-002
        1526   4.0816326530612249E-003
        1527   1.2653061224489797E-002
        1528   6.4081632653061230E-002
        1529   4.8163265306122451E-002
        1530   3.4693877551020408E-002
        1531   3.7142857142857144E-002
        1532   8.1632653061224483E-002
        1533   2.0000000000000000E-002
        1534   2.4081632653061225E-002
        1535   3.1428571428571431E-002
        1536   4.4897959183673466E-002
        1537  0.10775510204081633     
        1538   9.8775510204081637E-002
        1539   8.1632653061224493E-004
        1540   4.8163265306122451E-002
        1541   1.9183673469387756E-002
        1542   4.9387755102040819E-002
        1543   8.5714285714285715E-002
        1544   3.3877551020408160E-002
        1545   8.5714285714285719E-003
        1546   1.6326530612244899E-003
        1547   2.6938775510204082E-002
        1548   4.4897959183673470E-003
        1549   5.7142857142857143E-003
        1550   2.1632653061224489E-002
        1551   2.6530612244897958E-002
        1552   3.7959183673469385E-002
        1553   9.3877551020408161E-003
        1554   1.2653061224489797E-002
        1555   4.0408163265306121E-002
        1556   3.9591836734693880E-002
        1557   3.4285714285714287E-002
        1558   4.0816326530612246E-004
        1559   3.9183673469387753E-002
        1560   1.7959183673469388E-002
        1561  0.11795918367346939     
        1562  0.11714285714285715     
        1563   3.9591836734693880E-002
        1564   4.0816326530612249E-003
        1565   2.8163265306122450E-002
        1566   5.1020408163265307E-002
        1567   3.0612244897959183E-002
        1568   5.7959183673469389E-002
        1569   7.6734693877551025E-002
        1570   2.2857142857142857E-002
        1571   2.5306122448979593E-002
        1572   1.0612244897959184E-002
        1573   6.9387755102040816E-002
        1574   4.8979591836734691E-003
        1575   3.1836734693877551E-002
        1576   5.3061224489795921E-003
        1577   4.7755102040816323E-002
        1578   1.3469387755102041E-002
        1579   1.2244897959183673E-002
        1580   4.8979591836734691E-003
        1581   4.0816326530612246E-004
        1582   1.9183673469387756E-002
        1583   1.1428571428571429E-002
        1584   7.2244897959183679E-002
        1585   1.1836734693877551E-002
        1586   2.0816326530612245E-002
        1587   3.6734693877551019E-003
        1588   3.3061224489795919E-002
        1589   4.4897959183673470E-003
        1590   4.8979591836734691E-003
        1591   2.5306122448979593E-002
        1592   2.6122448979591838E-002
        1593   1.7551020408163264E-002
        1594   5.0204081632653060E-002
        1595   3.1020408163265307E-002
        1596   4.0816326530612249E-003
        1597   2.4489795918367346E-003
        1598   6.7755102040816320E-002
        1599   3.2653061224489797E-003
        1600   8.1632653061224493E-004
        1601   2.1632653061224489E-002
        1602   1.3469387755102041E-002
        1603   1.9591836734693877E-002
        1604   3.0204081632653063E-002
        1605   6.4081632653061230E-002
        1606  0.10367346938775510     
        1607   6.9387755102040816E-002
        1608   4.0000000000000001E-002
        1609   7.3469387755102037E-003
        1610   5.2653061224489796E-002
        1611   9.5918367346938774E-002
        1612   2.2040816326530613E-002
        1613   6.9387755102040816E-003
        1614   4.2857142857142858E-002
        1615   4.9795918367346939E-002
        1616   6.3673469387755102E-002
        1617   2.9387755102040815E-002
        1618   4.0000000000000001E-002
        1619   9.3877551020408161E-003
        1620   4.5714285714285714E-002
        1621   4.1632653061224489E-002
        1622   2.2040816326530613E-002
        1623   4.0816326530612246E-004
        1624   1.9183673469387756E-002
        1625   2.8979591836734694E-002
        1626   5.0204081632653060E-002
        1627   6.5306122448979598E-002
        1628   8.1632653061224493E-004
        1629   4.4897959183673466E-002
        1630   5.7142857142857143E-003
        1631  0.10285714285714286     
        1632   5.0204081632653060E-002
        1633   8.1632653061224493E-004
        1634   1.9183673469387756E-002
        1635   7.6326530612244897E-002
        1636   2.0000000000000000E-002
        1637   4.0000000000000001E-002
        1638   1.1428571428571429E-002
        1639   4.5714285714285714E-002
        1640   1.2244897959183673E-002
        1641   1.4285714285714285E-002
        1642   5.9999999999999998E-002
        1643   2.6122448979591838E-002
        1644   1.2653061224489797E-002
        1645   5.1428571428571428E-002
        1646   7.8367346938775506E-002
        1647   4.9795918367346939E-002
        1648   3.1836734693877551E-002
        1649   2.4489795918367346E-002
        1650   6.2857142857142861E-002
        1651   8.5714285714285719E-003
        1652   1.5510204081632653E-002
        1653   5.5510204081632653E-002
        1654  0.12163265306122449     
        1655  0.10734693877551020     
        1656   1.5102040816326531E-002
        1657   2.1632653061224489E-002
        1658   5.7551020408163268E-002
        1659   2.6938775510204082E-002
        1660   2.0408163265306121E-002
        1661   4.3265306122448978E-002
        1662   5.1836734693877548E-002
        1663   3.9183673469387753E-002
        1664   3.7551020408163265E-002
        1665   1.3061224489795919E-002
        1666   2.2857142857142857E-002
        1667   2.2857142857142857E-002
        1668   2.0408163265306124E-003
        1669   6.1224489795918364E-003
        1670   1.1020408163265306E-002
        1671   9.3877551020408161E-003
        1672   1.3061224489795919E-002
        1673   1.5510204081632653E-002
        1674   6.5306122448979594E-003
        1675   4.6530612244897962E-002
        1676   4.4081632653061226E-002
        1677   1.3469387755102041E-002
        1678   4.5714285714285714E-002
        1679   6.9795918367346943E-002
        1680   1.2244897959183673E-002
        1681   1.4285714285714285E-002
        1682   2.6122448979591838E-002
        1683   6.1632653061224486E-002
        1684   7.6734693877551025E-002
        1685   5.0204081632653060E-002
        1686   4.4897959183673470E-003
        1687   5.9591836734693877E-002
        1688   4.5714285714285714E-002
        1689   4.0816326530612246E-004
        1690   5.5102040816326532E-002
        1691   8.0816326530612242E-002
        1692   4.2448979591836737E-002
        1693   3.7959183673469385E-002
        1694   3.4285714285714287E-002
        1695   3.4693877551020408E-002
        1696   4.8979591836734691E-002
        1697   4.0816326530612249E-003
        1698   3.7551020408163265E-002
        1699   3.3469387755102040E-002
        1700   4.4489795918367346E-002
        1701   5.6326530612244900E-002
        1702   2.5306122448979593E-002
        1703   1.3469387755102041E-002
        1704   1.3061224489795919E-002
        1705   4.0000000000000001E-002
        1706   1.5918367346938776E-002
        1707   5.6326530612244900E-002
        1708   6.5306122448979598E-002
        1709   4.4489795918367346E-002
        1710   1.2653061224489797E-002
        1711   2.8979591836734694E-002
        1712   1.0612244897959184E-002
        1713   5.5918367346938773E-002
        1714   8.5714285714285719E-003
        1715   4.1224489795918369E-002
        1716   1.5510204081632653E-002
        1717   2.2857142857142857E-002
        1718   2.5714285714285714E-002
        1719   1.4285714285714285E-002
        1720   9.1428571428571428E-002
        1721   5.0204081632653060E-002
        1722   5.9999999999999998E-002
        1723   5.9999999999999998E-002
        1724   1.6326530612244899E-003
        1725   9.7959183673469383E-003
        1726   5.7959183673469389E-002
        1727   1.3877551020408163E-002
        1728   1.5918367346938776E-002
        1729   2.8979591836734694E-002
        1730   3.1428571428571431E-002
        1731   1.6326530612244899E-002
        1732   2.6530612244897958E-002
        1733   1.1020408163265306E-002
        1734   1.8775510204081632E-002
        1735   7.7959183673469393E-002
        1736   1.3877551020408163E-002
        1737   5.5510204081632653E-002
        1738  0.10081632653061225     
        1739   7.7142857142857138E-002
        1740   2.3673469387755101E-002
        1741   1.3061224489795919E-002
        1742   6.1224489795918364E-003
        1743   2.4081632653061225E-002
        1744   3.2653061224489797E-003
        1745   9.7959183673469383E-003
        1746   1.8775510204081632E-002
        1747   4.6530612244897962E-002
        1748   1.7551020408163264E-002
        1749   1.1020408163265306E-002
        1750   4.8979591836734691E-002
        1751   3.6734693877551019E-003
        1752   1.0204081632653060E-002
        1753   2.1224489795918369E-002
        1754   2.4081632653061225E-002
        1755   1.5918367346938776E-002
        1756   1.3469387755102041E-002
        1757   8.9795918367346940E-003
        1758   1.8775510204081632E-002
        1759   1.7142857142857144E-002
        1760   7.2244897959183679E-002
        1761   6.8979591836734688E-002
        1762   3.6734693877551024E-002
        1763   5.9183673469387757E-002
        1764   5.3061224489795921E-003
        1765   3.6734693877551024E-002
        1766   7.0612244897959184E-002
        1767   4.1224489795918369E-002
        1768   3.9591836734693880E-002
        1769   6.2857142857142861E-002
        1770   8.9795918367346940E-003
        1771   1.8775510204081632E-002
        1772   3.6734693877551024E-002
        1773   1.5918367346938776E-002
        1774   1.7959183673469388E-002
        1775   6.9387755102040816E-003
        1776   1.2244897959183673E-003
        1777   6.2448979591836734E-002
        1778   5.9591836734693877E-002
        1779   5.1020408163265307E-002
        1780   2.8571428571428571E-003
        1781   3.2244897959183672E-002
        1782   4.4489795918367346E-002
        1783   1.4693877551020407E-002
        1784   8.9795918367346940E-003
        1785   4.2040816326530610E-002
        1786   9.1020408163265301E-002
        1787   6.2857142857142861E-002
        1788   5.7142857142857143E-003
        1789   7.3469387755102037E-003
        1790   1.6326530612244899E-003
        1791   1.4285714285714285E-002
        1792   2.1224489795918369E-002
        1793   2.7346938775510202E-002
        1794   2.3673469387755101E-002
        1795   1.8367346938775512E-002
        1796   8.9795918367346940E-003
        1797   5.3061224489795921E-003
        1798   5.7142857142857143E-003
        1799   1.7959183673469388E-002
        1800   3.0612244897959183E-002
        1801   4.5714285714285714E-002
        1802   1.6734693877551020E-002
        1803   3.7959183673469385E-002
        1804   1.7551020408163264E-002
        1805   5.8367346938775509E-002
        1806   7.5918367346938770E-002
        1807   2.1632653061224489E-002
        1808   4.4489795918367346E-002
        1809   6.4489795918367343E-002
        1810   4.9795918367346939E-002
        1811   2.6122448979591838E-002
        1812   6.8571428571428575E-002
        1813   2.0816326530612245E-002
        1814   6.9387755102040816E-003
        1815   4.0816326530612246E-004
        1816   1.5102040816326531E-002
        1817   5.7142857142857143E-003
        1818   5.7142857142857143E-003
        1819   9.7959183673469383E-003
        1820   1.9591836734693877E-002
        1821   8.5714285714285719E-003
        1822   2.0408163265306121E-002
        1823  0.10040816326530612     
        1824   4.2448979591836737E-002
        1825   1.1836734693877551E-002
        1826   2.8163265306122450E-002
        1827   4.8571428571428571E-002
        1828   4.4489795918367346E-002
        1829   6.1224489795918364E-003
        1830   4.0816326530612242E-002
        1831   2.1224489795918369E-002
        1832   2.4897959183673470E-002
        1833   1.7959183673469388E-002
        1834   4.0816326530612242E-002
        1835   3.6326530612244896E-002
        1836   2.6530612244897958E-002
        1837   6.3265306122448975E-002
        1838   3.3877551020408160E-002
        1839   5.9183673469387757E-002
        1840   3.2244897959183672E-002
        1841   9.7959183673469383E-003
        1842   4.1632653061224489E-002
        1843   2.7755102040816326E-002
        1844   5.1836734693877548E-002
        1845   2.4489795918367346E-003
        1846   1.7142857142857144E-002
        1847   4.0816326530612246E-004
        1848   4.8979591836734691E-003
        1849   4.0000000000000001E-002
        1850   7.3877551020408161E-002
        1851   6.3673469387755102E-002
        1852   4.2040816326530610E-002
        1853   3.9183673469387753E-002
        1854   3.6326530612244896E-002
        1855   4.5306122448979594E-002
        1856   5.0204081632653060E-002
        1857   7.7959183673469393E-002
        1858   7.1836734693877552E-002
        1859   6.4897959183673470E-002
        1860   2.4489795918367346E-002
        1861   3.6734693877551024E-002
        1862   1.6326530612244899E-002
        1863   1.6734693877551020E-002
        1864   4.8979591836734691E-003
        1865   1.0204081632653060E-002
        1866   6.2448979591836734E-002
        1867   6.6122448979591839E-002
        1868   1.2244897959183673E-002
        1869   1.7551020408163264E-002
        1870   5.7551020408163268E-002
        1871   2.7346938775510202E-002
        1872   3.6734693877551019E-003
        1873   5.8775510204081630E-002
        1874   8.4489795918367347E-002
        1875   4.5714285714285714E-002
        1876   1.4693877551020407E-002
        1877   3.6734693877551024E-002
        1878   4.8979591836734691E-003
        1879   7.2244897959183679E-002
        1880   4.3265306122448978E-002
        1881  0.10000000000000001     
        1882   9.2244897959183669E-002
        1883   7.4693877551020402E-002
        1884   3.8367346938775512E-002
        1885  0.12000000000000000     
        1886   9.6326530612244901E-002
        1887   8.2448979591836738E-002
        1888  0.10612244897959183     
        1889   1.2244897959183673E-003
        1890   1.9591836734693877E-002
        1891   3.9591836734693880E-002
        1892   2.1224489795918369E-002
        1893   1.1020408163265306E-002
        1894   2.0408163265306124E-003
        1895   4.6530612244897962E-002
        1896   2.2040816326530613E-002
        1897   2.6122448979591838E-002
        1898   2.3673469387755101E-002
        1899   2.9387755102040815E-002
        1900   3.6326530612244896E-002
        1901   2.1224489795918369E-002
        1902   1.1836734693877551E-002
        1903   4.4897959183673470E-003
        1904   5.1836734693877548E-002
        1905   2.6938775510204082E-002
        1906   8.1632653061224497E-003
        1907   5.1428571428571428E-002
        1908   6.8163265306122447E-002
        1909   5.5510204081632653E-002
        1910   2.6938775510204082E-002
        1911   4.9795918367346939E-002
        1912   4.2448979591836737E-002
        1913   1.8367346938775512E-002
        1914   2.2857142857142857E-002
        1915  0.11632653061224489     
        1916   4.6122448979591835E-002
        1917   2.5714285714285714E-002
        1918   4.0408163265306121E-002
        1919   2.4489795918367346E-002
        1920   5.3061224489795921E-003
        1921   1.1836734693877551E-002
        1922   6.2040816326530614E-002
        1923   2.4489795918367346E-003
        1924   2.7346938775510202E-002
        1925   1.2244897959183673E-002
        1926   6.0408163265306125E-002
        1927   3.3877551020408160E-002
        1928   3.5918367346938776E-002
        1929   9.3877551020408161E-003
        1930   2.4897959183673470E-002
        1931   2.2040816326530613E-002
        1932   3.2653061224489799E-002
        1933   6.8571428571428575E-002
        1934   4.2448979591836737E-002
        1935   7.6326530612244897E-002
        1936   9.7959183673469383E-003
        1937   3.2653061224489797E-003
        1938   2.3265306122448981E-002
        1939   9.7959183673469383E-003
        1940   1.0204081632653060E-002
        1941   1.3877551020408163E-002
        1942   4.8979591836734691E-003
        1943   9.4285714285714292E-002
        1944   8.5714285714285719E-003
        1945   1.2244897959183673E-003
        1946   1.7551020408163264E-002
        1947   2.3673469387755101E-002
        1948   6.1224489795918364E-003
        1949   2.9387755102040815E-002
        1950   5.8367346938775509E-002
        1951   1.6326530612244899E-002
        1952   4.8979591836734691E-003
        1953   2.4489795918367346E-003
        1954   4.4081632653061226E-002
        1955   8.5714285714285719E-003
        1956   8.7346938775510211E-002
        1957   8.6122448979591842E-002
        1958   2.8571428571428571E-002
        1959   3.3877551020408160E-002
        1960   2.4489795918367346E-002
        1961   1.3469387755102041E-002
        1962   4.7346938775510203E-002
        1963   2.0816326530612245E-002
        1964   5.3877551020408164E-002
        1965   8.5714285714285719E-003
        1966   8.5714285714285719E-003
        1967   3.2653061224489797E-003
        1968   1.6734693877551020E-002
        1969   6.0408163265306125E-002
        1970   1.2244897959183673E-002
        1971   4.2040816326530610E-002
        1972   8.3673469387755106E-002
        1973   1.4693877551020407E-002
        1974   8.1632653061224493E-004
        1975   2.8571428571428571E-003
        1976   4.6122448979591835E-002
        1977   1.2244897959183673E-003
        1978   3.8367346938775512E-002
        1979   4.2857142857142858E-002
        1980   3.2653061224489797E-003
        1981   1.9183673469387756E-002
        1982   4.0816326530612246E-004
        1983   5.5510204081632653E-002
        1984   8.3673469387755106E-002
        1985   6.1224489795918366E-002
        1986   1.1836734693877551E-002
        1987   3.9591836734693880E-002
        1988   8.6530612244897956E-002
        1989   1.2244897959183673E-003
        1990   3.0612244897959183E-002
        1991   1.6734693877551020E-002
        1992   2.0408163265306121E-002
        1993   3.7551020408163265E-002
        1994   1.9591836734693877E-002
        1995   3.6734693877551019E-003
        1996   2.0816326530612245E-002
        1997   2.7346938775510202E-002
        1998   2.7755102040816326E-002
        1999   2.2448979591836733E-002
        2000   1.6734693877551020E-002
