           1   3.1146938775510193E-002
           2   2.5061224489795916E-002
           3   2.7057142857142849E-002
           4   2.2730612244897964E-002
           5   2.4922448979591841E-002
           6   2.3375510204081636E-002
           7   2.3591836734693880E-002
           8   2.0232653061224501E-002
           9   2.1477551020408162E-002
          10   1.8763265306122458E-002
          11   2.4008163265306127E-002
          12   1.9212244897959183E-002
          13   2.2702040816326537E-002
          14   2.5391836734693873E-002
          15   2.3293877551020397E-002
          16   1.9089795918367351E-002
          17   2.5134693877551025E-002
          18   2.3514285714285724E-002
          19   2.1371428571428569E-002
          20   2.3346938775510213E-002
          21   2.2240816326530605E-002
          22   2.5542857142857141E-002
          23   2.5204081632653051E-002
          24   2.2065306122448992E-002
          25   2.5918367346938764E-002
          26   2.5893877551020412E-002
          27   2.1032653061224493E-002
          28   1.5710204081632657E-002
          29   1.7910204081632651E-002
          30   2.6791836734693878E-002
          31   2.1436734693877555E-002
          32   1.8971428571428580E-002
          33   1.8951020408163263E-002
          34   2.8053061224489785E-002
          35   3.0420408163265314E-002
          36   2.2575510204081634E-002
          37   2.1330612244897958E-002
          38   1.8510204081632661E-002
          39   2.0738775510204088E-002
          40   1.9951020408163267E-002
          41   2.4314285714285722E-002
          42   1.6404081632653066E-002
          43   2.1783673469387751E-002
          44   2.1314285714285716E-002
          45   1.9130612244897958E-002
          46   1.9897959183673465E-002
          47   2.2395918367346931E-002
          48   2.0400000000000005E-002
          49   2.7746938775510203E-002
          50   2.3081632653061228E-002
          51   1.9130612244897958E-002
          52   2.4971428571428561E-002
          53   2.1963265306122449E-002
          54   2.3489795918367352E-002
          55   2.4306122448979603E-002
          56   2.5759183673469389E-002
          57   2.4420408163265312E-002
          58   2.1657142857142864E-002
          59   2.0595918367346946E-002
          60   2.4787755102040808E-002
          61   2.0273469387755108E-002
          62   3.2514285714285711E-002
          63   2.7146938775510211E-002
          64   2.7408163265306110E-002
          65   2.4204081632653054E-002
          66   2.6853061224489799E-002
          67   1.9342857142857148E-002
          68   2.1734693877551021E-002
          69   1.8722448979591841E-002
          70   2.5257142857142853E-002
          71   2.5093877551020397E-002
          72   2.7224489795918363E-002
          73   2.6208163265306124E-002
          74   1.9391836734693881E-002
          75   2.2681632653061223E-002
          76   2.4281632653061224E-002
          77   2.8791836734693873E-002
          78   2.2767346938775516E-002
          79   2.1089795918367345E-002
          80   2.5922448979591835E-002
          81   2.4836734693877541E-002
          82   2.5506122448979592E-002
          83   2.0848979591836733E-002
          84   2.5600000000000008E-002
          85   2.8199999999999989E-002
          86   2.1546938775510203E-002
          87   3.0628571428571415E-002
          88   2.4106122448979594E-002
          89   2.3000000000000003E-002
          90   1.8771428571428574E-002
          91   2.5151020408163260E-002
          92   2.1681632653061236E-002
          93   2.8151020408163280E-002
          94   2.2473469387755105E-002
          95   2.5175510204081628E-002
          96   3.6538775510204076E-002
          97   2.2048979591836729E-002
          98   2.7767346938775507E-002
          99   2.5934693877551027E-002
         100   2.3277551020408165E-002
